Protein,Protein_definition,Disease_category,Disease,NB_individual,NB_case,HR[95%CI],P_value
EPB41L5,Band 4.1-like protein 5,Chapter I Certain infectious and parasitic diseases,"Bacterial infection, other or unspecified",22789,97,0.79 [0.55-1.13],0.1920116522377375
EPB41L5,Band 4.1-like protein 5,Chapter I Certain infectious and parasitic diseases,"Bacterial intestinal infections, IBD co-morbidities",23413,178,0.91 [0.71-1.16],0.432942264718451
EPB41L5,Band 4.1-like protein 5,Chapter I Certain infectious and parasitic diseases,"Bacterial, viral and other infectious agents",23185,1137,0.97 [0.88-1.06],0.4974007195054498
EPB41L5,Band 4.1-like protein 5,Chapter I Certain infectious and parasitic diseases,Candidiasis,23444,408,1.12 [0.98-1.28],0.0857365828970638
EPB41L5,Band 4.1-like protein 5,Chapter I Certain infectious and parasitic diseases,Certain infectious and parasitic diseases,22711,2985,0.99 [0.94-1.05],0.7804729570666044
EPB41L5,Band 4.1-like protein 5,Chapter I Certain infectious and parasitic diseases,Condition for Implicit Sepsis (Organ dysfunction codes),22910,2418,1.06 [1.00-1.12],0.0515988503686926
EPB41L5,Band 4.1-like protein 5,Chapter I Certain infectious and parasitic diseases,Diarrhoea and gastroenteritis of presumed infectious origin,23197,1140,0.98 [0.90-1.08],0.7146973041341281
EPB41L5,Band 4.1-like protein 5,Chapter I Certain infectious and parasitic diseases,Enterocolitis due to Clostridium difficile,23340,79,1.00 [0.71-1.40],0.9807041247506504
EPB41L5,Band 4.1-like protein 5,Chapter I Certain infectious and parasitic diseases,Explicit Sepsis,21891,685,1.00 [0.89-1.12],0.982198831330272
EPB41L5,Band 4.1-like protein 5,Chapter I Certain infectious and parasitic diseases,Implicit bacterial Sepsis,21143,784,1.06 [0.96-1.18],0.2327128587796307
EPB41L5,Band 4.1-like protein 5,Chapter I Certain infectious and parasitic diseases,Implicit fungal Sepsis,21201,218,1.14 [0.96-1.36],0.136026037786395
EPB41L5,Band 4.1-like protein 5,Chapter I Certain infectious and parasitic diseases,Implicit Sepsis,16435,1389,1.02 [0.95-1.11],0.5589027568823282
EPB41L5,Band 4.1-like protein 5,Chapter I Certain infectious and parasitic diseases,Implicit viral Sepsis,21008,313,1.07 [0.92-1.25],0.3944046168165873
EPB41L5,Band 4.1-like protein 5,Chapter I Certain infectious and parasitic diseases,Intestinal infectious diseases,23381,1324,0.96 [0.88-1.05],0.3518213513024227
EPB41L5,Band 4.1-like protein 5,Chapter I Certain infectious and parasitic diseases,Mycoses,23495,459,1.12 [0.99-1.27],0.0739406671865508
EPB41L5,Band 4.1-like protein 5,Chapter I Certain infectious and parasitic diseases,Other bacterial agents as the cause of diseases classified to other chapters,22850,802,0.95 [0.85-1.06],0.3701026306931565
EPB41L5,Band 4.1-like protein 5,Chapter I Certain infectious and parasitic diseases,Other bacterial diseases,23444,752,1.00 [0.89-1.11],0.9421022287521886
EPB41L5,Band 4.1-like protein 5,Chapter I Certain infectious and parasitic diseases,Other bacterial intestinal infections,22235,178,0.91 [0.71-1.16],0.425114899221912
EPB41L5,Band 4.1-like protein 5,Chapter I Certain infectious and parasitic diseases,Other infectious diseases,23548,35,1.01 [0.61-1.69],0.9567368362180632
EPB41L5,Band 4.1-like protein 5,Chapter I Certain infectious and parasitic diseases,Other septicaemia,23356,664,1.00 [0.89-1.12],0.9613159541689054
EPB41L5,Band 4.1-like protein 5,Chapter I Certain infectious and parasitic diseases,Other specified/unspecified bacterial intestinal infections,23336,75,0.84 [0.56-1.24],0.3796049425821988
EPB41L5,Band 4.1-like protein 5,Chapter I Certain infectious and parasitic diseases,Other viral diseases,23463,164,0.99 [0.78-1.25],0.9224590712880912
EPB41L5,Band 4.1-like protein 5,Chapter I Certain infectious and parasitic diseases,"Other viral diseases, not elsewhere classified",23449,150,0.95 [0.73-1.22],0.6744686373761619
EPB41L5,Band 4.1-like protein 5,Chapter I Certain infectious and parasitic diseases,Streptococcus and staphylococcus as the cause of diseases classified to other chapters,22338,290,0.91 [0.75-1.10],0.3133267534996841
EPB41L5,Band 4.1-like protein 5,Chapter I Certain infectious and parasitic diseases,Viral agents as the cause of diseases classified to other chapters,22270,222,1.09 [0.91-1.31],0.3433064593260548
EPB41L5,Band 4.1-like protein 5,Chapter I Certain infectious and parasitic diseases,Viral and other specified intestinal infections,22153,96,0.90 [0.64-1.26],0.5283038390018797
EPB41L5,Band 4.1-like protein 5,Chapter I Certain infectious and parasitic diseases,Viral hepatitis,23525,33,1.17 [0.76-1.83],0.4749362505161796
EPB41L5,Band 4.1-like protein 5,Chapter I Certain infectious and parasitic diseases,Viral infections characterized by skin and mucous membrane lesions,23484,141,0.84 [0.63-1.12],0.2416216945350103
EPB41L5,Band 4.1-like protein 5,Chapter I Certain infectious and parasitic diseases,Viral warts,23384,41,0.77 [0.45-1.34],0.3634010431149846
EPB41L5,Band 4.1-like protein 5,Chapter I Certain infectious and parasitic diseases,Zoster [herpes zoster],23414,71,0.96 [0.66-1.38],0.8095423134098739
EPB41L5,Band 4.1-like protein 5,Chapter II Neoplasms,Benign lipomatous neoplasm,23317,201,1.06 [0.87-1.30],0.5623166198358189
EPB41L5,Band 4.1-like protein 5,Chapter II Neoplasms,Benign lipomatous neoplasm of skin and subcutaneous tissue of limbs,23460,57,1.16 [0.83-1.62],0.3878545322467831
EPB41L5,Band 4.1-like protein 5,Chapter II Neoplasms,Benign lipomatous neoplasm of skin and subcutaneous tissue of trunk,23455,58,0.96 [0.64-1.44],0.8272767985494864
EPB41L5,Band 4.1-like protein 5,Chapter II Neoplasms,"Benign neoplasm of colon, rectum, anus and anal canal",23300,1042,0.94 [0.85-1.04],0.2332117005812289
EPB41L5,Band 4.1-like protein 5,Chapter II Neoplasms,Benign neoplasm of meninges,23524,72,0.76 [0.49-1.15],0.1954720342097154
EPB41L5,Band 4.1-like protein 5,Chapter II Neoplasms,Benign neoplasm of other and ill-defined parts of digestive system,23489,57,0.92 [0.60-1.41],0.6996639208711908
EPB41L5,Band 4.1-like protein 5,Chapter II Neoplasms,Benign neoplasm of other and unspecified endocrine glands,23518,107,1.08 [0.83-1.42],0.5589183372240705
EPB41L5,Band 4.1-like protein 5,Chapter II Neoplasms,Benign neoplasm of ovary,23480,148,0.73 [0.55-0.99],0.0418106984213576
EPB41L5,Band 4.1-like protein 5,Chapter II Neoplasms,Benign neoplasm: Ascending colon,23528,235,0.93 [0.76-1.15],0.5151024417890506
EPB41L5,Band 4.1-like protein 5,Chapter II Neoplasms,Benign neoplasm: Caecum,23534,214,0.79 [0.62-1.01],0.0611444295190531
EPB41L5,Band 4.1-like protein 5,Chapter II Neoplasms,"Benign neoplasm: Colon, unspecified",23468,54,1.00 [0.66-1.50],0.9932203699182898
EPB41L5,Band 4.1-like protein 5,Chapter II Neoplasms,Benign neoplasm: Descending colon,23533,131,0.78 [0.57-1.06],0.1095772603558029
EPB41L5,Band 4.1-like protein 5,Chapter II Neoplasms,Benign neoplasm: Rectum,23494,239,0.90 [0.73-1.11],0.3458319515140279
EPB41L5,Band 4.1-like protein 5,Chapter II Neoplasms,Benign neoplasm: Sigmoid colon,23452,437,0.97 [0.83-1.12],0.6545198141287293
EPB41L5,Band 4.1-like protein 5,Chapter II Neoplasms,Benign neoplasm: Transverse colon,23534,252,0.84 [0.68-1.05],0.1237269854319429
EPB41L5,Band 4.1-like protein 5,Chapter II Neoplasms,Carcinoma in situ of breast,19054,119,1.01 [0.77-1.32],0.9551410448673244
EPB41L5,Band 4.1-like protein 5,Chapter II Neoplasms,"Carcinoma in situ of breast, intraductal",19126,138,0.90 [0.69-1.19],0.4743160405582893
EPB41L5,Band 4.1-like protein 5,Chapter II Neoplasms,"Chronic lymphocytic leukaemia and small lyphocytis leukaemia, excluding all cancers (controls excluding all cancers)",19121,30,0.92 [0.51-1.67],0.7853848796799857
EPB41L5,Band 4.1-like protein 5,Chapter II Neoplasms,"Diffuse large B-cell lymphoma, excluding all cancers (controls excluding all cancers)",19147,56,0.91 [0.58-1.41],0.6603596792512159
EPB41L5,Band 4.1-like protein 5,Chapter II Neoplasms,"Haemangioma and lymphangioma, any site",23484,124,0.87 [0.64-1.17],0.3550113325708821
EPB41L5,Band 4.1-like protein 5,Chapter II Neoplasms,"Haemangioma, any site",23485,122,0.85 [0.62-1.15],0.2905634512127571
EPB41L5,Band 4.1-like protein 5,Chapter II Neoplasms,Leiomyoma of uterus,22685,498,1.02 [0.90-1.16],0.731855180978759
EPB41L5,Band 4.1-like protein 5,Chapter II Neoplasms,Lung cancer and mesothelioma,16927,277,0.94 [0.76-1.16],0.5709718938984139
EPB41L5,Band 4.1-like protein 5,Chapter II Neoplasms,Lymphoid leukaemia,19125,34,0.94 [0.55-1.63],0.839139827539216
EPB41L5,Band 4.1-like protein 5,Chapter II Neoplasms,"Malignant melanoma of skin, excluding all cancers (controls excluding all cancers)",19243,152,0.93 [0.72-1.21],0.5933049576665981
EPB41L5,Band 4.1-like protein 5,Chapter II Neoplasms,"Malignant neoplasm of bladder, excluding all cancers (controls excluding all cancers)",19186,95,0.91 [0.65-1.28],0.5930315189594003
EPB41L5,Band 4.1-like protein 5,Chapter II Neoplasms,"Malignant neoplasm of corpus uteri, excluding all cancers (controls excluding all cancers)",19251,160,0.99 [0.78-1.26],0.9641421039835004
EPB41L5,Band 4.1-like protein 5,Chapter II Neoplasms,"Malignant neoplasm of intrahepatic ducts, biliary tract and gallbladder, excluding all cancers (controls excluding all cancers)",19152,61,0.75 [0.47-1.20],0.225150315487263
EPB41L5,Band 4.1-like protein 5,Chapter II Neoplasms,"Malignant neoplasm of kidney, except renal pelvis, excluding all cancers (controls excluding all cancers)",19152,61,0.75 [0.47-1.20],0.2299804554246839
EPB41L5,Band 4.1-like protein 5,Chapter II Neoplasms,"Malignant neoplasm of oesophagus, excluding all cancers (controls excluding all cancers)",19137,46,1.03 [0.66-1.60],0.8966296881285354
EPB41L5,Band 4.1-like protein 5,Chapter II Neoplasms,"Malignant neoplasm of ovary, excluding all cancers (controls excluding all cancers)",19220,129,0.97 [0.74-1.28],0.8250880450423033
EPB41L5,Band 4.1-like protein 5,Chapter II Neoplasms,"Malignant neoplasm of pancreas, excluding all cancers (controls excluding all cancers)",19180,89,0.89 [0.63-1.26],0.5164988652995353
EPB41L5,Band 4.1-like protein 5,Chapter II Neoplasms,"Malignant neoplasm of rectum, excluding all cancers (controls excluding all cancers)",19162,71,0.95 [0.66-1.39],0.8068255594442711
EPB41L5,Band 4.1-like protein 5,Chapter II Neoplasms,"Malignant neoplasm of stomach, excluding all cancers (controls excluding all cancers)",19126,35,0.95 [0.56-1.62],0.8546859080132101
EPB41L5,Band 4.1-like protein 5,Chapter II Neoplasms,Malignant neoplasms of independent (primary) multiple sites,19160,69,1.03 [0.72-1.47],0.8885345606463942
EPB41L5,Band 4.1-like protein 5,Chapter II Neoplasms,Melanocytic naevi,23318,195,1.14 [0.94-1.37],0.1784989184576141
EPB41L5,Band 4.1-like protein 5,Chapter II Neoplasms,Melanocytic naevi of trunk,23508,66,1.20 [0.89-1.62],0.2226553075651807
EPB41L5,Band 4.1-like protein 5,Chapter II Neoplasms,Melanoma in situ,19119,72,0.91 [0.62-1.35],0.6492903913131796
EPB41L5,Band 4.1-like protein 5,Chapter II Neoplasms,"Non-follicular lymphoma, hilmo, excluding all cancers",19161,70,0.93 [0.63-1.36],0.696432320937035
EPB41L5,Band 4.1-like protein 5,Chapter II Neoplasms,"Non-Hodgkin lymphoma, all, excluding all cancers (controls excluding all cancers)",19219,128,0.89 [0.66-1.19],0.4316552722291635
EPB41L5,Band 4.1-like protein 5,Chapter II Neoplasms,"Non-small cell lung cancer, excluding all cancers (controls excluding all cancers)",19293,202,0.89 [0.70-1.13],0.3345471891436453
EPB41L5,Band 4.1-like protein 5,Chapter II Neoplasms,"Other and unspecified types of non-Hodgkin lymphoma, hilmo, excluding all cancers",19171,80,0.84 [0.57-1.24],0.3848217947620331
EPB41L5,Band 4.1-like protein 5,Chapter II Neoplasms,Other benign neoplasms of skin,23351,151,1.06 [0.84-1.33],0.6235197818954313
EPB41L5,Band 4.1-like protein 5,Chapter II Neoplasms,"Other malignant neoplasms of skin (=non-melanoma skin cancer), excluding all cancers (controls excluding all cancers)",19884,793,1.04 [0.93-1.15],0.4797738709381043
EPB41L5,Band 4.1-like protein 5,Chapter II Neoplasms,"Squamous cell neoplasms and carcinomas of the skin, excluding all cancers (controls excluding all cancers)",19918,827,1.04 [0.94-1.15],0.4581842596777319
EPB41L5,Band 4.1-like protein 5,Chapter III Diseases of the blood and blood-forming organs and certain disorders involving the immune mechanism,Agranulocytosis,23273,336,1.05 [0.90-1.23],0.5325305516504051
EPB41L5,Band 4.1-like protein 5,Chapter III Diseases of the blood and blood-forming organs and certain disorders involving the immune mechanism,Anaemia in chronic diseases classified elsewhere,21837,84,1.07 [0.78-1.46],0.6911375560511277
EPB41L5,Band 4.1-like protein 5,Chapter III Diseases of the blood and blood-forming organs and certain disorders involving the immune mechanism,Diseases of spleen,23007,70,0.97 [0.68-1.41],0.8919979184423734
EPB41L5,Band 4.1-like protein 5,Chapter III Diseases of the blood and blood-forming organs and certain disorders involving the immune mechanism,Diseases of the blood and blood-forming organs and certain disorders involving the immune mechanism,22681,2535,1.01 [0.95-1.07],0.6835362737906033
EPB41L5,Band 4.1-like protein 5,Chapter III Diseases of the blood and blood-forming organs and certain disorders involving the immune mechanism,Folate deficiency anaemia,22166,27,0.97 [0.53-1.77],0.90904730669596
EPB41L5,Band 4.1-like protein 5,Chapter III Diseases of the blood and blood-forming organs and certain disorders involving the immune mechanism,Idiopathic thrombocytopenic purpura,23207,43,1.21 [0.83-1.77],0.3275306464935864
EPB41L5,Band 4.1-like protein 5,Chapter III Diseases of the blood and blood-forming organs and certain disorders involving the immune mechanism,Other anaemias,23046,1293,0.98 [0.90-1.07],0.6772240722968823
EPB41L5,Band 4.1-like protein 5,Chapter III Diseases of the blood and blood-forming organs and certain disorders involving the immune mechanism,Other and unspecified anaemias,23046,1293,0.98 [0.90-1.07],0.6772240722968823
EPB41L5,Band 4.1-like protein 5,Chapter III Diseases of the blood and blood-forming organs and certain disorders involving the immune mechanism,Other and unspecified aplastic anaemias,21820,67,1.35 [1.05-1.73],0.0188718460145744
EPB41L5,Band 4.1-like protein 5,Chapter III Diseases of the blood and blood-forming organs and certain disorders involving the immune mechanism,Other and unspecified iron deficiency,23192,1053,1.03 [0.94-1.13],0.5121654293618245
EPB41L5,Band 4.1-like protein 5,Chapter III Diseases of the blood and blood-forming organs and certain disorders involving the immune mechanism,Other coagulation defects,23264,100,1.09 [0.83-1.44],0.5354108707914018
EPB41L5,Band 4.1-like protein 5,Chapter III Diseases of the blood and blood-forming organs and certain disorders involving the immune mechanism,Other diseases of blood and blood-forming organs,22982,45,1.15 [0.78-1.69],0.4769870194207215
EPB41L5,Band 4.1-like protein 5,Chapter III Diseases of the blood and blood-forming organs and certain disorders involving the immune mechanism,Other disorders of white blood cells,22988,51,1.24 [0.91-1.69],0.1771038101065584
EPB41L5,Band 4.1-like protein 5,Chapter III Diseases of the blood and blood-forming organs and certain disorders involving the immune mechanism,Purpura and other haemorrhagic conditions,23365,201,1.30 [1.11-1.52],0.0009447010642167
EPB41L5,Band 4.1-like protein 5,Chapter III Diseases of the blood and blood-forming organs and certain disorders involving the immune mechanism,Sarcoidosis,23455,51,1.21 [0.87-1.70],0.2589453618939111
EPB41L5,Band 4.1-like protein 5,Chapter III Diseases of the blood and blood-forming organs and certain disorders involving the immune mechanism,"Thrombocytopenia, unspecified",23337,173,1.40 [1.20-1.62],1.0393196814145746e-05
EPB41L5,Band 4.1-like protein 5,Chapter III Diseases of the blood and blood-forming organs and certain disorders involving the immune mechanism,Vitamin B12 deficiency anaemia,22253,114,0.95 [0.71-1.28],0.7459016418936494
EPB41L5,Band 4.1-like protein 5,"Chapter IV Endocrine, nutritional and metabolic diseases",Acidosis,18991,202,1.18 [0.99-1.41],0.0596563506016945
EPB41L5,Band 4.1-like protein 5,"Chapter IV Endocrine, nutritional and metabolic diseases",Acute alcohol intoxication,22322,57,0.79 [0.51-1.22],0.2875079319787859
EPB41L5,Band 4.1-like protein 5,"Chapter IV Endocrine, nutritional and metabolic diseases",Alcohol dependence,22318,53,1.35 [1.06-1.71],0.014183405714371
EPB41L5,Band 4.1-like protein 5,"Chapter IV Endocrine, nutritional and metabolic diseases",Alkalosis,18832,43,1.00 [0.63-1.58],0.9957958124807322
EPB41L5,Band 4.1-like protein 5,"Chapter IV Endocrine, nutritional and metabolic diseases",Bipolar affective disorders,21590,55,1.15 [0.82-1.62],0.4257863020263858
EPB41L5,Band 4.1-like protein 5,"Chapter IV Endocrine, nutritional and metabolic diseases",Deficiency of other B group vitamins,21313,205,1.05 [0.86-1.29],0.603355620447912
EPB41L5,Band 4.1-like protein 5,"Chapter IV Endocrine, nutritional and metabolic diseases","Delirium, not induced by alcohol and other psychoactive substances",23174,411,0.91 [0.77-1.07],0.2684244875294665
EPB41L5,Band 4.1-like protein 5,"Chapter IV Endocrine, nutritional and metabolic diseases",Dementia in Alzheimer disease,23018,255,0.94 [0.77-1.16],0.5735344724540004
EPB41L5,Band 4.1-like protein 5,"Chapter IV Endocrine, nutritional and metabolic diseases",Dementia in other diseases classified elsewhere,22824,61,0.88 [0.57-1.36],0.5760369558563494
EPB41L5,Band 4.1-like protein 5,"Chapter IV Endocrine, nutritional and metabolic diseases",Depression,23217,1682,0.95 [0.88-1.02],0.1531501907280601
EPB41L5,Band 4.1-like protein 5,"Chapter IV Endocrine, nutritional and metabolic diseases",Depression or dysthymia,20882,1643,0.93 [0.86-1.01],0.076213861900355
EPB41L5,Band 4.1-like protein 5,"Chapter IV Endocrine, nutritional and metabolic diseases","Disorder of lipoprotein metabolism, unspecified",18833,44,1.15 [0.78-1.68],0.484180673427495
EPB41L5,Band 4.1-like protein 5,"Chapter IV Endocrine, nutritional and metabolic diseases","Disorder of thyroid, unspecified",20937,99,0.93 [0.67-1.28],0.6389727699529488
EPB41L5,Band 4.1-like protein 5,"Chapter IV Endocrine, nutritional and metabolic diseases",Disorders of calcium metabolism,19025,236,1.03 [0.86-1.25],0.7370867655024869
EPB41L5,Band 4.1-like protein 5,"Chapter IV Endocrine, nutritional and metabolic diseases",Disorders of iron metabolism,18830,41,0.91 [0.55-1.49],0.7059779511769491
EPB41L5,Band 4.1-like protein 5,"Chapter IV Endocrine, nutritional and metabolic diseases",Disorders of lipoprotein metabolism and other lipidaemias,21478,2689,0.99 [0.93-1.05],0.6969487547296002
EPB41L5,Band 4.1-like protein 5,"Chapter IV Endocrine, nutritional and metabolic diseases",Disorders of magnesium metabolism,18971,182,1.06 [0.86-1.31],0.5699618668883342
EPB41L5,Band 4.1-like protein 5,"Chapter IV Endocrine, nutritional and metabolic diseases",Disorders of mineral metabolism,19252,463,1.02 [0.89-1.16],0.8289274895564377
EPB41L5,Band 4.1-like protein 5,"Chapter IV Endocrine, nutritional and metabolic diseases",Disorders of other endocrine glands,23464,303,1.07 [0.91-1.26],0.4144182218998394
EPB41L5,Band 4.1-like protein 5,"Chapter IV Endocrine, nutritional and metabolic diseases",Disorders of parathyroid gland,23302,141,1.16 [0.93-1.45],0.1822135061843553
EPB41L5,Band 4.1-like protein 5,"Chapter IV Endocrine, nutritional and metabolic diseases",Disorders of phosphorus metabolism and phosphatases,18878,89,0.99 [0.72-1.36],0.9681064942852264
EPB41L5,Band 4.1-like protein 5,"Chapter IV Endocrine, nutritional and metabolic diseases","Disorders of plasma-protein metabolism, not elsewhere classified",18839,50,0.95 [0.62-1.47],0.8267974312249515
EPB41L5,Band 4.1-like protein 5,"Chapter IV Endocrine, nutritional and metabolic diseases",Disorders of the thyroid gland,22793,1955,1.01 [0.95-1.09],0.6729976018656947
EPB41L5,Band 4.1-like protein 5,"Chapter IV Endocrine, nutritional and metabolic diseases",Fluid overload,18959,170,1.12 [0.91-1.37],0.3022500914495798
EPB41L5,Band 4.1-like protein 5,"Chapter IV Endocrine, nutritional and metabolic diseases",Hyperkalaemia,18957,168,1.13 [0.92-1.39],0.2487037335552366
EPB41L5,Band 4.1-like protein 5,"Chapter IV Endocrine, nutritional and metabolic diseases","Hyperlipidaemia, other/unspecified",19246,457,1.06 [0.92-1.21],0.4152261889946098
EPB41L5,Band 4.1-like protein 5,"Chapter IV Endocrine, nutritional and metabolic diseases",Hyperosmolality and hypernatraemia,18857,68,0.90 [0.60-1.33],0.5848694651003586
EPB41L5,Band 4.1-like protein 5,"Chapter IV Endocrine, nutritional and metabolic diseases",Hyperparathyroidism,23297,136,1.16 [0.93-1.45],0.196109901840475
EPB41L5,Band 4.1-like protein 5,"Chapter IV Endocrine, nutritional and metabolic diseases",Hypo-osmolality and hyponatraemia,19319,530,1.01 [0.89-1.15],0.8527944839513578
EPB41L5,Band 4.1-like protein 5,"Chapter IV Endocrine, nutritional and metabolic diseases",Hypokalaemia,19262,473,1.12 [0.99-1.26],0.0732870459014735
EPB41L5,Band 4.1-like protein 5,"Chapter IV Endocrine, nutritional and metabolic diseases",Iron deficiency,21171,63,0.89 [0.59-1.35],0.5908427648787351
EPB41L5,Band 4.1-like protein 5,"Chapter IV Endocrine, nutritional and metabolic diseases",Metabolic disorders,22799,4010,1.00 [0.96-1.05],0.8400742907947814
EPB41L5,Band 4.1-like protein 5,"Chapter IV Endocrine, nutritional and metabolic diseases",Nontoxic multinodular goitre,20901,63,0.89 [0.59-1.35],0.5808162003177263
EPB41L5,Band 4.1-like protein 5,"Chapter IV Endocrine, nutritional and metabolic diseases",Nontoxic single thyroid nodule,20913,75,1.50 [1.23-1.83],5.447418781826261e-05
EPB41L5,Band 4.1-like protein 5,"Chapter IV Endocrine, nutritional and metabolic diseases",Obesity,23380,1758,0.97 [0.91-1.05],0.4614449878118156
EPB41L5,Band 4.1-like protein 5,"Chapter IV Endocrine, nutritional and metabolic diseases","Obesity, other/unspecified",23384,1757,0.97 [0.91-1.05],0.4704417166080197
EPB41L5,Band 4.1-like protein 5,"Chapter IV Endocrine, nutritional and metabolic diseases",Other and/or unspecified nontoxic goitre,20912,74,0.81 [0.54-1.22],0.3103815749240504
EPB41L5,Band 4.1-like protein 5,"Chapter IV Endocrine, nutritional and metabolic diseases",Other anxiety disorders,23191,1353,0.98 [0.91-1.07],0.7077139807866148
EPB41L5,Band 4.1-like protein 5,"Chapter IV Endocrine, nutritional and metabolic diseases","Other disorders of fluid, electrolyte and acid-base balance",20061,1272,1.08 [1.00-1.17],0.0546821566097599
EPB41L5,Band 4.1-like protein 5,"Chapter IV Endocrine, nutritional and metabolic diseases",Other disorders of glucose regulation and pancreatic internal secretion,23538,154,0.97 [0.75-1.24],0.7934572501463144
EPB41L5,Band 4.1-like protein 5,"Chapter IV Endocrine, nutritional and metabolic diseases",Other mental disorders due to brain damage and dysfunction and to physical disease,22801,38,0.94 [0.55-1.58],0.8040562372014499
EPB41L5,Band 4.1-like protein 5,"Chapter IV Endocrine, nutritional and metabolic diseases",Panic disorder,21955,117,0.97 [0.73-1.28],0.8169007302963291
EPB41L5,Band 4.1-like protein 5,"Chapter IV Endocrine, nutritional and metabolic diseases",Phobic anxiety disorders,22006,168,0.88 [0.68-1.13],0.3156684429052612
EPB41L5,Band 4.1-like protein 5,"Chapter IV Endocrine, nutritional and metabolic diseases","Postprocedural endocrine and metabolic disorders, not elsewhere classified",19003,214,1.13 [0.94-1.35],0.2034262470188151
EPB41L5,Band 4.1-like protein 5,"Chapter IV Endocrine, nutritional and metabolic diseases",Type 1 diabetes without complications,21981,120,0.99 [0.75-1.31],0.9654306346125416
EPB41L5,Band 4.1-like protein 5,"Chapter IV Endocrine, nutritional and metabolic diseases",Type 2 diabetes with neurological complications,1465,37,1.19 [0.73-1.93],0.4932346233681302
EPB41L5,Band 4.1-like protein 5,"Chapter IV Endocrine, nutritional and metabolic diseases",Type 2 diabetes with ophthalmic complications,1557,147,1.18 [0.94-1.47],0.1558915443521884
EPB41L5,Band 4.1-like protein 5,"Chapter IV Endocrine, nutritional and metabolic diseases",Type 2 diabetes with peripheral circulatory complications,21886,25,0.64 [0.29-1.41],0.2693265247351767
EPB41L5,Band 4.1-like protein 5,"Chapter IV Endocrine, nutritional and metabolic diseases",Type 2 diabetes with renal complications,1450,23,1.08 [0.59-1.99],0.7919809315915947
EPB41L5,Band 4.1-like protein 5,"Chapter IV Endocrine, nutritional and metabolic diseases",Type 2 diabetes without complications,23143,1282,0.91 [0.83-0.99],0.0371961158150052
EPB41L5,Band 4.1-like protein 5,"Chapter IV Endocrine, nutritional and metabolic diseases",Unspecified dementia,23050,287,0.99 [0.83-1.20],0.94555846982289
EPB41L5,Band 4.1-like protein 5,"Chapter IV Endocrine, nutritional and metabolic diseases",Vitamin D deficiency,21515,407,1.17 [1.03-1.33],0.0147786531117749
EPB41L5,Band 4.1-like protein 5,"Chapter IV Endocrine, nutritional and metabolic diseases",Volume depletion,19394,605,1.03 [0.91-1.16],0.6434973925378784
EPB41L5,Band 4.1-like protein 5,Chapter IX Diseases of the circulatory system,"!Phlebitis/thrombophlebitis venae iliacae [externae/internae/communis], drug-induced",23463,205,1.10 [0.91-1.34],0.306391812134809
EPB41L5,Band 4.1-like protein 5,Chapter IX Diseases of the circulatory system,Abdominal aortic aneurysm (AAA),22673,42,1.18 [0.79-1.77],0.4146407774123566
EPB41L5,Band 4.1-like protein 5,Chapter IX Diseases of the circulatory system,Angina pectoris,22242,744,0.94 [0.84-1.06],0.2957403820323899
EPB41L5,Band 4.1-like protein 5,Chapter IX Diseases of the circulatory system,Aortic aneurysm,22709,78,1.27 [0.97-1.67],0.0791490954107767
EPB41L5,Band 4.1-like protein 5,Chapter IX Diseases of the circulatory system,Arterial embolism and thrombosis of lower extremity artery,22661,30,1.40 [0.95-2.06],0.0849137304350399
EPB41L5,Band 4.1-like protein 5,Chapter IX Diseases of the circulatory system,"Atherosclerosis, excluding cerebral and coronary sclerosis",22769,138,1.06 [0.83-1.36],0.6464771690458274
EPB41L5,Band 4.1-like protein 5,Chapter IX Diseases of the circulatory system,Atrial fibrillation and flutter,15291,1234,0.99 [0.91-1.08],0.836037481675919
EPB41L5,Band 4.1-like protein 5,Chapter IX Diseases of the circulatory system,AV-block,20661,205,0.99 [0.80-1.23],0.9511344457988048
EPB41L5,Band 4.1-like protein 5,Chapter IX Diseases of the circulatory system,"Bradycardia, unspecified, drug-induced",23506,265,0.95 [0.78-1.15],0.5752360716723999
EPB41L5,Band 4.1-like protein 5,Chapter IX Diseases of the circulatory system,Cardiac arrest,14162,105,1.17 [0.91-1.50],0.2225550303333797
EPB41L5,Band 4.1-like protein 5,Chapter IX Diseases of the circulatory system,Cardiomyopathy,20570,114,0.96 [0.72-1.29],0.7988960856778009
EPB41L5,Band 4.1-like protein 5,Chapter IX Diseases of the circulatory system,"Cardiomyopathy, other and unspecified",20525,69,1.01 [0.71-1.45],0.9438073994422774
EPB41L5,Band 4.1-like protein 5,Chapter IX Diseases of the circulatory system,Cerebral atherosclerosis,23544,27,1.04 [0.60-1.82],0.88367825010466
EPB41L5,Band 4.1-like protein 5,Chapter IX Diseases of the circulatory system,Conduction disorders,21075,619,1.05 [0.93-1.18],0.4532681480791259
EPB41L5,Band 4.1-like protein 5,Chapter IX Diseases of the circulatory system,Coronary atherosclerosis,22762,1275,0.94 [0.86-1.03],0.2036008202915016
EPB41L5,Band 4.1-like protein 5,Chapter IX Diseases of the circulatory system,Death due to cardiac causes,21196,6248,1.01 [0.97-1.05],0.5659721794347536
EPB41L5,Band 4.1-like protein 5,Chapter IX Diseases of the circulatory system,DVT of lower extremities,22270,218,1.09 [0.90-1.32],0.3604676405422663
EPB41L5,Band 4.1-like protein 5,Chapter IX Diseases of the circulatory system,Endocarditis,20502,46,1.43 [1.08-1.90],0.0116104147720234
EPB41L5,Band 4.1-like protein 5,Chapter IX Diseases of the circulatory system,"Heart failure, strict",23462,714,1.06 [0.95-1.18],0.27638439600514
EPB41L5,Band 4.1-like protein 5,Chapter IX Diseases of the circulatory system,Hypertension,21731,5263,1.01 [0.97-1.05],0.7025411985111336
EPB41L5,Band 4.1-like protein 5,Chapter IX Diseases of the circulatory system,"Hypertension, essential",21740,5272,1.01 [0.97-1.05],0.7287913128208003
EPB41L5,Band 4.1-like protein 5,Chapter IX Diseases of the circulatory system,"Hypertension, portal",23449,36,1.57 [1.19-2.07],0.0015677753200982
EPB41L5,Band 4.1-like protein 5,Chapter IX Diseases of the circulatory system,"Hypertension, Pulmonary Arterial",16614,146,1.21 [0.98-1.50],0.0737976338128671
EPB41L5,Band 4.1-like protein 5,Chapter IX Diseases of the circulatory system,Hypertensive Renal Disease,16533,65,1.27 [0.94-1.72],0.1147911770831838
EPB41L5,Band 4.1-like protein 5,Chapter IX Diseases of the circulatory system,Hypotension,23431,909,1.05 [0.95-1.16],0.324693450242342
EPB41L5,Band 4.1-like protein 5,Chapter IX Diseases of the circulatory system,Intracerebral haemorrhage,22898,80,1.10 [0.80-1.51],0.5477420135654474
EPB41L5,Band 4.1-like protein 5,Chapter IX Diseases of the circulatory system,"Ischaemic heart disease, wide definition",22942,1444,0.93 [0.86-1.02],0.1148175483786705
EPB41L5,Band 4.1-like protein 5,Chapter IX Diseases of the circulatory system,"Ischaemic Stroke, excluding all haemorrhages",23277,391,0.95 [0.81-1.11],0.5315659577446955
EPB41L5,Band 4.1-like protein 5,Chapter IX Diseases of the circulatory system,Left bundle-branch block,20721,265,1.06 [0.89-1.27],0.5156979795940821
EPB41L5,Band 4.1-like protein 5,Chapter IX Diseases of the circulatory system,Major coronary heart disease event,23361,519,1.02 [0.90-1.16],0.7607012206114048
EPB41L5,Band 4.1-like protein 5,Chapter IX Diseases of the circulatory system,"Myocardial infarction, strict",21913,415,0.97 [0.83-1.13],0.6563220922100257
EPB41L5,Band 4.1-like protein 5,Chapter IX Diseases of the circulatory system,"Myocardial infarction, with ST-elevation",23523,76,0.81 [0.54-1.21],0.3079995296611791
EPB41L5,Band 4.1-like protein 5,Chapter IX Diseases of the circulatory system,"Myocardial infarction, without ST-elevation",23540,207,0.97 [0.78-1.20],0.761547768107673
EPB41L5,Band 4.1-like protein 5,Chapter IX Diseases of the circulatory system,Oesophageal varices,22085,33,1.37 [0.95-1.97],0.0924880798682238
EPB41L5,Band 4.1-like protein 5,Chapter IX Diseases of the circulatory system,Other aneurysm,22680,49,0.83 [0.51-1.35],0.4482416179173634
EPB41L5,Band 4.1-like protein 5,Chapter IX Diseases of the circulatory system,Other arrhythmias,20770,314,1.07 [0.91-1.25],0.4397718910693945
EPB41L5,Band 4.1-like protein 5,Chapter IX Diseases of the circulatory system,Other arterial embolism and thrombosis,22691,60,1.42 [1.11-1.84],0.0062286682921291
EPB41L5,Band 4.1-like protein 5,Chapter IX Diseases of the circulatory system,Other diseases of arteries and capillaries,22799,168,1.16 [0.95-1.41],0.1527105786220433
EPB41L5,Band 4.1-like protein 5,Chapter IX Diseases of the circulatory system,Other diseases of pericardium,20601,145,0.99 [0.77-1.28],0.9652094960879468
EPB41L5,Band 4.1-like protein 5,Chapter IX Diseases of the circulatory system,Other disorders of veins,22125,73,1.02 [0.73-1.44],0.8972813877172106
EPB41L5,Band 4.1-like protein 5,Chapter IX Diseases of the circulatory system,Other embolism and thrombosis,22093,41,1.00 [0.62-1.59],0.9898511924197296
EPB41L5,Band 4.1-like protein 5,Chapter IX Diseases of the circulatory system,Other intracranial haemorrhages,22481,30,0.83 [0.44-1.57],0.5743389005579886
EPB41L5,Band 4.1-like protein 5,Chapter IX Diseases of the circulatory system,Other noninfective disorders of lymphatic vessels and lymph nodes,22186,134,1.05 [0.82-1.34],0.6866660526204638
EPB41L5,Band 4.1-like protein 5,Chapter IX Diseases of the circulatory system,Other or ill-defined heart diseases,21119,663,1.10 [0.99-1.23],0.0728719971627063
EPB41L5,Band 4.1-like protein 5,Chapter IX Diseases of the circulatory system,Other other unspecified disorders of the circulatory system,22558,36,1.34 [0.94-1.90],0.1068186540815446
EPB41L5,Band 4.1-like protein 5,Chapter IX Diseases of the circulatory system,Other peripheral vascular diseases,23066,435,1.11 [0.98-1.27],0.1055755547940042
EPB41L5,Band 4.1-like protein 5,Chapter IX Diseases of the circulatory system,Other pulmonary heart/vessel disease,23047,277,1.11 [0.95-1.31],0.1935604795480748
EPB41L5,Band 4.1-like protein 5,Chapter IX Diseases of the circulatory system,"Other specified cerebrovascular diseases, other cerebrovascular disorders in diseases classified elsewhere",22909,458,0.99 [0.86-1.15],0.9336159128747934
EPB41L5,Band 4.1-like protein 5,Chapter IX Diseases of the circulatory system,Paroxysmal tachycardia,14305,248,1.13 [0.96-1.34],0.1536957612120776
EPB41L5,Band 4.1-like protein 5,Chapter IX Diseases of the circulatory system,Peripheral artery disease,22862,242,1.16 [0.98-1.37],0.0797624329379951
EPB41L5,Band 4.1-like protein 5,Chapter IX Diseases of the circulatory system,Phlebitis and thrombophlebitis (not including DVT),22338,286,1.14 [0.97-1.33],0.10116681688005
EPB41L5,Band 4.1-like protein 5,Chapter IX Diseases of the circulatory system,Pulmonary embolism,23149,379,1.08 [0.93-1.25],0.3246531794584388
EPB41L5,Band 4.1-like protein 5,Chapter IX Diseases of the circulatory system,Rheumatic valve diseases,23477,489,1.04 [0.91-1.19],0.5876155637408591
EPB41L5,Band 4.1-like protein 5,Chapter IX Diseases of the circulatory system,Right bundle-branch block,20638,182,1.05 [0.84-1.30],0.6869763443636488
EPB41L5,Band 4.1-like protein 5,Chapter IX Diseases of the circulatory system,Secondary right heart disease,23040,270,1.12 [0.95-1.32],0.1754304797420801
EPB41L5,Band 4.1-like protein 5,Chapter IX Diseases of the circulatory system,Sequelae of cerebrovascular disease,22581,130,1.00 [0.77-1.31],0.9798834939546088
EPB41L5,Band 4.1-like protein 5,Chapter IX Diseases of the circulatory system,"Stroke, excluding SAH",23268,450,0.97 [0.84-1.13],0.7308769443238061
EPB41L5,Band 4.1-like protein 5,Chapter IX Diseases of the circulatory system,"Stroke, including SAH",23243,489,0.99 [0.86-1.13],0.8489228266928466
EPB41L5,Band 4.1-like protein 5,Chapter IX Diseases of the circulatory system,Subarachnoid haemorrhage,22865,58,1.12 [0.79-1.59],0.5225877310520164
EPB41L5,Band 4.1-like protein 5,Chapter IX Diseases of the circulatory system,Thoracic aortic aneurysm,22668,37,1.43 [1.02-1.99],0.0365329668638668
EPB41L5,Band 4.1-like protein 5,Chapter IX Diseases of the circulatory system,Transient ischemic attack,23069,183,1.08 [0.88-1.33],0.4460156579311937
EPB41L5,Band 4.1-like protein 5,Chapter IX Diseases of the circulatory system,Unstable angina pectoris,23015,173,1.09 [0.88-1.34],0.4276286011649723
EPB41L5,Band 4.1-like protein 5,Chapter IX Diseases of the circulatory system,Varicose veins,22432,380,0.96 [0.82-1.12],0.5874262274981996
EPB41L5,Band 4.1-like protein 5,Chapter IX Diseases of the circulatory system,Vascular diseases of the intestine,22640,80,0.88 [0.61-1.28],0.5167389134499347
EPB41L5,Band 4.1-like protein 5,Chapter IX Diseases of the circulatory system,Venous thromboembolism,23365,602,1.12 [1.00-1.25],0.0505414003949829
EPB41L5,Band 4.1-like protein 5,Chapter V Mental and behavioural disorders,"Alcohol use disorder, ICD-based",23511,188,1.02 [0.83-1.26],0.8532623559676702
EPB41L5,Band 4.1-like protein 5,Chapter V Mental and behavioural disorders,"Anxiety disorders, excluding more controls",20923,1579,0.98 [0.90-1.05],0.5339963463548193
EPB41L5,Band 4.1-like protein 5,Chapter V Mental and behavioural disorders,Any mental disorder,23031,3687,0.97 [0.92-1.02],0.176494980280314
EPB41L5,Band 4.1-like protein 5,Chapter V Mental and behavioural disorders,"Mental and behavioural disorders due to alcohol, excluding acute intoxication",23486,223,0.99 [0.82-1.21],0.9475701222186076
EPB41L5,Band 4.1-like protein 5,Chapter V Mental and behavioural disorders,"Mood disorders, excluding more controls",21042,1698,0.94 [0.87-1.01],0.1137244280023642
EPB41L5,Band 4.1-like protein 5,Chapter V Mental and behavioural disorders,"Schizophrenia or delusion, excluding more controls",19423,79,0.99 [0.71-1.37],0.9368054507078688
EPB41L5,Band 4.1-like protein 5,Chapter V Mental and behavioural disorders,Smoking dependency,23200,1024,0.96 [0.86-1.06],0.3966309903385436
EPB41L5,Band 4.1-like protein 5,Chapter V Mental and behavioural disorders,"Substance abuse, excluding more controls",20531,1187,0.94 [0.85-1.03],0.1555932198607268
EPB41L5,Band 4.1-like protein 5,Chapter V Mental and behavioural disorders,Vascular dementia,23129,90,0.81 [0.56-1.18],0.2773915482917568
EPB41L5,Band 4.1-like protein 5,Chapter VI Diseases of the nervous system,Alzheimer disease,23546,317,0.96 [0.80-1.15],0.6857175980992336
EPB41L5,Band 4.1-like protein 5,Chapter VI Diseases of the nervous system,"AlzheimerÕs disease (Atypical or mixed), excluding more controls",16123,49,0.72 [0.42-1.23],0.2295402025433796
EPB41L5,Band 4.1-like protein 5,Chapter VI Diseases of the nervous system,Bell's palsy,21703,68,1.29 [0.98-1.69],0.0672425602575202
EPB41L5,Band 4.1-like protein 5,Chapter VI Diseases of the nervous system,Carpal tunnel syndrome,22191,556,0.97 [0.86-1.11],0.684650560622053
EPB41L5,Band 4.1-like protein 5,Chapter VI Diseases of the nervous system,Cerebral cysts,23202,180,1.23 [1.03-1.46],0.0226729896262982
EPB41L5,Band 4.1-like protein 5,Chapter VI Diseases of the nervous system,Cerebral palsy and other paralytic syndromes,23482,233,0.88 [0.71-1.09],0.2489859696486884
EPB41L5,Band 4.1-like protein 5,Chapter VI Diseases of the nervous system,Circumscribed brain atrophy,23132,39,1.13 [0.73-1.75],0.5801775539250578
EPB41L5,Band 4.1-like protein 5,Chapter VI Diseases of the nervous system,Diseases of the myoneural junction and muscle,23535,43,0.91 [0.56-1.48],0.702160927014155
EPB41L5,Band 4.1-like protein 5,Chapter VI Diseases of the nervous system,"Disorders of brain, other and unspecified",23064,42,1.10 [0.72-1.69],0.6466992623044374
EPB41L5,Band 4.1-like protein 5,Chapter VI Diseases of the nervous system,Epilepsy,22289,242,0.90 [0.73-1.11],0.3296946069507216
EPB41L5,Band 4.1-like protein 5,Chapter VI Diseases of the nervous system,Episodal and paroxysmal disorders,23182,1135,0.96 [0.87-1.05],0.3303338325827234
EPB41L5,Band 4.1-like protein 5,Chapter VI Diseases of the nervous system,Extrapyramidal and movement disorders,23503,307,1.15 [0.99-1.34],0.0720291224328366
EPB41L5,Band 4.1-like protein 5,Chapter VI Diseases of the nervous system,Falls/tendency to fall,23014,2472,0.96 [0.90-1.02],0.1861590036476034
EPB41L5,Band 4.1-like protein 5,Chapter VI Diseases of the nervous system,Generalized epilepsy,23236,41,1.02 [0.65-1.60],0.9216932252837184
EPB41L5,Band 4.1-like protein 5,Chapter VI Diseases of the nervous system,Hemiplegia,23434,185,0.94 [0.74-1.18],0.5812854060415611
EPB41L5,Band 4.1-like protein 5,Chapter VI Diseases of the nervous system,Hydrocephalus,23077,55,1.23 [0.89-1.69],0.2159963916791091
EPB41L5,Band 4.1-like protein 5,Chapter VI Diseases of the nervous system,Inflammatory diseases of the central nervous system,23528,66,0.76 [0.49-1.18],0.219462386315612
EPB41L5,Band 4.1-like protein 5,Chapter VI Diseases of the nervous system,Lesion of plantar nerve,21745,110,1.04 [0.79-1.36],0.7803044732197764
EPB41L5,Band 4.1-like protein 5,Chapter VI Diseases of the nervous system,Lesion of ulnar nerve,21688,53,1.12 [0.77-1.61],0.5556565018789078
EPB41L5,Band 4.1-like protein 5,Chapter VI Diseases of the nervous system,Memory loss,23021,91,0.90 [0.63-1.27],0.5408176282825431
EPB41L5,Band 4.1-like protein 5,Chapter VI Diseases of the nervous system,Migraine,22486,439,0.98 [0.85-1.13],0.7752560373417937
EPB41L5,Band 4.1-like protein 5,Chapter VI Diseases of the nervous system,"Migraine, unspecified, drug-induced",23445,398,0.96 [0.83-1.12],0.639123346495422
EPB41L5,Band 4.1-like protein 5,Chapter VI Diseases of the nervous system,Motor neuron disease,16214,116,0.91 [0.67-1.23],0.5198871771112471
EPB41L5,Band 4.1-like protein 5,Chapter VI Diseases of the nervous system,MS-disease / Multiple Sclerosis,23348,124,0.94 [0.71-1.24],0.6585872647919688
EPB41L5,Band 4.1-like protein 5,Chapter VI Diseases of the nervous system,"Nerve, nerve root and plexus disorders",22835,1200,0.94 [0.86-1.03],0.1939278834995005
EPB41L5,Band 4.1-like protein 5,Chapter VI Diseases of the nervous system,Neurological diseases,22154,3176,0.96 [0.91-1.02],0.1538187211647807
EPB41L5,Band 4.1-like protein 5,Chapter VI Diseases of the nervous system,Other and unspecified degenerative diseases of nervous system,23216,123,0.99 [0.75-1.31],0.9637725685052272
EPB41L5,Band 4.1-like protein 5,Chapter VI Diseases of the nervous system,"Other and unspecified nerve root and plexus disorders, also in other diseases",22000,365,0.84 [0.71-1.01],0.0577771277776995
EPB41L5,Band 4.1-like protein 5,Chapter VI Diseases of the nervous system,"Other and unspecified polyneuropathies, also in other diseases",23495,191,0.92 [0.73-1.16],0.4970589462141513
EPB41L5,Band 4.1-like protein 5,Chapter VI Diseases of the nervous system,Other degenerative diseases of the nervous system,19039,569,0.97 [0.85-1.11],0.6725806388986346
EPB41L5,Band 4.1-like protein 5,Chapter VI Diseases of the nervous system,Other diseases of spinal cord,23079,57,0.99 [0.66-1.48],0.9502900494126538
EPB41L5,Band 4.1-like protein 5,Chapter VI Diseases of the nervous system,Other disorders of nervous system,23131,109,0.76 [0.54-1.07],0.1186639530193774
EPB41L5,Band 4.1-like protein 5,Chapter VI Diseases of the nervous system,Other extrapyramidal and movement disorders in other diseases,23336,140,1.13 [0.90-1.42],0.3065356956226366
EPB41L5,Band 4.1-like protein 5,Chapter VI Diseases of the nervous system,Other facial nerve disorders,21711,76,1.28 [0.99-1.66],0.0613776589634723
EPB41L5,Band 4.1-like protein 5,Chapter VI Diseases of the nervous system,Other headache syndromes,22111,64,0.91 [0.61-1.36],0.6524769175643721
EPB41L5,Band 4.1-like protein 5,Chapter VI Diseases of the nervous system,Other neurological diseases,23446,424,1.11 [0.98-1.27],0.107326853987484
EPB41L5,Band 4.1-like protein 5,Chapter VI Diseases of the nervous system,Other sleep disorders,22389,342,0.84 [0.70-1.00],0.0517470965916116
EPB41L5,Band 4.1-like protein 5,Chapter VI Diseases of the nervous system,Parkinson's disease,23523,146,1.18 [0.95-1.46],0.1358667645379833
EPB41L5,Band 4.1-like protein 5,Chapter VI Diseases of the nervous system,Postviral fatigue syndrome,23091,69,1.35 [1.07-1.70],0.0127099365581095
EPB41L5,Band 4.1-like protein 5,Chapter VI Diseases of the nervous system,Restless leg syndrome,23545,75,1.21 [0.92-1.60],0.1725658683006534
EPB41L5,Band 4.1-like protein 5,Chapter VI Diseases of the nervous system,Sleep apnoea,23393,275,0.86 [0.71-1.05],0.1496655667055675
EPB41L5,Band 4.1-like protein 5,Chapter VI Diseases of the nervous system,Small fibre neuropathy,23338,34,0.84 [0.47-1.52],0.5720454293468938
EPB41L5,Band 4.1-like protein 5,Chapter VI Diseases of the nervous system,Systemic atrophies primarily affecting the central nervous system,23536,141,0.85 [0.64-1.13],0.2598168112591807
EPB41L5,Band 4.1-like protein 5,Chapter VI Diseases of the nervous system,Trigeminal neuralgia,21693,58,0.82 [0.52-1.29],0.3845085688783478
EPB41L5,Band 4.1-like protein 5,Chapter VI Diseases of the nervous system,Unspecific neurodegenerative disorder,23546,320,0.96 [0.80-1.15],0.6548676176533585
EPB41L5,Band 4.1-like protein 5,Chapter VI Diseases of the nervous system,Vascular dementia (undefined),23089,87,0.78 [0.53-1.16],0.2198985347536247
EPB41L5,Band 4.1-like protein 5,"Chapter VII Diseases of the eye, adnexa, ear and mastoid process",Amblyopia ex anopsia,23042,91,0.74 [0.50-1.08],0.1200237894821291
EPB41L5,Band 4.1-like protein 5,"Chapter VII Diseases of the eye, adnexa, ear and mastoid process",Astigmatism,23155,411,1.08 [0.94-1.25],0.2750961029791755
EPB41L5,Band 4.1-like protein 5,"Chapter VII Diseases of the eye, adnexa, ear and mastoid process",Background diabetic retinopathy,23422,138,1.31 [1.08-1.59],0.0052679418536919
EPB41L5,Band 4.1-like protein 5,"Chapter VII Diseases of the eye, adnexa, ear and mastoid process",Blepharochalasis,22585,52,1.15 [0.79-1.66],0.4678694871083773
EPB41L5,Band 4.1-like protein 5,"Chapter VII Diseases of the eye, adnexa, ear and mastoid process",Chalazion,22580,47,0.72 [0.43-1.22],0.2243097744653822
EPB41L5,Band 4.1-like protein 5,"Chapter VII Diseases of the eye, adnexa, ear and mastoid process","Conjunctivitis (acute, non atopic)",23440,55,1.13 [0.78-1.62],0.5234710924707422
EPB41L5,Band 4.1-like protein 5,"Chapter VII Diseases of the eye, adnexa, ear and mastoid process",Corneal degeneration,23304,143,1.12 [0.88-1.41],0.3575897705597768
EPB41L5,Band 4.1-like protein 5,"Chapter VII Diseases of the eye, adnexa, ear and mastoid process","Diabetic nephropathy, excluding more controls",1456,28,1.08 [0.61-1.90],0.7914198816662681
EPB41L5,Band 4.1-like protein 5,"Chapter VII Diseases of the eye, adnexa, ear and mastoid process",Diabetic neuropathy,1741,54,1.20 [0.81-1.76],0.3674262823988112
EPB41L5,Band 4.1-like protein 5,"Chapter VII Diseases of the eye, adnexa, ear and mastoid process",Diplopia,23033,82,1.18 [0.89-1.56],0.2398669044186397
EPB41L5,Band 4.1-like protein 5,"Chapter VII Diseases of the eye, adnexa, ear and mastoid process",Disorders of choroid and retina,23399,893,1.08 [0.98-1.19],0.1238620602588281
EPB41L5,Band 4.1-like protein 5,"Chapter VII Diseases of the eye, adnexa, ear and mastoid process","Disorders of eyelid, lacrimal system and orbit",23178,645,1.00 [0.89-1.13],0.997535695923002
EPB41L5,Band 4.1-like protein 5,"Chapter VII Diseases of the eye, adnexa, ear and mastoid process",Disorders of lacrimal system,22794,261,1.06 [0.89-1.26],0.5353369036943314
EPB41L5,Band 4.1-like protein 5,"Chapter VII Diseases of the eye, adnexa, ear and mastoid process","Disorders of ocular muscles, binocular movement, accommodation and refraction",23472,728,1.12 [1.01-1.24],0.0294609745842334
EPB41L5,Band 4.1-like protein 5,"Chapter VII Diseases of the eye, adnexa, ear and mastoid process",Disorders of optic nerve and visual pathways,23535,63,1.12 [0.79-1.57],0.5272711157944795
EPB41L5,Band 4.1-like protein 5,"Chapter VII Diseases of the eye, adnexa, ear and mastoid process",Disorders of refraction and accommodation,23406,662,1.14 [1.02-1.26],0.0184659589519547
EPB41L5,Band 4.1-like protein 5,"Chapter VII Diseases of the eye, adnexa, ear and mastoid process","Disorders of sclera, cornea, iris and ciliary body",23510,349,1.03 [0.88-1.21],0.7037098281099421
EPB41L5,Band 4.1-like protein 5,"Chapter VII Diseases of the eye, adnexa, ear and mastoid process",Disorders of vitreous body,23463,178,1.03 [0.82-1.28],0.8198158969250322
EPB41L5,Band 4.1-like protein 5,"Chapter VII Diseases of the eye, adnexa, ear and mastoid process",Ectropion of eyelid,22569,36,1.18 [0.76-1.83],0.4689040391338647
EPB41L5,Band 4.1-like protein 5,"Chapter VII Diseases of the eye, adnexa, ear and mastoid process",Entropion and trichiasis of eyelid,22573,40,0.84 [0.48-1.45],0.5301741646796545
EPB41L5,Band 4.1-like protein 5,"Chapter VII Diseases of the eye, adnexa, ear and mastoid process",Epiphora,22595,62,1.02 [0.69-1.49],0.9351378064950568
EPB41L5,Band 4.1-like protein 5,"Chapter VII Diseases of the eye, adnexa, ear and mastoid process",Glaucoma,23468,613,0.99 [0.87-1.12],0.8699537865914024
EPB41L5,Band 4.1-like protein 5,"Chapter VII Diseases of the eye, adnexa, ear and mastoid process",Glaucoma suspect,23004,149,1.22 [1.00-1.49],0.0534448498255367
EPB41L5,Band 4.1-like protein 5,"Chapter VII Diseases of the eye, adnexa, ear and mastoid process",Hypermetropia,22800,56,0.94 [0.61-1.45],0.7781812091996202
EPB41L5,Band 4.1-like protein 5,"Chapter VII Diseases of the eye, adnexa, ear and mastoid process",Iridocyclitis,23247,86,0.94 [0.67-1.33],0.7365019793050005
EPB41L5,Band 4.1-like protein 5,"Chapter VII Diseases of the eye, adnexa, ear and mastoid process",Keratitis,23434,273,1.09 [0.92-1.29],0.3361203414239564
EPB41L5,Band 4.1-like protein 5,"Chapter VII Diseases of the eye, adnexa, ear and mastoid process",Myopia,22924,180,1.18 [0.98-1.42],0.084197154343287
EPB41L5,Band 4.1-like protein 5,"Chapter VII Diseases of the eye, adnexa, ear and mastoid process",Other and unspecified disorders of vitreous body,23401,116,0.97 [0.72-1.29],0.8268511990867682
EPB41L5,Band 4.1-like protein 5,"Chapter VII Diseases of the eye, adnexa, ear and mastoid process",Other and unspecified glaucoma,23254,399,1.00 [0.86-1.16],0.9786155400935408
EPB41L5,Band 4.1-like protein 5,"Chapter VII Diseases of the eye, adnexa, ear and mastoid process",Other and unspecified visual disturbances,23083,132,0.96 [0.73-1.25],0.751757262616727
EPB41L5,Band 4.1-like protein 5,"Chapter VII Diseases of the eye, adnexa, ear and mastoid process",Other cataract,22004,2181,1.04 [0.97-1.11],0.2845837040857787
EPB41L5,Band 4.1-like protein 5,"Chapter VII Diseases of the eye, adnexa, ear and mastoid process",Other disorders of cornea,23400,239,1.08 [0.90-1.30],0.390840334351875
EPB41L5,Band 4.1-like protein 5,"Chapter VII Diseases of the eye, adnexa, ear and mastoid process",Other disorders of eye and adnexa,23526,139,1.10 [0.88-1.39],0.4026698166780998
EPB41L5,Band 4.1-like protein 5,"Chapter VII Diseases of the eye, adnexa, ear and mastoid process",Other disorders of eyelid,22865,332,0.98 [0.83-1.16],0.8054325980140757
EPB41L5,Band 4.1-like protein 5,"Chapter VII Diseases of the eye, adnexa, ear and mastoid process",Other disorders of iris and ciliary body,23219,58,0.91 [0.59-1.40],0.6746610430330727
EPB41L5,Band 4.1-like protein 5,"Chapter VII Diseases of the eye, adnexa, ear and mastoid process",Other disorders of optic [2nd] nerve and visual pathways,23521,49,1.18 [0.82-1.69],0.3759887936785633
EPB41L5,Band 4.1-like protein 5,"Chapter VII Diseases of the eye, adnexa, ear and mastoid process",Other inflammation of eyelid,22613,80,0.97 [0.68-1.37],0.8483862258326886
EPB41L5,Band 4.1-like protein 5,"Chapter VII Diseases of the eye, adnexa, ear and mastoid process",Other specified and unspecified  disorders of eyelid,22661,128,0.93 [0.70-1.23],0.5982761196576242
EPB41L5,Band 4.1-like protein 5,"Chapter VII Diseases of the eye, adnexa, ear and mastoid process",Other specified and unspecified retinal disorders,22595,89,1.18 [0.89-1.56],0.2418698670806869
EPB41L5,Band 4.1-like protein 5,"Chapter VII Diseases of the eye, adnexa, ear and mastoid process",Other strabismus,22800,56,1.06 [0.73-1.55],0.7448089367290467
EPB41L5,Band 4.1-like protein 5,"Chapter VII Diseases of the eye, adnexa, ear and mastoid process","Other, unspecified and serous retinal detachments",22561,55,0.80 [0.50-1.28],0.3538702544336755
EPB41L5,Band 4.1-like protein 5,"Chapter VII Diseases of the eye, adnexa, ear and mastoid process",Primary angle-closure glaucoma,22958,103,1.00 [0.74-1.35],0.9950588101267424
EPB41L5,Band 4.1-like protein 5,"Chapter VII Diseases of the eye, adnexa, ear and mastoid process","Primary open-angle glaucoma, strict",23010,155,1.00 [0.78-1.28],0.9753285215148144
EPB41L5,Band 4.1-like protein 5,"Chapter VII Diseases of the eye, adnexa, ear and mastoid process",Ptosis of eyelid,22643,110,1.02 [0.76-1.35],0.917318748742529
EPB41L5,Band 4.1-like protein 5,"Chapter VII Diseases of the eye, adnexa, ear and mastoid process",Retinal detachment with retinal break,22585,79,1.17 [0.88-1.56],0.2739958753045139
EPB41L5,Band 4.1-like protein 5,"Chapter VII Diseases of the eye, adnexa, ear and mastoid process",Retinal vascular occlusion,22563,57,1.09 [0.75-1.59],0.6442756443177531
EPB41L5,Band 4.1-like protein 5,"Chapter VII Diseases of the eye, adnexa, ear and mastoid process",Senile cataract,21612,1789,1.03 [0.96-1.11],0.3481885978764131
EPB41L5,Band 4.1-like protein 5,"Chapter VII Diseases of the eye, adnexa, ear and mastoid process",Stenosis and insufficiency of lacrimal passages,22608,75,1.03 [0.73-1.45],0.8836267736354083
EPB41L5,Band 4.1-like protein 5,"Chapter VII Diseases of the eye, adnexa, ear and mastoid process",Visual disturbances,23321,370,0.92 [0.78-1.09],0.3569990506804125
EPB41L5,Band 4.1-like protein 5,"Chapter VII Diseases of the eye, adnexa, ear and mastoid process",Visual field defects,22992,41,0.70 [0.39-1.26],0.2293435523084603
EPB41L5,Band 4.1-like protein 5,"Chapter VII Diseases of the eye, adnexa, ear and mastoid process",Visual impairment including blindness (binocular or monocular),23097,146,0.88 [0.67-1.16],0.3660360975764434
EPB41L5,Band 4.1-like protein 5,Chapter VIII Diseases of the ear and mastoid process,Benign paroxysmal vertigo,23325,98,0.73 [0.50-1.06],0.0952911107936676
EPB41L5,Band 4.1-like protein 5,Chapter VIII Diseases of the ear and mastoid process,Diseases of external ear,23505,94,1.04 [0.77-1.40],0.8166327208309332
EPB41L5,Band 4.1-like protein 5,Chapter VIII Diseases of the ear and mastoid process,Diseases of middle ear and mastoid,23441,124,1.02 [0.79-1.32],0.897853759235152
EPB41L5,Band 4.1-like protein 5,Chapter VIII Diseases of the ear and mastoid process,Labyrinthitis,23291,64,0.83 [0.54-1.28],0.4014943828880473
EPB41L5,Band 4.1-like protein 5,Chapter VIII Diseases of the ear and mastoid process,Mnire disease,23294,67,0.98 [0.68-1.43],0.925101343074444
EPB41L5,Band 4.1-like protein 5,Chapter VIII Diseases of the ear and mastoid process,Other disorders of ear,23455,690,0.99 [0.89-1.12],0.9245630903105376
EPB41L5,Band 4.1-like protein 5,Chapter VIII Diseases of the ear and mastoid process,Other specified/unspecified hearing loss,23234,469,1.03 [0.90-1.18],0.640586286673418
EPB41L5,Band 4.1-like protein 5,Chapter VIII Diseases of the ear and mastoid process,Sensorineural hearing loss,22866,101,1.09 [0.83-1.44],0.5331351409312068
EPB41L5,Band 4.1-like protein 5,Chapter VIII Diseases of the ear and mastoid process,Tinnitus,22839,74,0.84 [0.57-1.25],0.3953440184265697
EPB41L5,Band 4.1-like protein 5,Chapter X Diseases of the respiratory system,Acute pharyngitis,23302,73,1.25 [0.96-1.63],0.0989480000120153
EPB41L5,Band 4.1-like protein 5,Chapter X Diseases of the respiratory system,Acute upper respiratory infections,23438,209,1.16 [0.97-1.38],0.0957787627792566
EPB41L5,Band 4.1-like protein 5,Chapter X Diseases of the respiratory system,Acute upper respiratory infections of multiple and unspecified sites,23287,58,1.09 [0.77-1.55],0.6148738943963146
EPB41L5,Band 4.1-like protein 5,Chapter X Diseases of the respiratory system,All influenza,22103,112,1.04 [0.79-1.37],0.7639164813931054
EPB41L5,Band 4.1-like protein 5,Chapter X Diseases of the respiratory system,All influenza (not pneumonia),22102,111,1.04 [0.79-1.37],0.7574804496963653
EPB41L5,Band 4.1-like protein 5,Chapter X Diseases of the respiratory system,Allergic asthma (mode),16763,113,1.02 [0.77-1.34],0.8936795703367467
EPB41L5,Band 4.1-like protein 5,Chapter X Diseases of the respiratory system,Allergic rhinitis,23425,246,1.05 [0.88-1.26],0.6045034841847302
EPB41L5,Band 4.1-like protein 5,Chapter X Diseases of the respiratory system,"Asthma, excluding more controls",18285,1795,0.97 [0.91-1.05],0.4779021108110028
EPB41L5,Band 4.1-like protein 5,Chapter X Diseases of the respiratory system,"Asthma, unspecified (mode)",18421,1771,0.98 [0.91-1.05],0.5407605848560804
EPB41L5,Band 4.1-like protein 5,Chapter X Diseases of the respiratory system,Bacterial pneumonia (organism specified),23190,115,1.17 [0.92-1.48],0.1928747339674458
EPB41L5,Band 4.1-like protein 5,Chapter X Diseases of the respiratory system,"Bacterial pneumonia, not elsewhere classified",22051,60,0.98 [0.66-1.45],0.9238034533889514
EPB41L5,Band 4.1-like protein 5,Chapter X Diseases of the respiratory system,Bronchiectasis,20340,341,1.07 [0.92-1.25],0.3482405000625239
EPB41L5,Band 4.1-like protein 5,Chapter X Diseases of the respiratory system,"Bronchitis, not specified as acute or chronic",20059,60,1.05 [0.73-1.52],0.7862669163171272
EPB41L5,Band 4.1-like protein 5,Chapter X Diseases of the respiratory system,Chronic lower respiratory diseases,22554,2555,0.96 [0.91-1.02],0.2286415665426883
EPB41L5,Band 4.1-like protein 5,Chapter X Diseases of the respiratory system,"Chronic rhinitis, nasopharyngitis and pharyngitis",22442,57,1.19 [0.85-1.67],0.3066036470662475
EPB41L5,Band 4.1-like protein 5,Chapter X Diseases of the respiratory system,Chronic sinusitis,22511,126,1.01 [0.77-1.31],0.9656195215056698
EPB41L5,Band 4.1-like protein 5,Chapter X Diseases of the respiratory system,"COPD, hospital admissions 1, only main diagnosis",23398,889,0.91 [0.82-1.02],0.0942974077955142
EPB41L5,Band 4.1-like protein 5,Chapter X Diseases of the respiratory system,Deviated nasal septum,22450,65,1.11 [0.79-1.55],0.5446032624578145
EPB41L5,Band 4.1-like protein 5,Chapter X Diseases of the respiratory system,Diseases of the respiratory system,21752,4396,1.00 [0.96-1.05],0.8489352290306461
EPB41L5,Band 4.1-like protein 5,Chapter X Diseases of the respiratory system,"Diseases of vocal cords and larynx+other diseases of upper respiratory tract, no elsewhere classified",22678,293,1.02 [0.86-1.21],0.8036786592989462
EPB41L5,Band 4.1-like protein 5,Chapter X Diseases of the respiratory system,Early onset COPD,22782,273,0.90 [0.74-1.08],0.2542150073627304
EPB41L5,Band 4.1-like protein 5,Chapter X Diseases of the respiratory system,Emphysema,20226,227,1.10 [0.92-1.31],0.3116538609226226
EPB41L5,Band 4.1-like protein 5,Chapter X Diseases of the respiratory system,Idiopathic pulmonary fibrosis,22088,200,1.03 [0.84-1.27],0.7635154423546255
EPB41L5,Band 4.1-like protein 5,Chapter X Diseases of the respiratory system,Influenza and pneumonia,23374,1383,1.03 [0.95-1.11],0.4826720490704782
EPB41L5,Band 4.1-like protein 5,Chapter X Diseases of the respiratory system,Interstitial lung disease,22123,235,1.07 [0.89-1.29],0.4609935853747093
EPB41L5,Band 4.1-like protein 5,Chapter X Diseases of the respiratory system,Later onset COPD,22756,616,0.92 [0.81-1.05],0.2317381283127973
EPB41L5,Band 4.1-like protein 5,Chapter X Diseases of the respiratory system,Lung diseases due to external agents,23540,185,1.17 [0.97-1.41],0.1081019000269233
EPB41L5,Band 4.1-like protein 5,Chapter X Diseases of the respiratory system,Nasal polyp,22443,58,1.24 [0.91-1.69],0.1710264496948387
EPB41L5,Band 4.1-like protein 5,Chapter X Diseases of the respiratory system,Other acute lower respiratory infections,23347,792,1.02 [0.92-1.14],0.6602271827035512
EPB41L5,Band 4.1-like protein 5,Chapter X Diseases of the respiratory system,Other diseases of pleura,23384,1489,1.02 [0.95-1.10],0.5733862957182152
EPB41L5,Band 4.1-like protein 5,Chapter X Diseases of the respiratory system,Other diseases of upper respiratory tract,23067,682,1.00 [0.90-1.13],0.9430100760742566
EPB41L5,Band 4.1-like protein 5,Chapter X Diseases of the respiratory system,Other pleural conditions,21929,34,0.83 [0.46-1.50],0.5316329650693175
EPB41L5,Band 4.1-like protein 5,Chapter X Diseases of the respiratory system,Other respiratory diseases principally affecting the interstitium,23471,297,1.08 [0.92-1.27],0.3335395586985469
EPB41L5,Band 4.1-like protein 5,Chapter X Diseases of the respiratory system,Other respiratory disorders and diseases,23467,1014,1.02 [0.93-1.12],0.6432103790704313
EPB41L5,Band 4.1-like protein 5,Chapter X Diseases of the respiratory system,Pleural effusion,22597,702,0.99 [0.89-1.12],0.9184030180249112
EPB41L5,Band 4.1-like protein 5,Chapter X Diseases of the respiratory system,Pleural plaque,21938,43,1.16 [0.79-1.69],0.4544634984365978
EPB41L5,Band 4.1-like protein 5,Chapter X Diseases of the respiratory system,"Pneumonia, organism unspecified",23166,1175,1.03 [0.95-1.12],0.4773328503719599
EPB41L5,Band 4.1-like protein 5,Chapter X Diseases of the respiratory system,Pneumonitis due to solids and liquids,23514,159,1.20 [0.98-1.46],0.0731959470783076
EPB41L5,Band 4.1-like protein 5,Chapter X Diseases of the respiratory system,Pneumothorax,21982,87,0.97 [0.70-1.35],0.8798036415851211
EPB41L5,Band 4.1-like protein 5,Chapter X Diseases of the respiratory system,Pollen allergy,23521,207,0.99 [0.81-1.22],0.934210689951974
EPB41L5,Band 4.1-like protein 5,Chapter X Diseases of the respiratory system,Pulmonary oedema,23227,53,1.00 [0.66-1.51],0.9929422218552544
EPB41L5,Band 4.1-like protein 5,Chapter X Diseases of the respiratory system,Respiratory insufficiency,16693,43,0.79 [0.43-1.44],0.438329760591488
EPB41L5,Band 4.1-like protein 5,Chapter X Diseases of the respiratory system,Unspecified acute lower respiratory infection,23328,773,1.03 [0.93-1.14],0.6112508679377722
EPB41L5,Band 4.1-like protein 5,Chapter X Diseases of the respiratory system,Vasomotor and allergic rhinitis,22631,246,1.05 [0.88-1.26],0.6020859558984584
EPB41L5,Band 4.1-like protein 5,Chapter X Diseases of the respiratory system,Viral pneumonia,22173,182,1.07 [0.87-1.31],0.5234376259387348
EPB41L5,Band 4.1-like protein 5,Chapter X Diseases of the respiratory system,"Viral pneumonia (unknown virus, not influenza)",23196,142,1.08 [0.85-1.36],0.5304169847152572
EPB41L5,Band 4.1-like protein 5,Chapter X Diseases of the respiratory system,Vocal cord dysfunction,11349,90,1.23 [0.95-1.59],0.1183422823085229
EPB41L5,Band 4.1-like protein 5,Chapter XI Diseases of the digestive system,Abscess of anal and rectal regions,16830,34,1.17 [0.75-1.83],0.4856310545618802
EPB41L5,Band 4.1-like protein 5,Chapter XI Diseases of the digestive system,Acute appendicitis,23378,115,0.91 [0.68-1.23],0.5529295975325988
EPB41L5,Band 4.1-like protein 5,Chapter XI Diseases of the digestive system,Acute gastritis,17701,74,1.07 [0.78-1.48],0.6704606619855188
EPB41L5,Band 4.1-like protein 5,Chapter XI Diseases of the digestive system,Acute pancreatitis,21586,140,1.00 [0.77-1.29],0.9904572487621864
EPB41L5,Band 4.1-like protein 5,Chapter XI Diseases of the digestive system,Acute peritonitis,23062,72,1.28 [0.98-1.67],0.0706625409582279
EPB41L5,Band 4.1-like protein 5,Chapter XI Diseases of the digestive system,Alcoholic liver disease,22817,31,1.39 [1.00-1.93],0.048624690198688
EPB41L5,Band 4.1-like protein 5,Chapter XI Diseases of the digestive system,Barrett oesophagus,17918,291,0.93 [0.77-1.13],0.4666017753966849
EPB41L5,Band 4.1-like protein 5,Chapter XI Diseases of the digestive system,"Cholangitis (primary sclerosing, PSC)",21513,67,0.97 [0.67-1.42],0.8920081014161728
EPB41L5,Band 4.1-like protein 5,Chapter XI Diseases of the digestive system,"Cholangitis (primary sclerosing, PSC), with reimbursement 202",23188,67,0.98 [0.67-1.42],0.8994701572487691
EPB41L5,Band 4.1-like protein 5,Chapter XI Diseases of the digestive system,Cholecystitis,21598,152,0.90 [0.69-1.18],0.445691109500413
EPB41L5,Band 4.1-like protein 5,Chapter XI Diseases of the digestive system,Cholelithiasis,22480,1034,0.99 [0.91-1.09],0.9070580547206416
EPB41L5,Band 4.1-like protein 5,Chapter XI Diseases of the digestive system,Chronic gastritis,17917,290,0.87 [0.72-1.06],0.1775535025224396
EPB41L5,Band 4.1-like protein 5,Chapter XI Diseases of the digestive system,Chronic pancreatitis,21482,36,0.93 [0.54-1.58],0.7811923700753634
EPB41L5,Band 4.1-like protein 5,Chapter XI Diseases of the digestive system,"Cirrhosis of liver, NAS",23477,64,1.38 [1.07-1.79],0.0137981213976054
EPB41L5,Band 4.1-like protein 5,Chapter XI Diseases of the digestive system,Coeliac disease,22232,124,1.25 [1.02-1.54],0.0349966597665387
EPB41L5,Band 4.1-like protein 5,Chapter XI Diseases of the digestive system,Collagenous colitis,21924,89,0.98 [0.70-1.36],0.887013628674537
EPB41L5,Band 4.1-like protein 5,Chapter XI Diseases of the digestive system,Colonic or urogenital fistula,23425,140,0.91 [0.69-1.19],0.4778314840047193
EPB41L5,Band 4.1-like protein 5,Chapter XI Diseases of the digestive system,Constipation,23252,1456,1.02 [0.94-1.10],0.6950161383766972
EPB41L5,Band 4.1-like protein 5,Chapter XI Diseases of the digestive system,Crohn disease,21906,71,1.38 [1.09-1.75],0.0068916750435261
EPB41L5,Band 4.1-like protein 5,Chapter XI Diseases of the digestive system,"Crohn disease (strict definition, all UC cases excluded)",23238,49,1.21 [0.86-1.72],0.2767849520089025
EPB41L5,Band 4.1-like protein 5,Chapter XI Diseases of the digestive system,Crohn's disease NAS,21909,74,1.02 [0.72-1.43],0.924547842726158
EPB41L5,Band 4.1-like protein 5,Chapter XI Diseases of the digestive system,Dental caries,22834,197,1.19 [1.00-1.41],0.055769262759477
EPB41L5,Band 4.1-like protein 5,Chapter XI Diseases of the digestive system,Diaphragmatic hernia,22148,2091,0.97 [0.90-1.03],0.317134008210982
EPB41L5,Band 4.1-like protein 5,Chapter XI Diseases of the digestive system,Diseases of appendix,23415,152,1.01 [0.79-1.28],0.9517601011916504
EPB41L5,Band 4.1-like protein 5,Chapter XI Diseases of the digestive system,Diseases of liver,23462,676,0.98 [0.87-1.10],0.6739520211684658
EPB41L5,Band 4.1-like protein 5,Chapter XI Diseases of the digestive system,"Diseases of oesophagus, stomach and duodenum",21569,3942,0.99 [0.95-1.04],0.8363091071183201
EPB41L5,Band 4.1-like protein 5,Chapter XI Diseases of the digestive system,"Diseases of oral cavity, salivary glands and jaws",23141,504,1.11 [0.98-1.25],0.08818120221154
EPB41L5,Band 4.1-like protein 5,Chapter XI Diseases of the digestive system,Diseases of peritoneum,23437,447,1.06 [0.93-1.22],0.3523869212273012
EPB41L5,Band 4.1-like protein 5,Chapter XI Diseases of the digestive system,Diseases of pulp and periapical tissues,22735,98,0.98 [0.73-1.33],0.9195778745506432
EPB41L5,Band 4.1-like protein 5,Chapter XI Diseases of the digestive system,Diseases of salivary glands,22608,55,1.14 [0.81-1.62],0.4535311257036625
EPB41L5,Band 4.1-like protein 5,Chapter XI Diseases of the digestive system,Diseases of the digestive system,23292,1184,1.01 [0.92-1.10],0.8767096616480909
EPB41L5,Band 4.1-like protein 5,Chapter XI Diseases of the digestive system,Diseases of tongue,22614,88,0.72 [0.48-1.06],0.092197966183753
EPB41L5,Band 4.1-like protein 5,Chapter XI Diseases of the digestive system,"Disorders of gallbladder, biliary tract and pancreas",22816,1370,0.99 [0.91-1.08],0.8542591549619131
EPB41L5,Band 4.1-like protein 5,Chapter XI Diseases of the digestive system,Diverticular disease of intestine,19548,2752,0.99 [0.93-1.05],0.6475078973406527
EPB41L5,Band 4.1-like protein 5,Chapter XI Diseases of the digestive system,Duodenal ulcer,17742,115,1.17 [0.92-1.49],0.1925513017008562
EPB41L5,Band 4.1-like protein 5,Chapter XI Diseases of the digestive system,"Duodenal ulcer - Unspecified as acute or chronic, without haemorrhage or perforation, drug-induced",23497,95,0.99 [0.72-1.35],0.9331126717584626
EPB41L5,Band 4.1-like protein 5,Chapter XI Diseases of the digestive system,Embedded and impacted teeth,23463,55,0.99 [0.67-1.47],0.9746410151697442
EPB41L5,Band 4.1-like protein 5,Chapter XI Diseases of the digestive system,Fibrosis and cirrhosis of liver,22867,81,1.24 [0.95-1.61],0.1174571395603279
EPB41L5,Band 4.1-like protein 5,Chapter XI Diseases of the digestive system,Fissure and fistula of anal and rectal regions,16898,102,0.80 [0.57-1.13],0.201922002772708
EPB41L5,Band 4.1-like protein 5,Chapter XI Diseases of the digestive system,Functional dyspepsia,18200,573,1.08 [0.96-1.21],0.1900251918734316
EPB41L5,Band 4.1-like protein 5,Chapter XI Diseases of the digestive system,Gastric ulcer,17926,299,1.00 [0.84-1.18],0.9677670609325004
EPB41L5,Band 4.1-like protein 5,Chapter XI Diseases of the digestive system,Gastro-oesophageal reflux disease,20002,2375,0.93 [0.87-1.00],0.0368864253217391
EPB41L5,Band 4.1-like protein 5,Chapter XI Diseases of the digestive system,Gastroduodenal ulcer,18040,413,1.03 [0.89-1.19],0.675560902469541
EPB41L5,Band 4.1-like protein 5,Chapter XI Diseases of the digestive system,Gastrointestinal diseases,18412,7211,1.01 [0.98-1.05],0.4325013973275676
EPB41L5,Band 4.1-like protein 5,Chapter XI Diseases of the digestive system,GI-bleeding,23053,945,0.95 [0.85-1.05],0.2856717828914767
EPB41L5,Band 4.1-like protein 5,Chapter XI Diseases of the digestive system,Gingivitis and periodontal diseases,22697,60,0.69 [0.43-1.11],0.127919672924468
EPB41L5,Band 4.1-like protein 5,Chapter XI Diseases of the digestive system,Haemorrhoids and perianal venous thrombosis,17639,1094,0.97 [0.88-1.06],0.5126715557339377
EPB41L5,Band 4.1-like protein 5,Chapter XI Diseases of the digestive system,"Hepatic failure, not elsewhere classified",22817,31,1.04 [0.62-1.76],0.8747733036161532
EPB41L5,Band 4.1-like protein 5,Chapter XI Diseases of the digestive system,Hernia,22529,2472,0.98 [0.92-1.04],0.5223865661624985
EPB41L5,Band 4.1-like protein 5,Chapter XI Diseases of the digestive system,Impacted teeth,23471,50,1.00 [0.67-1.51],0.9920759184553956
EPB41L5,Band 4.1-like protein 5,Chapter XI Diseases of the digestive system,Impaction of intestines,16856,60,1.33 [1.01-1.75],0.0456671930098593
EPB41L5,Band 4.1-like protein 5,Chapter XI Diseases of the digestive system,Inguinal hernia,20202,145,1.30 [1.09-1.56],0.003892974053186
EPB41L5,Band 4.1-like protein 5,Chapter XI Diseases of the digestive system,Intestinal adhesions without obstruction,16877,81,1.28 [1.00-1.65],0.054646272703417
EPB41L5,Band 4.1-like protein 5,Chapter XI Diseases of the digestive system,Intestinal malabsorption,22258,150,1.22 [1.01-1.48],0.0419413480106967
EPB41L5,Band 4.1-like protein 5,Chapter XI Diseases of the digestive system,Irritable bowel syndrome,17486,690,0.88 [0.78-1.00],0.0498631930651307
EPB41L5,Band 4.1-like protein 5,Chapter XI Diseases of the digestive system,Nonalcoholic fatty liver disease,23537,296,0.87 [0.72-1.05],0.1444063932858419
EPB41L5,Band 4.1-like protein 5,Chapter XI Diseases of the digestive system,Noninfectious colitis NAS,22528,693,1.00 [0.89-1.12],0.9915977187040976
EPB41L5,Band 4.1-like protein 5,Chapter XI Diseases of the digestive system,Noninfective enteritis and colitis,22767,932,1.04 [0.95-1.14],0.4116368817141005
EPB41L5,Band 4.1-like protein 5,Chapter XI Diseases of the digestive system,Oesophageal obstruction,17756,129,0.95 [0.72-1.25],0.7236655543837104
EPB41L5,Band 4.1-like protein 5,Chapter XI Diseases of the digestive system,Oesophagitis,18113,486,0.94 [0.81-1.08],0.3635652714822422
EPB41L5,Band 4.1-like protein 5,Chapter XI Diseases of the digestive system,Oral lichen ruber planus,23505,136,0.89 [0.67-1.18],0.4161696644656313
EPB41L5,Band 4.1-like protein 5,Chapter XI Diseases of the digestive system,Other and unspecified abdominal hernia,20109,52,1.28 [0.93-1.75],0.1258088898721517
EPB41L5,Band 4.1-like protein 5,Chapter XI Diseases of the digestive system,Other diseases of anus and rectum,17876,1080,1.01 [0.92-1.11],0.7930764943128705
EPB41L5,Band 4.1-like protein 5,Chapter XI Diseases of the digestive system,Other diseases of biliary tract,21698,252,1.01 [0.83-1.21],0.957481867468659
EPB41L5,Band 4.1-like protein 5,Chapter XI Diseases of the digestive system,Other diseases of gallbladder,21608,162,0.94 [0.74-1.21],0.6358374899832582
EPB41L5,Band 4.1-like protein 5,Chapter XI Diseases of the digestive system,Other diseases of intestine,18150,1354,0.99 [0.91-1.08],0.8660533742074391
EPB41L5,Band 4.1-like protein 5,Chapter XI Diseases of the digestive system,Other diseases of intestines,21672,4876,1.01 [0.96-1.05],0.8067962018459097
EPB41L5,Band 4.1-like protein 5,Chapter XI Diseases of the digestive system,Other diseases of lip and oral mucosa,22612,197,0.89 [0.71-1.13],0.3356577901183357
EPB41L5,Band 4.1-like protein 5,Chapter XI Diseases of the digestive system,Other diseases of liver,23350,564,0.93 [0.82-1.07],0.3036648599702534
EPB41L5,Band 4.1-like protein 5,Chapter XI Diseases of the digestive system,Other diseases of oesophagus,18126,499,0.98 [0.86-1.13],0.7957797198991174
EPB41L5,Band 4.1-like protein 5,Chapter XI Diseases of the digestive system,Other diseases of pancreas,21576,130,0.99 [0.76-1.30],0.9628276443178052
EPB41L5,Band 4.1-like protein 5,Chapter XI Diseases of the digestive system,Other diseases of peritoneum,23382,392,1.05 [0.91-1.21],0.5249758969302162
EPB41L5,Band 4.1-like protein 5,Chapter XI Diseases of the digestive system,Other diseases of stomach and duodenum,18546,919,0.99 [0.90-1.10],0.8959494145104618
EPB41L5,Band 4.1-like protein 5,Chapter XI Diseases of the digestive system,Other diseases of the digestive system,23068,960,0.95 [0.86-1.05],0.3456485034240888
EPB41L5,Band 4.1-like protein 5,Chapter XI Diseases of the digestive system,Other disorders of teeth and supporting structures,22786,149,1.04 [0.83-1.32],0.714713177668967
EPB41L5,Band 4.1-like protein 5,Chapter XI Diseases of the digestive system,Other functional intestinal disorders,18302,1506,1.02 [0.94-1.10],0.7047357410082574
EPB41L5,Band 4.1-like protein 5,Chapter XI Diseases of the digestive system,Other gastritis (incl. Duodenitis),19423,1796,1.03 [0.96-1.10],0.4155289426868476
EPB41L5,Band 4.1-like protein 5,Chapter XI Diseases of the digestive system,Other inflammatory liver diseases,22873,87,1.22 [0.95-1.58],0.1228443414637086
EPB41L5,Band 4.1-like protein 5,Chapter XI Diseases of the digestive system,Other noninfective gastroenteritis and colitis,22656,821,1.01 [0.91-1.12],0.7960205676414733
EPB41L5,Band 4.1-like protein 5,Chapter XI Diseases of the digestive system,"Other or unspecified ileus, impaction or obstruction",17082,286,1.09 [0.92-1.29],0.3118828813689844
EPB41L5,Band 4.1-like protein 5,Chapter XI Diseases of the digestive system,Palatinal maxillary canine,23453,64,1.00 [0.69-1.44],0.997471123347848
EPB41L5,Band 4.1-like protein 5,Chapter XI Diseases of the digestive system,Paralytic ileus and intestinal obstruction,17221,425,1.14 [1.00-1.29],0.0535358924167549
EPB41L5,Band 4.1-like protein 5,Chapter XI Diseases of the digestive system,"Postprocedural disorders of digestive system, not elsewhere classified",22227,119,1.15 [0.90-1.45],0.2605815127395454
EPB41L5,Band 4.1-like protein 5,Chapter XI Diseases of the digestive system,Recurring oral aphthae,23538,63,1.25 [0.93-1.67],0.1342014040691512
EPB41L5,Band 4.1-like protein 5,Chapter XI Diseases of the digestive system,Stomatitis and related lesions,22636,113,1.26 [1.01-1.56],0.0387050630560812
EPB41L5,Band 4.1-like protein 5,Chapter XI Diseases of the digestive system,Toxic colitis,21890,55,1.16 [0.80-1.66],0.4377035930934869
EPB41L5,Band 4.1-like protein 5,Chapter XI Diseases of the digestive system,Ulcer of oesophagus,17835,208,0.88 [0.70-1.11],0.2866938268439086
EPB41L5,Band 4.1-like protein 5,Chapter XI Diseases of the digestive system,Ulcerative colitis,21982,147,1.11 [0.89-1.38],0.3416121472040656
EPB41L5,Band 4.1-like protein 5,Chapter XI Diseases of the digestive system,"Ulcerative colitis, NAS",21959,124,1.19 [0.96-1.48],0.1160119410790763
EPB41L5,Band 4.1-like protein 5,Chapter XI Diseases of the digestive system,Umbilical hernia,20205,148,0.89 [0.68-1.16],0.3728317912588837
EPB41L5,Band 4.1-like protein 5,Chapter XI Diseases of the digestive system,Vascular disorders of the intestines,16960,164,1.13 [0.91-1.39],0.2719127152191211
EPB41L5,Band 4.1-like protein 5,Chapter XI Diseases of the digestive system,Ventral hernia,20272,215,1.04 [0.85-1.26],0.7285548224332388
EPB41L5,Band 4.1-like protein 5,Chapter XI Diseases of the digestive system,Volvulus,16868,72,1.10 [0.80-1.52],0.5535130865763465
EPB41L5,Band 4.1-like protein 5,Chapter XII Diseases of the skin and subcutaneous tissue,Actinic keratosis,23471,216,0.96 [0.77-1.19],0.7034065310404476
EPB41L5,Band 4.1-like protein 5,Chapter XII Diseases of the skin and subcutaneous tissue,Arthropathic psoriasis,23269,77,1.14 [0.85-1.52],0.3939779966087978
EPB41L5,Band 4.1-like protein 5,Chapter XII Diseases of the skin and subcutaneous tissue,Atrophic disorders of skin,21794,196,1.12 [0.93-1.36],0.2216329451882576
EPB41L5,Band 4.1-like protein 5,Chapter XII Diseases of the skin and subcutaneous tissue,Cellulitis,23078,543,1.05 [0.92-1.19],0.4734094139777286
EPB41L5,Band 4.1-like protein 5,Chapter XII Diseases of the skin and subcutaneous tissue,"Cutaneous abscess, furuncle and carbuncle",22662,127,1.00 [0.77-1.31],0.9786067419137244
EPB41L5,Band 4.1-like protein 5,Chapter XII Diseases of the skin and subcutaneous tissue,Decubitus ulcer and pressure area,21875,277,1.04 [0.87-1.24],0.6533141674960101
EPB41L5,Band 4.1-like protein 5,Chapter XII Diseases of the skin and subcutaneous tissue,Dermatitis,23271,240,1.03 [0.86-1.24],0.7488476450179928
EPB41L5,Band 4.1-like protein 5,Chapter XII Diseases of the skin and subcutaneous tissue,Dermatitis and eczema,23449,418,1.03 [0.90-1.19],0.6608312782033028
EPB41L5,Band 4.1-like protein 5,Chapter XII Diseases of the skin and subcutaneous tissue,Dermatitis due to substances taken internally,23075,44,0.87 [0.53-1.43],0.5835107536981887
EPB41L5,Band 4.1-like protein 5,Chapter XII Diseases of the skin and subcutaneous tissue,Diseases of the skin and subcutaneous tissue,22182,2733,1.01 [0.95-1.07],0.7984492724604291
EPB41L5,Band 4.1-like protein 5,Chapter XII Diseases of the skin and subcutaneous tissue,Disorders of skin appendages,23165,402,1.04 [0.91-1.20],0.5529113528005201
EPB41L5,Band 4.1-like protein 5,Chapter XII Diseases of the skin and subcutaneous tissue,Follicular cysts of skin and subcutaneous tissue,23036,273,1.14 [0.97-1.33],0.1051887764724726
EPB41L5,Band 4.1-like protein 5,Chapter XII Diseases of the skin and subcutaneous tissue,Infections of the skin and subcutaneous tissue,23265,730,1.05 [0.94-1.17],0.371334102817594
EPB41L5,Band 4.1-like protein 5,Chapter XII Diseases of the skin and subcutaneous tissue,"Lichen planus, including avohilmo",23528,66,1.01 [0.70-1.46],0.9642082543663604
EPB41L5,Band 4.1-like protein 5,Chapter XII Diseases of the skin and subcutaneous tissue,Lupus erythematosus,21686,88,1.15 [0.87-1.51],0.3289182202722777
EPB41L5,Band 4.1-like protein 5,Chapter XII Diseases of the skin and subcutaneous tissue,Nail disorders,22804,41,0.90 [0.55-1.48],0.6734970550124646
EPB41L5,Band 4.1-like protein 5,Chapter XII Diseases of the skin and subcutaneous tissue,Other and unspecified dermatitis,23257,226,1.05 [0.87-1.27],0.6293687129737124
EPB41L5,Band 4.1-like protein 5,Chapter XII Diseases of the skin and subcutaneous tissue,Other and unspecified disorders of skin and subcutaneous tissue,21957,359,0.88 [0.74-1.05],0.1449111470644195
EPB41L5,Band 4.1-like protein 5,Chapter XII Diseases of the skin and subcutaneous tissue,Other and unspecified epidermal thickening,21643,45,0.73 [0.42-1.26],0.2604661136928464
EPB41L5,Band 4.1-like protein 5,Chapter XII Diseases of the skin and subcutaneous tissue,Other and unspecified erythematous conditions,23457,68,1.31 [1.00-1.71],0.0472877167049872
EPB41L5,Band 4.1-like protein 5,Chapter XII Diseases of the skin and subcutaneous tissue,Other and unspecified local infections of skin and subcutaneous tissue,22664,129,1.03 [0.79-1.33],0.8368757637814119
EPB41L5,Band 4.1-like protein 5,Chapter XII Diseases of the skin and subcutaneous tissue,Other and unspecified psoriasis,23342,150,0.95 [0.74-1.22],0.691735248678613
EPB41L5,Band 4.1-like protein 5,Chapter XII Diseases of the skin and subcutaneous tissue,Other contact dermatitis,23074,43,1.09 [0.70-1.68],0.7126073113640008
EPB41L5,Band 4.1-like protein 5,Chapter XII Diseases of the skin and subcutaneous tissue,Other disorders of pigmentation,21654,56,0.79 [0.49-1.27],0.3309512401652483
EPB41L5,Band 4.1-like protein 5,Chapter XII Diseases of the skin and subcutaneous tissue,Other disorders of skin and subcutaneous tissue,22969,1371,0.97 [0.89-1.05],0.4539496996528576
EPB41L5,Band 4.1-like protein 5,Chapter XII Diseases of the skin and subcutaneous tissue,"Other disorders of skin and subcutaneous tissue, not elsewhere classified",21988,390,0.90 [0.76-1.06],0.2060247849065441
EPB41L5,Band 4.1-like protein 5,Chapter XII Diseases of the skin and subcutaneous tissue,Other epidermal thickening,21647,49,0.80 [0.48-1.32],0.376614541509815
EPB41L5,Band 4.1-like protein 5,Chapter XII Diseases of the skin and subcutaneous tissue,Papulosquamous disorders,23474,282,1.03 [0.87-1.22],0.7485336777201957
EPB41L5,Band 4.1-like protein 5,Chapter XII Diseases of the skin and subcutaneous tissue,Pruritus,23105,74,1.16 [0.87-1.55],0.3220480368646768
EPB41L5,Band 4.1-like protein 5,Chapter XII Diseases of the skin and subcutaneous tissue,Psoriasis,23411,219,1.03 [0.85-1.25],0.7534338869934785
EPB41L5,Band 4.1-like protein 5,Chapter XII Diseases of the skin and subcutaneous tissue,Radiation-related disorders of the skin and subcutaneous tissue,23498,243,0.96 [0.79-1.18],0.7265937601108003
EPB41L5,Band 4.1-like protein 5,Chapter XII Diseases of the skin and subcutaneous tissue,Scar conditions and fibrosis of skin,21741,143,1.15 [0.93-1.42],0.2007807430970889
EPB41L5,Band 4.1-like protein 5,Chapter XII Diseases of the skin and subcutaneous tissue,Seborrhoeic keratosis,21821,223,0.94 [0.76-1.17],0.5858426743979915
EPB41L5,Band 4.1-like protein 5,Chapter XII Diseases of the skin and subcutaneous tissue,Skin changes due to chronic exposure to nonionizing radiation,23486,231,0.95 [0.77-1.17],0.6374788727011904
EPB41L5,Band 4.1-like protein 5,Chapter XII Diseases of the skin and subcutaneous tissue,"Ulcer of lower limb, not elsewhere classified",21768,170,0.93 [0.73-1.19],0.5795972247374226
EPB41L5,Band 4.1-like protein 5,Chapter XII Diseases of the skin and subcutaneous tissue,Urticaria and erythema,23514,125,1.14 [0.90-1.44],0.2623988283005808
EPB41L5,Band 4.1-like protein 5,Chapter XIII Diseases of the musculoskeletal system and connective tissue,Adhesive capsulitis of shoulder,20085,116,0.85 [0.62-1.16],0.3042383163702578
EPB41L5,Band 4.1-like protein 5,Chapter XIII Diseases of the musculoskeletal system and connective tissue,Arthropathies,21374,5488,1.01 [0.97-1.05],0.7476510178925371
EPB41L5,Band 4.1-like protein 5,Chapter XIII Diseases of the musculoskeletal system and connective tissue,Arthrosis,20191,4305,1.01 [0.97-1.06],0.5961152665586193
EPB41L5,Band 4.1-like protein 5,Chapter XIII Diseases of the musculoskeletal system and connective tissue,Bursitis of shoulder,20033,64,0.76 [0.48-1.18],0.2149701838022376
EPB41L5,Band 4.1-like protein 5,Chapter XIII Diseases of the musculoskeletal system and connective tissue,Cervical disc disorders,20203,134,0.97 [0.74-1.26],0.8094349856373345
EPB41L5,Band 4.1-like protein 5,Chapter XIII Diseases of the musculoskeletal system and connective tissue,Cervicalgia,20247,178,1.07 [0.87-1.32],0.5243827239732058
EPB41L5,Band 4.1-like protein 5,Chapter XIII Diseases of the musculoskeletal system and connective tissue,Chondropathies,23298,101,0.80 [0.57-1.13],0.2130342920836446
EPB41L5,Band 4.1-like protein 5,Chapter XIII Diseases of the musculoskeletal system and connective tissue,"Collapsed vertebra, not elsewhere classified",20169,100,0.87 [0.62-1.21],0.4028050637482697
EPB41L5,Band 4.1-like protein 5,Chapter XIII Diseases of the musculoskeletal system and connective tissue,Coxarthrosis,17077,1191,0.99 [0.90-1.08],0.7610462709258858
EPB41L5,Band 4.1-like protein 5,Chapter XIII Diseases of the musculoskeletal system and connective tissue,"Coxarthrosis, primary",23410,200,1.03 [0.83-1.27],0.7978983891031927
EPB41L5,Band 4.1-like protein 5,Chapter XIII Diseases of the musculoskeletal system and connective tissue,Deforming dorsopathies,20567,498,0.96 [0.83-1.10],0.536230218152713
EPB41L5,Band 4.1-like protein 5,Chapter XIII Diseases of the musculoskeletal system and connective tissue,Diseases of the musculoskeletal system and connective tissue,19768,6995,0.99 [0.95-1.03],0.5973515114324204
EPB41L5,Band 4.1-like protein 5,Chapter XIII Diseases of the musculoskeletal system and connective tissue,Disorders of continuity of bone,21086,122,1.14 [0.90-1.45],0.2714483594938296
EPB41L5,Band 4.1-like protein 5,Chapter XIII Diseases of the musculoskeletal system and connective tissue,Disorders of muscles,20087,118,1.27 [1.03-1.58],0.0272865138663438
EPB41L5,Band 4.1-like protein 5,Chapter XIII Diseases of the musculoskeletal system and connective tissue,Disorders of synovium and tendon,20562,593,0.89 [0.78-1.02],0.0857705469517782
EPB41L5,Band 4.1-like protein 5,Chapter XIII Diseases of the musculoskeletal system and connective tissue,Dorsopathies,22665,2596,0.92 [0.87-0.98],0.0129489563422211
EPB41L5,Band 4.1-like protein 5,Chapter XIII Diseases of the musculoskeletal system and connective tissue,Fibroblastic disorders,20121,152,0.86 [0.65-1.13],0.2693193265374733
EPB41L5,Band 4.1-like protein 5,Chapter XIII Diseases of the musculoskeletal system and connective tissue,Fibromyalgia,20300,331,0.96 [0.81-1.14],0.6418067400033515
EPB41L5,Band 4.1-like protein 5,Chapter XIII Diseases of the musculoskeletal system and connective tissue,Ganglion,20120,151,0.94 [0.72-1.21],0.6203687130313483
EPB41L5,Band 4.1-like protein 5,Chapter XIII Diseases of the musculoskeletal system and connective tissue,Giant cell arteritis,22690,94,1.01 [0.73-1.38],0.97378940647646
EPB41L5,Band 4.1-like protein 5,Chapter XIII Diseases of the musculoskeletal system and connective tissue,Gonarthrosis,17516,1630,1.06 [0.98-1.14],0.1446107871108352
EPB41L5,Band 4.1-like protein 5,Chapter XIII Diseases of the musculoskeletal system and connective tissue,Gout,16064,178,0.94 [0.73-1.21],0.6278140999043669
EPB41L5,Band 4.1-like protein 5,Chapter XIII Diseases of the musculoskeletal system and connective tissue,"Gout, unspecified",23533,175,0.94 [0.74-1.19],0.6033953661773194
EPB41L5,Band 4.1-like protein 5,Chapter XIII Diseases of the musculoskeletal system and connective tissue,Hallux rigidus,15975,89,0.82 [0.57-1.19],0.2932397925736827
EPB41L5,Band 4.1-like protein 5,Chapter XIII Diseases of the musculoskeletal system and connective tissue,Hallux valgus (acquired),16383,497,0.99 [0.87-1.14],0.9137572373636464
EPB41L5,Band 4.1-like protein 5,Chapter XIII Diseases of the musculoskeletal system and connective tissue,Impingement syndrome of shoulder,20257,288,0.92 [0.76-1.11],0.3864439630792444
EPB41L5,Band 4.1-like protein 5,Chapter XIII Diseases of the musculoskeletal system and connective tissue,Internal derangement of knee,16442,556,0.98 [0.86-1.12],0.7684747510612346
EPB41L5,Band 4.1-like protein 5,Chapter XIII Diseases of the musculoskeletal system and connective tissue,Kyphosis,20126,57,0.95 [0.62-1.45],0.8210116321946949
EPB41L5,Band 4.1-like protein 5,Chapter XIII Diseases of the musculoskeletal system and connective tissue,Low back pain,20689,620,0.93 [0.82-1.06],0.2601539544672185
EPB41L5,Band 4.1-like protein 5,Chapter XIII Diseases of the musculoskeletal system and connective tissue,Lumbar disc prolapse,20358,289,0.85 [0.70-1.03],0.1040244276967009
EPB41L5,Band 4.1-like protein 5,Chapter XIII Diseases of the musculoskeletal system and connective tissue,Meniscus derangement,16402,516,1.00 [0.87-1.14],0.9774370773123008
EPB41L5,Band 4.1-like protein 5,Chapter XIII Diseases of the musculoskeletal system and connective tissue,Myalgia,20042,73,0.84 [0.57-1.25],0.3943922211708309
EPB41L5,Band 4.1-like protein 5,Chapter XIII Diseases of the musculoskeletal system and connective tissue,"Neuralgia and neuritis, unspecified",20027,58,1.07 [0.74-1.55],0.7044994559516495
EPB41L5,Band 4.1-like protein 5,Chapter XIII Diseases of the musculoskeletal system and connective tissue,Osteomyelitis,21007,43,0.97 [0.61-1.54],0.8846097848418488
EPB41L5,Band 4.1-like protein 5,Chapter XIII Diseases of the musculoskeletal system and connective tissue,Osteopathies and chondropathies,23136,2172,1.04 [0.97-1.11],0.2508653154455122
EPB41L5,Band 4.1-like protein 5,Chapter XIII Diseases of the musculoskeletal system and connective tissue,Osteoporosis,22527,1563,1.05 [0.97-1.13],0.2230284026156645
EPB41L5,Band 4.1-like protein 5,Chapter XIII Diseases of the musculoskeletal system and connective tissue,"Other (seronegative) rheumatoid arthritis, wide",23368,517,0.95 [0.83-1.09],0.4545738664235519
EPB41L5,Band 4.1-like protein 5,Chapter XIII Diseases of the musculoskeletal system and connective tissue,Other arthrosis,18518,2632,1.00 [0.95-1.06],0.930791371759309
EPB41L5,Band 4.1-like protein 5,Chapter XIII Diseases of the musculoskeletal system and connective tissue,Other articular cartilage disorders,15946,60,1.01 [0.69-1.47],0.9716462813580744
EPB41L5,Band 4.1-like protein 5,Chapter XIII Diseases of the musculoskeletal system and connective tissue,Other bursopathies,20057,88,1.18 [0.90-1.55],0.2217058729072049
EPB41L5,Band 4.1-like protein 5,Chapter XIII Diseases of the musculoskeletal system and connective tissue,Other crystal arthropathies,15927,41,1.40 [1.01-1.94],0.0410908810836893
EPB41L5,Band 4.1-like protein 5,Chapter XIII Diseases of the musculoskeletal system and connective tissue,Other deformities of toe(s),16065,179,0.93 [0.73-1.19],0.5776731092592478
EPB41L5,Band 4.1-like protein 5,Chapter XIII Diseases of the musculoskeletal system and connective tissue,Other disorders of bone,21223,259,0.91 [0.74-1.11],0.3630184949341039
EPB41L5,Band 4.1-like protein 5,Chapter XIII Diseases of the musculoskeletal system and connective tissue,Other disorders of bone density and structure,21450,486,1.03 [0.90-1.18],0.6878429022851089
EPB41L5,Band 4.1-like protein 5,Chapter XIII Diseases of the musculoskeletal system and connective tissue,Other disorders of the musculoskeletal system and connective tissue,23522,92,1.03 [0.76-1.39],0.8563624962902532
EPB41L5,Band 4.1-like protein 5,Chapter XIII Diseases of the musculoskeletal system and connective tissue,"Other dorsopathies, not elsewhere classified",21828,1759,0.92 [0.85-0.99],0.0355767356082296
EPB41L5,Band 4.1-like protein 5,Chapter XIII Diseases of the musculoskeletal system and connective tissue,Other enthesopathies,20081,112,1.00 [0.75-1.32],0.9921951119224534
EPB41L5,Band 4.1-like protein 5,Chapter XIII Diseases of the musculoskeletal system and connective tissue,Other hammer toe(s) (acquired),16092,206,0.87 [0.69-1.10],0.2352808941896583
EPB41L5,Band 4.1-like protein 5,Chapter XIII Diseases of the musculoskeletal system and connective tissue,Other intervertebral disc disorders,20767,698,0.87 [0.77-0.99],0.0330476347432426
EPB41L5,Band 4.1-like protein 5,Chapter XIII Diseases of the musculoskeletal system and connective tissue,Other joint disorders,18080,2194,1.00 [0.93-1.06],0.913855084197214
EPB41L5,Band 4.1-like protein 5,Chapter XIII Diseases of the musculoskeletal system and connective tissue,Other necrotizing vasculopathies,22708,112,1.02 [0.77-1.35],0.9102281856239433
EPB41L5,Band 4.1-like protein 5,Chapter XIII Diseases of the musculoskeletal system and connective tissue,Other psoriatic arthropathies,23529,75,1.15 [0.86-1.54],0.3575431553268794
EPB41L5,Band 4.1-like protein 5,Chapter XIII Diseases of the musculoskeletal system and connective tissue,Other shoulder lesions,20035,66,1.29 [0.98-1.70],0.0733601720845785
EPB41L5,Band 4.1-like protein 5,Chapter XIII Diseases of the musculoskeletal system and connective tissue,"Other soft tissue disorders, not elsewhere classified",21239,1270,0.99 [0.91-1.08],0.8692742052493478
EPB41L5,Band 4.1-like protein 5,Chapter XIII Diseases of the musculoskeletal system and connective tissue,Other specified disorders of muscle,20041,72,1.39 [1.10-1.76],0.0063854533271288
EPB41L5,Band 4.1-like protein 5,Chapter XIII Diseases of the musculoskeletal system and connective tissue,Other specified/unspecified arthritis,17595,1709,1.00 [0.93-1.08],0.9499789579159136
EPB41L5,Band 4.1-like protein 5,Chapter XIII Diseases of the musculoskeletal system and connective tissue,Other specified/unspecified disorders of  bone/cartilage,21091,127,0.97 [0.74-1.27],0.8170044944338133
EPB41L5,Band 4.1-like protein 5,Chapter XIII Diseases of the musculoskeletal system and connective tissue,Other specified/unspecified disorders of synovium and tendon +Other specified/unspecified bursopathies,20016,47,0.69 [0.40-1.18],0.1790280075250984
EPB41L5,Band 4.1-like protein 5,Chapter XIII Diseases of the musculoskeletal system and connective tissue,Other specified/unspecified inflammatory spondylopathies,20243,174,0.69 [0.52-0.92],0.0107586894797156
EPB41L5,Band 4.1-like protein 5,Chapter XIII Diseases of the musculoskeletal system and connective tissue,Other specified/unspecified soft tissue disorders,20474,505,1.06 [0.94-1.21],0.3364952367837225
EPB41L5,Band 4.1-like protein 5,Chapter XIII Diseases of the musculoskeletal system and connective tissue,Other systemic involvement of connective tissue,23042,446,1.11 [0.98-1.27],0.1071942213831904
EPB41L5,Band 4.1-like protein 5,Chapter XIII Diseases of the musculoskeletal system and connective tissue,Other/unspecified dorsalgia,20624,555,0.92 [0.80-1.05],0.2079008647550024
EPB41L5,Band 4.1-like protein 5,Chapter XIII Diseases of the musculoskeletal system and connective tissue,Other/unspecified rheumatoid arthritis,23378,499,0.94 [0.81-1.08],0.375429714455597
EPB41L5,Band 4.1-like protein 5,Chapter XIII Diseases of the musculoskeletal system and connective tissue,Other/unspecified seropositive rheumatoid arthritis,23520,58,0.90 [0.58-1.38],0.6212328745302893
EPB41L5,Band 4.1-like protein 5,Chapter XIII Diseases of the musculoskeletal system and connective tissue,Other/unspecified synovitis and tenosynovitis,20160,191,0.79 [0.61-1.02],0.0723202746511073
EPB41L5,Band 4.1-like protein 5,Chapter XIII Diseases of the musculoskeletal system and connective tissue,Pain in joint,18052,780,0.98 [0.88-1.09],0.7022469949483063
EPB41L5,Band 4.1-like protein 5,Chapter XIII Diseases of the musculoskeletal system and connective tissue,Pain in limb,20537,568,0.97 [0.85-1.10],0.642972413236298
EPB41L5,Band 4.1-like protein 5,Chapter XIII Diseases of the musculoskeletal system and connective tissue,Palmar fascial fibromatosis [Dupuytren],20071,102,0.83 [0.59-1.16],0.2794572489771101
EPB41L5,Band 4.1-like protein 5,Chapter XIII Diseases of the musculoskeletal system and connective tissue,"Polyarthritis, unspecified",15958,72,1.10 [0.80-1.52],0.5647106660569934
EPB41L5,Band 4.1-like protein 5,Chapter XIII Diseases of the musculoskeletal system and connective tissue,Polyarthropathies,18165,2279,1.00 [0.94-1.06],0.9539890259243776
EPB41L5,Band 4.1-like protein 5,Chapter XIII Diseases of the musculoskeletal system and connective tissue,Polyarthrosis,16611,725,0.94 [0.83-1.06],0.2767424182187502
EPB41L5,Band 4.1-like protein 5,Chapter XIII Diseases of the musculoskeletal system and connective tissue,Polymyalgia rheumatica,22849,253,1.12 [0.94-1.34],0.2054037736864672
EPB41L5,Band 4.1-like protein 5,Chapter XIII Diseases of the musculoskeletal system and connective tissue,"Postprocedural musculoskeletal disorders, not elsewhere classified",23498,68,0.84 [0.56-1.27],0.4146867798732566
EPB41L5,Band 4.1-like protein 5,Chapter XIII Diseases of the musculoskeletal system and connective tissue,"Primary gonarthrosis, bilateral",21555,47,0.84 [0.51-1.37],0.4782999376897494
EPB41L5,Band 4.1-like protein 5,Chapter XIII Diseases of the musculoskeletal system and connective tissue,Psoriatic arthropathies,15962,76,1.16 [0.87-1.56],0.3076744293309109
EPB41L5,Band 4.1-like protein 5,Chapter XIII Diseases of the musculoskeletal system and connective tissue,Radiculopathy,20167,98,1.26 [1.00-1.59],0.0468049073074449
EPB41L5,Band 4.1-like protein 5,Chapter XIII Diseases of the musculoskeletal system and connective tissue,Rheumatoid arthritis,16407,521,0.94 [0.82-1.08],0.4086803471950208
EPB41L5,Band 4.1-like protein 5,Chapter XIII Diseases of the musculoskeletal system and connective tissue,Rotator cuff syndrome,20246,277,0.92 [0.76-1.12],0.4187388004690993
EPB41L5,Band 4.1-like protein 5,Chapter XIII Diseases of the musculoskeletal system and connective tissue,Sciatica+with lumbago,20313,244,0.82 [0.66-1.02],0.0737403718235467
EPB41L5,Band 4.1-like protein 5,Chapter XIII Diseases of the musculoskeletal system and connective tissue,Scoliosis,20308,239,1.02 [0.85-1.24],0.8087217675316722
EPB41L5,Band 4.1-like protein 5,Chapter XIII Diseases of the musculoskeletal system and connective tissue,Seronegative rheumatoid arthritis,18144,77,0.79 [0.53-1.18],0.2573311531979252
EPB41L5,Band 4.1-like protein 5,Chapter XIII Diseases of the musculoskeletal system and connective tissue,"Seropositive rheumatoid arthritis, wide",23526,64,0.82 [0.53-1.27],0.3713997051496838
EPB41L5,Band 4.1-like protein 5,Chapter XIII Diseases of the musculoskeletal system and connective tissue,Shoulder lesions,20517,548,0.95 [0.83-1.08],0.4234903976394659
EPB41L5,Band 4.1-like protein 5,Chapter XIII Diseases of the musculoskeletal system and connective tissue,Sicca syndrome [Sjgren],22745,149,1.22 [1.00-1.49],0.050835721626471
EPB41L5,Band 4.1-like protein 5,Chapter XIII Diseases of the musculoskeletal system and connective tissue,Soft tissue disorders,22399,2430,0.99 [0.94-1.06],0.8481843255373943
EPB41L5,Band 4.1-like protein 5,Chapter XIII Diseases of the musculoskeletal system and connective tissue,"Soft tissue disorders related to use, overuse and pressure",20103,134,0.88 [0.66-1.17],0.3842767223367989
EPB41L5,Band 4.1-like protein 5,Chapter XIII Diseases of the musculoskeletal system and connective tissue,Spinal stenosis,20543,474,1.02 [0.89-1.17],0.7394957505067148
EPB41L5,Band 4.1-like protein 5,Chapter XIII Diseases of the musculoskeletal system and connective tissue,Spondyloarthritis,22027,225,0.78 [0.61-0.98],0.036789413199778
EPB41L5,Band 4.1-like protein 5,Chapter XIII Diseases of the musculoskeletal system and connective tissue,Spondylolisthesis/Spondylolysis,20279,210,0.91 [0.73-1.14],0.4069340342976357
EPB41L5,Band 4.1-like protein 5,Chapter XIII Diseases of the musculoskeletal system and connective tissue,Spondylopathies,21552,1483,0.96 [0.89-1.04],0.339333902820183
EPB41L5,Band 4.1-like protein 5,Chapter XIII Diseases of the musculoskeletal system and connective tissue,Spondylosis,21076,1007,0.95 [0.86-1.04],0.2728628687348
EPB41L5,Band 4.1-like protein 5,Chapter XIII Diseases of the musculoskeletal system and connective tissue,Synovial cyst of popliteal space [Baker],20024,55,1.07 [0.73-1.58],0.7214795143623995
EPB41L5,Band 4.1-like protein 5,Chapter XIII Diseases of the musculoskeletal system and connective tissue,Systemic lupus erythematosus,22808,212,1.20 [1.02-1.42],0.0269543869818594
EPB41L5,Band 4.1-like protein 5,Chapter XIII Diseases of the musculoskeletal system and connective tissue,Trigger finger,20142,173,0.99 [0.78-1.24],0.9065531043434494
EPB41L5,Band 4.1-like protein 5,Chapter XIII Diseases of the musculoskeletal system and connective tissue,Trochanteric bursitis,20082,113,0.92 [0.68-1.25],0.600983557813765
EPB41L5,Band 4.1-like protein 5,Chapter XIII Diseases of the musculoskeletal system and connective tissue,Wrist or foot drop (acquired),15930,44,0.72 [0.41-1.27],0.2632054799910495
EPB41L5,Band 4.1-like protein 5,Chapter XIV Diseases of the genitourinary system,Acute renal failure,22719,1027,1.09 [0.99-1.19],0.0682205647608307
EPB41L5,Band 4.1-like protein 5,Chapter XIV Diseases of the genitourinary system,Adenomyosis (Endometriosis of uterus),17606,86,1.10 [0.83-1.45],0.510673402557622
EPB41L5,Band 4.1-like protein 5,Chapter XIV Diseases of the genitourinary system,Benign mammary dysplasia,22949,98,1.16 [0.90-1.50],0.246221398123468
EPB41L5,Band 4.1-like protein 5,Chapter XIV Diseases of the genitourinary system,Calculus of kidney and ureter,23410,196,0.90 [0.71-1.13],0.3636651457134399
EPB41L5,Band 4.1-like protein 5,Chapter XIV Diseases of the genitourinary system,Calculus of lower urinary tract,23236,22,1.13 [0.65-1.98],0.6603266885775363
EPB41L5,Band 4.1-like protein 5,Chapter XIV Diseases of the genitourinary system,Chronic kidney disease,22834,1142,1.12 [1.03-1.21],0.0071416389945205
EPB41L5,Band 4.1-like protein 5,Chapter XIV Diseases of the genitourinary system,Chronic nephritic syndrome,23407,58,1.24 [0.90-1.72],0.182611090885
EPB41L5,Band 4.1-like protein 5,Chapter XIV Diseases of the genitourinary system,Cyst of kidney,23376,199,0.97 [0.78-1.21],0.815035787703214
EPB41L5,Band 4.1-like protein 5,Chapter XIV Diseases of the genitourinary system,Cystitis,20807,215,0.97 [0.79-1.19],0.7772463465781893
EPB41L5,Band 4.1-like protein 5,Chapter XIV Diseases of the genitourinary system,Dialysis,21735,43,1.36 [0.99-1.88],0.0590454997836298
EPB41L5,Band 4.1-like protein 5,Chapter XIV Diseases of the genitourinary system,Disorders of breast,23131,280,1.17 [1.00-1.36],0.047573329581711
EPB41L5,Band 4.1-like protein 5,Chapter XIV Diseases of the genitourinary system,Endometriosis,17668,148,1.02 [0.81-1.29],0.8490960441760065
EPB41L5,Band 4.1-like protein 5,Chapter XIV Diseases of the genitourinary system,"Excessive, frequent and irregular menstruation",17861,341,0.87 [0.73-1.04],0.1199213671229071
EPB41L5,Band 4.1-like protein 5,Chapter XIV Diseases of the genitourinary system,Female genital prolapse,18383,863,1.00 [0.90-1.11],0.9879734208817978
EPB41L5,Band 4.1-like protein 5,Chapter XIV Diseases of the genitourinary system,Genitourinary diseases,18308,4247,1.00 [0.95-1.04],0.9331094471624064
EPB41L5,Band 4.1-like protein 5,Chapter XIV Diseases of the genitourinary system,Glomerular disorders in diseases classified elsewhere,23399,50,1.07 [0.72-1.60],0.7394472704578441
EPB41L5,Band 4.1-like protein 5,Chapter XIV Diseases of the genitourinary system,Hydronephrosis,21571,181,0.87 [0.68-1.12],0.275120983002094
EPB41L5,Band 4.1-like protein 5,Chapter XIV Diseases of the genitourinary system,Inflammatory diseases of female pelvic organs,23077,343,0.85 [0.71-1.02],0.0734826825503392
EPB41L5,Band 4.1-like protein 5,Chapter XIV Diseases of the genitourinary system,Irregular menses,23150,110,0.96 [0.72-1.28],0.7825265136607635
EPB41L5,Band 4.1-like protein 5,Chapter XIV Diseases of the genitourinary system,Menorrhagia,17787,267,0.85 [0.69-1.03],0.1018650272280405
EPB41L5,Band 4.1-like protein 5,Chapter XIV Diseases of the genitourinary system,Neuromuscular dysfunction of bladder,20656,64,1.05 [0.74-1.49],0.7820957388074048
EPB41L5,Band 4.1-like protein 5,Chapter XIV Diseases of the genitourinary system,Noninflammatory disorders of female genital tract,19624,2104,0.98 [0.91-1.04],0.4516931244084817
EPB41L5,Band 4.1-like protein 5,Chapter XIV Diseases of the genitourinary system,Other abnormal uterine and vaginal bleeding,17638,118,0.98 [0.75-1.29],0.9098354849324908
EPB41L5,Band 4.1-like protein 5,Chapter XIV Diseases of the genitourinary system,"Other chronic cystitis, drug-induced",23537,57,1.12 [0.78-1.60],0.5405990320430467
EPB41L5,Band 4.1-like protein 5,Chapter XIV Diseases of the genitourinary system,"Other cystitis, drug-induced",23537,67,0.91 [0.61-1.35],0.622866533926555
EPB41L5,Band 4.1-like protein 5,Chapter XIV Diseases of the genitourinary system,Other diseases of urinary system,22478,1886,0.93 [0.86-1.00],0.0476274975140462
EPB41L5,Band 4.1-like protein 5,Chapter XIV Diseases of the genitourinary system,Other disorders of  bladder,20997,405,0.85 [0.72-1.01],0.0585012993077601
EPB41L5,Band 4.1-like protein 5,Chapter XIV Diseases of the genitourinary system,Other disorders of breast,22951,100,1.28 [1.02-1.59],0.0296201757075352
EPB41L5,Band 4.1-like protein 5,Chapter XIV Diseases of the genitourinary system,Other disorders of kidney and ureter,23496,319,1.07 [0.91-1.25],0.4303671502646053
EPB41L5,Band 4.1-like protein 5,Chapter XIV Diseases of the genitourinary system,Other disorders of the genitourinary system,23494,74,0.90 [0.62-1.31],0.5857997477170434
EPB41L5,Band 4.1-like protein 5,Chapter XIV Diseases of the genitourinary system,Other disorders of urethra and urinary system,22204,1612,0.93 [0.86-1.01],0.083045133854655
EPB41L5,Band 4.1-like protein 5,Chapter XIV Diseases of the genitourinary system,Other female pelvic inflammatory diseases,22912,178,0.79 [0.61-1.03],0.0800932753825149
EPB41L5,Band 4.1-like protein 5,Chapter XIV Diseases of the genitourinary system,Other noninflammatory disorders of cervix uteri,17656,136,1.07 [0.85-1.36],0.5535331665206453
EPB41L5,Band 4.1-like protein 5,Chapter XIV Diseases of the genitourinary system,"Other noninflammatory disorders of uterus, except cervix",17858,338,0.96 [0.81-1.13],0.6016322256349924
EPB41L5,Band 4.1-like protein 5,Chapter XIV Diseases of the genitourinary system,Other noninflammatory disorders of vagina,17621,101,1.01 [0.76-1.35],0.9236797400113904
EPB41L5,Band 4.1-like protein 5,Chapter XIV Diseases of the genitourinary system,Other noninflammatory disorders of vulva and perineum,17696,176,0.90 [0.71-1.15],0.4146693979582011
EPB41L5,Band 4.1-like protein 5,Chapter XIV Diseases of the genitourinary system,Other obstructive and reflux uropathy,21615,225,0.93 [0.75-1.15],0.5048747995170577
EPB41L5,Band 4.1-like protein 5,Chapter XIV Diseases of the genitourinary system,Other specified disorders of kidney and ureter,23282,105,1.17 [0.91-1.50],0.229415260724868
EPB41L5,Band 4.1-like protein 5,Chapter XIV Diseases of the genitourinary system,Ovarian cyst,17783,263,0.83 [0.67-1.02],0.0757743586270268
EPB41L5,Band 4.1-like protein 5,Chapter XIV Diseases of the genitourinary system,Pain and other conditions associated with female genital organs and menstrual cycle,17610,90,0.63 [0.42-0.93],0.0208610416567869
EPB41L5,Band 4.1-like protein 5,Chapter XIV Diseases of the genitourinary system,Polyp of the female genital tract,18073,553,0.87 [0.76-1.00],0.0532896694299656
EPB41L5,Band 4.1-like protein 5,Chapter XIV Diseases of the genitourinary system,Postmenopausal atrophic vaginitis,17656,136,1.12 [0.89-1.41],0.3383703287215827
EPB41L5,Band 4.1-like protein 5,Chapter XIV Diseases of the genitourinary system,Postmenopausal bleeding,18026,506,1.05 [0.93-1.19],0.407343082523998
EPB41L5,Band 4.1-like protein 5,Chapter XIV Diseases of the genitourinary system,Recurrent and persistent haematuria,23382,33,1.00 [0.59-1.68],0.990515090937912
EPB41L5,Band 4.1-like protein 5,Chapter XIV Diseases of the genitourinary system,Renal tubulo-interstitial diseases,23395,2005,1.07 [1.00-1.14],0.0497121510762274
EPB41L5,Band 4.1-like protein 5,Chapter XIV Diseases of the genitourinary system,"Tubulo-interstitial nephritis, not specified as acute or chronic",21538,148,0.98 [0.76-1.26],0.8704403352234673
EPB41L5,Band 4.1-like protein 5,Chapter XIV Diseases of the genitourinary system,Unspecified kidney failure,21772,80,1.08 [0.79-1.49],0.6168415472864711
EPB41L5,Band 4.1-like protein 5,Chapter XIV Diseases of the genitourinary system,Unspecified renal colic,23242,28,0.80 [0.42-1.54],0.5055772812659781
EPB41L5,Band 4.1-like protein 5,Chapter XIV Diseases of the genitourinary system,Urethral stricture,20719,127,0.89 [0.66-1.19],0.4159227262474186
EPB41L5,Band 4.1-like protein 5,Chapter XIV Diseases of the genitourinary system,Urolithiasis,23437,223,0.91 [0.74-1.13],0.4081960109982382
EPB41L5,Band 4.1-like protein 5,Chapter XIV Diseases of the genitourinary system,Uterine polyps,17638,118,0.84 [0.62-1.14],0.2561341898422859
