Protein,Protein_definition,Disease_category,Disease,NB_individual,NB_case,HR[95%CI],P_value
TMEM106A,Transmembrane protein 106A,Chapter I Certain infectious and parasitic diseases,"Bacterial infection, other or unspecified",23319,99,1.00 [0.77-1.31],0.9738758214705944
TMEM106A,Transmembrane protein 106A,Chapter I Certain infectious and parasitic diseases,"Bacterial intestinal infections, IBD co-morbidities",23950,181,0.99 [0.81-1.21],0.9303846392284654
TMEM106A,Transmembrane protein 106A,Chapter I Certain infectious and parasitic diseases,"Bacterial, viral and other infectious agents",23718,1159,1.06 [0.98-1.14],0.1563549668896492
TMEM106A,Transmembrane protein 106A,Chapter I Certain infectious and parasitic diseases,Candidiasis,23979,409,1.03 [0.91-1.18],0.6302349174362785
TMEM106A,Transmembrane protein 106A,Chapter I Certain infectious and parasitic diseases,Certain infectious and parasitic diseases,23235,3047,1.07 [1.02-1.12],0.0083707891425358
TMEM106A,Transmembrane protein 106A,Chapter I Certain infectious and parasitic diseases,Condition for Implicit Sepsis (Organ dysfunction codes),23442,2471,1.06 [1.00-1.11],0.0449162130105987
TMEM106A,Transmembrane protein 106A,Chapter I Certain infectious and parasitic diseases,Diarrhoea and gastroenteritis of presumed infectious origin,23727,1172,1.15 [1.06-1.23],0.0003632078561137
TMEM106A,Transmembrane protein 106A,Chapter I Certain infectious and parasitic diseases,Enterocolitis due to Clostridium difficile,23878,80,1.06 [0.79-1.42],0.7065017489518495
TMEM106A,Transmembrane protein 106A,Chapter I Certain infectious and parasitic diseases,Explicit Sepsis,22394,695,1.05 [0.95-1.16],0.3661984584246952
TMEM106A,Transmembrane protein 106A,Chapter I Certain infectious and parasitic diseases,Implicit bacterial Sepsis,21634,795,1.01 [0.92-1.11],0.8655076626000603
TMEM106A,Transmembrane protein 106A,Chapter I Certain infectious and parasitic diseases,Implicit fungal Sepsis,21682,215,0.96 [0.80-1.16],0.6808248553746177
TMEM106A,Transmembrane protein 106A,Chapter I Certain infectious and parasitic diseases,Implicit Sepsis,16806,1426,1.07 [0.99-1.14],0.0699114193277608
TMEM106A,Transmembrane protein 106A,Chapter I Certain infectious and parasitic diseases,Implicit viral Sepsis,21489,317,0.99 [0.85-1.15],0.9282885026197012
TMEM106A,Transmembrane protein 106A,Chapter I Certain infectious and parasitic diseases,Intestinal infectious diseases,23917,1362,1.11 [1.04-1.19],0.0027241066752617
TMEM106A,Transmembrane protein 106A,Chapter I Certain infectious and parasitic diseases,Mycoses,24032,462,1.05 [0.92-1.18],0.4755217687245429
TMEM106A,Transmembrane protein 106A,Chapter I Certain infectious and parasitic diseases,Other bacterial agents as the cause of diseases classified to other chapters,23380,821,1.08 [0.98-1.18],0.1033806732162893
TMEM106A,Transmembrane protein 106A,Chapter I Certain infectious and parasitic diseases,Other bacterial diseases,23985,765,1.02 [0.93-1.12],0.6716848389343906
TMEM106A,Transmembrane protein 106A,Chapter I Certain infectious and parasitic diseases,Other bacterial intestinal infections,22736,181,1.00 [0.82-1.22],0.9979220695077852
TMEM106A,Transmembrane protein 106A,Chapter I Certain infectious and parasitic diseases,Other infectious diseases,24089,38,0.85 [0.54-1.34],0.483760785593362
TMEM106A,Transmembrane protein 106A,Chapter I Certain infectious and parasitic diseases,Other septicaemia,23895,675,1.03 [0.93-1.14],0.530242310442627
TMEM106A,Transmembrane protein 106A,Chapter I Certain infectious and parasitic diseases,Other specified/unspecified bacterial intestinal infections,23874,76,1.05 [0.78-1.42],0.7477444491126399
TMEM106A,Transmembrane protein 106A,Chapter I Certain infectious and parasitic diseases,Other viral diseases,24004,166,1.17 [0.96-1.42],0.1129647875327509
TMEM106A,Transmembrane protein 106A,Chapter I Certain infectious and parasitic diseases,"Other viral diseases, not elsewhere classified",23989,151,1.13 [0.92-1.39],0.2524082598162906
TMEM106A,Transmembrane protein 106A,Chapter I Certain infectious and parasitic diseases,Streptococcus and staphylococcus as the cause of diseases classified to other chapters,22853,294,1.05 [0.90-1.23],0.5072627587543934
TMEM106A,Transmembrane protein 106A,Chapter I Certain infectious and parasitic diseases,Viral agents as the cause of diseases classified to other chapters,22786,227,0.96 [0.80-1.15],0.6507427550830329
TMEM106A,Transmembrane protein 106A,Chapter I Certain infectious and parasitic diseases,Viral and other specified intestinal infections,22654,99,1.16 [0.90-1.50],0.2431776545963724
TMEM106A,Transmembrane protein 106A,Chapter I Certain infectious and parasitic diseases,Viral hepatitis,24066,34,0.97 [0.61-1.54],0.9000554696485438
TMEM106A,Transmembrane protein 106A,Chapter I Certain infectious and parasitic diseases,Viral infections characterized by skin and mucous membrane lesions,24020,143,0.87 [0.69-1.10],0.2412707670102387
TMEM106A,Transmembrane protein 106A,Chapter I Certain infectious and parasitic diseases,Viral warts,23919,42,0.83 [0.54-1.29],0.4068577766574625
TMEM106A,Transmembrane protein 106A,Chapter I Certain infectious and parasitic diseases,Zoster [herpes zoster],23948,71,0.83 [0.60-1.17],0.2864041673165347
TMEM106A,Transmembrane protein 106A,Chapter II Neoplasms,Benign lipomatous neoplasm,23843,204,1.09 [0.91-1.31],0.3480675013484391
TMEM106A,Transmembrane protein 106A,Chapter II Neoplasms,Benign lipomatous neoplasm of skin and subcutaneous tissue of limbs,23996,58,0.91 [0.63-1.31],0.6193587957832872
TMEM106A,Transmembrane protein 106A,Chapter II Neoplasms,Benign lipomatous neoplasm of skin and subcutaneous tissue of trunk,23989,59,1.27 [0.92-1.73],0.1414122913950588
TMEM106A,Transmembrane protein 106A,Chapter II Neoplasms,"Benign neoplasm of colon, rectum, anus and anal canal",23833,1058,1.05 [0.97-1.14],0.2510581811065199
TMEM106A,Transmembrane protein 106A,Chapter II Neoplasms,Benign neoplasm of meninges,24065,75,1.11 [0.83-1.50],0.4748371938655336
TMEM106A,Transmembrane protein 106A,Chapter II Neoplasms,Benign neoplasm of other and ill-defined parts of digestive system,24030,60,1.22 [0.88-1.68],0.2323620993639184
TMEM106A,Transmembrane protein 106A,Chapter II Neoplasms,Benign neoplasm of other and unspecified endocrine glands,24057,115,0.95 [0.73-1.22],0.6707874871723173
TMEM106A,Transmembrane protein 106A,Chapter II Neoplasms,Benign neoplasm of ovary,24018,150,0.99 [0.79-1.23],0.9121648700553936
TMEM106A,Transmembrane protein 106A,Chapter II Neoplasms,Benign neoplasm: Ascending colon,24069,239,1.04 [0.87-1.23],0.6677160755336284
TMEM106A,Transmembrane protein 106A,Chapter II Neoplasms,Benign neoplasm: Caecum,24075,222,0.89 [0.74-1.07],0.2139079235921434
TMEM106A,Transmembrane protein 106A,Chapter II Neoplasms,"Benign neoplasm: Colon, unspecified",24009,57,0.72 [0.49-1.06],0.0956645677060354
TMEM106A,Transmembrane protein 106A,Chapter II Neoplasms,Benign neoplasm: Descending colon,24074,134,0.83 [0.65-1.05],0.1255389171719719
TMEM106A,Transmembrane protein 106A,Chapter II Neoplasms,Benign neoplasm: Rectum,24033,246,0.96 [0.81-1.14],0.6512331224000465
TMEM106A,Transmembrane protein 106A,Chapter II Neoplasms,Benign neoplasm: Sigmoid colon,23990,444,1.02 [0.90-1.16],0.7274813887134768
TMEM106A,Transmembrane protein 106A,Chapter II Neoplasms,Benign neoplasm: Transverse colon,24074,248,1.05 [0.89-1.24],0.5586942192104587
TMEM106A,Transmembrane protein 106A,Chapter II Neoplasms,Carcinoma in situ of breast,19495,120,0.81 [0.62-1.05],0.1039914702253277
TMEM106A,Transmembrane protein 106A,Chapter II Neoplasms,"Carcinoma in situ of breast, intraductal",19568,141,1.02 [0.81-1.28],0.891926616115256
TMEM106A,Transmembrane protein 106A,Chapter II Neoplasms,"Chronic lymphocytic leukaemia and small lyphocytis leukaemia, excluding all cancers (controls excluding all cancers)",19561,30,0.62 [0.36-1.07],0.0838460616888648
TMEM106A,Transmembrane protein 106A,Chapter II Neoplasms,"Diffuse large B-cell lymphoma, excluding all cancers (controls excluding all cancers)",19589,58,0.90 [0.62-1.30],0.5809361835327101
TMEM106A,Transmembrane protein 106A,Chapter II Neoplasms,"Haemangioma and lymphangioma, any site",24025,126,1.06 [0.83-1.34],0.639925299496099
TMEM106A,Transmembrane protein 106A,Chapter II Neoplasms,"Haemangioma, any site",24026,124,1.08 [0.85-1.36],0.544822533916646
TMEM106A,Transmembrane protein 106A,Chapter II Neoplasms,Leiomyoma of uterus,23218,506,0.96 [0.85-1.09],0.5602035810981081
TMEM106A,Transmembrane protein 106A,Chapter II Neoplasms,Lung cancer and mesothelioma,17301,283,0.98 [0.82-1.16],0.7985371286558216
TMEM106A,Transmembrane protein 106A,Chapter II Neoplasms,Lymphoid leukaemia,19566,35,0.73 [0.44-1.19],0.2083213523604388
TMEM106A,Transmembrane protein 106A,Chapter II Neoplasms,"Malignant melanoma of skin, excluding all cancers (controls excluding all cancers)",19687,156,0.90 [0.72-1.13],0.3526463325467006
TMEM106A,Transmembrane protein 106A,Chapter II Neoplasms,"Malignant neoplasm of bladder, excluding all cancers (controls excluding all cancers)",19627,96,1.10 [0.84-1.44],0.4713441305263319
TMEM106A,Transmembrane protein 106A,Chapter II Neoplasms,"Malignant neoplasm of corpus uteri, excluding all cancers (controls excluding all cancers)",19698,167,0.93 [0.75-1.15],0.4876180980003255
TMEM106A,Transmembrane protein 106A,Chapter II Neoplasms,"Malignant neoplasm of intrahepatic ducts, biliary tract and gallbladder, excluding all cancers (controls excluding all cancers)",19591,60,0.94 [0.66-1.34],0.7301928232215054
TMEM106A,Transmembrane protein 106A,Chapter II Neoplasms,"Malignant neoplasm of kidney, except renal pelvis, excluding all cancers (controls excluding all cancers)",19592,61,0.90 [0.63-1.28],0.567377092018562
TMEM106A,Transmembrane protein 106A,Chapter II Neoplasms,"Malignant neoplasm of oesophagus, excluding all cancers (controls excluding all cancers)",19579,48,1.35 [0.98-1.87],0.0674203557252756
TMEM106A,Transmembrane protein 106A,Chapter II Neoplasms,"Malignant neoplasm of ovary, excluding all cancers (controls excluding all cancers)",19662,131,1.07 [0.85-1.35],0.5542318207449761
TMEM106A,Transmembrane protein 106A,Chapter II Neoplasms,"Malignant neoplasm of pancreas, excluding all cancers (controls excluding all cancers)",19625,94,1.08 [0.82-1.42],0.5763230972479001
TMEM106A,Transmembrane protein 106A,Chapter II Neoplasms,"Malignant neoplasm of rectum, excluding all cancers (controls excluding all cancers)",19604,73,1.05 [0.77-1.44],0.7457750751148424
TMEM106A,Transmembrane protein 106A,Chapter II Neoplasms,"Malignant neoplasm of stomach, excluding all cancers (controls excluding all cancers)",19567,36,1.28 [0.86-1.91],0.228549071163211
TMEM106A,Transmembrane protein 106A,Chapter II Neoplasms,Malignant neoplasms of independent (primary) multiple sites,19602,71,0.72 [0.51-1.02],0.0665794455334903
TMEM106A,Transmembrane protein 106A,Chapter II Neoplasms,Melanocytic naevi,23854,206,1.11 [0.93-1.33],0.2528730027691946
TMEM106A,Transmembrane protein 106A,Chapter II Neoplasms,Melanocytic naevi of trunk,24049,69,1.04 [0.75-1.43],0.8225636710736066
TMEM106A,Transmembrane protein 106A,Chapter II Neoplasms,Melanoma in situ,19560,77,1.22 [0.92-1.62],0.1761986970542245
TMEM106A,Transmembrane protein 106A,Chapter II Neoplasms,"Non-follicular lymphoma, hilmo, excluding all cancers",19603,72,0.84 [0.60-1.18],0.320332262033843
TMEM106A,Transmembrane protein 106A,Chapter II Neoplasms,"Non-Hodgkin lymphoma, all, excluding all cancers (controls excluding all cancers)",19665,134,1.04 [0.83-1.31],0.7361652014322397
TMEM106A,Transmembrane protein 106A,Chapter II Neoplasms,"Non-small cell lung cancer, excluding all cancers (controls excluding all cancers)",19738,207,0.87 [0.72-1.05],0.1540861742517178
TMEM106A,Transmembrane protein 106A,Chapter II Neoplasms,"Other and unspecified types of non-Hodgkin lymphoma, hilmo, excluding all cancers",19614,83,1.31 [1.01-1.70],0.0391404595154995
TMEM106A,Transmembrane protein 106A,Chapter II Neoplasms,Other benign neoplasms of skin,23893,156,0.94 [0.76-1.18],0.6104419413493398
TMEM106A,Transmembrane protein 106A,Chapter II Neoplasms,"Other malignant neoplasms of skin (=non-melanoma skin cancer), excluding all cancers (controls excluding all cancers)",20346,815,1.04 [0.94-1.14],0.4439630921690711
TMEM106A,Transmembrane protein 106A,Chapter II Neoplasms,"Squamous cell neoplasms and carcinomas of the skin, excluding all cancers (controls excluding all cancers)",20382,851,1.03 [0.94-1.13],0.479867593014126
TMEM106A,Transmembrane protein 106A,Chapter III Diseases of the blood and blood-forming organs and certain disorders involving the immune mechanism,Agranulocytosis,23805,338,0.94 [0.81-1.09],0.3876119802741685
TMEM106A,Transmembrane protein 106A,Chapter III Diseases of the blood and blood-forming organs and certain disorders involving the immune mechanism,Anaemia in chronic diseases classified elsewhere,22346,85,0.98 [0.73-1.32],0.9155508722064188
TMEM106A,Transmembrane protein 106A,Chapter III Diseases of the blood and blood-forming organs and certain disorders involving the immune mechanism,Diseases of spleen,23538,71,1.42 [1.09-1.84],0.0096586857071916
TMEM106A,Transmembrane protein 106A,Chapter III Diseases of the blood and blood-forming organs and certain disorders involving the immune mechanism,Diseases of the blood and blood-forming organs and certain disorders involving the immune mechanism,23194,2578,1.09 [1.03-1.14],0.0017578876088882
TMEM106A,Transmembrane protein 106A,Chapter III Diseases of the blood and blood-forming organs and certain disorders involving the immune mechanism,Folate deficiency anaemia,22671,27,1.11 [0.67-1.81],0.689039644719202
TMEM106A,Transmembrane protein 106A,Chapter III Diseases of the blood and blood-forming organs and certain disorders involving the immune mechanism,Idiopathic thrombocytopenic purpura,23741,46,1.69 [1.30-2.19],7.430031282967562e-05
TMEM106A,Transmembrane protein 106A,Chapter III Diseases of the blood and blood-forming organs and certain disorders involving the immune mechanism,Other anaemias,23573,1312,1.10 [1.02-1.18],0.0133113214492397
TMEM106A,Transmembrane protein 106A,Chapter III Diseases of the blood and blood-forming organs and certain disorders involving the immune mechanism,Other and unspecified anaemias,23573,1312,1.10 [1.02-1.18],0.0133113214492397
TMEM106A,Transmembrane protein 106A,Chapter III Diseases of the blood and blood-forming organs and certain disorders involving the immune mechanism,Other and unspecified aplastic anaemias,22328,67,0.99 [0.71-1.38],0.9440213382111584
TMEM106A,Transmembrane protein 106A,Chapter III Diseases of the blood and blood-forming organs and certain disorders involving the immune mechanism,Other and unspecified iron deficiency,23728,1084,1.18 [1.10-1.28],1.4269842856035435e-05
TMEM106A,Transmembrane protein 106A,Chapter III Diseases of the blood and blood-forming organs and certain disorders involving the immune mechanism,Other coagulation defects,23796,101,0.89 [0.67-1.17],0.4047017861561501
TMEM106A,Transmembrane protein 106A,Chapter III Diseases of the blood and blood-forming organs and certain disorders involving the immune mechanism,Other diseases of blood and blood-forming organs,23511,44,1.06 [0.72-1.58],0.7574494512505306
TMEM106A,Transmembrane protein 106A,Chapter III Diseases of the blood and blood-forming organs and certain disorders involving the immune mechanism,Other disorders of white blood cells,23521,54,1.27 [0.92-1.75],0.151660669353501
TMEM106A,Transmembrane protein 106A,Chapter III Diseases of the blood and blood-forming organs and certain disorders involving the immune mechanism,Purpura and other haemorrhagic conditions,23902,207,1.03 [0.85-1.24],0.7717984055663648
TMEM106A,Transmembrane protein 106A,Chapter III Diseases of the blood and blood-forming organs and certain disorders involving the immune mechanism,Sarcoidosis,23995,53,1.39 [1.02-1.90],0.0382343453849289
TMEM106A,Transmembrane protein 106A,Chapter III Diseases of the blood and blood-forming organs and certain disorders involving the immune mechanism,"Thrombocytopenia, unspecified",23870,175,0.78 [0.63-0.97],0.0230322037103209
TMEM106A,Transmembrane protein 106A,Chapter III Diseases of the blood and blood-forming organs and certain disorders involving the immune mechanism,Vitamin B12 deficiency anaemia,22758,114,1.17 [0.93-1.48],0.1879204361107087
TMEM106A,Transmembrane protein 106A,"Chapter IV Endocrine, nutritional and metabolic diseases",Acidosis,19435,210,0.97 [0.81-1.17],0.7556321116110135
TMEM106A,Transmembrane protein 106A,"Chapter IV Endocrine, nutritional and metabolic diseases",Acute alcohol intoxication,22837,60,1.05 [0.74-1.48],0.7929422236812744
TMEM106A,Transmembrane protein 106A,"Chapter IV Endocrine, nutritional and metabolic diseases",Alcohol dependence,22831,54,1.33 [0.95-1.86],0.0962929742986944
TMEM106A,Transmembrane protein 106A,"Chapter IV Endocrine, nutritional and metabolic diseases",Alkalosis,19269,44,1.35 [0.96-1.90],0.0811813320005377
TMEM106A,Transmembrane protein 106A,"Chapter IV Endocrine, nutritional and metabolic diseases",Bipolar affective disorders,22093,55,1.00 [0.70-1.44],0.9820946063206168
TMEM106A,Transmembrane protein 106A,"Chapter IV Endocrine, nutritional and metabolic diseases",Deficiency of other B group vitamins,21811,207,0.97 [0.80-1.17],0.7444733469896292
TMEM106A,Transmembrane protein 106A,"Chapter IV Endocrine, nutritional and metabolic diseases","Delirium, not induced by alcohol and other psychoactive substances",23703,420,0.91 [0.80-1.04],0.1837344370923173
TMEM106A,Transmembrane protein 106A,"Chapter IV Endocrine, nutritional and metabolic diseases",Dementia in Alzheimer disease,23544,261,1.02 [0.86-1.20],0.8376318725849157
TMEM106A,Transmembrane protein 106A,"Chapter IV Endocrine, nutritional and metabolic diseases",Dementia in other diseases classified elsewhere,23343,60,1.11 [0.80-1.55],0.5332357602611605
TMEM106A,Transmembrane protein 106A,"Chapter IV Endocrine, nutritional and metabolic diseases",Depression,23746,1708,1.05 [0.98-1.12],0.1528002198995602
TMEM106A,Transmembrane protein 106A,"Chapter IV Endocrine, nutritional and metabolic diseases",Depression or dysthymia,21359,1670,1.06 [0.99-1.13],0.0856075797397017
TMEM106A,Transmembrane protein 106A,"Chapter IV Endocrine, nutritional and metabolic diseases","Disorder of lipoprotein metabolism, unspecified",19272,47,1.09 [0.75-1.59],0.647941281394818
TMEM106A,Transmembrane protein 106A,"Chapter IV Endocrine, nutritional and metabolic diseases","Disorder of thyroid, unspecified",21424,101,1.05 [0.81-1.37],0.7159267311129245
TMEM106A,Transmembrane protein 106A,"Chapter IV Endocrine, nutritional and metabolic diseases",Disorders of calcium metabolism,19469,244,1.22 [1.04-1.42],0.0147922143880814
TMEM106A,Transmembrane protein 106A,"Chapter IV Endocrine, nutritional and metabolic diseases",Disorders of iron metabolism,19267,42,1.17 [0.79-1.72],0.4330490289609172
TMEM106A,Transmembrane protein 106A,"Chapter IV Endocrine, nutritional and metabolic diseases",Disorders of lipoprotein metabolism and other lipidaemias,21973,2748,1.07 [1.01-1.12],0.0124337819145976
TMEM106A,Transmembrane protein 106A,"Chapter IV Endocrine, nutritional and metabolic diseases",Disorders of magnesium metabolism,19406,181,1.01 [0.83-1.24],0.9002572989886993
TMEM106A,Transmembrane protein 106A,"Chapter IV Endocrine, nutritional and metabolic diseases",Disorders of mineral metabolism,19694,469,1.14 [1.01-1.28],0.0287097385107793
TMEM106A,Transmembrane protein 106A,"Chapter IV Endocrine, nutritional and metabolic diseases",Disorders of other endocrine glands,24003,312,1.15 [1.00-1.33],0.0575021950740779
TMEM106A,Transmembrane protein 106A,"Chapter IV Endocrine, nutritional and metabolic diseases",Disorders of parathyroid gland,23836,145,1.17 [0.95-1.44],0.1502942092085302
TMEM106A,Transmembrane protein 106A,"Chapter IV Endocrine, nutritional and metabolic diseases",Disorders of phosphorus metabolism and phosphatases,19315,90,0.88 [0.66-1.18],0.4009420118289118
TMEM106A,Transmembrane protein 106A,"Chapter IV Endocrine, nutritional and metabolic diseases","Disorders of plasma-protein metabolism, not elsewhere classified",19274,49,1.28 [0.92-1.80],0.1470971626952516
TMEM106A,Transmembrane protein 106A,"Chapter IV Endocrine, nutritional and metabolic diseases",Disorders of the thyroid gland,23328,2005,1.07 [1.01-1.14],0.0200782486732252
TMEM106A,Transmembrane protein 106A,"Chapter IV Endocrine, nutritional and metabolic diseases",Fluid overload,19399,174,0.98 [0.80-1.20],0.8470532553085234
TMEM106A,Transmembrane protein 106A,"Chapter IV Endocrine, nutritional and metabolic diseases",Hyperkalaemia,19393,168,1.17 [0.97-1.42],0.10676382984008
TMEM106A,Transmembrane protein 106A,"Chapter IV Endocrine, nutritional and metabolic diseases","Hyperlipidaemia, other/unspecified",19691,466,1.12 [0.99-1.26],0.0657525876662516
TMEM106A,Transmembrane protein 106A,"Chapter IV Endocrine, nutritional and metabolic diseases",Hyperosmolality and hypernatraemia,19297,72,1.12 [0.82-1.51],0.4805543399774402
TMEM106A,Transmembrane protein 106A,"Chapter IV Endocrine, nutritional and metabolic diseases",Hyperparathyroidism,23831,140,1.16 [0.93-1.44],0.1794783478637919
TMEM106A,Transmembrane protein 106A,"Chapter IV Endocrine, nutritional and metabolic diseases",Hypo-osmolality and hyponatraemia,19760,535,1.06 [0.95-1.19],0.3056915283955042
TMEM106A,Transmembrane protein 106A,"Chapter IV Endocrine, nutritional and metabolic diseases",Hypokalaemia,19709,484,1.11 [0.98-1.24],0.0943277528691894
TMEM106A,Transmembrane protein 106A,"Chapter IV Endocrine, nutritional and metabolic diseases",Iron deficiency,21667,63,1.11 [0.80-1.54],0.5257374922100567
TMEM106A,Transmembrane protein 106A,"Chapter IV Endocrine, nutritional and metabolic diseases",Metabolic disorders,23314,4089,1.08 [1.03-1.12],0.0004872800067733
TMEM106A,Transmembrane protein 106A,"Chapter IV Endocrine, nutritional and metabolic diseases",Nontoxic multinodular goitre,21389,66,0.74 [0.52-1.06],0.0982217225759352
TMEM106A,Transmembrane protein 106A,"Chapter IV Endocrine, nutritional and metabolic diseases",Nontoxic single thyroid nodule,21401,78,1.10 [0.81-1.48],0.5461516368933275
TMEM106A,Transmembrane protein 106A,"Chapter IV Endocrine, nutritional and metabolic diseases",Obesity,23922,1789,1.00 [0.94-1.06],0.8951335355430916
TMEM106A,Transmembrane protein 106A,"Chapter IV Endocrine, nutritional and metabolic diseases","Obesity, other/unspecified",23926,1788,1.00 [0.94-1.06],0.9019968022760688
TMEM106A,Transmembrane protein 106A,"Chapter IV Endocrine, nutritional and metabolic diseases",Other and/or unspecified nontoxic goitre,21397,74,1.13 [0.84-1.53],0.4117077579242532
TMEM106A,Transmembrane protein 106A,"Chapter IV Endocrine, nutritional and metabolic diseases",Other anxiety disorders,23726,1382,1.04 [0.97-1.12],0.2566250222333756
TMEM106A,Transmembrane protein 106A,"Chapter IV Endocrine, nutritional and metabolic diseases","Other disorders of fluid, electrolyte and acid-base balance",20523,1298,1.10 [1.02-1.18],0.0116174370391564
TMEM106A,Transmembrane protein 106A,"Chapter IV Endocrine, nutritional and metabolic diseases",Other disorders of glucose regulation and pancreatic internal secretion,24078,154,1.04 [0.84-1.28],0.7317507616898138
TMEM106A,Transmembrane protein 106A,"Chapter IV Endocrine, nutritional and metabolic diseases",Other mental disorders due to brain damage and dysfunction and to physical disease,23323,40,0.96 [0.63-1.48],0.8623573310974496
TMEM106A,Transmembrane protein 106A,"Chapter IV Endocrine, nutritional and metabolic diseases",Panic disorder,22464,120,0.90 [0.70-1.16],0.4059557182434301
TMEM106A,Transmembrane protein 106A,"Chapter IV Endocrine, nutritional and metabolic diseases",Phobic anxiety disorders,22515,171,1.07 [0.88-1.31],0.5010932628127189
TMEM106A,Transmembrane protein 106A,"Chapter IV Endocrine, nutritional and metabolic diseases","Postprocedural endocrine and metabolic disorders, not elsewhere classified",19443,218,1.11 [0.93-1.33],0.2301137972256305
TMEM106A,Transmembrane protein 106A,"Chapter IV Endocrine, nutritional and metabolic diseases",Type 1 diabetes without complications,22484,120,1.15 [0.92-1.45],0.2213392619533488
TMEM106A,Transmembrane protein 106A,"Chapter IV Endocrine, nutritional and metabolic diseases",Type 2 diabetes with neurological complications,1498,38,0.81 [0.50-1.32],0.3943925536271844
TMEM106A,Transmembrane protein 106A,"Chapter IV Endocrine, nutritional and metabolic diseases",Type 2 diabetes with ophthalmic complications,1593,150,1.02 [0.82-1.28],0.8501640952540923
TMEM106A,Transmembrane protein 106A,"Chapter IV Endocrine, nutritional and metabolic diseases",Type 2 diabetes with peripheral circulatory complications,22389,25,1.19 [0.73-1.93],0.4780028345120226
TMEM106A,Transmembrane protein 106A,"Chapter IV Endocrine, nutritional and metabolic diseases",Type 2 diabetes with renal complications,1483,24,0.93 [0.52-1.66],0.812953409120033
TMEM106A,Transmembrane protein 106A,"Chapter IV Endocrine, nutritional and metabolic diseases",Type 2 diabetes without complications,23677,1313,1.05 [0.98-1.13],0.1500099878156243
TMEM106A,Transmembrane protein 106A,"Chapter IV Endocrine, nutritional and metabolic diseases",Unspecified dementia,23578,295,0.94 [0.80-1.11],0.4579394036341763
TMEM106A,Transmembrane protein 106A,"Chapter IV Endocrine, nutritional and metabolic diseases",Vitamin D deficiency,22020,416,1.04 [0.91-1.18],0.5951794555903338
TMEM106A,Transmembrane protein 106A,"Chapter IV Endocrine, nutritional and metabolic diseases",Volume depletion,19847,622,1.05 [0.95-1.17],0.3216961899261094
TMEM106A,Transmembrane protein 106A,Chapter IX Diseases of the circulatory system,"!Phlebitis/thrombophlebitis venae iliacae [externae/internae/communis], drug-induced",23999,208,0.79 [0.64-0.96],0.0167736172190791
TMEM106A,Transmembrane protein 106A,Chapter IX Diseases of the circulatory system,Abdominal aortic aneurysm (AAA),23194,43,1.10 [0.74-1.63],0.6328464851392521
TMEM106A,Transmembrane protein 106A,Chapter IX Diseases of the circulatory system,Angina pectoris,22746,755,1.09 [0.99-1.20],0.0832183365085566
TMEM106A,Transmembrane protein 106A,Chapter IX Diseases of the circulatory system,Aortic aneurysm,23230,79,0.86 [0.63-1.18],0.342596487842946
TMEM106A,Transmembrane protein 106A,Chapter IX Diseases of the circulatory system,Arterial embolism and thrombosis of lower extremity artery,23181,30,0.94 [0.57-1.54],0.8091170403370331
TMEM106A,Transmembrane protein 106A,Chapter IX Diseases of the circulatory system,"Atherosclerosis, excluding cerebral and coronary sclerosis",23289,138,0.95 [0.75-1.20],0.6651675081053663
TMEM106A,Transmembrane protein 106A,Chapter IX Diseases of the circulatory system,Atrial fibrillation and flutter,15630,1272,1.01 [0.94-1.09],0.7615446036527194
TMEM106A,Transmembrane protein 106A,Chapter IX Diseases of the circulatory system,AV-block,21127,210,1.00 [0.83-1.21],0.9904699545452216
TMEM106A,Transmembrane protein 106A,Chapter IX Diseases of the circulatory system,"Bradycardia, unspecified, drug-induced",24047,268,0.94 [0.80-1.12],0.4921924174409737
TMEM106A,Transmembrane protein 106A,Chapter IX Diseases of the circulatory system,Cardiac arrest,14466,108,1.27 [0.99-1.62],0.0604887024816315
TMEM106A,Transmembrane protein 106A,Chapter IX Diseases of the circulatory system,Cardiomyopathy,21036,119,0.76 [0.58-0.98],0.0380730103150142
TMEM106A,Transmembrane protein 106A,Chapter IX Diseases of the circulatory system,"Cardiomyopathy, other and unspecified",20988,71,0.87 [0.62-1.21],0.4084481970553058
TMEM106A,Transmembrane protein 106A,Chapter IX Diseases of the circulatory system,Cerebral atherosclerosis,24085,27,0.71 [0.40-1.24],0.2239609488824641
TMEM106A,Transmembrane protein 106A,Chapter IX Diseases of the circulatory system,Conduction disorders,21553,636,1.00 [0.90-1.11],0.9801197922647664
TMEM106A,Transmembrane protein 106A,Chapter IX Diseases of the circulatory system,Coronary atherosclerosis,23285,1305,1.05 [0.97-1.13],0.2253522833872706
TMEM106A,Transmembrane protein 106A,Chapter IX Diseases of the circulatory system,Death due to cardiac causes,21679,6398,1.03 [1.00-1.07],0.0610874728015601
TMEM106A,Transmembrane protein 106A,Chapter IX Diseases of the circulatory system,DVT of lower extremities,22772,221,0.83 [0.69-1.01],0.0563528225592291
TMEM106A,Transmembrane protein 106A,Chapter IX Diseases of the circulatory system,Endocarditis,20964,47,1.03 [0.70-1.52],0.8731667760950227
TMEM106A,Transmembrane protein 106A,Chapter IX Diseases of the circulatory system,"Heart failure, strict",24002,729,1.09 [0.99-1.20],0.0823866539162737
TMEM106A,Transmembrane protein 106A,Chapter IX Diseases of the circulatory system,Hypertension,22227,5386,1.02 [0.99-1.06],0.22100880717243
TMEM106A,Transmembrane protein 106A,Chapter IX Diseases of the circulatory system,"Hypertension, essential",22236,5395,1.02 [0.99-1.06],0.2385635965423715
TMEM106A,Transmembrane protein 106A,Chapter IX Diseases of the circulatory system,"Hypertension, portal",23987,35,0.70 [0.43-1.15],0.1582431508033139
TMEM106A,Transmembrane protein 106A,Chapter IX Diseases of the circulatory system,"Hypertension, Pulmonary Arterial",16995,154,0.87 [0.69-1.09],0.2152849378430703
TMEM106A,Transmembrane protein 106A,Chapter IX Diseases of the circulatory system,Hypertensive Renal Disease,16908,67,1.31 [0.97-1.75],0.0761544206679116
TMEM106A,Transmembrane protein 106A,Chapter IX Diseases of the circulatory system,Hypotension,23970,928,0.97 [0.89-1.06],0.5553505297856414
TMEM106A,Transmembrane protein 106A,Chapter IX Diseases of the circulatory system,Intracerebral haemorrhage,23431,86,1.25 [0.96-1.63],0.0933785629947736
TMEM106A,Transmembrane protein 106A,Chapter IX Diseases of the circulatory system,"Ischaemic heart disease, wide definition",23466,1475,1.06 [0.99-1.13],0.1148687806795552
TMEM106A,Transmembrane protein 106A,Chapter IX Diseases of the circulatory system,"Ischaemic Stroke, excluding all haemorrhages",23818,399,1.03 [0.90-1.18],0.6402785602495511
TMEM106A,Transmembrane protein 106A,Chapter IX Diseases of the circulatory system,Left bundle-branch block,21187,270,1.00 [0.85-1.18],0.984101653137626
TMEM106A,Transmembrane protein 106A,Chapter IX Diseases of the circulatory system,Major coronary heart disease event,23899,530,1.11 [0.99-1.24],0.065689165964547
TMEM106A,Transmembrane protein 106A,Chapter IX Diseases of the circulatory system,"Myocardial infarction, strict",22417,426,1.15 [1.02-1.30],0.0223282073802063
TMEM106A,Transmembrane protein 106A,Chapter IX Diseases of the circulatory system,"Myocardial infarction, with ST-elevation",24064,78,1.22 [0.92-1.61],0.167127123316474
TMEM106A,Transmembrane protein 106A,Chapter IX Diseases of the circulatory system,"Myocardial infarction, without ST-elevation",24081,209,1.12 [0.94-1.34],0.2165193675908433
TMEM106A,Transmembrane protein 106A,Chapter IX Diseases of the circulatory system,Oesophageal varices,22584,33,0.56 [0.33-0.94],0.0290140207540461
TMEM106A,Transmembrane protein 106A,Chapter IX Diseases of the circulatory system,Other aneurysm,23201,50,0.75 [0.50-1.12],0.1600316340751441
TMEM106A,Transmembrane protein 106A,Chapter IX Diseases of the circulatory system,Other arrhythmias,21232,315,1.13 [0.98-1.30],0.0983598081325908
TMEM106A,Transmembrane protein 106A,Chapter IX Diseases of the circulatory system,Other arterial embolism and thrombosis,23212,61,1.16 [0.85-1.60],0.3481120341777327
TMEM106A,Transmembrane protein 106A,Chapter IX Diseases of the circulatory system,Other diseases of arteries and capillaries,23321,170,0.91 [0.73-1.12],0.3585976030829754
TMEM106A,Transmembrane protein 106A,Chapter IX Diseases of the circulatory system,Other diseases of pericardium,21061,144,0.97 [0.78-1.22],0.81631029371315
TMEM106A,Transmembrane protein 106A,Chapter IX Diseases of the circulatory system,Other disorders of veins,22628,77,0.87 [0.64-1.20],0.3977742464770655
TMEM106A,Transmembrane protein 106A,Chapter IX Diseases of the circulatory system,Other embolism and thrombosis,22593,42,0.99 [0.66-1.51],0.9794406387107756
TMEM106A,Transmembrane protein 106A,Chapter IX Diseases of the circulatory system,Other intracranial haemorrhages,22998,32,0.62 [0.37-1.05],0.0755172090661172
TMEM106A,Transmembrane protein 106A,Chapter IX Diseases of the circulatory system,Other noninfective disorders of lymphatic vessels and lymph nodes,22689,138,0.91 [0.72-1.15],0.4274537037394057
TMEM106A,Transmembrane protein 106A,Chapter IX Diseases of the circulatory system,Other or ill-defined heart diseases,21594,677,0.93 [0.84-1.04],0.1914426546697348
TMEM106A,Transmembrane protein 106A,Chapter IX Diseases of the circulatory system,Other other unspecified disorders of the circulatory system,23079,37,0.63 [0.39-1.02],0.0624658381236471
TMEM106A,Transmembrane protein 106A,Chapter IX Diseases of the circulatory system,Other peripheral vascular diseases,23600,449,1.01 [0.89-1.14],0.9226188533706658
TMEM106A,Transmembrane protein 106A,Chapter IX Diseases of the circulatory system,Other pulmonary heart/vessel disease,23573,288,0.91 [0.78-1.07],0.2760542926805174
TMEM106A,Transmembrane protein 106A,Chapter IX Diseases of the circulatory system,"Other specified cerebrovascular diseases, other cerebrovascular disorders in diseases classified elsewhere",23440,474,0.97 [0.85-1.10],0.5927583886883521
TMEM106A,Transmembrane protein 106A,Chapter IX Diseases of the circulatory system,Paroxysmal tachycardia,14609,251,1.00 [0.84-1.19],0.9950033577594444
TMEM106A,Transmembrane protein 106A,Chapter IX Diseases of the circulatory system,Peripheral artery disease,23386,246,1.00 [0.84-1.18],0.9715600411717372
TMEM106A,Transmembrane protein 106A,Chapter IX Diseases of the circulatory system,Phlebitis and thrombophlebitis (not including DVT),22839,288,0.91 [0.77-1.07],0.2386649799041673
TMEM106A,Transmembrane protein 106A,Chapter IX Diseases of the circulatory system,Pulmonary embolism,23676,391,1.00 [0.87-1.14],0.9767159287058896
TMEM106A,Transmembrane protein 106A,Chapter IX Diseases of the circulatory system,Rheumatic valve diseases,24015,504,0.98 [0.87-1.11],0.7387445453475923
TMEM106A,Transmembrane protein 106A,Chapter IX Diseases of the circulatory system,Right bundle-branch block,21105,188,1.01 [0.83-1.22],0.956661997694648
TMEM106A,Transmembrane protein 106A,Chapter IX Diseases of the circulatory system,Secondary right heart disease,23566,281,0.94 [0.79-1.10],0.4257858523348375
TMEM106A,Transmembrane protein 106A,Chapter IX Diseases of the circulatory system,Sequelae of cerebrovascular disease,23100,134,0.81 [0.63-1.03],0.0868215608474405
TMEM106A,Transmembrane protein 106A,Chapter IX Diseases of the circulatory system,"Stroke, excluding SAH",23809,464,1.08 [0.95-1.22],0.2258127869503502
TMEM106A,Transmembrane protein 106A,Chapter IX Diseases of the circulatory system,"Stroke, including SAH",23785,505,1.07 [0.95-1.20],0.2886039026680094
TMEM106A,Transmembrane protein 106A,Chapter IX Diseases of the circulatory system,Subarachnoid haemorrhage,23400,63,1.04 [0.74-1.46],0.8088683590637737
TMEM106A,Transmembrane protein 106A,Chapter IX Diseases of the circulatory system,Thoracic aortic aneurysm,23187,36,1.37 [0.94-2.00],0.1022589770100787
TMEM106A,Transmembrane protein 106A,Chapter IX Diseases of the circulatory system,Transient ischemic attack,23602,183,1.29 [1.08-1.54],0.0048661916354841
TMEM106A,Transmembrane protein 106A,Chapter IX Diseases of the circulatory system,Unstable angina pectoris,23544,175,1.07 [0.88-1.31],0.5062278202428534
TMEM106A,Transmembrane protein 106A,Chapter IX Diseases of the circulatory system,Varicose veins,22939,388,1.02 [0.89-1.17],0.771300791480635
TMEM106A,Transmembrane protein 106A,Chapter IX Diseases of the circulatory system,Vascular diseases of the intestine,23160,82,0.84 [0.61-1.14],0.2631821008029106
TMEM106A,Transmembrane protein 106A,Chapter IX Diseases of the circulatory system,Venous thromboembolism,23899,617,0.98 [0.88-1.10],0.7544479728946033
TMEM106A,Transmembrane protein 106A,Chapter V Mental and behavioural disorders,"Alcohol use disorder, ICD-based",24050,195,1.15 [0.96-1.38],0.1300752198253611
TMEM106A,Transmembrane protein 106A,Chapter V Mental and behavioural disorders,"Anxiety disorders, excluding more controls",21411,1615,1.04 [0.98-1.12],0.2027086399757258
TMEM106A,Transmembrane protein 106A,Chapter V Mental and behavioural disorders,Any mental disorder,23559,3763,1.04 [1.00-1.09],0.0518311893195505
TMEM106A,Transmembrane protein 106A,Chapter V Mental and behavioural disorders,"Mental and behavioural disorders due to alcohol, excluding acute intoxication",24024,232,1.09 [0.92-1.30],0.3070094092107964
TMEM106A,Transmembrane protein 106A,Chapter V Mental and behavioural disorders,"Mood disorders, excluding more controls",21522,1726,1.06 [0.99-1.13],0.0769676211856173
TMEM106A,Transmembrane protein 106A,Chapter V Mental and behavioural disorders,"Schizophrenia or delusion, excluding more controls",19874,78,1.11 [0.82-1.49],0.4970291283543374
TMEM106A,Transmembrane protein 106A,Chapter V Mental and behavioural disorders,Smoking dependency,23732,1047,1.05 [0.97-1.14],0.2590560431313404
TMEM106A,Transmembrane protein 106A,Chapter V Mental and behavioural disorders,"Substance abuse, excluding more controls",21007,1211,1.04 [0.97-1.12],0.2799687511418381
TMEM106A,Transmembrane protein 106A,Chapter V Mental and behavioural disorders,Vascular dementia,23660,91,1.11 [0.85-1.45],0.4529431240359957
TMEM106A,Transmembrane protein 106A,Chapter VI Diseases of the nervous system,Alzheimer disease,24087,323,1.08 [0.93-1.25],0.320158222719646
TMEM106A,Transmembrane protein 106A,Chapter VI Diseases of the nervous system,"AlzheimerÕs disease (Atypical or mixed), excluding more controls",16519,52,0.99 [0.67-1.46],0.965984354407377
TMEM106A,Transmembrane protein 106A,Chapter VI Diseases of the nervous system,Bell's palsy,22209,72,1.09 [0.80-1.49],0.5747412931021859
TMEM106A,Transmembrane protein 106A,Chapter VI Diseases of the nervous system,Carpal tunnel syndrome,22693,556,0.95 [0.85-1.07],0.4305275493701626
TMEM106A,Transmembrane protein 106A,Chapter VI Diseases of the nervous system,Cerebral cysts,23737,188,1.17 [0.97-1.40],0.1018469509837665
TMEM106A,Transmembrane protein 106A,Chapter VI Diseases of the nervous system,Cerebral palsy and other paralytic syndromes,24022,239,0.92 [0.77-1.10],0.3465827648813659
TMEM106A,Transmembrane protein 106A,Chapter VI Diseases of the nervous system,Circumscribed brain atrophy,23662,38,0.95 [0.61-1.48],0.8262780848682216
TMEM106A,Transmembrane protein 106A,Chapter VI Diseases of the nervous system,Diseases of the myoneural junction and muscle,24076,44,1.09 [0.73-1.61],0.6789394435965997
TMEM106A,Transmembrane protein 106A,Chapter VI Diseases of the nervous system,"Disorders of brain, other and unspecified",23592,43,1.04 [0.69-1.56],0.8518208543986057
TMEM106A,Transmembrane protein 106A,Chapter VI Diseases of the nervous system,Epilepsy,22812,248,1.10 [0.93-1.30],0.2585737509495635
TMEM106A,Transmembrane protein 106A,Chapter VI Diseases of the nervous system,Episodal and paroxysmal disorders,23722,1158,1.11 [1.03-1.20],0.0065021138314458
TMEM106A,Transmembrane protein 106A,Chapter VI Diseases of the nervous system,Extrapyramidal and movement disorders,24043,305,1.13 [0.98-1.31],0.0973537855288182
TMEM106A,Transmembrane protein 106A,Chapter VI Diseases of the nervous system,Falls/tendency to fall,23550,2539,0.98 [0.93-1.04],0.5229549317849412
TMEM106A,Transmembrane protein 106A,Chapter VI Diseases of the nervous system,Generalized epilepsy,23768,42,1.21 [0.83-1.78],0.3245587379820577
TMEM106A,Transmembrane protein 106A,Chapter VI Diseases of the nervous system,Hemiplegia,23973,190,0.97 [0.80-1.19],0.7943552596162201
TMEM106A,Transmembrane protein 106A,Chapter VI Diseases of the nervous system,Hydrocephalus,23605,56,1.23 [0.89-1.72],0.2093622396930717
TMEM106A,Transmembrane protein 106A,Chapter VI Diseases of the nervous system,Inflammatory diseases of the central nervous system,24070,67,1.24 [0.91-1.67],0.1696681378181732
TMEM106A,Transmembrane protein 106A,Chapter VI Diseases of the nervous system,Lesion of plantar nerve,22249,112,0.92 [0.71-1.19],0.5151906795004634
TMEM106A,Transmembrane protein 106A,Chapter VI Diseases of the nervous system,Lesion of ulnar nerve,22192,55,1.00 [0.69-1.43],0.9935109614547702
TMEM106A,Transmembrane protein 106A,Chapter VI Diseases of the nervous system,Memory loss,23550,93,0.90 [0.68-1.21],0.4901956942861426
TMEM106A,Transmembrane protein 106A,Chapter VI Diseases of the nervous system,Migraine,23010,446,1.07 [0.95-1.22],0.2716359941929482
TMEM106A,Transmembrane protein 106A,Chapter VI Diseases of the nervous system,"Migraine, unspecified, drug-induced",23988,404,1.09 [0.95-1.24],0.2173995535667469
TMEM106A,Transmembrane protein 106A,Chapter VI Diseases of the nervous system,Motor neuron disease,16607,115,0.95 [0.74-1.24],0.7274464597930517
TMEM106A,Transmembrane protein 106A,Chapter VI Diseases of the nervous system,MS-disease / Multiple Sclerosis,23886,126,1.05 [0.83-1.33],0.6724843732717856
TMEM106A,Transmembrane protein 106A,Chapter VI Diseases of the nervous system,"Nerve, nerve root and plexus disorders",23354,1217,1.01 [0.94-1.09],0.7328248922336345
TMEM106A,Transmembrane protein 106A,Chapter VI Diseases of the nervous system,Neurological diseases,22667,3233,1.05 [1.00-1.10],0.0409313226112216
TMEM106A,Transmembrane protein 106A,Chapter VI Diseases of the nervous system,Other and unspecified degenerative diseases of nervous system,23751,127,1.11 [0.88-1.40],0.3751934888100118
TMEM106A,Transmembrane protein 106A,Chapter VI Diseases of the nervous system,"Other and unspecified nerve root and plexus disorders, also in other diseases",22508,371,1.10 [0.96-1.26],0.1578389445646401
TMEM106A,Transmembrane protein 106A,Chapter VI Diseases of the nervous system,"Other and unspecified polyneuropathies, also in other diseases",24035,194,1.09 [0.90-1.31],0.3682357318154349
TMEM106A,Transmembrane protein 106A,Chapter VI Diseases of the nervous system,Other degenerative diseases of the nervous system,19493,580,1.05 [0.94-1.18],0.3556855246530649
TMEM106A,Transmembrane protein 106A,Chapter VI Diseases of the nervous system,Other diseases of spinal cord,23608,59,1.20 [0.87-1.67],0.2715429879865571
TMEM106A,Transmembrane protein 106A,Chapter VI Diseases of the nervous system,Other disorders of nervous system,23660,111,0.79 [0.61-1.04],0.0930866542478255
TMEM106A,Transmembrane protein 106A,Chapter VI Diseases of the nervous system,Other extrapyramidal and movement disorders in other diseases,23876,138,1.13 [0.91-1.41],0.2611394689098773
TMEM106A,Transmembrane protein 106A,Chapter VI Diseases of the nervous system,Other facial nerve disorders,22217,80,1.06 [0.79-1.42],0.7187163586704371
TMEM106A,Transmembrane protein 106A,Chapter VI Diseases of the nervous system,Other headache syndromes,22632,68,1.06 [0.77-1.47],0.7038435120917766
TMEM106A,Transmembrane protein 106A,Chapter VI Diseases of the nervous system,Other neurological diseases,23986,437,1.07 [0.94-1.21],0.2889206142059578
TMEM106A,Transmembrane protein 106A,Chapter VI Diseases of the nervous system,Other sleep disorders,22912,348,1.08 [0.94-1.24],0.2781271402822606
TMEM106A,Transmembrane protein 106A,Chapter VI Diseases of the nervous system,Parkinson's disease,24064,147,1.10 [0.88-1.36],0.4057535309398735
TMEM106A,Transmembrane protein 106A,Chapter VI Diseases of the nervous system,Postviral fatigue syndrome,23622,73,1.18 [0.88-1.58],0.2790898059617966
TMEM106A,Transmembrane protein 106A,Chapter VI Diseases of the nervous system,Restless leg syndrome,24086,73,0.95 [0.69-1.31],0.7610464936880548
TMEM106A,Transmembrane protein 106A,Chapter VI Diseases of the nervous system,Sleep apnoea,23933,280,1.08 [0.92-1.26],0.3499451006877967
TMEM106A,Transmembrane protein 106A,Chapter VI Diseases of the nervous system,Small fibre neuropathy,23874,33,1.26 [0.82-1.91],0.288226308606787
TMEM106A,Transmembrane protein 106A,Chapter VI Diseases of the nervous system,Systemic atrophies primarily affecting the central nervous system,24077,140,0.82 [0.64-1.04],0.101721754760144
TMEM106A,Transmembrane protein 106A,Chapter VI Diseases of the nervous system,Trigeminal neuralgia,22199,62,1.15 [0.83-1.59],0.4053236342055323
TMEM106A,Transmembrane protein 106A,Chapter VI Diseases of the nervous system,Unspecific neurodegenerative disorder,24087,326,1.08 [0.94-1.25],0.2787673337716244
TMEM106A,Transmembrane protein 106A,Chapter VI Diseases of the nervous system,Vascular dementia (undefined),23621,89,1.09 [0.83-1.43],0.5503901317521934
TMEM106A,Transmembrane protein 106A,"Chapter VII Diseases of the eye, adnexa, ear and mastoid process",Amblyopia ex anopsia,23568,94,0.87 [0.65-1.16],0.3310609310999114
TMEM106A,Transmembrane protein 106A,"Chapter VII Diseases of the eye, adnexa, ear and mastoid process",Astigmatism,23682,429,1.00 [0.88-1.14],0.9840617960979344
TMEM106A,Transmembrane protein 106A,"Chapter VII Diseases of the eye, adnexa, ear and mastoid process",Background diabetic retinopathy,23960,142,0.98 [0.78-1.24],0.8944122783408388
TMEM106A,Transmembrane protein 106A,"Chapter VII Diseases of the eye, adnexa, ear and mastoid process",Blepharochalasis,23114,52,1.07 [0.74-1.55],0.7060511583764707
TMEM106A,Transmembrane protein 106A,"Chapter VII Diseases of the eye, adnexa, ear and mastoid process",Chalazion,23109,47,1.12 [0.77-1.64],0.5449405860447692
TMEM106A,Transmembrane protein 106A,"Chapter VII Diseases of the eye, adnexa, ear and mastoid process","Conjunctivitis (acute, non atopic)",23982,56,1.11 [0.79-1.57],0.5492855188974763
TMEM106A,Transmembrane protein 106A,"Chapter VII Diseases of the eye, adnexa, ear and mastoid process",Corneal degeneration,23836,150,1.05 [0.85-1.31],0.6454920861861668
TMEM106A,Transmembrane protein 106A,"Chapter VII Diseases of the eye, adnexa, ear and mastoid process","Diabetic nephropathy, excluding more controls",1490,30,1.23 [0.75-2.00],0.4068094024342401
TMEM106A,Transmembrane protein 106A,"Chapter VII Diseases of the eye, adnexa, ear and mastoid process",Diabetic neuropathy,1781,56,0.75 [0.50-1.11],0.1542247768334504
TMEM106A,Transmembrane protein 106A,"Chapter VII Diseases of the eye, adnexa, ear and mastoid process",Diplopia,23558,84,1.12 [0.84-1.48],0.4483940419084411
TMEM106A,Transmembrane protein 106A,"Chapter VII Diseases of the eye, adnexa, ear and mastoid process",Disorders of choroid and retina,23938,927,1.03 [0.94-1.12],0.5360573992235261
TMEM106A,Transmembrane protein 106A,"Chapter VII Diseases of the eye, adnexa, ear and mastoid process","Disorders of eyelid, lacrimal system and orbit",23717,655,0.96 [0.86-1.07],0.4618993519255948
TMEM106A,Transmembrane protein 106A,"Chapter VII Diseases of the eye, adnexa, ear and mastoid process",Disorders of lacrimal system,23325,263,0.95 [0.81-1.13],0.5897854709552068
TMEM106A,Transmembrane protein 106A,"Chapter VII Diseases of the eye, adnexa, ear and mastoid process","Disorders of ocular muscles, binocular movement, accommodation and refraction",24011,758,1.00 [0.90-1.10],0.9624806318074574
TMEM106A,Transmembrane protein 106A,"Chapter VII Diseases of the eye, adnexa, ear and mastoid process",Disorders of optic nerve and visual pathways,24075,61,1.05 [0.75-1.48],0.7690566871796157
TMEM106A,Transmembrane protein 106A,"Chapter VII Diseases of the eye, adnexa, ear and mastoid process",Disorders of refraction and accommodation,23942,689,0.99 [0.90-1.10],0.9043874626949756
TMEM106A,Transmembrane protein 106A,"Chapter VII Diseases of the eye, adnexa, ear and mastoid process","Disorders of sclera, cornea, iris and ciliary body",24049,363,0.98 [0.85-1.14],0.8256024936086209
TMEM106A,Transmembrane protein 106A,"Chapter VII Diseases of the eye, adnexa, ear and mastoid process",Disorders of vitreous body,24002,185,0.84 [0.68-1.03],0.1013927137804783
TMEM106A,Transmembrane protein 106A,"Chapter VII Diseases of the eye, adnexa, ear and mastoid process",Ectropion of eyelid,23100,38,0.89 [0.56-1.40],0.6159184449389967
TMEM106A,Transmembrane protein 106A,"Chapter VII Diseases of the eye, adnexa, ear and mastoid process",Entropion and trichiasis of eyelid,23104,42,1.22 [0.83-1.78],0.3116322553260591
TMEM106A,Transmembrane protein 106A,"Chapter VII Diseases of the eye, adnexa, ear and mastoid process",Epiphora,23123,61,0.91 [0.63-1.30],0.5900727973679044
TMEM106A,Transmembrane protein 106A,"Chapter VII Diseases of the eye, adnexa, ear and mastoid process",Glaucoma,24010,624,0.96 [0.86-1.07],0.4367207472821421
TMEM106A,Transmembrane protein 106A,"Chapter VII Diseases of the eye, adnexa, ear and mastoid process",Glaucoma suspect,23537,151,0.89 [0.71-1.12],0.3106765960470206
TMEM106A,Transmembrane protein 106A,"Chapter VII Diseases of the eye, adnexa, ear and mastoid process",Hypermetropia,23311,58,1.24 [0.90-1.71],0.1895989907036357
TMEM106A,Transmembrane protein 106A,"Chapter VII Diseases of the eye, adnexa, ear and mastoid process",Iridocyclitis,23777,91,0.96 [0.72-1.28],0.7671265094450589
TMEM106A,Transmembrane protein 106A,"Chapter VII Diseases of the eye, adnexa, ear and mastoid process",Keratitis,23967,281,0.99 [0.84-1.16],0.9021502653765352
TMEM106A,Transmembrane protein 106A,"Chapter VII Diseases of the eye, adnexa, ear and mastoid process",Myopia,23437,184,0.89 [0.73-1.10],0.2863586826789914
TMEM106A,Transmembrane protein 106A,"Chapter VII Diseases of the eye, adnexa, ear and mastoid process",Other and unspecified disorders of vitreous body,23936,119,0.83 [0.64-1.08],0.1571320823758215
TMEM106A,Transmembrane protein 106A,"Chapter VII Diseases of the eye, adnexa, ear and mastoid process",Other and unspecified glaucoma,23792,406,0.94 [0.82-1.08],0.3879328097319556
TMEM106A,Transmembrane protein 106A,"Chapter VII Diseases of the eye, adnexa, ear and mastoid process",Other and unspecified visual disturbances,23613,139,0.91 [0.72-1.16],0.4553629209477323
TMEM106A,Transmembrane protein 106A,"Chapter VII Diseases of the eye, adnexa, ear and mastoid process",Other cataract,22509,2231,1.00 [0.94-1.06],0.9517307360863236
TMEM106A,Transmembrane protein 106A,"Chapter VII Diseases of the eye, adnexa, ear and mastoid process",Other disorders of cornea,23934,248,1.01 [0.85-1.19],0.9437754463156138
TMEM106A,Transmembrane protein 106A,"Chapter VII Diseases of the eye, adnexa, ear and mastoid process",Other disorders of eye and adnexa,24065,143,0.97 [0.77-1.22],0.8094605787507398
TMEM106A,Transmembrane protein 106A,"Chapter VII Diseases of the eye, adnexa, ear and mastoid process",Other disorders of eyelid,23399,337,0.98 [0.85-1.14],0.8248512308270093
TMEM106A,Transmembrane protein 106A,"Chapter VII Diseases of the eye, adnexa, ear and mastoid process",Other disorders of iris and ciliary body,23745,59,0.91 [0.63-1.30],0.5943770916368187
TMEM106A,Transmembrane protein 106A,"Chapter VII Diseases of the eye, adnexa, ear and mastoid process",Other disorders of optic [2nd] nerve and visual pathways,24062,48,0.96 [0.65-1.43],0.8512961082486343
TMEM106A,Transmembrane protein 106A,"Chapter VII Diseases of the eye, adnexa, ear and mastoid process",Other inflammation of eyelid,23144,82,0.95 [0.70-1.28],0.7263176237393465
TMEM106A,Transmembrane protein 106A,"Chapter VII Diseases of the eye, adnexa, ear and mastoid process",Other specified and unspecified  disorders of eyelid,23191,129,0.87 [0.68-1.11],0.2525115493417593
TMEM106A,Transmembrane protein 106A,"Chapter VII Diseases of the eye, adnexa, ear and mastoid process",Other specified and unspecified retinal disorders,23106,95,1.25 [0.98-1.60],0.0763746142524961
TMEM106A,Transmembrane protein 106A,"Chapter VII Diseases of the eye, adnexa, ear and mastoid process",Other strabismus,23312,59,1.20 [0.87-1.67],0.2642263123215887
TMEM106A,Transmembrane protein 106A,"Chapter VII Diseases of the eye, adnexa, ear and mastoid process","Other, unspecified and serous retinal detachments",23069,58,0.72 [0.49-1.05],0.0912887270722427
TMEM106A,Transmembrane protein 106A,"Chapter VII Diseases of the eye, adnexa, ear and mastoid process",Primary angle-closure glaucoma,23492,106,1.01 [0.78-1.31],0.9479526246103952
TMEM106A,Transmembrane protein 106A,"Chapter VII Diseases of the eye, adnexa, ear and mastoid process","Primary open-angle glaucoma, strict",23543,157,0.96 [0.77-1.20],0.7278561794438001
TMEM106A,Transmembrane protein 106A,"Chapter VII Diseases of the eye, adnexa, ear and mastoid process",Ptosis of eyelid,23174,112,1.03 [0.80-1.33],0.8129071113504078
TMEM106A,Transmembrane protein 106A,"Chapter VII Diseases of the eye, adnexa, ear and mastoid process",Retinal detachment with retinal break,23094,83,1.02 [0.76-1.37],0.8931822407043578
TMEM106A,Transmembrane protein 106A,"Chapter VII Diseases of the eye, adnexa, ear and mastoid process",Retinal vascular occlusion,23072,61,0.96 [0.68-1.37],0.8264011978492496
TMEM106A,Transmembrane protein 106A,"Chapter VII Diseases of the eye, adnexa, ear and mastoid process",Senile cataract,22113,1835,0.98 [0.92-1.04],0.5399074496148961
TMEM106A,Transmembrane protein 106A,"Chapter VII Diseases of the eye, adnexa, ear and mastoid process",Stenosis and insufficiency of lacrimal passages,23139,77,1.05 [0.78-1.42],0.7457322763773193
TMEM106A,Transmembrane protein 106A,"Chapter VII Diseases of the eye, adnexa, ear and mastoid process",Visual disturbances,23856,382,0.98 [0.85-1.13],0.7650949076005009
TMEM106A,Transmembrane protein 106A,"Chapter VII Diseases of the eye, adnexa, ear and mastoid process",Visual field defects,23514,40,0.95 [0.62-1.46],0.81711386676053
TMEM106A,Transmembrane protein 106A,"Chapter VII Diseases of the eye, adnexa, ear and mastoid process",Visual impairment including blindness (binocular or monocular),23623,149,1.22 [1.00-1.49],0.0524685252426544
TMEM106A,Transmembrane protein 106A,Chapter VIII Diseases of the ear and mastoid process,Benign paroxysmal vertigo,23863,103,0.83 [0.63-1.09],0.1857414358548614
TMEM106A,Transmembrane protein 106A,Chapter VIII Diseases of the ear and mastoid process,Diseases of external ear,24045,97,0.81 [0.61-1.08],0.1533914244603636
TMEM106A,Transmembrane protein 106A,Chapter VIII Diseases of the ear and mastoid process,Diseases of middle ear and mastoid,23979,128,1.05 [0.83-1.33],0.6789055953680216
TMEM106A,Transmembrane protein 106A,Chapter VIII Diseases of the ear and mastoid process,Labyrinthitis,23825,65,1.20 [0.88-1.63],0.2488626089334698
TMEM106A,Transmembrane protein 106A,Chapter VIII Diseases of the ear and mastoid process,Mnire disease,23824,64,0.99 [0.70-1.39],0.9500935650920368
TMEM106A,Transmembrane protein 106A,Chapter VIII Diseases of the ear and mastoid process,Other disorders of ear,23993,710,0.99 [0.89-1.09],0.8241428731793958
TMEM106A,Transmembrane protein 106A,Chapter VIII Diseases of the ear and mastoid process,Other specified/unspecified hearing loss,23767,484,1.05 [0.93-1.19],0.4325155589209375
TMEM106A,Transmembrane protein 106A,Chapter VIII Diseases of the ear and mastoid process,Sensorineural hearing loss,23386,103,0.78 [0.59-1.03],0.0807538426449426
TMEM106A,Transmembrane protein 106A,Chapter VIII Diseases of the ear and mastoid process,Tinnitus,23361,78,0.96 [0.71-1.31],0.8092153117402145
TMEM106A,Transmembrane protein 106A,Chapter X Diseases of the respiratory system,Acute pharyngitis,23841,73,0.79 [0.56-1.10],0.158682869663145
TMEM106A,Transmembrane protein 106A,Chapter X Diseases of the respiratory system,Acute upper respiratory infections,23975,207,0.87 [0.72-1.05],0.1545740144022617
TMEM106A,Transmembrane protein 106A,Chapter X Diseases of the respiratory system,Acute upper respiratory infections of multiple and unspecified sites,23826,58,1.02 [0.72-1.45],0.9079825571232792
TMEM106A,Transmembrane protein 106A,Chapter X Diseases of the respiratory system,All influenza,22595,114,1.07 [0.83-1.36],0.611847507679449
TMEM106A,Transmembrane protein 106A,Chapter X Diseases of the respiratory system,All influenza (not pneumonia),22594,113,1.07 [0.84-1.37],0.5937121353756798
TMEM106A,Transmembrane protein 106A,Chapter X Diseases of the respiratory system,Allergic asthma (mode),17134,116,1.09 [0.85-1.40],0.499549139937231
TMEM106A,Transmembrane protein 106A,Chapter X Diseases of the respiratory system,Allergic rhinitis,23965,248,1.10 [0.93-1.30],0.2648574284021285
TMEM106A,Transmembrane protein 106A,Chapter X Diseases of the respiratory system,"Asthma, excluding more controls",18698,1841,1.10 [1.03-1.17],0.004277313969282
TMEM106A,Transmembrane protein 106A,Chapter X Diseases of the respiratory system,"Asthma, unspecified (mode)",18835,1817,1.09 [1.03-1.17],0.0046478897139219
TMEM106A,Transmembrane protein 106A,Chapter X Diseases of the respiratory system,Bacterial pneumonia (organism specified),23724,114,0.90 [0.70-1.17],0.4466445276459727
TMEM106A,Transmembrane protein 106A,Chapter X Diseases of the respiratory system,"Bacterial pneumonia, not elsewhere classified",22541,60,0.95 [0.67-1.35],0.767256293341434
TMEM106A,Transmembrane protein 106A,Chapter X Diseases of the respiratory system,Bronchiectasis,20804,352,1.14 [0.99-1.31],0.0626112208238697
TMEM106A,Transmembrane protein 106A,Chapter X Diseases of the respiratory system,"Bronchitis, not specified as acute or chronic",20513,61,1.24 [0.91-1.69],0.169123509797047
TMEM106A,Transmembrane protein 106A,Chapter X Diseases of the respiratory system,Chronic lower respiratory diseases,23075,2623,1.07 [1.02-1.13],0.0097938198749962
TMEM106A,Transmembrane protein 106A,Chapter X Diseases of the respiratory system,"Chronic rhinitis, nasopharyngitis and pharyngitis",22970,58,0.84 [0.58-1.21],0.3463112844702882
TMEM106A,Transmembrane protein 106A,Chapter X Diseases of the respiratory system,Chronic sinusitis,23039,127,1.19 [0.95-1.49],0.1342502935014791
TMEM106A,Transmembrane protein 106A,Chapter X Diseases of the respiratory system,"COPD, hospital admissions 1, only main diagnosis",23936,908,1.03 [0.95-1.13],0.442207777019888
TMEM106A,Transmembrane protein 106A,Chapter X Diseases of the respiratory system,Deviated nasal septum,22978,66,1.17 [0.85-1.60],0.3304632334922039
TMEM106A,Transmembrane protein 106A,Chapter X Diseases of the respiratory system,Diseases of the respiratory system,22249,4510,1.09 [1.05-1.14],6.598049894788775e-06
TMEM106A,Transmembrane protein 106A,Chapter X Diseases of the respiratory system,"Diseases of vocal cords and larynx+other diseases of upper respiratory tract, no elsewhere classified",23210,298,1.12 [0.97-1.31],0.1211250874801702
TMEM106A,Transmembrane protein 106A,Chapter X Diseases of the respiratory system,Early onset COPD,23315,287,1.04 [0.89-1.22],0.5854188937355056
TMEM106A,Transmembrane protein 106A,Chapter X Diseases of the respiratory system,Emphysema,20686,234,1.24 [1.05-1.45],0.0098805265452182
TMEM106A,Transmembrane protein 106A,Chapter X Diseases of the respiratory system,Idiopathic pulmonary fibrosis,22614,202,1.07 [0.89-1.29],0.4403532975200693
TMEM106A,Transmembrane protein 106A,Chapter X Diseases of the respiratory system,Influenza and pneumonia,23911,1430,1.05 [0.98-1.13],0.1530778252084889
TMEM106A,Transmembrane protein 106A,Chapter X Diseases of the respiratory system,Interstitial lung disease,22650,238,1.04 [0.88-1.24],0.6487176704311615
TMEM106A,Transmembrane protein 106A,Chapter X Diseases of the respiratory system,Later onset COPD,23271,621,1.04 [0.94-1.16],0.4529566164081147
TMEM106A,Transmembrane protein 106A,Chapter X Diseases of the respiratory system,Lung diseases due to external agents,24080,192,1.10 [0.91-1.32],0.3362490478647447
TMEM106A,Transmembrane protein 106A,Chapter X Diseases of the respiratory system,Nasal polyp,22973,61,0.90 [0.63-1.28],0.5462097896468068
TMEM106A,Transmembrane protein 106A,Chapter X Diseases of the respiratory system,Other acute lower respiratory infections,23885,813,1.03 [0.94-1.13],0.4972584608850259
TMEM106A,Transmembrane protein 106A,Chapter X Diseases of the respiratory system,Other diseases of pleura,23918,1518,1.08 [1.01-1.16],0.017292531750923
TMEM106A,Transmembrane protein 106A,Chapter X Diseases of the respiratory system,Other diseases of upper respiratory tract,23602,690,1.10 [1.00-1.22],0.0568185010016435
TMEM106A,Transmembrane protein 106A,Chapter X Diseases of the respiratory system,Other pleural conditions,22435,35,0.84 [0.52-1.36],0.4843962331410334
TMEM106A,Transmembrane protein 106A,Chapter X Diseases of the respiratory system,Other respiratory diseases principally affecting the interstitium,24012,301,1.03 [0.88-1.20],0.7205059879475044
TMEM106A,Transmembrane protein 106A,Chapter X Diseases of the respiratory system,Other respiratory disorders and diseases,24005,1035,1.09 [1.00-1.18],0.0374395171129038
TMEM106A,Transmembrane protein 106A,Chapter X Diseases of the respiratory system,Pleural effusion,23121,721,1.09 [0.99-1.20],0.0870305226408878
TMEM106A,Transmembrane protein 106A,Chapter X Diseases of the respiratory system,Pleural plaque,22443,43,1.17 [0.80-1.71],0.4167646170296176
TMEM106A,Transmembrane protein 106A,Chapter X Diseases of the respiratory system,"Pneumonia, organism unspecified",23696,1215,1.06 [0.98-1.14],0.1451242743816611
TMEM106A,Transmembrane protein 106A,Chapter X Diseases of the respiratory system,Pneumonitis due to solids and liquids,24053,165,1.09 [0.89-1.33],0.4271365403420997
TMEM106A,Transmembrane protein 106A,Chapter X Diseases of the respiratory system,Pneumothorax,22488,88,1.06 [0.80-1.41],0.6791352311718976
TMEM106A,Transmembrane protein 106A,Chapter X Diseases of the respiratory system,Pollen allergy,24065,208,1.10 [0.92-1.32],0.2828425831581161
TMEM106A,Transmembrane protein 106A,Chapter X Diseases of the respiratory system,Pulmonary oedema,23765,54,0.87 [0.59-1.27],0.4615595900591704
TMEM106A,Transmembrane protein 106A,Chapter X Diseases of the respiratory system,Respiratory insufficiency,17062,44,1.17 [0.78-1.76],0.439956898847516
TMEM106A,Transmembrane protein 106A,Chapter X Diseases of the respiratory system,Unspecified acute lower respiratory infection,23866,794,1.00 [0.91-1.10],0.9266637596827488
TMEM106A,Transmembrane protein 106A,Chapter X Diseases of the respiratory system,Vasomotor and allergic rhinitis,23160,248,1.10 [0.93-1.30],0.2445582162861757
TMEM106A,Transmembrane protein 106A,Chapter X Diseases of the respiratory system,Viral pneumonia,22667,186,1.12 [0.93-1.35],0.2436304454127289
TMEM106A,Transmembrane protein 106A,Chapter X Diseases of the respiratory system,"Viral pneumonia (unknown virus, not influenza)",23730,147,1.10 [0.88-1.36],0.4056104282740723
TMEM106A,Transmembrane protein 106A,Chapter X Diseases of the respiratory system,Vocal cord dysfunction,11610,91,1.06 [0.80-1.41],0.6796994826286753
TMEM106A,Transmembrane protein 106A,Chapter XI Diseases of the digestive system,Abscess of anal and rectal regions,17228,34,1.22 [0.80-1.86],0.3467854598060437
TMEM106A,Transmembrane protein 106A,Chapter XI Diseases of the digestive system,Acute appendicitis,23918,123,0.93 [0.72-1.19],0.5555659001001199
TMEM106A,Transmembrane protein 106A,Chapter XI Diseases of the digestive system,Acute gastritis,18096,74,1.16 [0.86-1.56],0.3203623985285245
TMEM106A,Transmembrane protein 106A,Chapter XI Diseases of the digestive system,Acute pancreatitis,22085,142,1.38 [1.14-1.68],0.0011842951019963
TMEM106A,Transmembrane protein 106A,Chapter XI Diseases of the digestive system,Acute peritonitis,23588,75,1.27 [0.97-1.68],0.0875997807241259
TMEM106A,Transmembrane protein 106A,Chapter XI Diseases of the digestive system,Alcoholic liver disease,23333,31,0.96 [0.59-1.56],0.8698024153956192
TMEM106A,Transmembrane protein 106A,Chapter XI Diseases of the digestive system,Barrett oesophagus,18325,303,1.01 [0.86-1.18],0.9290251015803456
TMEM106A,Transmembrane protein 106A,Chapter XI Diseases of the digestive system,"Cholangitis (primary sclerosing, PSC)",22014,71,1.13 [0.83-1.53],0.4421569980388989
TMEM106A,Transmembrane protein 106A,Chapter XI Diseases of the digestive system,"Cholangitis (primary sclerosing, PSC), with reimbursement 202",23714,71,1.13 [0.83-1.53],0.4458024819552303
TMEM106A,Transmembrane protein 106A,Chapter XI Diseases of the digestive system,Cholecystitis,22098,155,0.94 [0.75-1.17],0.5674071018752374
TMEM106A,Transmembrane protein 106A,Chapter XI Diseases of the digestive system,Cholelithiasis,22984,1041,1.03 [0.95-1.12],0.4806384996497671
TMEM106A,Transmembrane protein 106A,Chapter XI Diseases of the digestive system,Chronic gastritis,18317,295,1.15 [0.99-1.33],0.0745624015958157
TMEM106A,Transmembrane protein 106A,Chapter XI Diseases of the digestive system,Chronic pancreatitis,21980,37,1.36 [0.94-1.99],0.1062431213585884
TMEM106A,Transmembrane protein 106A,Chapter XI Diseases of the digestive system,"Cirrhosis of liver, NAS",24016,64,0.87 [0.61-1.23],0.4210688894267607
TMEM106A,Transmembrane protein 106A,Chapter XI Diseases of the digestive system,Coeliac disease,22747,124,1.27 [1.02-1.58],0.0331385434548559
TMEM106A,Transmembrane protein 106A,Chapter XI Diseases of the digestive system,Collagenous colitis,22424,95,0.89 [0.66-1.18],0.4118461501136833
TMEM106A,Transmembrane protein 106A,Chapter XI Diseases of the digestive system,Colonic or urogenital fistula,23962,141,0.96 [0.76-1.20],0.6978623417822175
TMEM106A,Transmembrane protein 106A,Chapter XI Diseases of the digestive system,Constipation,23788,1483,1.04 [0.97-1.11],0.2709954964399024
TMEM106A,Transmembrane protein 106A,Chapter XI Diseases of the digestive system,Crohn disease,22403,74,1.00 [0.73-1.37],0.9906194803423952
TMEM106A,Transmembrane protein 106A,Chapter XI Diseases of the digestive system,"Crohn disease (strict definition, all UC cases excluded)",23766,51,1.02 [0.70-1.49],0.9117684566350792
TMEM106A,Transmembrane protein 106A,Chapter XI Diseases of the digestive system,Crohn's disease NAS,22405,76,0.94 [0.69-1.29],0.712224215006413
TMEM106A,Transmembrane protein 106A,Chapter XI Diseases of the digestive system,Dental caries,23355,203,1.03 [0.86-1.24],0.7411868482139796
TMEM106A,Transmembrane protein 106A,Chapter XI Diseases of the digestive system,Diaphragmatic hernia,22656,2136,1.04 [0.98-1.10],0.1513977490088151
TMEM106A,Transmembrane protein 106A,Chapter XI Diseases of the digestive system,Diseases of appendix,23956,161,1.02 [0.83-1.26],0.8256249975369226
TMEM106A,Transmembrane protein 106A,Chapter XI Diseases of the digestive system,Diseases of liver,24000,698,1.06 [0.96-1.17],0.2901654531385745
TMEM106A,Transmembrane protein 106A,Chapter XI Diseases of the digestive system,"Diseases of oesophagus, stomach and duodenum",22075,4053,1.02 [0.97-1.06],0.4483159509586749
TMEM106A,Transmembrane protein 106A,Chapter XI Diseases of the digestive system,"Diseases of oral cavity, salivary glands and jaws",23671,519,1.05 [0.94-1.18],0.3933829390714451
TMEM106A,Transmembrane protein 106A,Chapter XI Diseases of the digestive system,Diseases of peritoneum,23977,464,1.11 [0.98-1.25],0.0928444737331071
TMEM106A,Transmembrane protein 106A,Chapter XI Diseases of the digestive system,Diseases of pulp and periapical tissues,23259,107,0.87 [0.67-1.14],0.317440947102456
TMEM106A,Transmembrane protein 106A,Chapter XI Diseases of the digestive system,Diseases of salivary glands,23123,58,0.95 [0.66-1.35],0.7656352593526494
TMEM106A,Transmembrane protein 106A,Chapter XI Diseases of the digestive system,Diseases of the digestive system,23831,1208,1.03 [0.96-1.12],0.3978896873881565
TMEM106A,Transmembrane protein 106A,Chapter XI Diseases of the digestive system,Diseases of tongue,23128,92,0.95 [0.71-1.26],0.7089311644919853
TMEM106A,Transmembrane protein 106A,Chapter XI Diseases of the digestive system,"Disorders of gallbladder, biliary tract and pancreas",23336,1393,1.06 [0.99-1.14],0.1215822212301152
TMEM106A,Transmembrane protein 106A,Chapter XI Diseases of the digestive system,Diverticular disease of intestine,20001,2807,1.04 [0.98-1.09],0.1737572696127438
TMEM106A,Transmembrane protein 106A,Chapter XI Diseases of the digestive system,Duodenal ulcer,18139,117,1.10 [0.86-1.41],0.4304309217283788
TMEM106A,Transmembrane protein 106A,Chapter XI Diseases of the digestive system,"Duodenal ulcer - Unspecified as acute or chronic, without haemorrhage or perforation, drug-induced",24038,97,1.11 [0.85-1.45],0.4372455269098634
TMEM106A,Transmembrane protein 106A,Chapter XI Diseases of the digestive system,Embedded and impacted teeth,23999,55,1.17 [0.83-1.65],0.3565098453211655
TMEM106A,Transmembrane protein 106A,Chapter XI Diseases of the digestive system,Fibrosis and cirrhosis of liver,23384,82,1.04 [0.77-1.39],0.811037544908648
TMEM106A,Transmembrane protein 106A,Chapter XI Diseases of the digestive system,Fissure and fistula of anal and rectal regions,17297,103,0.96 [0.73-1.25],0.7389247078817662
TMEM106A,Transmembrane protein 106A,Chapter XI Diseases of the digestive system,Functional dyspepsia,18610,588,1.03 [0.92-1.15],0.637085583931283
TMEM106A,Transmembrane protein 106A,Chapter XI Diseases of the digestive system,Gastric ulcer,18326,304,0.86 [0.73-1.00],0.0565762558954468
TMEM106A,Transmembrane protein 106A,Chapter XI Diseases of the digestive system,Gastro-oesophageal reflux disease,20464,2442,1.02 [0.97-1.08],0.3936313617487914
TMEM106A,Transmembrane protein 106A,Chapter XI Diseases of the digestive system,Gastroduodenal ulcer,18441,419,0.95 [0.83-1.09],0.484210514841648
TMEM106A,Transmembrane protein 106A,Chapter XI Diseases of the digestive system,Gastrointestinal diseases,18840,7375,1.04 [1.00-1.07],0.0281537850794307
TMEM106A,Transmembrane protein 106A,Chapter XI Diseases of the digestive system,GI-bleeding,23590,967,1.03 [0.95-1.12],0.4954920750252156
TMEM106A,Transmembrane protein 106A,Chapter XI Diseases of the digestive system,Gingivitis and periodontal diseases,23214,62,0.96 [0.68-1.36],0.8379722825339242
TMEM106A,Transmembrane protein 106A,Chapter XI Diseases of the digestive system,Haemorrhoids and perianal venous thrombosis,18044,1108,1.06 [0.98-1.15],0.1227691240372135
TMEM106A,Transmembrane protein 106A,Chapter XI Diseases of the digestive system,"Hepatic failure, not elsewhere classified",23334,32,0.67 [0.40-1.13],0.1340895465507349
TMEM106A,Transmembrane protein 106A,Chapter XI Diseases of the digestive system,Hernia,23044,2524,1.01 [0.96-1.07],0.717786217331587
TMEM106A,Transmembrane protein 106A,Chapter XI Diseases of the digestive system,Impacted teeth,24008,50,1.30 [0.93-1.83],0.1278390304525426
TMEM106A,Transmembrane protein 106A,Chapter XI Diseases of the digestive system,Impaction of intestines,17255,61,1.14 [0.82-1.58],0.4493740650183678
TMEM106A,Transmembrane protein 106A,Chapter XI Diseases of the digestive system,Inguinal hernia,20666,146,0.85 [0.67-1.07],0.1717433131709269
TMEM106A,Transmembrane protein 106A,Chapter XI Diseases of the digestive system,Intestinal adhesions without obstruction,17278,84,0.82 [0.60-1.12],0.2060468713086491
TMEM106A,Transmembrane protein 106A,Chapter XI Diseases of the digestive system,Intestinal malabsorption,22773,150,1.16 [0.94-1.43],0.1592703402026898
TMEM106A,Transmembrane protein 106A,Chapter XI Diseases of the digestive system,Irritable bowel syndrome,17903,709,1.06 [0.96-1.18],0.2226307822232003
TMEM106A,Transmembrane protein 106A,Chapter XI Diseases of the digestive system,Nonalcoholic fatty liver disease,24077,304,1.21 [1.05-1.39],0.0094936464313424
TMEM106A,Transmembrane protein 106A,Chapter XI Diseases of the digestive system,Noninfectious colitis NAS,23044,715,1.07 [0.97-1.18],0.1901100892827943
TMEM106A,Transmembrane protein 106A,Chapter XI Diseases of the digestive system,Noninfective enteritis and colitis,23290,961,1.08 [1.00-1.18],0.0604063213485095
TMEM106A,Transmembrane protein 106A,Chapter XI Diseases of the digestive system,Oesophageal obstruction,18155,133,1.17 [0.94-1.46],0.1669302464642707
TMEM106A,Transmembrane protein 106A,Chapter XI Diseases of the digestive system,Oesophagitis,18528,506,1.06 [0.94-1.19],0.3233433371535121
TMEM106A,Transmembrane protein 106A,Chapter XI Diseases of the digestive system,Oral lichen ruber planus,24045,143,1.04 [0.83-1.30],0.7257238634856431
TMEM106A,Transmembrane protein 106A,Chapter XI Diseases of the digestive system,Other and unspecified abdominal hernia,20574,54,0.96 [0.67-1.39],0.8396884680219515
TMEM106A,Transmembrane protein 106A,Chapter XI Diseases of the digestive system,Other diseases of anus and rectum,18293,1099,1.01 [0.93-1.10],0.8003490580926922
TMEM106A,Transmembrane protein 106A,Chapter XI Diseases of the digestive system,Other diseases of biliary tract,22202,259,1.01 [0.86-1.20],0.8745462230918637
TMEM106A,Transmembrane protein 106A,Chapter XI Diseases of the digestive system,Other diseases of gallbladder,22110,167,0.95 [0.77-1.17],0.6335113135141712
TMEM106A,Transmembrane protein 106A,Chapter XI Diseases of the digestive system,Other diseases of intestine,18584,1390,1.01 [0.93-1.08],0.8713954604343701
TMEM106A,Transmembrane protein 106A,Chapter XI Diseases of the digestive system,Other diseases of intestines,22183,4989,1.02 [0.98-1.06],0.3753498611729686
TMEM106A,Transmembrane protein 106A,Chapter XI Diseases of the digestive system,Other diseases of lip and oral mucosa,23127,205,1.04 [0.87-1.25],0.6628440606007833
TMEM106A,Transmembrane protein 106A,Chapter XI Diseases of the digestive system,Other diseases of liver,23884,582,1.05 [0.94-1.17],0.3567943580593018
TMEM106A,Transmembrane protein 106A,Chapter XI Diseases of the digestive system,Other diseases of oesophagus,18542,520,1.02 [0.91-1.15],0.7565193637056953
TMEM106A,Transmembrane protein 106A,Chapter XI Diseases of the digestive system,Other diseases of pancreas,22081,138,0.97 [0.77-1.23],0.813093898745593
TMEM106A,Transmembrane protein 106A,Chapter XI Diseases of the digestive system,Other diseases of peritoneum,23919,406,1.09 [0.96-1.24],0.1817879587653231
TMEM106A,Transmembrane protein 106A,Chapter XI Diseases of the digestive system,Other diseases of stomach and duodenum,18965,943,0.96 [0.88-1.05],0.4162045763018045
TMEM106A,Transmembrane protein 106A,Chapter XI Diseases of the digestive system,Other diseases of the digestive system,23606,983,1.03 [0.95-1.12],0.4774438613099014
TMEM106A,Transmembrane protein 106A,Chapter XI Diseases of the digestive system,Other disorders of teeth and supporting structures,23307,155,0.99 [0.80-1.23],0.9268819700599014
TMEM106A,Transmembrane protein 106A,Chapter XI Diseases of the digestive system,Other functional intestinal disorders,18727,1533,1.06 [0.99-1.13],0.1211238854340006
TMEM106A,Transmembrane protein 106A,Chapter XI Diseases of the digestive system,Other gastritis (incl. Duodenitis),19865,1843,0.97 [0.91-1.03],0.2887250626365302
TMEM106A,Transmembrane protein 106A,Chapter XI Diseases of the digestive system,Other inflammatory liver diseases,23393,91,0.90 [0.67-1.20],0.4639146875104012
TMEM106A,Transmembrane protein 106A,Chapter XI Diseases of the digestive system,Other noninfective gastroenteritis and colitis,23176,847,1.06 [0.96-1.16],0.2438847087177492
TMEM106A,Transmembrane protein 106A,Chapter XI Diseases of the digestive system,"Other or unspecified ileus, impaction or obstruction",17488,294,0.97 [0.83-1.14],0.7146944678065525
TMEM106A,Transmembrane protein 106A,Chapter XI Diseases of the digestive system,Palatinal maxillary canine,23990,64,1.23 [0.90-1.68],0.1892566055149193
TMEM106A,Transmembrane protein 106A,Chapter XI Diseases of the digestive system,Paralytic ileus and intestinal obstruction,17631,437,0.97 [0.85-1.11],0.6653513821709576
TMEM106A,Transmembrane protein 106A,Chapter XI Diseases of the digestive system,"Postprocedural disorders of digestive system, not elsewhere classified",22745,122,0.91 [0.71-1.17],0.4845368729083353
TMEM106A,Transmembrane protein 106A,Chapter XI Diseases of the digestive system,Recurring oral aphthae,24079,64,0.92 [0.65-1.29],0.6216281837689379
TMEM106A,Transmembrane protein 106A,Chapter XI Diseases of the digestive system,Stomatitis and related lesions,23153,116,0.99 [0.77-1.27],0.9316883964087084
TMEM106A,Transmembrane protein 106A,Chapter XI Diseases of the digestive system,Toxic colitis,22385,56,1.05 [0.73-1.50],0.7943117661788661
TMEM106A,Transmembrane protein 106A,Chapter XI Diseases of the digestive system,Ulcer of oesophagus,18231,209,1.14 [0.95-1.36],0.1624738861000137
TMEM106A,Transmembrane protein 106A,Chapter XI Diseases of the digestive system,Ulcerative colitis,22479,150,1.29 [1.07-1.57],0.0093018902379939
TMEM106A,Transmembrane protein 106A,Chapter XI Diseases of the digestive system,"Ulcerative colitis, NAS",22456,127,1.33 [1.08-1.63],0.0070736852929895
TMEM106A,Transmembrane protein 106A,Chapter XI Diseases of the digestive system,Umbilical hernia,20674,154,0.76 [0.60-0.95],0.0187235250828521
TMEM106A,Transmembrane protein 106A,Chapter XI Diseases of the digestive system,Vascular disorders of the intestines,17362,168,1.01 [0.82-1.25],0.9245453928671186
TMEM106A,Transmembrane protein 106A,Chapter XI Diseases of the digestive system,Ventral hernia,20741,221,0.96 [0.80-1.15],0.6227797206717872
TMEM106A,Transmembrane protein 106A,Chapter XI Diseases of the digestive system,Volvulus,17268,74,1.02 [0.75-1.40],0.8870515131986366
TMEM106A,Transmembrane protein 106A,Chapter XII Diseases of the skin and subcutaneous tissue,Actinic keratosis,24012,219,1.20 [1.01-1.42],0.0343283882460089
TMEM106A,Transmembrane protein 106A,Chapter XII Diseases of the skin and subcutaneous tissue,Arthropathic psoriasis,23807,75,0.85 [0.62-1.18],0.3304352773214336
TMEM106A,Transmembrane protein 106A,Chapter XII Diseases of the skin and subcutaneous tissue,Atrophic disorders of skin,22279,199,1.06 [0.88-1.29],0.5130430323439208
TMEM106A,Transmembrane protein 106A,Chapter XII Diseases of the skin and subcutaneous tissue,Cellulitis,23609,554,1.03 [0.92-1.15],0.6171547507896693
TMEM106A,Transmembrane protein 106A,Chapter XII Diseases of the skin and subcutaneous tissue,"Cutaneous abscess, furuncle and carbuncle",23185,130,1.03 [0.82-1.31],0.7726034080351952
TMEM106A,Transmembrane protein 106A,Chapter XII Diseases of the skin and subcutaneous tissue,Decubitus ulcer and pressure area,22361,281,0.95 [0.81-1.12],0.5625396110468369
TMEM106A,Transmembrane protein 106A,Chapter XII Diseases of the skin and subcutaneous tissue,Dermatitis,23808,243,0.93 [0.78-1.11],0.4105044517650801
TMEM106A,Transmembrane protein 106A,Chapter XII Diseases of the skin and subcutaneous tissue,Dermatitis and eczema,23987,422,0.91 [0.80-1.04],0.1779210355538993
TMEM106A,Transmembrane protein 106A,Chapter XII Diseases of the skin and subcutaneous tissue,Dermatitis due to substances taken internally,23609,44,0.84 [0.55-1.28],0.4069884877130187
TMEM106A,Transmembrane protein 106A,Chapter XII Diseases of the skin and subcutaneous tissue,Diseases of the skin and subcutaneous tissue,22686,2785,0.99 [0.94-1.04],0.5907073605839697
TMEM106A,Transmembrane protein 106A,Chapter XII Diseases of the skin and subcutaneous tissue,Disorders of skin appendages,23693,412,0.99 [0.87-1.13],0.9149044872529664
TMEM106A,Transmembrane protein 106A,Chapter XII Diseases of the skin and subcutaneous tissue,Follicular cysts of skin and subcutaneous tissue,23564,283,1.04 [0.89-1.22],0.6257736186721532
TMEM106A,Transmembrane protein 106A,Chapter XII Diseases of the skin and subcutaneous tissue,Infections of the skin and subcutaneous tissue,23800,745,1.00 [0.91-1.11],0.9218968864121904
TMEM106A,Transmembrane protein 106A,Chapter XII Diseases of the skin and subcutaneous tissue,"Lichen planus, including avohilmo",24069,69,0.87 [0.62-1.23],0.4334331191549937
TMEM106A,Transmembrane protein 106A,Chapter XII Diseases of the skin and subcutaneous tissue,Lupus erythematosus,22169,89,0.74 [0.55-1.01],0.0572485603294343
TMEM106A,Transmembrane protein 106A,Chapter XII Diseases of the skin and subcutaneous tissue,Nail disorders,23321,40,0.96 [0.62-1.48],0.8537078567741035
TMEM106A,Transmembrane protein 106A,Chapter XII Diseases of the skin and subcutaneous tissue,Other and unspecified dermatitis,23794,229,0.95 [0.79-1.14],0.5561929233098711
TMEM106A,Transmembrane protein 106A,Chapter XII Diseases of the skin and subcutaneous tissue,Other and unspecified disorders of skin and subcutaneous tissue,22451,371,1.05 [0.91-1.21],0.4922812479793553
TMEM106A,Transmembrane protein 106A,Chapter XII Diseases of the skin and subcutaneous tissue,Other and unspecified epidermal thickening,22127,47,0.91 [0.60-1.37],0.6465522913147655
TMEM106A,Transmembrane protein 106A,Chapter XII Diseases of the skin and subcutaneous tissue,Other and unspecified erythematous conditions,23996,69,0.59 [0.42-0.85],0.0041719705407122
TMEM106A,Transmembrane protein 106A,Chapter XII Diseases of the skin and subcutaneous tissue,Other and unspecified local infections of skin and subcutaneous tissue,23190,135,1.01 [0.80-1.27],0.9521752217211532
TMEM106A,Transmembrane protein 106A,Chapter XII Diseases of the skin and subcutaneous tissue,Other and unspecified psoriasis,23880,148,0.83 [0.65-1.04],0.1064606164750953
TMEM106A,Transmembrane protein 106A,Chapter XII Diseases of the skin and subcutaneous tissue,Other contact dermatitis,23609,44,1.19 [0.83-1.71],0.3477956934784861
TMEM106A,Transmembrane protein 106A,Chapter XII Diseases of the skin and subcutaneous tissue,Other disorders of pigmentation,22138,58,0.83 [0.57-1.21],0.3337673963689332
TMEM106A,Transmembrane protein 106A,Chapter XII Diseases of the skin and subcutaneous tissue,Other disorders of skin and subcutaneous tissue,23493,1413,1.00 [0.93-1.07],0.9121662958921818
TMEM106A,Transmembrane protein 106A,Chapter XII Diseases of the skin and subcutaneous tissue,"Other disorders of skin and subcutaneous tissue, not elsewhere classified",22482,402,1.05 [0.92-1.20],0.5017954792167183
TMEM106A,Transmembrane protein 106A,Chapter XII Diseases of the skin and subcutaneous tissue,Other epidermal thickening,22131,51,0.91 [0.61-1.34],0.6271680005150565
TMEM106A,Transmembrane protein 106A,Chapter XII Diseases of the skin and subcutaneous tissue,Papulosquamous disorders,24013,281,0.88 [0.74-1.03],0.1188053971936681
TMEM106A,Transmembrane protein 106A,Chapter XII Diseases of the skin and subcutaneous tissue,Pruritus,23639,74,0.68 [0.48-0.95],0.0246426849902524
TMEM106A,Transmembrane protein 106A,Chapter XII Diseases of the skin and subcutaneous tissue,Psoriasis,23947,215,0.88 [0.73-1.06],0.1817076549791678
TMEM106A,Transmembrane protein 106A,Chapter XII Diseases of the skin and subcutaneous tissue,Radiation-related disorders of the skin and subcutaneous tissue,24039,246,1.17 [0.99-1.37],0.065623062387663
TMEM106A,Transmembrane protein 106A,Chapter XII Diseases of the skin and subcutaneous tissue,Scar conditions and fibrosis of skin,22225,145,1.06 [0.85-1.32],0.6099057751341983
TMEM106A,Transmembrane protein 106A,Chapter XII Diseases of the skin and subcutaneous tissue,Seborrhoeic keratosis,22312,232,0.96 [0.80-1.15],0.6569022544989229
TMEM106A,Transmembrane protein 106A,Chapter XII Diseases of the skin and subcutaneous tissue,Skin changes due to chronic exposure to nonionizing radiation,24027,234,1.17 [0.99-1.38],0.0726888283080786
TMEM106A,Transmembrane protein 106A,Chapter XII Diseases of the skin and subcutaneous tissue,"Ulcer of lower limb, not elsewhere classified",22257,177,0.93 [0.76-1.14],0.4853626687155531
TMEM106A,Transmembrane protein 106A,Chapter XII Diseases of the skin and subcutaneous tissue,Urticaria and erythema,24055,128,0.74 [0.57-0.96],0.0214872517932488
TMEM106A,Transmembrane protein 106A,Chapter XIII Diseases of the musculoskeletal system and connective tissue,Adhesive capsulitis of shoulder,20549,116,1.08 [0.84-1.37],0.5480877154661491
TMEM106A,Transmembrane protein 106A,Chapter XIII Diseases of the musculoskeletal system and connective tissue,Arthropathies,21874,5609,1.01 [0.97-1.04],0.7814795667164932
TMEM106A,Transmembrane protein 106A,Chapter XIII Diseases of the musculoskeletal system and connective tissue,Arthrosis,20653,4388,1.01 [0.97-1.05],0.652903976592039
TMEM106A,Transmembrane protein 106A,Chapter XIII Diseases of the musculoskeletal system and connective tissue,Bursitis of shoulder,20500,67,0.91 [0.65-1.28],0.5859103522287841
TMEM106A,Transmembrane protein 106A,Chapter XIII Diseases of the musculoskeletal system and connective tissue,Cervical disc disorders,20670,135,1.01 [0.80-1.27],0.9458387968060354
TMEM106A,Transmembrane protein 106A,Chapter XIII Diseases of the musculoskeletal system and connective tissue,Cervicalgia,20718,183,1.00 [0.82-1.22],0.9805385053534924
TMEM106A,Transmembrane protein 106A,Chapter XIII Diseases of the musculoskeletal system and connective tissue,Chondropathies,23839,102,0.87 [0.66-1.15],0.3255702277975866
TMEM106A,Transmembrane protein 106A,Chapter XIII Diseases of the musculoskeletal system and connective tissue,"Collapsed vertebra, not elsewhere classified",20638,103,0.90 [0.68-1.19],0.4533284177630369
TMEM106A,Transmembrane protein 106A,Chapter XIII Diseases of the musculoskeletal system and connective tissue,Coxarthrosis,17482,1217,1.01 [0.93-1.09],0.7904683346374138
TMEM106A,Transmembrane protein 106A,Chapter XIII Diseases of the musculoskeletal system and connective tissue,"Coxarthrosis, primary",23947,201,1.00 [0.83-1.21],0.9790780083371844
TMEM106A,Transmembrane protein 106A,Chapter XIII Diseases of the musculoskeletal system and connective tissue,Deforming dorsopathies,21050,515,1.06 [0.94-1.19],0.3177549693456871
TMEM106A,Transmembrane protein 106A,Chapter XIII Diseases of the musculoskeletal system and connective tissue,Diseases of the musculoskeletal system and connective tissue,20235,7147,1.02 [0.98-1.05],0.3555968562563167
TMEM106A,Transmembrane protein 106A,Chapter XIII Diseases of the musculoskeletal system and connective tissue,Disorders of continuity of bone,21579,121,1.12 [0.89-1.42],0.3273281395729273
TMEM106A,Transmembrane protein 106A,Chapter XIII Diseases of the musculoskeletal system and connective tissue,Disorders of muscles,20554,121,0.98 [0.77-1.26],0.8842571610553527
TMEM106A,Transmembrane protein 106A,Chapter XIII Diseases of the musculoskeletal system and connective tissue,Disorders of synovium and tendon,21041,608,0.94 [0.84-1.05],0.2550163458823834
TMEM106A,Transmembrane protein 106A,Chapter XIII Diseases of the musculoskeletal system and connective tissue,Dorsopathies,23181,2646,1.03 [0.98-1.08],0.2688081580979714
TMEM106A,Transmembrane protein 106A,Chapter XIII Diseases of the musculoskeletal system and connective tissue,Fibroblastic disorders,20590,157,0.95 [0.76-1.18],0.64864993712705
TMEM106A,Transmembrane protein 106A,Chapter XIII Diseases of the musculoskeletal system and connective tissue,Fibromyalgia,20775,342,1.10 [0.96-1.27],0.1843704183857025
TMEM106A,Transmembrane protein 106A,Chapter XIII Diseases of the musculoskeletal system and connective tissue,Ganglion,20590,157,1.03 [0.83-1.27],0.8177168377059313
TMEM106A,Transmembrane protein 106A,Chapter XIII Diseases of the musculoskeletal system and connective tissue,Giant cell arteritis,23213,94,0.89 [0.67-1.19],0.4238013589040428
TMEM106A,Transmembrane protein 106A,Chapter XIII Diseases of the musculoskeletal system and connective tissue,Gonarthrosis,17918,1653,1.03 [0.96-1.10],0.3751721151867794
TMEM106A,Transmembrane protein 106A,Chapter XIII Diseases of the musculoskeletal system and connective tissue,Gout,16448,183,1.03 [0.85-1.26],0.7527438495380127
TMEM106A,Transmembrane protein 106A,Chapter XIII Diseases of the musculoskeletal system and connective tissue,"Gout, unspecified",24074,180,1.00 [0.81-1.22],0.9660468715720676
TMEM106A,Transmembrane protein 106A,Chapter XIII Diseases of the musculoskeletal system and connective tissue,Hallux rigidus,16360,95,1.09 [0.84-1.43],0.5155574160234164
TMEM106A,Transmembrane protein 106A,Chapter XIII Diseases of the musculoskeletal system and connective tissue,Hallux valgus (acquired),16776,511,0.90 [0.79-1.02],0.0867274148717134
TMEM106A,Transmembrane protein 106A,Chapter XIII Diseases of the musculoskeletal system and connective tissue,Impingement syndrome of shoulder,20729,296,0.93 [0.79-1.09],0.3827206551404585
TMEM106A,Transmembrane protein 106A,Chapter XIII Diseases of the musculoskeletal system and connective tissue,Internal derangement of knee,16818,553,1.02 [0.91-1.14],0.7239242096022682
TMEM106A,Transmembrane protein 106A,Chapter XIII Diseases of the musculoskeletal system and connective tissue,Kyphosis,20594,59,1.22 [0.88-1.69],0.2398248939140846
TMEM106A,Transmembrane protein 106A,Chapter XIII Diseases of the musculoskeletal system and connective tissue,Low back pain,21165,630,1.06 [0.95-1.17],0.3066185480492884
TMEM106A,Transmembrane protein 106A,Chapter XIII Diseases of the musculoskeletal system and connective tissue,Lumbar disc prolapse,20827,292,1.03 [0.88-1.21],0.6685209496003259
TMEM106A,Transmembrane protein 106A,Chapter XIII Diseases of the musculoskeletal system and connective tissue,Meniscus derangement,16777,512,1.02 [0.90-1.15],0.7666847320042467
TMEM106A,Transmembrane protein 106A,Chapter XIII Diseases of the musculoskeletal system and connective tissue,Myalgia,20509,76,1.07 [0.79-1.45],0.6467215366659607
TMEM106A,Transmembrane protein 106A,Chapter XIII Diseases of the musculoskeletal system and connective tissue,"Neuralgia and neuritis, unspecified",20493,60,1.02 [0.72-1.44],0.9074967301000691
TMEM106A,Transmembrane protein 106A,Chapter XIII Diseases of the musculoskeletal system and connective tissue,Osteomyelitis,21503,45,1.10 [0.75-1.62],0.6331017885579568
TMEM106A,Transmembrane protein 106A,Chapter XIII Diseases of the musculoskeletal system and connective tissue,Osteopathies and chondropathies,23672,2214,1.01 [0.95-1.07],0.8411616770825686
TMEM106A,Transmembrane protein 106A,Chapter XIII Diseases of the musculoskeletal system and connective tissue,Osteoporosis,23053,1595,0.99 [0.93-1.06],0.8336582087649628
TMEM106A,Transmembrane protein 106A,Chapter XIII Diseases of the musculoskeletal system and connective tissue,"Other (seronegative) rheumatoid arthritis, wide",23910,522,1.03 [0.91-1.16],0.6399470948263692
TMEM106A,Transmembrane protein 106A,Chapter XIII Diseases of the musculoskeletal system and connective tissue,Other arthrosis,18951,2686,1.01 [0.96-1.06],0.7732169988891164
TMEM106A,Transmembrane protein 106A,Chapter XIII Diseases of the musculoskeletal system and connective tissue,Other articular cartilage disorders,16326,61,0.84 [0.59-1.21],0.3500421266258615
TMEM106A,Transmembrane protein 106A,Chapter XIII Diseases of the musculoskeletal system and connective tissue,Other bursopathies,20524,91,1.15 [0.87-1.50],0.3246649593275444
TMEM106A,Transmembrane protein 106A,Chapter XIII Diseases of the musculoskeletal system and connective tissue,Other crystal arthropathies,16307,42,0.99 [0.65-1.51],0.9594021982718248
TMEM106A,Transmembrane protein 106A,Chapter XIII Diseases of the musculoskeletal system and connective tissue,Other deformities of toe(s),16446,181,0.98 [0.80-1.21],0.8809975858915993
TMEM106A,Transmembrane protein 106A,Chapter XIII Diseases of the musculoskeletal system and connective tissue,Other disorders of bone,21718,260,0.99 [0.84-1.17],0.8910962349163314
TMEM106A,Transmembrane protein 106A,Chapter XIII Diseases of the musculoskeletal system and connective tissue,Other disorders of bone density and structure,21960,502,1.04 [0.92-1.17],0.5194226276216045
TMEM106A,Transmembrane protein 106A,Chapter XIII Diseases of the musculoskeletal system and connective tissue,Other disorders of the musculoskeletal system and connective tissue,24064,98,1.09 [0.84-1.42],0.5162158121717033
TMEM106A,Transmembrane protein 106A,Chapter XIII Diseases of the musculoskeletal system and connective tissue,"Other dorsopathies, not elsewhere classified",22321,1786,1.06 [0.99-1.13],0.0758944584794708
TMEM106A,Transmembrane protein 106A,Chapter XIII Diseases of the musculoskeletal system and connective tissue,Other enthesopathies,20546,113,0.88 [0.68-1.14],0.3424485603146502
TMEM106A,Transmembrane protein 106A,Chapter XIII Diseases of the musculoskeletal system and connective tissue,Other hammer toe(s) (acquired),16474,209,0.97 [0.80-1.17],0.7481300520611565
TMEM106A,Transmembrane protein 106A,Chapter XIII Diseases of the musculoskeletal system and connective tissue,Other intervertebral disc disorders,21245,710,1.02 [0.92-1.12],0.7584132121440297
TMEM106A,Transmembrane protein 106A,Chapter XIII Diseases of the musculoskeletal system and connective tissue,Other joint disorders,18510,2245,1.00 [0.94-1.06],0.909472685704793
TMEM106A,Transmembrane protein 106A,Chapter XIII Diseases of the musculoskeletal system and connective tissue,Other necrotizing vasculopathies,23232,113,0.90 [0.70-1.17],0.4501018188997703
TMEM106A,Transmembrane protein 106A,Chapter XIII Diseases of the musculoskeletal system and connective tissue,Other psoriatic arthropathies,24069,73,0.94 [0.68-1.29],0.6839435010532499
TMEM106A,Transmembrane protein 106A,Chapter XIII Diseases of the musculoskeletal system and connective tissue,Other shoulder lesions,20500,67,1.00 [0.72-1.39],0.9974198834628004
TMEM106A,Transmembrane protein 106A,Chapter XIII Diseases of the musculoskeletal system and connective tissue,"Other soft tissue disorders, not elsewhere classified",21732,1299,1.02 [0.95-1.10],0.5357755099589427
TMEM106A,Transmembrane protein 106A,Chapter XIII Diseases of the musculoskeletal system and connective tissue,Other specified disorders of muscle,20506,73,0.95 [0.69-1.30],0.732006765265585
TMEM106A,Transmembrane protein 106A,Chapter XIII Diseases of the musculoskeletal system and connective tissue,Other specified/unspecified arthritis,18016,1751,1.05 [0.99-1.12],0.1144310427858369
TMEM106A,Transmembrane protein 106A,Chapter XIII Diseases of the musculoskeletal system and connective tissue,Other specified/unspecified disorders of  bone/cartilage,21585,127,1.06 [0.84-1.34],0.6056496982758494
TMEM106A,Transmembrane protein 106A,Chapter XIII Diseases of the musculoskeletal system and connective tissue,Other specified/unspecified disorders of synovium and tendon +Other specified/unspecified bursopathies,20482,49,0.80 [0.53-1.21],0.2937005497811781
TMEM106A,Transmembrane protein 106A,Chapter XIII Diseases of the musculoskeletal system and connective tissue,Other specified/unspecified inflammatory spondylopathies,20711,176,0.85 [0.68-1.05],0.1239719213781145
TMEM106A,Transmembrane protein 106A,Chapter XIII Diseases of the musculoskeletal system and connective tissue,Other specified/unspecified soft tissue disorders,20942,509,0.98 [0.87-1.11],0.7544133641335145
TMEM106A,Transmembrane protein 106A,Chapter XIII Diseases of the musculoskeletal system and connective tissue,Other systemic involvement of connective tissue,23575,456,1.17 [1.04-1.32],0.0078878687313191
TMEM106A,Transmembrane protein 106A,Chapter XIII Diseases of the musculoskeletal system and connective tissue,Other/unspecified dorsalgia,21100,565,1.12 [1.01-1.25],0.0391620772313731
TMEM106A,Transmembrane protein 106A,Chapter XIII Diseases of the musculoskeletal system and connective tissue,Other/unspecified rheumatoid arthritis,23922,505,1.03 [0.92-1.16],0.6149968718000574
TMEM106A,Transmembrane protein 106A,Chapter XIII Diseases of the musculoskeletal system and connective tissue,Other/unspecified seropositive rheumatoid arthritis,24062,59,1.21 [0.87-1.68],0.252569506129525
TMEM106A,Transmembrane protein 106A,Chapter XIII Diseases of the musculoskeletal system and connective tissue,Other/unspecified synovitis and tenosynovitis,20632,199,0.82 [0.67-1.00],0.0517508131876311
TMEM106A,Transmembrane protein 106A,Chapter XIII Diseases of the musculoskeletal system and connective tissue,Pain in joint,18477,806,1.03 [0.93-1.13],0.5948920717231461
TMEM106A,Transmembrane protein 106A,Chapter XIII Diseases of the musculoskeletal system and connective tissue,Pain in limb,21017,584,1.02 [0.91-1.13],0.7849934521738395
TMEM106A,Transmembrane protein 106A,Chapter XIII Diseases of the musculoskeletal system and connective tissue,Palmar fascial fibromatosis [Dupuytren],20540,107,0.95 [0.72-1.24],0.6862873678498471
TMEM106A,Transmembrane protein 106A,Chapter XIII Diseases of the musculoskeletal system and connective tissue,"Polyarthritis, unspecified",16338,73,0.91 [0.66-1.25],0.5522734630627131
TMEM106A,Transmembrane protein 106A,Chapter XIII Diseases of the musculoskeletal system and connective tissue,Polyarthropathies,18595,2330,1.04 [0.98-1.10],0.1781773708565505
TMEM106A,Transmembrane protein 106A,Chapter XIII Diseases of the musculoskeletal system and connective tissue,Polyarthrosis,16999,734,1.00 [0.90-1.10],0.9899508896243964
TMEM106A,Transmembrane protein 106A,Chapter XIII Diseases of the musculoskeletal system and connective tissue,Polymyalgia rheumatica,23378,259,1.15 [0.99-1.35],0.0759483468035367
TMEM106A,Transmembrane protein 106A,Chapter XIII Diseases of the musculoskeletal system and connective tissue,"Postprocedural musculoskeletal disorders, not elsewhere classified",24037,71,1.02 [0.75-1.41],0.8790184649805104
TMEM106A,Transmembrane protein 106A,Chapter XIII Diseases of the musculoskeletal system and connective tissue,"Primary gonarthrosis, bilateral",22067,48,1.15 [0.79-1.67],0.463913208039902
TMEM106A,Transmembrane protein 106A,Chapter XIII Diseases of the musculoskeletal system and connective tissue,Psoriatic arthropathies,16339,74,0.92 [0.67-1.27],0.6199509623700037
TMEM106A,Transmembrane protein 106A,Chapter XIII Diseases of the musculoskeletal system and connective tissue,Radiculopathy,20634,99,1.25 [0.98-1.60],0.0762622767341212
TMEM106A,Transmembrane protein 106A,Chapter XIII Diseases of the musculoskeletal system and connective tissue,Rheumatoid arthritis,16791,526,1.03 [0.92-1.16],0.6000862599503749
TMEM106A,Transmembrane protein 106A,Chapter XIII Diseases of the musculoskeletal system and connective tissue,Rotator cuff syndrome,20714,281,0.79 [0.66-0.94],0.0062956982639237
TMEM106A,Transmembrane protein 106A,Chapter XIII Diseases of the musculoskeletal system and connective tissue,Sciatica+with lumbago,20787,252,1.21 [1.03-1.41],0.0200523831407087
TMEM106A,Transmembrane protein 106A,Chapter XIII Diseases of the musculoskeletal system and connective tissue,Scoliosis,20779,244,0.93 [0.78-1.11],0.434198481787922
TMEM106A,Transmembrane protein 106A,Chapter XIII Diseases of the musculoskeletal system and connective tissue,Seronegative rheumatoid arthritis,18574,76,1.19 [0.89-1.59],0.2427922660947848
TMEM106A,Transmembrane protein 106A,Chapter XIII Diseases of the musculoskeletal system and connective tissue,"Seropositive rheumatoid arthritis, wide",24068,65,1.06 [0.76-1.47],0.7483365396138455
TMEM106A,Transmembrane protein 106A,Chapter XIII Diseases of the musculoskeletal system and connective tissue,Shoulder lesions,20990,557,0.96 [0.86-1.08],0.5385945523946942
TMEM106A,Transmembrane protein 106A,Chapter XIII Diseases of the musculoskeletal system and connective tissue,Sicca syndrome [Sjgren],23269,150,1.20 [0.98-1.47],0.0836817563278408
TMEM106A,Transmembrane protein 106A,Chapter XIII Diseases of the musculoskeletal system and connective tissue,Soft tissue disorders,22917,2484,1.00 [0.95-1.05],0.9764960325847112
TMEM106A,Transmembrane protein 106A,Chapter XIII Diseases of the musculoskeletal system and connective tissue,"Soft tissue disorders related to use, overuse and pressure",20574,141,0.94 [0.74-1.18],0.571453688644137
TMEM106A,Transmembrane protein 106A,Chapter XIII Diseases of the musculoskeletal system and connective tissue,Spinal stenosis,21020,485,1.07 [0.95-1.21],0.2738766237596119
TMEM106A,Transmembrane protein 106A,Chapter XIII Diseases of the musculoskeletal system and connective tissue,Spondyloarthritis,22543,230,0.86 [0.72-1.04],0.1138569227618402
TMEM106A,Transmembrane protein 106A,Chapter XIII Diseases of the musculoskeletal system and connective tissue,Spondylolisthesis/Spondylolysis,20754,219,1.20 [1.01-1.42],0.0401829987550177
TMEM106A,Transmembrane protein 106A,Chapter XIII Diseases of the musculoskeletal system and connective tissue,Spondylopathies,22056,1521,0.98 [0.91-1.05],0.5451405930323796
TMEM106A,Transmembrane protein 106A,Chapter XIII Diseases of the musculoskeletal system and connective tissue,Spondylosis,21571,1036,0.97 [0.89-1.06],0.4869039437489288
TMEM106A,Transmembrane protein 106A,Chapter XIII Diseases of the musculoskeletal system and connective tissue,Synovial cyst of popliteal space [Baker],20489,56,1.05 [0.74-1.50],0.7721985917427567
TMEM106A,Transmembrane protein 106A,Chapter XIII Diseases of the musculoskeletal system and connective tissue,Systemic lupus erythematosus,23334,215,0.98 [0.82-1.18],0.8483602875728515
TMEM106A,Transmembrane protein 106A,Chapter XIII Diseases of the musculoskeletal system and connective tissue,Trigger finger,20607,174,0.94 [0.77-1.16],0.5862160525174953
TMEM106A,Transmembrane protein 106A,Chapter XIII Diseases of the musculoskeletal system and connective tissue,Trochanteric bursitis,20551,118,1.00 [0.78-1.29],0.982396950651054
TMEM106A,Transmembrane protein 106A,Chapter XIII Diseases of the musculoskeletal system and connective tissue,Wrist or foot drop (acquired),16309,44,1.32 [0.92-1.89],0.1269752979982136
TMEM106A,Transmembrane protein 106A,Chapter XIV Diseases of the genitourinary system,Acute renal failure,23240,1042,1.03 [0.95-1.12],0.432487443214166
TMEM106A,Transmembrane protein 106A,Chapter XIV Diseases of the genitourinary system,Adenomyosis (Endometriosis of uterus),18017,86,1.02 [0.76-1.37],0.8825813517745522
TMEM106A,Transmembrane protein 106A,Chapter XIV Diseases of the genitourinary system,Benign mammary dysplasia,23479,103,0.90 [0.68-1.18],0.4362787009633688
TMEM106A,Transmembrane protein 106A,Chapter XIV Diseases of the genitourinary system,Calculus of kidney and ureter,23946,201,1.24 [1.05-1.48],0.012700301954509
TMEM106A,Transmembrane protein 106A,Chapter XIV Diseases of the genitourinary system,Calculus of lower urinary tract,23767,22,1.10 [0.63-1.92],0.7502817149028048
TMEM106A,Transmembrane protein 106A,Chapter XIV Diseases of the genitourinary system,Chronic kidney disease,23364,1166,1.08 [1.00-1.16],0.0616166436858121
TMEM106A,Transmembrane protein 106A,Chapter XIV Diseases of the genitourinary system,Chronic nephritic syndrome,23943,59,0.74 [0.51-1.08],0.1223840679956656
TMEM106A,Transmembrane protein 106A,Chapter XIV Diseases of the genitourinary system,Cyst of kidney,23912,199,1.08 [0.90-1.30],0.4135640215981301
TMEM106A,Transmembrane protein 106A,Chapter XIV Diseases of the genitourinary system,Cystitis,21273,219,1.06 [0.89-1.27],0.507479949968114
TMEM106A,Transmembrane protein 106A,Chapter XIV Diseases of the genitourinary system,Dialysis,22243,45,1.13 [0.77-1.66],0.5393581938273496
TMEM106A,Transmembrane protein 106A,Chapter XIV Diseases of the genitourinary system,Disorders of breast,23666,290,0.98 [0.83-1.15],0.7788105418909216
TMEM106A,Transmembrane protein 106A,Chapter XIV Diseases of the genitourinary system,Endometriosis,18081,150,0.95 [0.76-1.19],0.667827179852189
TMEM106A,Transmembrane protein 106A,Chapter XIV Diseases of the genitourinary system,"Excessive, frequent and irregular menstruation",18273,342,0.92 [0.79-1.07],0.2853907837321938
TMEM106A,Transmembrane protein 106A,Chapter XIV Diseases of the genitourinary system,Female genital prolapse,18807,876,1.05 [0.96-1.15],0.2566217124974145
TMEM106A,Transmembrane protein 106A,Chapter XIV Diseases of the genitourinary system,Genitourinary diseases,18720,4338,1.04 [1.00-1.09],0.0359132719076833
TMEM106A,Transmembrane protein 106A,Chapter XIV Diseases of the genitourinary system,Glomerular disorders in diseases classified elsewhere,23938,54,1.10 [0.77-1.57],0.5985629355761186
TMEM106A,Transmembrane protein 106A,Chapter XIV Diseases of the genitourinary system,Hydronephrosis,22078,183,0.90 [0.73-1.11],0.3183529548955801
TMEM106A,Transmembrane protein 106A,Chapter XIV Diseases of the genitourinary system,Inflammatory diseases of female pelvic organs,23600,352,1.00 [0.87-1.16],0.9470173692031058
TMEM106A,Transmembrane protein 106A,Chapter XIV Diseases of the genitourinary system,Irregular menses,23673,108,0.93 [0.71-1.21],0.5746763781623556
TMEM106A,Transmembrane protein 106A,Chapter XIV Diseases of the genitourinary system,Menorrhagia,18201,270,0.99 [0.84-1.16],0.8930594634178491
TMEM106A,Transmembrane protein 106A,Chapter XIV Diseases of the genitourinary system,Neuromuscular dysfunction of bladder,21122,68,1.19 [0.88-1.61],0.2491104833166392
TMEM106A,Transmembrane protein 106A,Chapter XIV Diseases of the genitourinary system,Noninflammatory disorders of female genital tract,20069,2138,1.00 [0.95-1.06],0.8945720154754784
TMEM106A,Transmembrane protein 106A,Chapter XIV Diseases of the genitourinary system,Other abnormal uterine and vaginal bleeding,18051,120,1.05 [0.82-1.33],0.7138867894176819
TMEM106A,Transmembrane protein 106A,Chapter XIV Diseases of the genitourinary system,"Other chronic cystitis, drug-induced",24078,57,1.27 [0.93-1.75],0.138564573728035
TMEM106A,Transmembrane protein 106A,Chapter XIV Diseases of the genitourinary system,"Other cystitis, drug-induced",24078,70,1.00 [0.72-1.38],0.9875498420168032
TMEM106A,Transmembrane protein 106A,Chapter XIV Diseases of the genitourinary system,Other diseases of urinary system,22990,1936,1.04 [0.97-1.10],0.2556655397717505
TMEM106A,Transmembrane protein 106A,Chapter XIV Diseases of the genitourinary system,Other disorders of  bladder,21472,418,1.01 [0.89-1.15],0.8711087536347084
TMEM106A,Transmembrane protein 106A,Chapter XIV Diseases of the genitourinary system,Other disorders of breast,23477,101,0.96 [0.74-1.26],0.7922323671471309
TMEM106A,Transmembrane protein 106A,Chapter XIV Diseases of the genitourinary system,Other disorders of kidney and ureter,24036,323,1.13 [0.98-1.31],0.0821383768251034
TMEM106A,Transmembrane protein 106A,Chapter XIV Diseases of the genitourinary system,Other disorders of the genitourinary system,24035,77,0.92 [0.67-1.27],0.6208084242234784
TMEM106A,Transmembrane protein 106A,Chapter XIV Diseases of the genitourinary system,Other disorders of urethra and urinary system,22710,1656,1.04 [0.97-1.11],0.293352597294677
TMEM106A,Transmembrane protein 106A,Chapter XIV Diseases of the genitourinary system,Other female pelvic inflammatory diseases,23429,181,1.05 [0.86-1.27],0.6494426938642552
TMEM106A,Transmembrane protein 106A,Chapter XIV Diseases of the genitourinary system,Other noninflammatory disorders of cervix uteri,18067,136,1.29 [1.05-1.58],0.0144910596755047
TMEM106A,Transmembrane protein 106A,Chapter XIV Diseases of the genitourinary system,"Other noninflammatory disorders of uterus, except cervix",18269,338,0.96 [0.82-1.11],0.5558339305007751
TMEM106A,Transmembrane protein 106A,Chapter XIV Diseases of the genitourinary system,Other noninflammatory disorders of vagina,18035,104,0.89 [0.68-1.17],0.406517988255717
TMEM106A,Transmembrane protein 106A,Chapter XIV Diseases of the genitourinary system,Other noninflammatory disorders of vulva and perineum,18114,183,1.02 [0.84-1.25],0.8157957543793734
TMEM106A,Transmembrane protein 106A,Chapter XIV Diseases of the genitourinary system,Other obstructive and reflux uropathy,22123,228,0.95 [0.80-1.14],0.6069104378877337
TMEM106A,Transmembrane protein 106A,Chapter XIV Diseases of the genitourinary system,Other specified disorders of kidney and ureter,23822,109,1.13 [0.88-1.44],0.3412779434489661
TMEM106A,Transmembrane protein 106A,Chapter XIV Diseases of the genitourinary system,Ovarian cyst,18194,263,0.99 [0.84-1.17],0.8891657294567458
TMEM106A,Transmembrane protein 106A,Chapter XIV Diseases of the genitourinary system,Pain and other conditions associated with female genital organs and menstrual cycle,18023,92,0.96 [0.73-1.28],0.8049906586131881
TMEM106A,Transmembrane protein 106A,Chapter XIV Diseases of the genitourinary system,Polyp of the female genital tract,18493,562,0.94 [0.84-1.06],0.3283272984462029
TMEM106A,Transmembrane protein 106A,Chapter XIV Diseases of the genitourinary system,Postmenopausal atrophic vaginitis,18070,139,1.06 [0.84-1.33],0.6272275154938074
TMEM106A,Transmembrane protein 106A,Chapter XIV Diseases of the genitourinary system,Postmenopausal bleeding,18444,513,1.02 [0.91-1.15],0.7265113026623242
TMEM106A,Transmembrane protein 106A,Chapter XIV Diseases of the genitourinary system,Recurrent and persistent haematuria,23918,34,1.12 [0.72-1.73],0.6287022131926967
TMEM106A,Transmembrane protein 106A,Chapter XIV Diseases of the genitourinary system,Renal tubulo-interstitial diseases,23932,2037,1.04 [0.98-1.11],0.1478699223489762
TMEM106A,Transmembrane protein 106A,Chapter XIV Diseases of the genitourinary system,"Tubulo-interstitial nephritis, not specified as acute or chronic",22042,147,1.12 [0.91-1.39],0.2799880869396988
TMEM106A,Transmembrane protein 106A,Chapter XIV Diseases of the genitourinary system,Unspecified kidney failure,22277,79,0.95 [0.70-1.30],0.7496300197249132
TMEM106A,Transmembrane protein 106A,Chapter XIV Diseases of the genitourinary system,Unspecified renal colic,23776,31,0.71 [0.42-1.19],0.1890392195083908
TMEM106A,Transmembrane protein 106A,Chapter XIV Diseases of the genitourinary system,Urethral stricture,21183,129,1.10 [0.87-1.38],0.428681129884491
TMEM106A,Transmembrane protein 106A,Chapter XIV Diseases of the genitourinary system,Urolithiasis,23976,231,1.16 [0.99-1.37],0.0725635783315153
TMEM106A,Transmembrane protein 106A,Chapter XIV Diseases of the genitourinary system,Uterine polyps,18053,122,1.06 [0.84-1.35],0.6201899183972144
