Protein,Protein_definition,Disease_category,Disease,NB_individual,NB_case,HR[95%CI],P_value
SRPK2,SRSF protein kinase 2,Chapter I Certain infectious and parasitic diseases,"Bacterial infection, other or unspecified",26830,125,1.15 [0.96-1.37],0.1285519845238282
SRPK2,SRSF protein kinase 2,Chapter I Certain infectious and parasitic diseases,"Bacterial intestinal infections, IBD co-morbidities",27589,203,0.99 [0.85-1.14],0.8522492576446375
SRPK2,SRSF protein kinase 2,Chapter I Certain infectious and parasitic diseases,"Bacterial, viral and other infectious agents",27309,1361,1.09 [1.03-1.15],0.0036502855640337
SRPK2,SRSF protein kinase 2,Chapter I Certain infectious and parasitic diseases,Candidiasis,27618,479,1.09 [0.99-1.19],0.0815414550919192
SRPK2,SRSF protein kinase 2,Chapter I Certain infectious and parasitic diseases,Certain infectious and parasitic diseases,26755,3545,1.06 [1.03-1.10],0.0004494486178215
SRPK2,SRSF protein kinase 2,Chapter I Certain infectious and parasitic diseases,Condition for Implicit Sepsis (Organ dysfunction codes),26998,2925,1.07 [1.03-1.12],0.0002799957257309
SRPK2,SRSF protein kinase 2,Chapter I Certain infectious and parasitic diseases,Diarrhoea and gastroenteritis of presumed infectious origin,27327,1390,1.07 [1.01-1.13],0.0169107311280671
SRPK2,SRSF protein kinase 2,Chapter I Certain infectious and parasitic diseases,Enterocolitis due to Clostridium difficile,27512,92,1.09 [0.89-1.35],0.4066086696634688
SRPK2,SRSF protein kinase 2,Chapter I Certain infectious and parasitic diseases,Explicit Sepsis,25738,833,1.08 [1.00-1.16],0.0368802556019617
SRPK2,SRSF protein kinase 2,Chapter I Certain infectious and parasitic diseases,Implicit bacterial Sepsis,24893,974,1.11 [1.04-1.19],0.0015707410861956
SRPK2,SRSF protein kinase 2,Chapter I Certain infectious and parasitic diseases,Implicit fungal Sepsis,24908,265,1.13 [0.99-1.28],0.0608950686307658
SRPK2,SRSF protein kinase 2,Chapter I Certain infectious and parasitic diseases,Implicit Sepsis,19395,1702,1.10 [1.05-1.15],0.0001849263966791
SRPK2,SRSF protein kinase 2,Chapter I Certain infectious and parasitic diseases,Implicit viral Sepsis,24675,379,1.15 [1.04-1.28],0.0069936575018929
SRPK2,SRSF protein kinase 2,Chapter I Certain infectious and parasitic diseases,Intestinal infectious diseases,27553,1616,1.05 [0.99-1.10],0.0819808383000345
SRPK2,SRSF protein kinase 2,Chapter I Certain infectious and parasitic diseases,Mycoses,27683,544,1.09 [1.00-1.19],0.0548071824655586
SRPK2,SRSF protein kinase 2,Chapter I Certain infectious and parasitic diseases,Other bacterial agents as the cause of diseases classified to other chapters,26920,972,1.09 [1.02-1.17],0.0083658236239918
SRPK2,SRSF protein kinase 2,Chapter I Certain infectious and parasitic diseases,Other bacterial diseases,27625,920,1.08 [1.01-1.16],0.024987805581388
SRPK2,SRSF protein kinase 2,Chapter I Certain infectious and parasitic diseases,Other bacterial intestinal infections,26140,203,0.99 [0.85-1.15],0.8769060445814704
SRPK2,SRSF protein kinase 2,Chapter I Certain infectious and parasitic diseases,Other infectious diseases,27744,45,1.15 [0.86-1.55],0.3429971856707449
SRPK2,SRSF protein kinase 2,Chapter I Certain infectious and parasitic diseases,Other septicaemia,27510,805,1.06 [0.99-1.15],0.089916196037355
SRPK2,SRSF protein kinase 2,Chapter I Certain infectious and parasitic diseases,Other specified/unspecified bacterial intestinal infections,27500,80,0.98 [0.77-1.24],0.8409092376657871
SRPK2,SRSF protein kinase 2,Chapter I Certain infectious and parasitic diseases,Other viral diseases,27645,193,1.19 [1.03-1.37],0.0166186047885803
SRPK2,SRSF protein kinase 2,Chapter I Certain infectious and parasitic diseases,"Other viral diseases, not elsewhere classified",27626,174,1.14 [0.98-1.32],0.1013842493604881
SRPK2,SRSF protein kinase 2,Chapter I Certain infectious and parasitic diseases,Streptococcus and staphylococcus as the cause of diseases classified to other chapters,26292,344,1.15 [1.03-1.28],0.0105894735752875
SRPK2,SRSF protein kinase 2,Chapter I Certain infectious and parasitic diseases,Viral agents as the cause of diseases classified to other chapters,26215,267,1.02 [0.90-1.16],0.7103585777762709
SRPK2,SRSF protein kinase 2,Chapter I Certain infectious and parasitic diseases,Viral and other specified intestinal infections,26069,132,1.20 [1.01-1.42],0.0388673554469655
SRPK2,SRSF protein kinase 2,Chapter I Certain infectious and parasitic diseases,Viral hepatitis,27720,38,1.02 [0.72-1.44],0.905049833505016
SRPK2,SRSF protein kinase 2,Chapter I Certain infectious and parasitic diseases,Viral infections characterized by skin and mucous membrane lesions,27667,159,0.96 [0.81-1.14],0.6367019740144346
SRPK2,SRSF protein kinase 2,Chapter I Certain infectious and parasitic diseases,Viral warts,27555,47,0.95 [0.69-1.30],0.7380720776873642
SRPK2,SRSF protein kinase 2,Chapter I Certain infectious and parasitic diseases,Zoster [herpes zoster],27584,76,1.04 [0.82-1.32],0.7665132051961825
SRPK2,SRSF protein kinase 2,Chapter II Neoplasms,Benign lipomatous neoplasm,27475,246,1.06 [0.93-1.21],0.3811058206794779
SRPK2,SRSF protein kinase 2,Chapter II Neoplasms,Benign lipomatous neoplasm of skin and subcutaneous tissue of limbs,27638,71,1.12 [0.88-1.43],0.339330449192103
SRPK2,SRSF protein kinase 2,Chapter II Neoplasms,Benign lipomatous neoplasm of skin and subcutaneous tissue of trunk,27639,72,1.34 [1.08-1.67],0.0092750200820817
SRPK2,SRSF protein kinase 2,Chapter II Neoplasms,"Benign neoplasm of colon, rectum, anus and anal canal",27451,1238,1.01 [0.95-1.07],0.8153626682893673
SRPK2,SRSF protein kinase 2,Chapter II Neoplasms,Benign neoplasm of meninges,27716,83,1.30 [1.05-1.59],0.0137130002106352
SRPK2,SRSF protein kinase 2,Chapter II Neoplasms,Benign neoplasm of other and ill-defined parts of digestive system,27675,66,1.17 [0.92-1.50],0.1990940597096141
SRPK2,SRSF protein kinase 2,Chapter II Neoplasms,Benign neoplasm of other and unspecified endocrine glands,27711,138,1.03 [0.86-1.23],0.7323965994810753
SRPK2,SRSF protein kinase 2,Chapter II Neoplasms,Benign neoplasm of ovary,27659,181,1.00 [0.86-1.17],0.9837186929206352
SRPK2,SRSF protein kinase 2,Chapter II Neoplasms,Benign neoplasm: Ascending colon,27722,280,1.00 [0.88-1.13],0.9534425361015304
SRPK2,SRSF protein kinase 2,Chapter II Neoplasms,Benign neoplasm: Caecum,27729,253,0.92 [0.80-1.05],0.2215214156990048
SRPK2,SRSF protein kinase 2,Chapter II Neoplasms,"Benign neoplasm: Colon, unspecified",27655,66,0.93 [0.71-1.22],0.59121849676419
SRPK2,SRSF protein kinase 2,Chapter II Neoplasms,Benign neoplasm: Descending colon,27725,153,0.85 [0.71-1.02],0.08359972376106
SRPK2,SRSF protein kinase 2,Chapter II Neoplasms,Benign neoplasm: Rectum,27686,285,1.04 [0.92-1.18],0.5219850610706757
SRPK2,SRSF protein kinase 2,Chapter II Neoplasms,Benign neoplasm: Sigmoid colon,27636,502,0.99 [0.90-1.09],0.8847850082508825
SRPK2,SRSF protein kinase 2,Chapter II Neoplasms,Benign neoplasm: Transverse colon,27724,300,0.92 [0.81-1.05],0.2140665513877064
SRPK2,SRSF protein kinase 2,Chapter II Neoplasms,Carcinoma in situ of breast,22477,136,0.84 [0.69-1.02],0.078364357812878
SRPK2,SRSF protein kinase 2,Chapter II Neoplasms,"Carcinoma in situ of breast, intraductal",22569,167,0.99 [0.84-1.17],0.9133191135817792
SRPK2,SRSF protein kinase 2,Chapter II Neoplasms,"Chronic lymphocytic leukaemia and small lyphocytis leukaemia, excluding all cancers (controls excluding all cancers)",22547,32,1.11 [0.78-1.59],0.5592482968484103
SRPK2,SRSF protein kinase 2,Chapter II Neoplasms,"Diffuse large B-cell lymphoma, excluding all cancers (controls excluding all cancers)",22584,69,1.07 [0.83-1.37],0.6080532059309904
SRPK2,SRSF protein kinase 2,Chapter II Neoplasms,"Haemangioma and lymphangioma, any site",27675,140,0.90 [0.75-1.08],0.2664675995217749
SRPK2,SRSF protein kinase 2,Chapter II Neoplasms,"Haemangioma, any site",27676,138,0.89 [0.74-1.08],0.2500384269396448
SRPK2,SRSF protein kinase 2,Chapter II Neoplasms,Leiomyoma of uterus,26749,595,0.95 [0.87-1.04],0.230023520605612
SRPK2,SRSF protein kinase 2,Chapter II Neoplasms,Lung cancer and mesothelioma,19894,317,1.02 [0.90-1.14],0.8056875991116927
SRPK2,SRSF protein kinase 2,Chapter II Neoplasms,Lymphoid leukaemia,22552,37,1.19 [0.86-1.64],0.2844876336001088
SRPK2,SRSF protein kinase 2,Chapter II Neoplasms,"Malignant melanoma of skin, excluding all cancers (controls excluding all cancers)",22694,179,1.06 [0.91-1.24],0.4704850073758069
SRPK2,SRSF protein kinase 2,Chapter II Neoplasms,"Malignant neoplasm of bladder, excluding all cancers (controls excluding all cancers)",22628,113,0.92 [0.75-1.13],0.4364511703494017
SRPK2,SRSF protein kinase 2,Chapter II Neoplasms,"Malignant neoplasm of corpus uteri, excluding all cancers (controls excluding all cancers)",22702,187,0.90 [0.76-1.06],0.192793933166584
SRPK2,SRSF protein kinase 2,Chapter II Neoplasms,"Malignant neoplasm of intrahepatic ducts, biliary tract and gallbladder, excluding all cancers (controls excluding all cancers)",22585,70,1.13 [0.89-1.43],0.3309188061970343
SRPK2,SRSF protein kinase 2,Chapter II Neoplasms,"Malignant neoplasm of kidney, except renal pelvis, excluding all cancers (controls excluding all cancers)",22589,74,1.27 [1.01-1.58],0.0364643786411682
SRPK2,SRSF protein kinase 2,Chapter II Neoplasms,"Malignant neoplasm of oesophagus, excluding all cancers (controls excluding all cancers)",22573,58,0.99 [0.74-1.31],0.932086869933836
SRPK2,SRSF protein kinase 2,Chapter II Neoplasms,"Malignant neoplasm of ovary, excluding all cancers (controls excluding all cancers)",22660,145,1.00 [0.84-1.19],0.9701022151157342
SRPK2,SRSF protein kinase 2,Chapter II Neoplasms,"Malignant neoplasm of pancreas, excluding all cancers (controls excluding all cancers)",22618,103,0.98 [0.79-1.21],0.8547691434558539
SRPK2,SRSF protein kinase 2,Chapter II Neoplasms,"Malignant neoplasm of rectum, excluding all cancers (controls excluding all cancers)",22598,83,0.90 [0.70-1.15],0.3994935308755902
SRPK2,SRSF protein kinase 2,Chapter II Neoplasms,"Malignant neoplasm of stomach, excluding all cancers (controls excluding all cancers)",22558,43,1.27 [0.94-1.70],0.1158350258195719
SRPK2,SRSF protein kinase 2,Chapter II Neoplasms,Malignant neoplasms of independent (primary) multiple sites,22597,82,0.86 [0.66-1.10],0.2274267786141054
SRPK2,SRSF protein kinase 2,Chapter II Neoplasms,Melanocytic naevi,27478,234,1.20 [1.06-1.37],0.0051687631095748
SRPK2,SRSF protein kinase 2,Chapter II Neoplasms,Melanocytic naevi of trunk,27696,81,1.16 [0.93-1.45],0.2000920923748199
SRPK2,SRSF protein kinase 2,Chapter II Neoplasms,Melanoma in situ,22550,90,1.10 [0.88-1.36],0.4119778871426149
SRPK2,SRSF protein kinase 2,Chapter II Neoplasms,"Non-follicular lymphoma, hilmo, excluding all cancers",22598,83,1.05 [0.84-1.32],0.6736764792630143
SRPK2,SRSF protein kinase 2,Chapter II Neoplasms,"Non-Hodgkin lymphoma, all, excluding all cancers (controls excluding all cancers)",22671,156,1.08 [0.92-1.28],0.3400773468216317
SRPK2,SRSF protein kinase 2,Chapter II Neoplasms,"Non-small cell lung cancer, excluding all cancers (controls excluding all cancers)",22747,232,0.89 [0.77-1.03],0.1205926704634051
SRPK2,SRSF protein kinase 2,Chapter II Neoplasms,"Other and unspecified types of non-Hodgkin lymphoma, hilmo, excluding all cancers",22611,96,1.19 [0.98-1.46],0.0847917110271865
SRPK2,SRSF protein kinase 2,Chapter II Neoplasms,Other benign neoplasms of skin,27516,171,1.02 [0.87-1.20],0.78200993973126
SRPK2,SRSF protein kinase 2,Chapter II Neoplasms,"Other malignant neoplasms of skin (=non-melanoma skin cancer), excluding all cancers (controls excluding all cancers)",23461,946,0.96 [0.89-1.03],0.2269136176195311
SRPK2,SRSF protein kinase 2,Chapter II Neoplasms,"Squamous cell neoplasms and carcinomas of the skin, excluding all cancers (controls excluding all cancers)",23502,987,0.96 [0.90-1.03],0.2591598289657733
SRPK2,SRSF protein kinase 2,Chapter III Diseases of the blood and blood-forming organs and certain disorders involving the immune mechanism,Agranulocytosis,27434,378,1.02 [0.91-1.13],0.7538631027242373
SRPK2,SRSF protein kinase 2,Chapter III Diseases of the blood and blood-forming organs and certain disorders involving the immune mechanism,Anaemia in chronic diseases classified elsewhere,25698,105,1.19 [0.98-1.45],0.0789399560194753
SRPK2,SRSF protein kinase 2,Chapter III Diseases of the blood and blood-forming organs and certain disorders involving the immune mechanism,Diseases of spleen,27125,69,1.20 [0.95-1.52],0.128398478455065
SRPK2,SRSF protein kinase 2,Chapter III Diseases of the blood and blood-forming organs and certain disorders involving the immune mechanism,Diseases of the blood and blood-forming organs and certain disorders involving the immune mechanism,26718,3010,1.09 [1.05-1.13],1.0060352389177512e-05
SRPK2,SRSF protein kinase 2,Chapter III Diseases of the blood and blood-forming organs and certain disorders involving the immune mechanism,Folate deficiency anaemia,26084,37,1.10 [0.79-1.54],0.575715360852529
SRPK2,SRSF protein kinase 2,Chapter III Diseases of the blood and blood-forming organs and certain disorders involving the immune mechanism,Idiopathic thrombocytopenic purpura,27331,49,1.37 [1.05-1.78],0.0196972568588584
SRPK2,SRSF protein kinase 2,Chapter III Diseases of the blood and blood-forming organs and certain disorders involving the immune mechanism,Other anaemias,27153,1560,1.08 [1.03-1.14],0.0026208863020469
SRPK2,SRSF protein kinase 2,Chapter III Diseases of the blood and blood-forming organs and certain disorders involving the immune mechanism,Other and unspecified anaemias,27153,1560,1.08 [1.03-1.14],0.0026208863020469
SRPK2,SRSF protein kinase 2,Chapter III Diseases of the blood and blood-forming organs and certain disorders involving the immune mechanism,Other and unspecified aplastic anaemias,25664,71,1.01 [0.78-1.29],0.9622984099902158
SRPK2,SRSF protein kinase 2,Chapter III Diseases of the blood and blood-forming organs and certain disorders involving the immune mechanism,Other and unspecified iron deficiency,27331,1284,1.13 [1.07-1.20],1.4445385877866284e-05
SRPK2,SRSF protein kinase 2,Chapter III Diseases of the blood and blood-forming organs and certain disorders involving the immune mechanism,Other coagulation defects,27405,123,0.89 [0.73-1.09],0.2663451905084014
SRPK2,SRSF protein kinase 2,Chapter III Diseases of the blood and blood-forming organs and certain disorders involving the immune mechanism,Other diseases of blood and blood-forming organs,27109,53,1.05 [0.79-1.40],0.7281930407916246
SRPK2,SRSF protein kinase 2,Chapter III Diseases of the blood and blood-forming organs and certain disorders involving the immune mechanism,Other disorders of white blood cells,27114,58,1.01 [0.76-1.33],0.9700154300271328
SRPK2,SRSF protein kinase 2,Chapter III Diseases of the blood and blood-forming organs and certain disorders involving the immune mechanism,Purpura and other haemorrhagic conditions,27526,244,1.02 [0.89-1.16],0.8028227181180059
SRPK2,SRSF protein kinase 2,Chapter III Diseases of the blood and blood-forming organs and certain disorders involving the immune mechanism,Sarcoidosis,27627,60,1.52 [1.21-1.90],0.0003100438206564
SRPK2,SRSF protein kinase 2,Chapter III Diseases of the blood and blood-forming organs and certain disorders involving the immune mechanism,"Thrombocytopenia, unspecified",27488,206,0.86 [0.73-1.00],0.0543887271468636
SRPK2,SRSF protein kinase 2,Chapter III Diseases of the blood and blood-forming organs and certain disorders involving the immune mechanism,Vitamin B12 deficiency anaemia,26178,131,1.25 [1.05-1.48],0.0106384617213745
SRPK2,SRSF protein kinase 2,"Chapter IV Endocrine, nutritional and metabolic diseases",Acidosis,22323,259,1.04 [0.92-1.19],0.5169017313855306
SRPK2,SRSF protein kinase 2,"Chapter IV Endocrine, nutritional and metabolic diseases",Acute alcohol intoxication,26298,70,1.06 [0.81-1.39],0.681906315572387
SRPK2,SRSF protein kinase 2,"Chapter IV Endocrine, nutritional and metabolic diseases",Alcohol dependence,26293,65,1.38 [1.09-1.75],0.0067910559213629
SRPK2,SRSF protein kinase 2,"Chapter IV Endocrine, nutritional and metabolic diseases",Alkalosis,22117,53,1.27 [0.98-1.64],0.0685777138952738
SRPK2,SRSF protein kinase 2,"Chapter IV Endocrine, nutritional and metabolic diseases",Bipolar affective disorders,25431,73,1.19 [0.95-1.51],0.1345657152659743
SRPK2,SRSF protein kinase 2,"Chapter IV Endocrine, nutritional and metabolic diseases",Deficiency of other B group vitamins,25074,251,0.98 [0.86-1.12],0.7821061034757081
SRPK2,SRSF protein kinase 2,"Chapter IV Endocrine, nutritional and metabolic diseases","Delirium, not induced by alcohol and other psychoactive substances",27297,519,1.00 [0.91-1.09],0.9460801827841658
SRPK2,SRSF protein kinase 2,"Chapter IV Endocrine, nutritional and metabolic diseases",Dementia in Alzheimer disease,27070,292,1.02 [0.90-1.15],0.812260740843034
SRPK2,SRSF protein kinase 2,"Chapter IV Endocrine, nutritional and metabolic diseases",Dementia in other diseases classified elsewhere,26863,85,1.18 [0.95-1.46],0.1316088541328578
SRPK2,SRSF protein kinase 2,"Chapter IV Endocrine, nutritional and metabolic diseases",Depression,27340,1982,1.06 [1.01-1.11],0.0114631214062665
SRPK2,SRSF protein kinase 2,"Chapter IV Endocrine, nutritional and metabolic diseases",Depression or dysthymia,24539,1929,1.07 [1.02-1.12],0.0034984401878374
SRPK2,SRSF protein kinase 2,"Chapter IV Endocrine, nutritional and metabolic diseases","Disorder of lipoprotein metabolism, unspecified",22124,60,1.15 [0.89-1.49],0.3004304803869416
SRPK2,SRSF protein kinase 2,"Chapter IV Endocrine, nutritional and metabolic diseases","Disorder of thyroid, unspecified",24603,119,1.10 [0.92-1.33],0.2916514315293236
SRPK2,SRSF protein kinase 2,"Chapter IV Endocrine, nutritional and metabolic diseases",Disorders of calcium metabolism,22350,286,1.05 [0.93-1.19],0.4181140796230579
SRPK2,SRSF protein kinase 2,"Chapter IV Endocrine, nutritional and metabolic diseases",Disorders of iron metabolism,22111,47,1.21 [0.91-1.61],0.1959349375712563
SRPK2,SRSF protein kinase 2,"Chapter IV Endocrine, nutritional and metabolic diseases",Disorders of lipoprotein metabolism and other lipidaemias,25249,3185,1.09 [1.05-1.13],7.308017527156259e-06
SRPK2,SRSF protein kinase 2,"Chapter IV Endocrine, nutritional and metabolic diseases",Disorders of magnesium metabolism,22265,201,0.94 [0.81-1.10],0.4535967294701799
SRPK2,SRSF protein kinase 2,"Chapter IV Endocrine, nutritional and metabolic diseases",Disorders of mineral metabolism,22604,540,1.04 [0.95-1.14],0.3828741927398769
SRPK2,SRSF protein kinase 2,"Chapter IV Endocrine, nutritional and metabolic diseases",Disorders of other endocrine glands,27638,376,1.15 [1.04-1.27],0.0082417286703392
SRPK2,SRSF protein kinase 2,"Chapter IV Endocrine, nutritional and metabolic diseases",Disorders of parathyroid gland,27447,185,1.22 [1.05-1.40],0.0071068352367441
SRPK2,SRSF protein kinase 2,"Chapter IV Endocrine, nutritional and metabolic diseases",Disorders of phosphorus metabolism and phosphatases,22165,101,0.95 [0.77-1.18],0.646857763873169
SRPK2,SRSF protein kinase 2,"Chapter IV Endocrine, nutritional and metabolic diseases","Disorders of plasma-protein metabolism, not elsewhere classified",22119,55,1.14 [0.87-1.49],0.3424529042360104
SRPK2,SRSF protein kinase 2,"Chapter IV Endocrine, nutritional and metabolic diseases",Disorders of the thyroid gland,26846,2362,1.06 [1.02-1.11],0.0042650179553391
SRPK2,SRSF protein kinase 2,"Chapter IV Endocrine, nutritional and metabolic diseases",Fluid overload,22274,210,1.04 [0.90-1.21],0.5612932917546113
SRPK2,SRSF protein kinase 2,"Chapter IV Endocrine, nutritional and metabolic diseases",Hyperkalaemia,22284,220,1.20 [1.05-1.37],0.0085055280351959
SRPK2,SRSF protein kinase 2,"Chapter IV Endocrine, nutritional and metabolic diseases","Hyperlipidaemia, other/unspecified",22607,543,1.05 [0.96-1.15],0.2814943740846305
SRPK2,SRSF protein kinase 2,"Chapter IV Endocrine, nutritional and metabolic diseases",Hyperosmolality and hypernatraemia,22158,94,1.01 [0.82-1.26],0.8940799177171914
SRPK2,SRSF protein kinase 2,"Chapter IV Endocrine, nutritional and metabolic diseases",Hyperparathyroidism,27437,175,1.18 [1.02-1.37],0.0306891407571079
SRPK2,SRSF protein kinase 2,"Chapter IV Endocrine, nutritional and metabolic diseases",Hypo-osmolality and hyponatraemia,22698,634,1.00 [0.91-1.08],0.925793978872523
SRPK2,SRSF protein kinase 2,"Chapter IV Endocrine, nutritional and metabolic diseases",Hypokalaemia,22636,572,1.03 [0.95-1.13],0.4663444351324082
SRPK2,SRSF protein kinase 2,"Chapter IV Endocrine, nutritional and metabolic diseases",Iron deficiency,24894,71,1.02 [0.79-1.30],0.9045410317285254
SRPK2,SRSF protein kinase 2,"Chapter IV Endocrine, nutritional and metabolic diseases",Metabolic disorders,26823,4759,1.07 [1.04-1.10],7.44382007864764e-06
SRPK2,SRSF protein kinase 2,"Chapter IV Endocrine, nutritional and metabolic diseases",Nontoxic multinodular goitre,24561,77,0.83 [0.64-1.07],0.1481045249605063
SRPK2,SRSF protein kinase 2,"Chapter IV Endocrine, nutritional and metabolic diseases",Nontoxic single thyroid nodule,24573,89,0.99 [0.79-1.25],0.9531575232691732
SRPK2,SRSF protein kinase 2,"Chapter IV Endocrine, nutritional and metabolic diseases",Obesity,27542,2109,1.02 [0.97-1.06],0.4339947214440089
SRPK2,SRSF protein kinase 2,"Chapter IV Endocrine, nutritional and metabolic diseases","Obesity, other/unspecified",27547,2108,1.02 [0.97-1.06],0.4247916301706507
SRPK2,SRSF protein kinase 2,"Chapter IV Endocrine, nutritional and metabolic diseases",Other and/or unspecified nontoxic goitre,24566,82,0.96 [0.75-1.21],0.7135750377430436
SRPK2,SRSF protein kinase 2,"Chapter IV Endocrine, nutritional and metabolic diseases",Other anxiety disorders,27327,1605,1.06 [1.01-1.12],0.0193627456059777
SRPK2,SRSF protein kinase 2,"Chapter IV Endocrine, nutritional and metabolic diseases","Other disorders of fluid, electrolyte and acid-base balance",23612,1548,1.05 [1.00-1.11],0.0660725202962824
SRPK2,SRSF protein kinase 2,"Chapter IV Endocrine, nutritional and metabolic diseases",Other disorders of glucose regulation and pancreatic internal secretion,27729,189,1.03 [0.88-1.20],0.7291899166403419
SRPK2,SRSF protein kinase 2,"Chapter IV Endocrine, nutritional and metabolic diseases",Other mental disorders due to brain damage and dysfunction and to physical disease,26837,59,1.11 [0.85-1.45],0.4300509938192783
SRPK2,SRSF protein kinase 2,"Chapter IV Endocrine, nutritional and metabolic diseases",Panic disorder,25858,136,0.98 [0.82-1.18],0.8343728302307509
SRPK2,SRSF protein kinase 2,"Chapter IV Endocrine, nutritional and metabolic diseases",Phobic anxiety disorders,25924,202,1.16 [1.01-1.33],0.0412384539673558
SRPK2,SRSF protein kinase 2,"Chapter IV Endocrine, nutritional and metabolic diseases","Postprocedural endocrine and metabolic disorders, not elsewhere classified",22335,271,1.18 [1.05-1.33],0.0059486805926998
SRPK2,SRSF protein kinase 2,"Chapter IV Endocrine, nutritional and metabolic diseases",Type 1 diabetes without complications,25892,144,1.11 [0.94-1.31],0.2322524428857698
SRPK2,SRSF protein kinase 2,"Chapter IV Endocrine, nutritional and metabolic diseases",Type 2 diabetes with neurological complications,1726,49,0.89 [0.65-1.21],0.4615876042105286
SRPK2,SRSF protein kinase 2,"Chapter IV Endocrine, nutritional and metabolic diseases",Type 2 diabetes with ophthalmic complications,1840,187,1.09 [0.94-1.26],0.2476708299462981
SRPK2,SRSF protein kinase 2,"Chapter IV Endocrine, nutritional and metabolic diseases",Type 2 diabetes with peripheral circulatory complications,25772,24,1.46 [1.01-2.12],0.0468797876910877
SRPK2,SRSF protein kinase 2,"Chapter IV Endocrine, nutritional and metabolic diseases",Type 2 diabetes with renal complications,1707,31,1.03 [0.71-1.47],0.8891785348619061
SRPK2,SRSF protein kinase 2,"Chapter IV Endocrine, nutritional and metabolic diseases",Type 2 diabetes without complications,27248,1500,1.11 [1.05-1.17],0.0001247259815841
SRPK2,SRSF protein kinase 2,"Chapter IV Endocrine, nutritional and metabolic diseases",Unspecified dementia,27125,347,0.92 [0.82-1.04],0.1797160896859832
SRPK2,SRSF protein kinase 2,"Chapter IV Endocrine, nutritional and metabolic diseases",Vitamin D deficiency,25317,494,1.04 [0.94-1.14],0.4377424464251424
SRPK2,SRSF protein kinase 2,"Chapter IV Endocrine, nutritional and metabolic diseases",Volume depletion,22805,741,1.06 [0.99-1.15],0.1109361298426489
SRPK2,SRSF protein kinase 2,Chapter IX Diseases of the circulatory system,"!Phlebitis/thrombophlebitis venae iliacae [externae/internae/communis], drug-induced",27642,230,0.97 [0.84-1.12],0.6736411942731584
SRPK2,SRSF protein kinase 2,Chapter IX Diseases of the circulatory system,Abdominal aortic aneurysm (AAA),26722,57,0.99 [0.75-1.31],0.950522063399467
SRPK2,SRSF protein kinase 2,Chapter IX Diseases of the circulatory system,Angina pectoris,26190,891,1.11 [1.04-1.19],0.0016983358410851
SRPK2,SRSF protein kinase 2,Chapter IX Diseases of the circulatory system,Aortic aneurysm,26767,102,0.93 [0.75-1.15],0.5103163473445087
SRPK2,SRSF protein kinase 2,Chapter IX Diseases of the circulatory system,Arterial embolism and thrombosis of lower extremity artery,26697,32,1.23 [0.88-1.73],0.2280823536296319
SRPK2,SRSF protein kinase 2,Chapter IX Diseases of the circulatory system,"Atherosclerosis, excluding cerebral and coronary sclerosis",26818,153,1.06 [0.90-1.26],0.4603069275350757
SRPK2,SRSF protein kinase 2,Chapter IX Diseases of the circulatory system,Atrial fibrillation and flutter,18053,1506,1.05 [0.99-1.11],0.0797469997993837
SRPK2,SRSF protein kinase 2,Chapter IX Diseases of the circulatory system,AV-block,24278,249,1.16 [1.03-1.32],0.0180530698007027
SRPK2,SRSF protein kinase 2,Chapter IX Diseases of the circulatory system,"Bradycardia, unspecified, drug-induced",27701,304,0.89 [0.78-1.01],0.0621020715051763
SRPK2,SRSF protein kinase 2,Chapter IX Diseases of the circulatory system,Cardiac arrest,16680,133,1.34 [1.14-1.57],0.0004105425739927
SRPK2,SRSF protein kinase 2,Chapter IX Diseases of the circulatory system,Cardiomyopathy,24167,138,0.88 [0.73-1.07],0.1989274225865077
SRPK2,SRSF protein kinase 2,Chapter IX Diseases of the circulatory system,"Cardiomyopathy, other and unspecified",24111,82,1.02 [0.81-1.29],0.8502734607299711
SRPK2,SRSF protein kinase 2,Chapter IX Diseases of the circulatory system,Cerebral atherosclerosis,27739,35,0.98 [0.68-1.42],0.9174868594972
SRPK2,SRSF protein kinase 2,Chapter IX Diseases of the circulatory system,Conduction disorders,24770,741,1.07 [0.99-1.15],0.0865829828412229
SRPK2,SRSF protein kinase 2,Chapter IX Diseases of the circulatory system,Coronary atherosclerosis,26819,1532,1.11 [1.05-1.17],9.646974311744068e-05
SRPK2,SRSF protein kinase 2,Chapter IX Diseases of the circulatory system,Death due to cardiac causes,24941,7338,1.05 [1.03-1.08],5.464705019853455e-05
SRPK2,SRSF protein kinase 2,Chapter IX Diseases of the circulatory system,DVT of lower extremities,26212,245,1.00 [0.87-1.14],0.9848829529963884
SRPK2,SRSF protein kinase 2,Chapter IX Diseases of the circulatory system,Endocarditis,24091,62,1.27 [0.99-1.61],0.0570834680711766
SRPK2,SRSF protein kinase 2,Chapter IX Diseases of the circulatory system,"Heart failure, strict",27643,869,1.10 [1.02-1.18],0.0086614460874099
SRPK2,SRSF protein kinase 2,Chapter IX Diseases of the circulatory system,Hypertension,25574,6191,1.05 [1.02-1.08],0.0002249301878023
SRPK2,SRSF protein kinase 2,Chapter IX Diseases of the circulatory system,"Hypertension, essential",25586,6203,1.05 [1.02-1.08],0.0002418284237988
SRPK2,SRSF protein kinase 2,Chapter IX Diseases of the circulatory system,"Hypertension, portal",27629,43,0.89 [0.64-1.25],0.5126867823247787
SRPK2,SRSF protein kinase 2,Chapter IX Diseases of the circulatory system,"Hypertension, Pulmonary Arterial",19548,165,0.99 [0.84-1.17],0.9305154160358914
SRPK2,SRSF protein kinase 2,Chapter IX Diseases of the circulatory system,Hypertensive Renal Disease,19486,103,1.36 [1.13-1.64],0.0009628786360051
SRPK2,SRSF protein kinase 2,Chapter IX Diseases of the circulatory system,Hypotension,27602,1129,1.00 [0.94-1.06],0.9606265932886427
SRPK2,SRSF protein kinase 2,Chapter IX Diseases of the circulatory system,Intracerebral haemorrhage,26973,94,1.14 [0.93-1.41],0.2066358445580529
SRPK2,SRSF protein kinase 2,Chapter IX Diseases of the circulatory system,"Ischaemic heart disease, wide definition",27018,1719,1.11 [1.06-1.17],1.2328123317550568e-05
SRPK2,SRSF protein kinase 2,Chapter IX Diseases of the circulatory system,"Ischaemic Stroke, excluding all haemorrhages",27419,460,1.04 [0.94-1.14],0.4789997804550542
SRPK2,SRSF protein kinase 2,Chapter IX Diseases of the circulatory system,Left bundle-branch block,24333,304,1.05 [0.93-1.18],0.4202082566266668
SRPK2,SRSF protein kinase 2,Chapter IX Diseases of the circulatory system,Major coronary heart disease event,27517,610,1.09 [1.00-1.19],0.0386210890089029
SRPK2,SRSF protein kinase 2,Chapter IX Diseases of the circulatory system,"Myocardial infarction, strict",25790,491,1.13 [1.03-1.23],0.0108572356086762
SRPK2,SRSF protein kinase 2,Chapter IX Diseases of the circulatory system,"Myocardial infarction, with ST-elevation",27718,90,1.21 [0.98-1.49],0.0695795305064018
SRPK2,SRSF protein kinase 2,Chapter IX Diseases of the circulatory system,"Myocardial infarction, without ST-elevation",27737,243,1.13 [0.99-1.28],0.0708906890914322
SRPK2,SRSF protein kinase 2,Chapter IX Diseases of the circulatory system,Oesophageal varices,26004,37,0.96 [0.67-1.36],0.8022652086375095
SRPK2,SRSF protein kinase 2,Chapter IX Diseases of the circulatory system,Other aneurysm,26726,61,0.75 [0.56-1.02],0.0665528444744337
SRPK2,SRSF protein kinase 2,Chapter IX Diseases of the circulatory system,Other arrhythmias,24393,364,1.04 [0.93-1.16],0.4587425657559424
SRPK2,SRSF protein kinase 2,Chapter IX Diseases of the circulatory system,Other arterial embolism and thrombosis,26727,62,1.28 [1.00-1.63],0.0482018662753
SRPK2,SRSF protein kinase 2,Chapter IX Diseases of the circulatory system,Other diseases of arteries and capillaries,26857,192,0.97 [0.83-1.13],0.6917246441039551
SRPK2,SRSF protein kinase 2,Chapter IX Diseases of the circulatory system,Other diseases of pericardium,24188,159,1.02 [0.87-1.21],0.7892954647160262
SRPK2,SRSF protein kinase 2,Chapter IX Diseases of the circulatory system,Other disorders of veins,26061,94,1.09 [0.88-1.34],0.4449217653467066
SRPK2,SRSF protein kinase 2,Chapter IX Diseases of the circulatory system,Other embolism and thrombosis,26013,46,1.13 [0.84-1.52],0.4372598580785547
SRPK2,SRSF protein kinase 2,Chapter IX Diseases of the circulatory system,Other intracranial haemorrhages,26477,38,0.78 [0.54-1.14],0.201175452623238
SRPK2,SRSF protein kinase 2,Chapter IX Diseases of the circulatory system,Other noninfective disorders of lymphatic vessels and lymph nodes,26132,165,1.02 [0.87-1.20],0.7802841008838106
SRPK2,SRSF protein kinase 2,Chapter IX Diseases of the circulatory system,Other or ill-defined heart diseases,24845,816,1.06 [0.99-1.14],0.0979268414960667
SRPK2,SRSF protein kinase 2,Chapter IX Diseases of the circulatory system,Other other unspecified disorders of the circulatory system,26517,44,0.88 [0.63-1.22],0.445047606939858
SRPK2,SRSF protein kinase 2,Chapter IX Diseases of the circulatory system,Other peripheral vascular diseases,27174,509,0.92 [0.84-1.02],0.1075032051167313
SRPK2,SRSF protein kinase 2,Chapter IX Diseases of the circulatory system,Other pulmonary heart/vessel disease,27158,324,1.03 [0.92-1.16],0.5697917361121494
SRPK2,SRSF protein kinase 2,Chapter IX Diseases of the circulatory system,"Other specified cerebrovascular diseases, other cerebrovascular disorders in diseases classified elsewhere",26990,551,0.98 [0.89-1.07],0.6109918181192255
SRPK2,SRSF protein kinase 2,Chapter IX Diseases of the circulatory system,Paroxysmal tachycardia,16845,298,1.05 [0.93-1.18],0.4657811232558089
SRPK2,SRSF protein kinase 2,Chapter IX Diseases of the circulatory system,Peripheral artery disease,26930,278,1.02 [0.90-1.15],0.7980441666978715
SRPK2,SRSF protein kinase 2,Chapter IX Diseases of the circulatory system,Phlebitis and thrombophlebitis (not including DVT),26292,325,1.02 [0.90-1.14],0.7807186019729834
SRPK2,SRSF protein kinase 2,Chapter IX Diseases of the circulatory system,Pulmonary embolism,27283,449,1.03 [0.93-1.13],0.5934147631967969
SRPK2,SRSF protein kinase 2,Chapter IX Diseases of the circulatory system,Rheumatic valve diseases,27663,600,1.07 [0.98-1.16],0.1374363509648824
SRPK2,SRSF protein kinase 2,Chapter IX Diseases of the circulatory system,Right bundle-branch block,24251,222,1.02 [0.89-1.18],0.7613011415437849
SRPK2,SRSF protein kinase 2,Chapter IX Diseases of the circulatory system,Secondary right heart disease,27149,315,1.04 [0.92-1.17],0.5488027124796936
SRPK2,SRSF protein kinase 2,Chapter IX Diseases of the circulatory system,Sequelae of cerebrovascular disease,26602,163,0.92 [0.78-1.09],0.3359929635615318
SRPK2,SRSF protein kinase 2,Chapter IX Diseases of the circulatory system,"Stroke, excluding SAH",27412,533,1.04 [0.95-1.14],0.3542738944272738
SRPK2,SRSF protein kinase 2,Chapter IX Diseases of the circulatory system,"Stroke, including SAH",27386,579,1.03 [0.95-1.13],0.4635628077435851
SRPK2,SRSF protein kinase 2,Chapter IX Diseases of the circulatory system,Subarachnoid haemorrhage,26938,66,1.00 [0.77-1.30],0.983377917099118
SRPK2,SRSF protein kinase 2,Chapter IX Diseases of the circulatory system,Thoracic aortic aneurysm,26713,48,0.97 [0.72-1.32],0.8572349899217354
SRPK2,SRSF protein kinase 2,Chapter IX Diseases of the circulatory system,Transient ischemic attack,27181,222,1.05 [0.92-1.21],0.4705915669783794
SRPK2,SRSF protein kinase 2,Chapter IX Diseases of the circulatory system,Unstable angina pectoris,27106,199,1.05 [0.91-1.22],0.5027703810491078
SRPK2,SRSF protein kinase 2,Chapter IX Diseases of the circulatory system,Varicose veins,26428,461,1.02 [0.92-1.12],0.725429967033128
SRPK2,SRSF protein kinase 2,Chapter IX Diseases of the circulatory system,Vascular diseases of the intestine,26680,99,0.97 [0.78-1.20],0.7581512148696726
SRPK2,SRSF protein kinase 2,Chapter IX Diseases of the circulatory system,Venous thromboembolism,27527,707,1.02 [0.94-1.11],0.5974345752746649
SRPK2,SRSF protein kinase 2,Chapter V Mental and behavioural disorders,"Alcohol use disorder, ICD-based",27696,220,1.06 [0.92-1.22],0.4252699103487911
SRPK2,SRSF protein kinase 2,Chapter V Mental and behavioural disorders,"Anxiety disorders, excluding more controls",24621,1874,1.07 [1.02-1.12],0.0047515292366753
SRPK2,SRSF protein kinase 2,Chapter V Mental and behavioural disorders,Any mental disorder,27123,4376,1.06 [1.03-1.10],0.0001376413727822
SRPK2,SRSF protein kinase 2,Chapter V Mental and behavioural disorders,"Mental and behavioural disorders due to alcohol, excluding acute intoxication",27664,263,1.05 [0.92-1.19],0.472040390202439
SRPK2,SRSF protein kinase 2,Chapter V Mental and behavioural disorders,"Mood disorders, excluding more controls",24749,2002,1.08 [1.03-1.13],0.0010656568673061
SRPK2,SRSF protein kinase 2,Chapter V Mental and behavioural disorders,"Schizophrenia or delusion, excluding more controls",22843,96,0.95 [0.76-1.19],0.6615595727426835
SRPK2,SRSF protein kinase 2,Chapter V Mental and behavioural disorders,Smoking dependency,27321,1211,1.10 [1.03-1.17],0.0024623667939484
SRPK2,SRSF protein kinase 2,Chapter V Mental and behavioural disorders,"Substance abuse, excluding more controls",24143,1396,1.09 [1.03-1.15],0.0035827628658195
SRPK2,SRSF protein kinase 2,Chapter V Mental and behavioural disorders,Vascular dementia,27231,104,1.01 [0.82-1.25],0.9179075427436708
SRPK2,SRSF protein kinase 2,Chapter VI Diseases of the nervous system,Alzheimer disease,27743,361,1.02 [0.91-1.14],0.7585810654583605
SRPK2,SRSF protein kinase 2,Chapter VI Diseases of the nervous system,"AlzheimerÕs disease (Atypical or mixed), excluding more controls",18917,60,1.06 [0.81-1.39],0.6900403945385596
SRPK2,SRSF protein kinase 2,Chapter VI Diseases of the nervous system,Bell's palsy,25558,87,0.95 [0.76-1.20],0.6778636665243354
SRPK2,SRSF protein kinase 2,Chapter VI Diseases of the nervous system,Carpal tunnel syndrome,26115,644,1.02 [0.94-1.11],0.6350481551117624
SRPK2,SRSF protein kinase 2,Chapter VI Diseases of the nervous system,Cerebral cysts,27332,224,1.03 [0.90-1.18],0.6815939568334659
SRPK2,SRSF protein kinase 2,Chapter VI Diseases of the nervous system,Cerebral palsy and other paralytic syndromes,27669,282,0.96 [0.85-1.09],0.5683411006436923
SRPK2,SRSF protein kinase 2,Chapter VI Diseases of the nervous system,Circumscribed brain atrophy,27250,38,1.06 [0.76-1.48],0.7146085488232929
SRPK2,SRSF protein kinase 2,Chapter VI Diseases of the nervous system,Diseases of the myoneural junction and muscle,27730,48,1.37 [1.05-1.79],0.0193276283715069
SRPK2,SRSF protein kinase 2,Chapter VI Diseases of the nervous system,"Disorders of brain, other and unspecified",27163,55,0.92 [0.69-1.24],0.5972433255779432
SRPK2,SRSF protein kinase 2,Chapter VI Diseases of the nervous system,Epilepsy,26233,284,0.99 [0.88-1.13],0.9349355525421956
SRPK2,SRSF protein kinase 2,Chapter VI Diseases of the nervous system,Episodal and paroxysmal disorders,27318,1369,1.04 [0.98-1.09],0.2269226913725878
SRPK2,SRSF protein kinase 2,Chapter VI Diseases of the nervous system,Extrapyramidal and movement disorders,27694,522,1.05 [0.96-1.15],0.2869567991971977
SRPK2,SRSF protein kinase 2,Chapter VI Diseases of the nervous system,Falls/tendency to fall,27099,2947,0.99 [0.95-1.03],0.6758964239485042
SRPK2,SRSF protein kinase 2,Chapter VI Diseases of the nervous system,Generalized epilepsy,27370,48,1.16 [0.87-1.55],0.3105983372080662
SRPK2,SRSF protein kinase 2,Chapter VI Diseases of the nervous system,Hemiplegia,27612,225,1.00 [0.87-1.15],0.983499776661711
SRPK2,SRSF protein kinase 2,Chapter VI Diseases of the nervous system,Hydrocephalus,27172,64,1.15 [0.90-1.48],0.2582353179101713
SRPK2,SRSF protein kinase 2,Chapter VI Diseases of the nervous system,Inflammatory diseases of the central nervous system,27723,77,1.19 [0.95-1.49],0.1320072560138138
SRPK2,SRSF protein kinase 2,Chapter VI Diseases of the nervous system,Lesion of plantar nerve,25600,129,1.06 [0.88-1.27],0.5377936834351178
SRPK2,SRSF protein kinase 2,Chapter VI Diseases of the nervous system,Lesion of ulnar nerve,25538,67,1.18 [0.93-1.51],0.172446261201359
SRPK2,SRSF protein kinase 2,Chapter VI Diseases of the nervous system,Memory loss,27104,98,1.09 [0.88-1.34],0.4328432519110615
SRPK2,SRSF protein kinase 2,Chapter VI Diseases of the nervous system,Migraine,26472,523,1.03 [0.94-1.13],0.5148134338967874
SRPK2,SRSF protein kinase 2,Chapter VI Diseases of the nervous system,"Migraine, unspecified, drug-induced",27627,470,1.00 [0.91-1.10],0.9953137342931696
SRPK2,SRSF protein kinase 2,Chapter VI Diseases of the nervous system,Motor neuron disease,19006,122,0.99 [0.81-1.20],0.8852040287279561
SRPK2,SRSF protein kinase 2,Chapter VI Diseases of the nervous system,MS-disease / Multiple Sclerosis,27518,145,1.00 [0.84-1.20],0.9728980476671796
SRPK2,SRSF protein kinase 2,Chapter VI Diseases of the nervous system,"Nerve, nerve root and plexus disorders",26887,1416,1.03 [0.98-1.09],0.2820048864169856
SRPK2,SRSF protein kinase 2,Chapter VI Diseases of the nervous system,Neurological diseases,26106,3864,1.02 [0.99-1.06],0.1698443613976281
SRPK2,SRSF protein kinase 2,Chapter VI Diseases of the nervous system,Other and unspecified degenerative diseases of nervous system,27372,160,0.98 [0.83-1.17],0.848453821843593
SRPK2,SRSF protein kinase 2,Chapter VI Diseases of the nervous system,"Other and unspecified nerve root and plexus disorders, also in other diseases",25901,430,1.06 [0.96-1.17],0.260749164073125
SRPK2,SRSF protein kinase 2,Chapter VI Diseases of the nervous system,"Other and unspecified polyneuropathies, also in other diseases",27685,243,1.06 [0.93-1.21],0.4048463526641093
SRPK2,SRSF protein kinase 2,Chapter VI Diseases of the nervous system,Other degenerative diseases of the nervous system,22329,672,1.01 [0.93-1.09],0.8588320102819441
SRPK2,SRSF protein kinase 2,Chapter VI Diseases of the nervous system,Other diseases of spinal cord,27176,68,1.00 [0.78-1.30],0.9708921869140874
SRPK2,SRSF protein kinase 2,Chapter VI Diseases of the nervous system,Other disorders of nervous system,27233,125,0.89 [0.73-1.09],0.259369434625706
SRPK2,SRSF protein kinase 2,Chapter VI Diseases of the nervous system,Other extrapyramidal and movement disorders in other diseases,27362,190,1.10 [0.95-1.27],0.2170752315733729
SRPK2,SRSF protein kinase 2,Chapter VI Diseases of the nervous system,Other facial nerve disorders,25568,97,0.99 [0.80-1.23],0.9474037480176912
SRPK2,SRSF protein kinase 2,Chapter VI Diseases of the nervous system,Other headache syndromes,26025,76,1.20 [0.96-1.50],0.109506078428697
SRPK2,SRSF protein kinase 2,Chapter VI Diseases of the nervous system,Other neurological diseases,27621,513,1.04 [0.95-1.14],0.3980462616093715
SRPK2,SRSF protein kinase 2,Chapter VI Diseases of the nervous system,Other sleep disorders,26360,411,1.01 [0.91-1.11],0.9235017786296112
SRPK2,SRSF protein kinase 2,Chapter VI Diseases of the nervous system,Parkinson's disease,27718,316,1.00 [0.89-1.13],0.9603284353303848
SRPK2,SRSF protein kinase 2,Chapter VI Diseases of the nervous system,Postviral fatigue syndrome,27192,84,1.05 [0.84-1.31],0.6887024114417847
SRPK2,SRSF protein kinase 2,Chapter VI Diseases of the nervous system,Restless leg syndrome,27742,106,1.08 [0.88-1.32],0.4627265550911497
SRPK2,SRSF protein kinase 2,Chapter VI Diseases of the nervous system,Sleep apnoea,27561,324,0.99 [0.89-1.12],0.9285390916718318
SRPK2,SRSF protein kinase 2,Chapter VI Diseases of the nervous system,Small fibre neuropathy,27482,40,1.21 [0.89-1.65],0.2206718333255138
SRPK2,SRSF protein kinase 2,Chapter VI Diseases of the nervous system,Systemic atrophies primarily affecting the central nervous system,27734,152,0.92 [0.77-1.10],0.3389589977761336
SRPK2,SRSF protein kinase 2,Chapter VI Diseases of the nervous system,Trigeminal neuralgia,25540,69,1.05 [0.81-1.35],0.7191816573198874
SRPK2,SRSF protein kinase 2,Chapter VI Diseases of the nervous system,Unspecific neurodegenerative disorder,27743,365,1.02 [0.91-1.14],0.752350509715547
SRPK2,SRSF protein kinase 2,Chapter VI Diseases of the nervous system,Vascular dementia (undefined),27189,101,1.02 [0.83-1.26],0.8416174856999147
SRPK2,SRSF protein kinase 2,"Chapter VII Diseases of the eye, adnexa, ear and mastoid process",Amblyopia ex anopsia,27147,112,0.92 [0.74-1.13],0.4046010427352369
SRPK2,SRSF protein kinase 2,"Chapter VII Diseases of the eye, adnexa, ear and mastoid process",Astigmatism,27273,488,0.97 [0.88-1.07],0.5092803589392563
SRPK2,SRSF protein kinase 2,"Chapter VII Diseases of the eye, adnexa, ear and mastoid process",Background diabetic retinopathy,27596,175,1.15 [0.99-1.34],0.0616564826521966
SRPK2,SRSF protein kinase 2,"Chapter VII Diseases of the eye, adnexa, ear and mastoid process",Blepharochalasis,26614,62,1.19 [0.93-1.53],0.175166026738057
SRPK2,SRSF protein kinase 2,"Chapter VII Diseases of the eye, adnexa, ear and mastoid process",Chalazion,26606,54,1.15 [0.87-1.51],0.3205977418796774
SRPK2,SRSF protein kinase 2,"Chapter VII Diseases of the eye, adnexa, ear and mastoid process","Conjunctivitis (acute, non atopic)",27620,60,1.24 [0.97-1.59],0.0872187561127886
SRPK2,SRSF protein kinase 2,"Chapter VII Diseases of the eye, adnexa, ear and mastoid process",Corneal degeneration,27449,169,0.94 [0.79-1.11],0.4537557362778973
SRPK2,SRSF protein kinase 2,"Chapter VII Diseases of the eye, adnexa, ear and mastoid process","Diabetic nephropathy, excluding more controls",1713,36,1.08 [0.78-1.51],0.6320601597448723
SRPK2,SRSF protein kinase 2,"Chapter VII Diseases of the eye, adnexa, ear and mastoid process",Diabetic neuropathy,2062,71,0.94 [0.73-1.21],0.6215841666920461
SRPK2,SRSF protein kinase 2,"Chapter VII Diseases of the eye, adnexa, ear and mastoid process",Diplopia,27128,93,0.93 [0.75-1.17],0.5579295730928331
SRPK2,SRSF protein kinase 2,"Chapter VII Diseases of the eye, adnexa, ear and mastoid process",Disorders of choroid and retina,27562,1074,1.06 [1.00-1.13],0.0530758435784131
SRPK2,SRSF protein kinase 2,"Chapter VII Diseases of the eye, adnexa, ear and mastoid process","Disorders of eyelid, lacrimal system and orbit",27320,768,1.06 [0.98-1.14],0.1371959820697567
SRPK2,SRSF protein kinase 2,"Chapter VII Diseases of the eye, adnexa, ear and mastoid process",Disorders of lacrimal system,26856,304,1.07 [0.95-1.21],0.2499907691133684
SRPK2,SRSF protein kinase 2,"Chapter VII Diseases of the eye, adnexa, ear and mastoid process","Disorders of ocular muscles, binocular movement, accommodation and refraction",27648,863,1.00 [0.93-1.08],0.9785288068095412
SRPK2,SRSF protein kinase 2,"Chapter VII Diseases of the eye, adnexa, ear and mastoid process",Disorders of optic nerve and visual pathways,27726,69,1.16 [0.91-1.47],0.2317016655921039
SRPK2,SRSF protein kinase 2,"Chapter VII Diseases of the eye, adnexa, ear and mastoid process",Disorders of refraction and accommodation,27571,786,1.01 [0.94-1.09],0.7674416686644532
SRPK2,SRSF protein kinase 2,"Chapter VII Diseases of the eye, adnexa, ear and mastoid process","Disorders of sclera, cornea, iris and ciliary body",27695,415,0.97 [0.88-1.08],0.631739765550186
SRPK2,SRSF protein kinase 2,"Chapter VII Diseases of the eye, adnexa, ear and mastoid process",Disorders of vitreous body,27647,209,0.94 [0.81-1.09],0.3936401714124808
SRPK2,SRSF protein kinase 2,"Chapter VII Diseases of the eye, adnexa, ear and mastoid process",Ectropion of eyelid,26593,41,1.24 [0.91-1.68],0.1703737019938387
SRPK2,SRSF protein kinase 2,"Chapter VII Diseases of the eye, adnexa, ear and mastoid process",Entropion and trichiasis of eyelid,26601,49,1.21 [0.92-1.60],0.177970535763987
SRPK2,SRSF protein kinase 2,"Chapter VII Diseases of the eye, adnexa, ear and mastoid process",Epiphora,26620,68,1.01 [0.78-1.31],0.949089494753337
SRPK2,SRSF protein kinase 2,"Chapter VII Diseases of the eye, adnexa, ear and mastoid process",Glaucoma,27653,739,1.03 [0.95-1.11],0.4843146453519792
SRPK2,SRSF protein kinase 2,"Chapter VII Diseases of the eye, adnexa, ear and mastoid process",Glaucoma suspect,27104,190,1.00 [0.86-1.17],0.9990264663560436
SRPK2,SRSF protein kinase 2,"Chapter VII Diseases of the eye, adnexa, ear and mastoid process",Hypermetropia,26854,69,1.11 [0.87-1.41],0.4112582220108456
SRPK2,SRSF protein kinase 2,"Chapter VII Diseases of the eye, adnexa, ear and mastoid process",Iridocyclitis,27385,105,1.07 [0.87-1.30],0.5315291496439261
SRPK2,SRSF protein kinase 2,"Chapter VII Diseases of the eye, adnexa, ear and mastoid process",Keratitis,27599,319,0.94 [0.84-1.07],0.3531912865972737
SRPK2,SRSF protein kinase 2,"Chapter VII Diseases of the eye, adnexa, ear and mastoid process",Myopia,26999,214,1.04 [0.90-1.20],0.6079699281043212
SRPK2,SRSF protein kinase 2,"Chapter VII Diseases of the eye, adnexa, ear and mastoid process",Other and unspecified disorders of vitreous body,27575,137,0.89 [0.74-1.08],0.2457393409526972
SRPK2,SRSF protein kinase 2,"Chapter VII Diseases of the eye, adnexa, ear and mastoid process",Other and unspecified glaucoma,27397,483,1.03 [0.94-1.14],0.4804632046659799
SRPK2,SRSF protein kinase 2,"Chapter VII Diseases of the eye, adnexa, ear and mastoid process",Other and unspecified visual disturbances,27189,154,1.03 [0.87-1.22],0.742823644616668
SRPK2,SRSF protein kinase 2,"Chapter VII Diseases of the eye, adnexa, ear and mastoid process",Other cataract,25914,2555,1.04 [1.00-1.08],0.0715351944552555
SRPK2,SRSF protein kinase 2,"Chapter VII Diseases of the eye, adnexa, ear and mastoid process",Other disorders of cornea,27557,277,0.95 [0.84-1.09],0.4754486947849856
SRPK2,SRSF protein kinase 2,"Chapter VII Diseases of the eye, adnexa, ear and mastoid process",Other disorders of eye and adnexa,27717,154,1.12 [0.95-1.32],0.1726408295337933
SRPK2,SRSF protein kinase 2,"Chapter VII Diseases of the eye, adnexa, ear and mastoid process",Other disorders of eyelid,26951,399,1.09 [0.99-1.21],0.0904224916720495
SRPK2,SRSF protein kinase 2,"Chapter VII Diseases of the eye, adnexa, ear and mastoid process",Other disorders of iris and ciliary body,27345,65,1.05 [0.81-1.36],0.69964531393524
SRPK2,SRSF protein kinase 2,"Chapter VII Diseases of the eye, adnexa, ear and mastoid process",Other disorders of optic [2nd] nerve and visual pathways,27711,54,1.21 [0.93-1.58],0.1495103263231607
SRPK2,SRSF protein kinase 2,"Chapter VII Diseases of the eye, adnexa, ear and mastoid process",Other inflammation of eyelid,26646,94,0.95 [0.76-1.19],0.6636358358562624
SRPK2,SRSF protein kinase 2,"Chapter VII Diseases of the eye, adnexa, ear and mastoid process",Other specified and unspecified  disorders of eyelid,26708,156,1.02 [0.86-1.21],0.8279054188516025
SRPK2,SRSF protein kinase 2,"Chapter VII Diseases of the eye, adnexa, ear and mastoid process",Other specified and unspecified retinal disorders,26596,108,1.20 [0.99-1.45],0.0588029053381122
SRPK2,SRSF protein kinase 2,"Chapter VII Diseases of the eye, adnexa, ear and mastoid process",Other strabismus,26854,69,0.96 [0.74-1.25],0.7712061504559586
SRPK2,SRSF protein kinase 2,"Chapter VII Diseases of the eye, adnexa, ear and mastoid process","Other, unspecified and serous retinal detachments",26549,61,0.78 [0.57-1.05],0.1012921203318953
SRPK2,SRSF protein kinase 2,"Chapter VII Diseases of the eye, adnexa, ear and mastoid process",Primary angle-closure glaucoma,27036,122,1.02 [0.84-1.23],0.8573042156474081
SRPK2,SRSF protein kinase 2,"Chapter VII Diseases of the eye, adnexa, ear and mastoid process","Primary open-angle glaucoma, strict",27096,182,0.97 [0.83-1.14],0.7514554582311068
SRPK2,SRSF protein kinase 2,"Chapter VII Diseases of the eye, adnexa, ear and mastoid process",Ptosis of eyelid,26688,136,1.15 [0.97-1.37],0.1090132565472934
SRPK2,SRSF protein kinase 2,"Chapter VII Diseases of the eye, adnexa, ear and mastoid process",Retinal detachment with retinal break,26588,100,1.17 [0.96-1.43],0.12131727681921
SRPK2,SRSF protein kinase 2,"Chapter VII Diseases of the eye, adnexa, ear and mastoid process",Retinal vascular occlusion,26562,74,1.23 [0.98-1.54],0.0740335549707704
SRPK2,SRSF protein kinase 2,"Chapter VII Diseases of the eye, adnexa, ear and mastoid process",Senile cataract,25493,2134,1.02 [0.97-1.07],0.4074118392845727
SRPK2,SRSF protein kinase 2,"Chapter VII Diseases of the eye, adnexa, ear and mastoid process",Stenosis and insufficiency of lacrimal passages,26639,87,1.03 [0.82-1.29],0.7929582013353828
SRPK2,SRSF protein kinase 2,"Chapter VII Diseases of the eye, adnexa, ear and mastoid process",Visual disturbances,27472,437,0.99 [0.90-1.10],0.9011234020487772
SRPK2,SRSF protein kinase 2,"Chapter VII Diseases of the eye, adnexa, ear and mastoid process",Visual field defects,27084,49,0.91 [0.67-1.25],0.5615779607223306
SRPK2,SRSF protein kinase 2,"Chapter VII Diseases of the eye, adnexa, ear and mastoid process",Visual impairment including blindness (binocular or monocular),27207,172,1.07 [0.91-1.25],0.4241608324214803
SRPK2,SRSF protein kinase 2,Chapter VIII Diseases of the ear and mastoid process,Benign paroxysmal vertigo,27500,117,0.98 [0.80-1.20],0.8481886601863426
SRPK2,SRSF protein kinase 2,Chapter VIII Diseases of the ear and mastoid process,Diseases of external ear,27695,116,1.00 [0.82-1.22],0.9932697713849608
SRPK2,SRSF protein kinase 2,Chapter VIII Diseases of the ear and mastoid process,Diseases of middle ear and mastoid,27616,145,1.02 [0.86-1.22],0.7970863362147219
SRPK2,SRSF protein kinase 2,Chapter VIII Diseases of the ear and mastoid process,Labyrinthitis,27452,69,0.98 [0.76-1.28],0.8942187673543855
SRPK2,SRSF protein kinase 2,Chapter VIII Diseases of the ear and mastoid process,Mnire disease,27454,71,0.96 [0.74-1.23],0.7330805509746379
SRPK2,SRSF protein kinase 2,Chapter VIII Diseases of the ear and mastoid process,Other disorders of ear,27639,826,1.03 [0.96-1.11],0.4394491540247026
SRPK2,SRSF protein kinase 2,Chapter VIII Diseases of the ear and mastoid process,Other specified/unspecified hearing loss,27379,566,1.06 [0.98-1.16],0.1586153194517737
SRPK2,SRSF protein kinase 2,Chapter VIII Diseases of the ear and mastoid process,Sensorineural hearing loss,26937,124,0.98 [0.81-1.19],0.8574182265313974
SRPK2,SRSF protein kinase 2,Chapter VIII Diseases of the ear and mastoid process,Tinnitus,26900,87,1.08 [0.87-1.35],0.4846793605936856
SRPK2,SRSF protein kinase 2,Chapter X Diseases of the respiratory system,Acute pharyngitis,27462,87,0.77 [0.60-0.99],0.0443529418201294
SRPK2,SRSF protein kinase 2,Chapter X Diseases of the respiratory system,Acute upper respiratory infections,27613,238,0.87 [0.75-1.01],0.0612025043917007
SRPK2,SRSF protein kinase 2,Chapter X Diseases of the respiratory system,Acute upper respiratory infections of multiple and unspecified sites,27440,65,1.03 [0.79-1.33],0.8386240569043402
SRPK2,SRSF protein kinase 2,Chapter X Diseases of the respiratory system,All influenza,26004,128,1.05 [0.87-1.26],0.6189712691034492
SRPK2,SRSF protein kinase 2,Chapter X Diseases of the respiratory system,All influenza (not pneumonia),26002,126,1.06 [0.88-1.27],0.5644900543587321
SRPK2,SRSF protein kinase 2,Chapter X Diseases of the respiratory system,Allergic asthma (mode),19705,128,1.13 [0.94-1.35],0.1856327033036961
SRPK2,SRSF protein kinase 2,Chapter X Diseases of the respiratory system,Allergic rhinitis,27589,292,1.19 [1.06-1.34],0.0025598270579155
SRPK2,SRSF protein kinase 2,Chapter X Diseases of the respiratory system,"Asthma, excluding more controls",21479,2094,1.04 [1.00-1.09],0.065902122540884
SRPK2,SRSF protein kinase 2,Chapter X Diseases of the respiratory system,"Asthma, unspecified (mode)",21645,2068,1.04 [1.00-1.09],0.0631237779062413
SRPK2,SRSF protein kinase 2,Chapter X Diseases of the respiratory system,Bacterial pneumonia (organism specified),27321,128,1.22 [1.02-1.44],0.0255588454606872
SRPK2,SRSF protein kinase 2,Chapter X Diseases of the respiratory system,"Bacterial pneumonia, not elsewhere classified",25945,69,1.32 [1.05-1.66],0.0161695335109887
SRPK2,SRSF protein kinase 2,Chapter X Diseases of the respiratory system,Bronchiectasis,23982,413,1.15 [1.05-1.27],0.0044376174184961
SRPK2,SRSF protein kinase 2,Chapter X Diseases of the respiratory system,"Bronchitis, not specified as acute or chronic",23641,72,1.05 [0.82-1.34],0.6852470191914365
SRPK2,SRSF protein kinase 2,Chapter X Diseases of the respiratory system,Chronic lower respiratory diseases,26573,3004,1.04 [1.00-1.08],0.0556417423701597
SRPK2,SRSF protein kinase 2,Chapter X Diseases of the respiratory system,"Chronic rhinitis, nasopharyngitis and pharyngitis",26440,62,0.91 [0.69-1.21],0.5258713232896539
SRPK2,SRSF protein kinase 2,Chapter X Diseases of the respiratory system,Chronic sinusitis,26528,150,1.06 [0.90-1.26],0.486364659172615
SRPK2,SRSF protein kinase 2,Chapter X Diseases of the respiratory system,"COPD, hospital admissions 1, only main diagnosis",27567,1074,1.05 [0.99-1.12],0.1351509787370649
SRPK2,SRSF protein kinase 2,Chapter X Diseases of the respiratory system,Deviated nasal septum,26453,75,1.15 [0.91-1.45],0.2345291058778428
SRPK2,SRSF protein kinase 2,Chapter X Diseases of the respiratory system,Diseases of the respiratory system,25624,5217,1.07 [1.04-1.10],1.4327346389151053e-05
SRPK2,SRSF protein kinase 2,Chapter X Diseases of the respiratory system,"Diseases of vocal cords and larynx+other diseases of upper respiratory tract, no elsewhere classified",26714,336,1.10 [0.99-1.23],0.08275160990949
SRPK2,SRSF protein kinase 2,Chapter X Diseases of the respiratory system,Early onset COPD,26811,318,1.11 [0.99-1.25],0.0801693346269155
SRPK2,SRSF protein kinase 2,Chapter X Diseases of the respiratory system,Emphysema,23845,276,1.21 [1.07-1.36],0.0016689714228021
SRPK2,SRSF protein kinase 2,Chapter X Diseases of the respiratory system,Idiopathic pulmonary fibrosis,26093,233,0.96 [0.84-1.11],0.6045297991911196
SRPK2,SRSF protein kinase 2,Chapter X Diseases of the respiratory system,Influenza and pneumonia,27547,1671,1.08 [1.03-1.14],0.0021020133565432
SRPK2,SRSF protein kinase 2,Chapter X Diseases of the respiratory system,Interstitial lung disease,26133,273,0.97 [0.86-1.11],0.6921448989778776
SRPK2,SRSF protein kinase 2,Chapter X Diseases of the respiratory system,Later onset COPD,26817,756,1.03 [0.96-1.11],0.4382364371530404
SRPK2,SRSF protein kinase 2,Chapter X Diseases of the respiratory system,Lung diseases due to external agents,27736,231,1.08 [0.94-1.24],0.268509698871939
SRPK2,SRSF protein kinase 2,Chapter X Diseases of the respiratory system,Nasal polyp,26447,69,1.01 [0.78-1.31],0.928025709176986
SRPK2,SRSF protein kinase 2,Chapter X Diseases of the respiratory system,Other acute lower respiratory infections,27513,933,1.06 [0.99-1.14],0.0718012722032272
SRPK2,SRSF protein kinase 2,Chapter X Diseases of the respiratory system,Other diseases of pleura,27551,1778,1.06 [1.00-1.11],0.0314622091906159
SRPK2,SRSF protein kinase 2,Chapter X Diseases of the respiratory system,Other diseases of upper respiratory tract,27176,798,1.15 [1.07-1.23],0.0001883165629967
SRPK2,SRSF protein kinase 2,Chapter X Diseases of the respiratory system,Other pleural conditions,25809,36,0.75 [0.50-1.12],0.1562970124105403
SRPK2,SRSF protein kinase 2,Chapter X Diseases of the respiratory system,Other respiratory diseases principally affecting the interstitium,27661,350,0.96 [0.86-1.08],0.5280115029879834
SRPK2,SRSF protein kinase 2,Chapter X Diseases of the respiratory system,Other respiratory disorders and diseases,27653,1202,1.08 [1.02-1.15],0.0089887473688247
SRPK2,SRSF protein kinase 2,Chapter X Diseases of the respiratory system,Pleural effusion,26634,861,1.04 [0.97-1.12],0.2260002067962305
SRPK2,SRSF protein kinase 2,Chapter X Diseases of the respiratory system,Pleural plaque,25818,45,1.11 [0.82-1.50],0.5098501271299414
SRPK2,SRSF protein kinase 2,Chapter X Diseases of the respiratory system,"Pneumonia, organism unspecified",27310,1434,1.07 [1.02-1.13],0.0092112949785888
SRPK2,SRSF protein kinase 2,Chapter X Diseases of the respiratory system,Pneumonitis due to solids and liquids,27705,200,1.03 [0.89-1.20],0.6861005621628606
SRPK2,SRSF protein kinase 2,Chapter X Diseases of the respiratory system,Pneumothorax,25866,93,1.12 [0.91-1.38],0.2993487370299579
SRPK2,SRSF protein kinase 2,Chapter X Diseases of the respiratory system,Pollen allergy,27710,244,1.15 [1.01-1.31],0.0303495383515199
SRPK2,SRSF protein kinase 2,Chapter X Diseases of the respiratory system,Pulmonary oedema,27375,64,1.00 [0.77-1.30],0.9889609497282028
SRPK2,SRSF protein kinase 2,Chapter X Diseases of the respiratory system,Respiratory insufficiency,19630,53,1.28 [0.96-1.71],0.0976059640502349
SRPK2,SRSF protein kinase 2,Chapter X Diseases of the respiratory system,Unspecified acute lower respiratory infection,27487,907,1.05 [0.98-1.13],0.1288145086827072
SRPK2,SRSF protein kinase 2,Chapter X Diseases of the respiratory system,Vasomotor and allergic rhinitis,26670,292,1.20 [1.07-1.34],0.0021609062434978
SRPK2,SRSF protein kinase 2,Chapter X Diseases of the respiratory system,Viral pneumonia,26091,215,1.09 [0.95-1.25],0.2411863635184615
SRPK2,SRSF protein kinase 2,Chapter X Diseases of the respiratory system,"Viral pneumonia (unknown virus, not influenza)",27329,169,1.06 [0.91-1.24],0.4508778904735011
SRPK2,SRSF protein kinase 2,Chapter X Diseases of the respiratory system,Vocal cord dysfunction,13386,109,1.23 [1.01-1.48],0.0347463823516939
SRPK2,SRSF protein kinase 2,Chapter XI Diseases of the digestive system,Abscess of anal and rectal regions,19758,38,0.84 [0.58-1.22],0.3660964378152003
SRPK2,SRSF protein kinase 2,Chapter XI Diseases of the digestive system,Acute appendicitis,27559,146,0.83 [0.69-1.01],0.0655610571239374
SRPK2,SRSF protein kinase 2,Chapter XI Diseases of the digestive system,Acute gastritis,20801,90,0.92 [0.72-1.16],0.4654881218590336
SRPK2,SRSF protein kinase 2,Chapter XI Diseases of the digestive system,Acute pancreatitis,25410,162,1.18 [1.01-1.38],0.0330666175929571
SRPK2,SRSF protein kinase 2,Chapter XI Diseases of the digestive system,Acute peritonitis,27163,89,1.25 [1.02-1.53],0.0332275652439386
SRPK2,SRSF protein kinase 2,Chapter XI Diseases of the digestive system,Alcoholic liver disease,26852,34,0.83 [0.56-1.23],0.3497554442269692
SRPK2,SRSF protein kinase 2,Chapter XI Diseases of the digestive system,Barrett oesophagus,21054,343,1.00 [0.89-1.13],0.9621072367141688
SRPK2,SRSF protein kinase 2,Chapter XI Diseases of the digestive system,"Cholangitis (primary sclerosing, PSC)",25328,80,1.33 [1.08-1.64],0.0077706382664696
SRPK2,SRSF protein kinase 2,Chapter XI Diseases of the digestive system,"Cholangitis (primary sclerosing, PSC), with reimbursement 202",27304,80,1.32 [1.07-1.63],0.0093185227309239
SRPK2,SRSF protein kinase 2,Chapter XI Diseases of the digestive system,Cholecystitis,25436,188,1.13 [0.98-1.31],0.0937837146226699
SRPK2,SRSF protein kinase 2,Chapter XI Diseases of the digestive system,Cholelithiasis,26443,1195,1.05 [0.99-1.11],0.1137919435395667
SRPK2,SRSF protein kinase 2,Chapter XI Diseases of the digestive system,Chronic gastritis,21057,346,1.11 [1.00-1.24],0.0586455104450177
SRPK2,SRSF protein kinase 2,Chapter XI Diseases of the digestive system,Chronic pancreatitis,25289,41,1.13 [0.82-1.55],0.4565398516910069
SRPK2,SRSF protein kinase 2,Chapter XI Diseases of the digestive system,"Cirrhosis of liver, NAS",27657,71,0.94 [0.73-1.22],0.647733430627493
SRPK2,SRSF protein kinase 2,Chapter XI Diseases of the digestive system,Coeliac disease,26157,152,1.08 [0.92-1.28],0.3552122559254304
SRPK2,SRSF protein kinase 2,Chapter XI Diseases of the digestive system,Collagenous colitis,25824,115,0.97 [0.79-1.18],0.7397168296190058
SRPK2,SRSF protein kinase 2,Chapter XI Diseases of the digestive system,Colonic or urogenital fistula,27602,151,1.06 [0.90-1.26],0.4760345843702978
SRPK2,SRSF protein kinase 2,Chapter XI Diseases of the digestive system,Constipation,27394,1747,1.02 [0.97-1.07],0.5075042521718858
SRPK2,SRSF protein kinase 2,Chapter XI Diseases of the digestive system,Crohn disease,25802,93,1.01 [0.81-1.25],0.9479487771044732
SRPK2,SRSF protein kinase 2,Chapter XI Diseases of the digestive system,"Crohn disease (strict definition, all UC cases excluded)",27373,69,0.99 [0.77-1.28],0.95029689856156
SRPK2,SRSF protein kinase 2,Chapter XI Diseases of the digestive system,Crohn's disease NAS,25806,97,1.02 [0.82-1.26],0.8842625425205043
SRPK2,SRSF protein kinase 2,Chapter XI Diseases of the digestive system,Dental caries,26907,232,1.08 [0.94-1.23],0.2771766079404352
SRPK2,SRSF protein kinase 2,Chapter XI Diseases of the digestive system,Diaphragmatic hernia,26093,2498,1.03 [0.99-1.08],0.1300662206487471
SRPK2,SRSF protein kinase 2,Chapter XI Diseases of the digestive system,Diseases of appendix,27599,186,0.93 [0.79-1.10],0.4118915521562013
SRPK2,SRSF protein kinase 2,Chapter XI Diseases of the digestive system,Diseases of liver,27640,822,1.09 [1.02-1.17],0.012347628559781
SRPK2,SRSF protein kinase 2,Chapter XI Diseases of the digestive system,"Diseases of oesophagus, stomach and duodenum",25410,4699,1.01 [0.98-1.04],0.6545151248802057
SRPK2,SRSF protein kinase 2,Chapter XI Diseases of the digestive system,"Diseases of oral cavity, salivary glands and jaws",27273,598,1.07 [0.99-1.17],0.1000496375026689
SRPK2,SRSF protein kinase 2,Chapter XI Diseases of the digestive system,Diseases of peritoneum,27622,548,1.07 [0.98-1.17],0.1463379480412661
SRPK2,SRSF protein kinase 2,Chapter XI Diseases of the digestive system,Diseases of pulp and periapical tissues,26792,117,1.00 [0.82-1.22],0.9889698629617196
SRPK2,SRSF protein kinase 2,Chapter XI Diseases of the digestive system,Diseases of salivary glands,26640,63,1.11 [0.86-1.44],0.4156353367349672
SRPK2,SRSF protein kinase 2,Chapter XI Diseases of the digestive system,Diseases of the digestive system,27436,1431,1.00 [0.94-1.05],0.8991179134535124
SRPK2,SRSF protein kinase 2,Chapter XI Diseases of the digestive system,Diseases of tongue,26653,111,0.95 [0.77-1.17],0.6494541168027788
SRPK2,SRSF protein kinase 2,Chapter XI Diseases of the digestive system,"Disorders of gallbladder, biliary tract and pancreas",26856,1608,1.06 [1.01-1.12],0.0233886614429752
SRPK2,SRSF protein kinase 2,Chapter XI Diseases of the digestive system,Diverticular disease of intestine,22974,3254,1.04 [1.00-1.07],0.0634738690894857
SRPK2,SRSF protein kinase 2,Chapter XI Diseases of the digestive system,Duodenal ulcer,20844,133,1.14 [0.96-1.36],0.1372035406695244
SRPK2,SRSF protein kinase 2,Chapter XI Diseases of the digestive system,"Duodenal ulcer - Unspecified as acute or chronic, without haemorrhage or perforation, drug-induced",27694,112,1.09 [0.90-1.32],0.3578841276037465
SRPK2,SRSF protein kinase 2,Chapter XI Diseases of the digestive system,Embedded and impacted teeth,27642,65,1.34 [1.06-1.69],0.0135863302890576
SRPK2,SRSF protein kinase 2,Chapter XI Diseases of the digestive system,Fibrosis and cirrhosis of liver,26911,93,1.02 [0.82-1.27],0.8564999741410892
SRPK2,SRSF protein kinase 2,Chapter XI Diseases of the digestive system,Fissure and fistula of anal and rectal regions,19833,113,1.13 [0.94-1.36],0.2058995480202518
SRPK2,SRSF protein kinase 2,Chapter XI Diseases of the digestive system,Functional dyspepsia,21378,667,1.05 [0.96-1.13],0.2754355987739294
SRPK2,SRSF protein kinase 2,Chapter XI Diseases of the digestive system,Gastric ulcer,21063,352,1.02 [0.91-1.14],0.7234748921340524
SRPK2,SRSF protein kinase 2,Chapter XI Diseases of the digestive system,Gastro-oesophageal reflux disease,23551,2840,1.01 [0.97-1.05],0.5922143878762596
SRPK2,SRSF protein kinase 2,Chapter XI Diseases of the digestive system,Gastroduodenal ulcer,21188,477,1.04 [0.95-1.15],0.386150090503176
SRPK2,SRSF protein kinase 2,Chapter XI Diseases of the digestive system,Gastrointestinal diseases,21694,8565,1.03 [1.00-1.05],0.0170510118187253
SRPK2,SRSF protein kinase 2,Chapter XI Diseases of the digestive system,GI-bleeding,27162,1157,0.99 [0.93-1.05],0.6513305536235756
SRPK2,SRSF protein kinase 2,Chapter XI Diseases of the digestive system,Gingivitis and periodontal diseases,26739,64,0.94 [0.72-1.23],0.6565264544531733
SRPK2,SRSF protein kinase 2,Chapter XI Diseases of the digestive system,Haemorrhoids and perianal venous thrombosis,20703,1279,1.06 [1.00-1.12],0.043937599937533
SRPK2,SRSF protein kinase 2,Chapter XI Diseases of the digestive system,"Hepatic failure, not elsewhere classified",26857,39,0.99 [0.70-1.39],0.94252104154695
SRPK2,SRSF protein kinase 2,Chapter XI Diseases of the digestive system,Hernia,26536,2941,1.02 [0.98-1.06],0.2531141259469728
SRPK2,SRSF protein kinase 2,Chapter XI Diseases of the digestive system,Impacted teeth,27652,60,1.42 [1.12-1.80],0.0035936609576273
SRPK2,SRSF protein kinase 2,Chapter XI Diseases of the digestive system,Impaction of intestines,19785,65,1.24 [0.98-1.58],0.0751621877759493
SRPK2,SRSF protein kinase 2,Chapter XI Diseases of the digestive system,Inguinal hernia,23763,168,0.89 [0.75-1.06],0.1880324222204125
SRPK2,SRSF protein kinase 2,Chapter XI Diseases of the digestive system,Intestinal adhesions without obstruction,19826,106,0.97 [0.79-1.20],0.777938011518436
SRPK2,SRSF protein kinase 2,Chapter XI Diseases of the digestive system,Intestinal malabsorption,26182,177,1.07 [0.92-1.25],0.3714828682184278
SRPK2,SRSF protein kinase 2,Chapter XI Diseases of the digestive system,Irritable bowel syndrome,20557,837,1.05 [0.98-1.13],0.1467107254580948
SRPK2,SRSF protein kinase 2,Chapter XI Diseases of the digestive system,Nonalcoholic fatty liver disease,27726,366,1.21 [1.09-1.34],0.0002514178960543
SRPK2,SRSF protein kinase 2,Chapter XI Diseases of the digestive system,Noninfectious colitis NAS,26535,826,1.11 [1.03-1.19],0.0055516899289896
SRPK2,SRSF protein kinase 2,Chapter XI Diseases of the digestive system,Noninfective enteritis and colitis,26823,1114,1.09 [1.02-1.15],0.0093794584824984
SRPK2,SRSF protein kinase 2,Chapter XI Diseases of the digestive system,Oesophageal obstruction,20873,162,1.12 [0.95-1.31],0.1811358061836598
SRPK2,SRSF protein kinase 2,Chapter XI Diseases of the digestive system,Oesophagitis,21285,574,1.03 [0.95-1.13],0.4670756960261935
SRPK2,SRSF protein kinase 2,Chapter XI Diseases of the digestive system,Oral lichen ruber planus,27697,160,1.01 [0.85-1.19],0.915801913475499
SRPK2,SRSF protein kinase 2,Chapter XI Diseases of the digestive system,Other and unspecified abdominal hernia,23657,62,1.09 [0.84-1.41],0.5337986725891262
SRPK2,SRSF protein kinase 2,Chapter XI Diseases of the digestive system,Other diseases of anus and rectum,21005,1285,1.03 [0.97-1.09],0.3894003398330364
SRPK2,SRSF protein kinase 2,Chapter XI Diseases of the digestive system,Other diseases of biliary tract,25550,302,1.09 [0.97-1.23],0.1462402828698101
SRPK2,SRSF protein kinase 2,Chapter XI Diseases of the digestive system,Other diseases of gallbladder,25436,188,0.98 [0.84-1.15],0.846704380493454
SRPK2,SRSF protein kinase 2,Chapter XI Diseases of the digestive system,Other diseases of intestine,21329,1609,1.00 [0.95-1.05],0.928126564706936
SRPK2,SRSF protein kinase 2,Chapter XI Diseases of the digestive system,Other diseases of intestines,25529,5809,1.02 [0.99-1.05],0.1839405097890493
SRPK2,SRSF protein kinase 2,Chapter XI Diseases of the digestive system,Other diseases of lip and oral mucosa,26644,235,1.03 [0.90-1.19],0.6281571877914154
SRPK2,SRSF protein kinase 2,Chapter XI Diseases of the digestive system,Other diseases of liver,27509,691,1.11 [1.03-1.20],0.0074807865267321
SRPK2,SRSF protein kinase 2,Chapter XI Diseases of the digestive system,Other diseases of oesophagus,21298,587,0.99 [0.90-1.08],0.8008814883810773
SRPK2,SRSF protein kinase 2,Chapter XI Diseases of the digestive system,Other diseases of pancreas,25405,157,1.01 [0.85-1.19],0.9537163590521852
SRPK2,SRSF protein kinase 2,Chapter XI Diseases of the digestive system,Other diseases of peritoneum,27557,483,1.03 [0.94-1.14],0.4890179140169899
SRPK2,SRSF protein kinase 2,Chapter XI Diseases of the digestive system,Other diseases of stomach and duodenum,21806,1095,0.98 [0.92-1.05],0.6133550903369527
SRPK2,SRSF protein kinase 2,Chapter XI Diseases of the digestive system,Other diseases of the digestive system,27181,1176,0.99 [0.93-1.05],0.770997357919421
SRPK2,SRSF protein kinase 2,Chapter XI Diseases of the digestive system,Other disorders of teeth and supporting structures,26870,195,1.01 [0.87-1.17],0.9104265292648948
SRPK2,SRSF protein kinase 2,Chapter XI Diseases of the digestive system,Other functional intestinal disorders,21524,1804,1.03 [0.98-1.08],0.3113974198037176
SRPK2,SRSF protein kinase 2,Chapter XI Diseases of the digestive system,Other gastritis (incl. Duodenitis),22848,2137,1.01 [0.96-1.05],0.7990349525114738
SRPK2,SRSF protein kinase 2,Chapter XI Diseases of the digestive system,Other inflammatory liver diseases,26918,100,1.03 [0.84-1.27],0.7563253857166123
SRPK2,SRSF protein kinase 2,Chapter XI Diseases of the digestive system,Other noninfective gastroenteritis and colitis,26691,982,1.07 [1.01-1.15],0.0337098546595039
SRPK2,SRSF protein kinase 2,Chapter XI Diseases of the digestive system,"Other or unspecified ileus, impaction or obstruction",20053,333,1.03 [0.92-1.15],0.6322589529043603
SRPK2,SRSF protein kinase 2,Chapter XI Diseases of the digestive system,Palatinal maxillary canine,27631,74,1.30 [1.04-1.62],0.0201171803491144
SRPK2,SRSF protein kinase 2,Chapter XI Diseases of the digestive system,Paralytic ileus and intestinal obstruction,20221,501,1.00 [0.91-1.10],0.9786562959135234
SRPK2,SRSF protein kinase 2,Chapter XI Diseases of the digestive system,"Postprocedural disorders of digestive system, not elsewhere classified",26140,135,0.94 [0.78-1.13],0.5135766869307399
SRPK2,SRSF protein kinase 2,Chapter XI Diseases of the digestive system,Recurring oral aphthae,27735,69,0.83 [0.63-1.10],0.1880578400790149
SRPK2,SRSF protein kinase 2,Chapter XI Diseases of the digestive system,Stomatitis and related lesions,26678,129,0.89 [0.73-1.08],0.2367919592379086
SRPK2,SRSF protein kinase 2,Chapter XI Diseases of the digestive system,Toxic colitis,25777,68,0.88 [0.67-1.15],0.3350830517778931
SRPK2,SRSF protein kinase 2,Chapter XI Diseases of the digestive system,Ulcer of oesophagus,20951,240,1.05 [0.91-1.20],0.5157323438872039
SRPK2,SRSF protein kinase 2,Chapter XI Diseases of the digestive system,Ulcerative colitis,25882,173,1.16 [1.00-1.35],0.0565161654465204
SRPK2,SRSF protein kinase 2,Chapter XI Diseases of the digestive system,"Ulcerative colitis, NAS",25851,142,1.19 [1.01-1.41],0.0388489398495973
SRPK2,SRSF protein kinase 2,Chapter XI Diseases of the digestive system,Umbilical hernia,23768,173,0.87 [0.73-1.02],0.0931114414064378
SRPK2,SRSF protein kinase 2,Chapter XI Diseases of the digestive system,Vascular disorders of the intestines,19916,196,1.05 [0.90-1.22],0.535906550536885
SRPK2,SRSF protein kinase 2,Chapter XI Diseases of the digestive system,Ventral hernia,23854,259,1.05 [0.92-1.19],0.4947513209565825
SRPK2,SRSF protein kinase 2,Chapter XI Diseases of the digestive system,Volvulus,19806,86,0.80 [0.62-1.03],0.0826809353772948
SRPK2,SRSF protein kinase 2,Chapter XII Diseases of the skin and subcutaneous tissue,Actinic keratosis,27652,262,1.13 [1.00-1.28],0.0517741575740913
SRPK2,SRSF protein kinase 2,Chapter XII Diseases of the skin and subcutaneous tissue,Arthropathic psoriasis,27415,78,0.92 [0.71-1.18],0.4925549158441676
SRPK2,SRSF protein kinase 2,Chapter XII Diseases of the skin and subcutaneous tissue,Atrophic disorders of skin,25658,223,1.03 [0.90-1.19],0.6322451800182917
SRPK2,SRSF protein kinase 2,Chapter XII Diseases of the skin and subcutaneous tissue,Cellulitis,27206,642,1.00 [0.92-1.09],0.973050422699285
SRPK2,SRSF protein kinase 2,Chapter XII Diseases of the skin and subcutaneous tissue,"Cutaneous abscess, furuncle and carbuncle",26711,147,1.14 [0.96-1.34],0.1341367828240637
SRPK2,SRSF protein kinase 2,Chapter XII Diseases of the skin and subcutaneous tissue,Decubitus ulcer and pressure area,25777,342,1.01 [0.90-1.13],0.8712159614305196
SRPK2,SRSF protein kinase 2,Chapter XII Diseases of the skin and subcutaneous tissue,Dermatitis,27420,279,1.14 [1.01-1.28],0.0345416957607115
SRPK2,SRSF protein kinase 2,Chapter XII Diseases of the skin and subcutaneous tissue,Dermatitis and eczema,27629,488,1.06 [0.97-1.16],0.2135369204960967
SRPK2,SRSF protein kinase 2,Chapter XII Diseases of the skin and subcutaneous tissue,Dermatitis due to substances taken internally,27194,53,1.09 [0.82-1.43],0.5556448313629297
SRPK2,SRSF protein kinase 2,Chapter XII Diseases of the skin and subcutaneous tissue,Diseases of the skin and subcutaneous tissue,26117,3201,1.02 [0.99-1.06],0.2351593025002825
SRPK2,SRSF protein kinase 2,Chapter XII Diseases of the skin and subcutaneous tissue,Disorders of skin appendages,27287,489,0.97 [0.88-1.07],0.559161214602699
SRPK2,SRSF protein kinase 2,Chapter XII Diseases of the skin and subcutaneous tissue,Follicular cysts of skin and subcutaneous tissue,27135,337,1.01 [0.90-1.13],0.927320441456418
SRPK2,SRSF protein kinase 2,Chapter XII Diseases of the skin and subcutaneous tissue,Infections of the skin and subcutaneous tissue,27420,856,1.01 [0.94-1.09],0.7378303313666059
SRPK2,SRSF protein kinase 2,Chapter XII Diseases of the skin and subcutaneous tissue,"Lichen planus, including avohilmo",27718,79,1.00 [0.78-1.27],0.9763752078838376
SRPK2,SRSF protein kinase 2,Chapter XII Diseases of the skin and subcutaneous tissue,Lupus erythematosus,25526,91,0.77 [0.60-0.99],0.041101927500452
SRPK2,SRSF protein kinase 2,Chapter XII Diseases of the skin and subcutaneous tissue,Nail disorders,26846,48,1.02 [0.75-1.38],0.893951933809051
SRPK2,SRSF protein kinase 2,Chapter XII Diseases of the skin and subcutaneous tissue,Other and unspecified dermatitis,27405,264,1.14 [1.01-1.29],0.0389913743092898
SRPK2,SRSF protein kinase 2,Chapter XII Diseases of the skin and subcutaneous tissue,Other and unspecified disorders of skin and subcutaneous tissue,25858,423,1.06 [0.96-1.17],0.2884136904936517
SRPK2,SRSF protein kinase 2,Chapter XII Diseases of the skin and subcutaneous tissue,Other and unspecified epidermal thickening,25482,47,0.92 [0.67-1.28],0.630168365015271
SRPK2,SRSF protein kinase 2,Chapter XII Diseases of the skin and subcutaneous tissue,Other and unspecified erythematous conditions,27640,84,0.86 [0.67-1.10],0.2388174851255315
SRPK2,SRSF protein kinase 2,Chapter XII Diseases of the skin and subcutaneous tissue,Other and unspecified local infections of skin and subcutaneous tissue,26720,156,1.14 [0.97-1.34],0.108655503982414
SRPK2,SRSF protein kinase 2,Chapter XII Diseases of the skin and subcutaneous tissue,Other and unspecified psoriasis,27507,170,0.73 [0.61-0.88],0.0008291349031494
SRPK2,SRSF protein kinase 2,Chapter XII Diseases of the skin and subcutaneous tissue,Other contact dermatitis,27200,59,0.95 [0.72-1.26],0.7450524781715192
SRPK2,SRSF protein kinase 2,Chapter XII Diseases of the skin and subcutaneous tissue,Other disorders of pigmentation,25503,68,1.16 [0.91-1.48],0.2229532857129529
SRPK2,SRSF protein kinase 2,Chapter XII Diseases of the skin and subcutaneous tissue,Other disorders of skin and subcutaneous tissue,27045,1610,1.02 [0.97-1.08],0.4342441201456395
SRPK2,SRSF protein kinase 2,Chapter XII Diseases of the skin and subcutaneous tissue,"Other disorders of skin and subcutaneous tissue, not elsewhere classified",25893,458,1.05 [0.95-1.16],0.3176566835367091
SRPK2,SRSF protein kinase 2,Chapter XII Diseases of the skin and subcutaneous tissue,Other epidermal thickening,25487,52,0.94 [0.69-1.27],0.6776541990071498
SRPK2,SRSF protein kinase 2,Chapter XII Diseases of the skin and subcutaneous tissue,Papulosquamous disorders,27654,317,0.87 [0.77-0.99],0.029261998701667
SRPK2,SRSF protein kinase 2,Chapter XII Diseases of the skin and subcutaneous tissue,Pruritus,27224,83,0.86 [0.67-1.10],0.2265787032233245
SRPK2,SRSF protein kinase 2,Chapter XII Diseases of the skin and subcutaneous tissue,Psoriasis,27579,242,0.83 [0.71-0.96],0.0118248880860107
SRPK2,SRSF protein kinase 2,Chapter XII Diseases of the skin and subcutaneous tissue,Radiation-related disorders of the skin and subcutaneous tissue,27689,299,1.10 [0.98-1.23],0.1214409496569403
SRPK2,SRSF protein kinase 2,Chapter XII Diseases of the skin and subcutaneous tissue,Scar conditions and fibrosis of skin,25597,162,1.09 [0.93-1.28],0.2984304950034733
SRPK2,SRSF protein kinase 2,Chapter XII Diseases of the skin and subcutaneous tissue,Seborrhoeic keratosis,25701,266,0.94 [0.82-1.08],0.376000156327095
SRPK2,SRSF protein kinase 2,Chapter XII Diseases of the skin and subcutaneous tissue,Skin changes due to chronic exposure to nonionizing radiation,27674,284,1.10 [0.98-1.24],0.1192205465419053
SRPK2,SRSF protein kinase 2,Chapter XII Diseases of the skin and subcutaneous tissue,"Ulcer of lower limb, not elsewhere classified",25637,202,1.10 [0.95-1.27],0.1867922899342937
SRPK2,SRSF protein kinase 2,Chapter XII Diseases of the skin and subcutaneous tissue,Urticaria and erythema,27707,151,0.94 [0.79-1.12],0.4935093780967744
SRPK2,SRSF protein kinase 2,Chapter XIII Diseases of the musculoskeletal system and connective tissue,Adhesive capsulitis of shoulder,23669,128,1.13 [0.95-1.35],0.1688226609305294
SRPK2,SRSF protein kinase 2,Chapter XIII Diseases of the musculoskeletal system and connective tissue,Arthropathies,25190,6473,1.01 [0.99-1.04],0.2792818807134752
SRPK2,SRSF protein kinase 2,Chapter XIII Diseases of the musculoskeletal system and connective tissue,Arthrosis,23773,5056,1.02 [0.99-1.06],0.1066704923845396
SRPK2,SRSF protein kinase 2,Chapter XIII Diseases of the musculoskeletal system and connective tissue,Bursitis of shoulder,23621,80,1.18 [0.95-1.47],0.1400436699695565
SRPK2,SRSF protein kinase 2,Chapter XIII Diseases of the musculoskeletal system and connective tissue,Cervical disc disorders,23788,155,1.10 [0.94-1.30],0.2396837048606985
SRPK2,SRSF protein kinase 2,Chapter XIII Diseases of the musculoskeletal system and connective tissue,Cervicalgia,23850,217,1.04 [0.90-1.20],0.5683983785483565
SRPK2,SRSF protein kinase 2,Chapter XIII Diseases of the musculoskeletal system and connective tissue,Chondropathies,27446,116,0.83 [0.67-1.03],0.0861441101875398
SRPK2,SRSF protein kinase 2,Chapter XIII Diseases of the musculoskeletal system and connective tissue,"Collapsed vertebra, not elsewhere classified",23753,120,1.01 [0.83-1.22],0.9433742732340502
SRPK2,SRSF protein kinase 2,Chapter XIII Diseases of the musculoskeletal system and connective tissue,Coxarthrosis,20109,1392,1.01 [0.95-1.06],0.8572364181311107
SRPK2,SRSF protein kinase 2,Chapter XIII Diseases of the musculoskeletal system and connective tissue,"Coxarthrosis, primary",27589,225,1.04 [0.91-1.20],0.5410035785689267
SRPK2,SRSF protein kinase 2,Chapter XIII Diseases of the musculoskeletal system and connective tissue,Deforming dorsopathies,24251,618,1.03 [0.94-1.12],0.5260806344209215
SRPK2,SRSF protein kinase 2,Chapter XIII Diseases of the musculoskeletal system and connective tissue,Diseases of the musculoskeletal system and connective tissue,23310,8218,1.01 [0.99-1.03],0.4094202628050043
SRPK2,SRSF protein kinase 2,Chapter XIII Diseases of the musculoskeletal system and connective tissue,Disorders of continuity of bone,24850,141,0.99 [0.82-1.18],0.8843679236124963
SRPK2,SRSF protein kinase 2,Chapter XIII Diseases of the musculoskeletal system and connective tissue,Disorders of muscles,23674,133,1.18 [0.99-1.40],0.0659258671949985
SRPK2,SRSF protein kinase 2,Chapter XIII Diseases of the musculoskeletal system and connective tissue,Disorders of synovium and tendon,24241,700,1.03 [0.95-1.12],0.4433869633285104
SRPK2,SRSF protein kinase 2,Chapter XIII Diseases of the musculoskeletal system and connective tissue,Dorsopathies,26715,3082,1.03 [0.99-1.07],0.1487275672402216
SRPK2,SRSF protein kinase 2,Chapter XIII Diseases of the musculoskeletal system and connective tissue,Fibroblastic disorders,23719,178,1.01 [0.86-1.18],0.9292893761552804
SRPK2,SRSF protein kinase 2,Chapter XIII Diseases of the musculoskeletal system and connective tissue,Fibromyalgia,23930,389,1.12 [1.01-1.24],0.0263380380364926
SRPK2,SRSF protein kinase 2,Chapter XIII Diseases of the musculoskeletal system and connective tissue,Ganglion,23714,173,1.16 [1.00-1.35],0.0524304085735454
SRPK2,SRSF protein kinase 2,Chapter XIII Diseases of the musculoskeletal system and connective tissue,Giant cell arteritis,26778,108,0.87 [0.70-1.08],0.2106168443674881
SRPK2,SRSF protein kinase 2,Chapter XIII Diseases of the musculoskeletal system and connective tissue,Gonarthrosis,20624,1907,1.02 [0.97-1.07],0.456978574687285
SRPK2,SRSF protein kinase 2,Chapter XIII Diseases of the musculoskeletal system and connective tissue,Gout,18944,227,1.22 [1.07-1.38],0.0028908367903601
SRPK2,SRSF protein kinase 2,Chapter XIII Diseases of the musculoskeletal system and connective tissue,"Gout, unspecified",27730,224,1.21 [1.06-1.38],0.0042918940783214
SRPK2,SRSF protein kinase 2,Chapter XIII Diseases of the musculoskeletal system and connective tissue,Hallux rigidus,18819,102,1.08 [0.88-1.32],0.4824304281363478
SRPK2,SRSF protein kinase 2,Chapter XIII Diseases of the musculoskeletal system and connective tissue,Hallux valgus (acquired),19294,577,0.92 [0.84-1.01],0.093898232324077
SRPK2,SRSF protein kinase 2,Chapter XIII Diseases of the musculoskeletal system and connective tissue,Impingement syndrome of shoulder,23876,335,0.99 [0.88-1.11],0.8671077287875842
SRPK2,SRSF protein kinase 2,Chapter XIII Diseases of the musculoskeletal system and connective tissue,Internal derangement of knee,19363,646,0.96 [0.88-1.05],0.3683066115939627
SRPK2,SRSF protein kinase 2,Chapter XIII Diseases of the musculoskeletal system and connective tissue,Kyphosis,23701,68,1.13 [0.89-1.44],0.325615664401518
SRPK2,SRSF protein kinase 2,Chapter XIII Diseases of the musculoskeletal system and connective tissue,Low back pain,24362,729,1.09 [1.01-1.18],0.0267443212240867
SRPK2,SRSF protein kinase 2,Chapter XIII Diseases of the musculoskeletal system and connective tissue,Lumbar disc prolapse,23969,336,1.07 [0.95-1.19],0.2673700765733934
SRPK2,SRSF protein kinase 2,Chapter XIII Diseases of the musculoskeletal system and connective tissue,Meniscus derangement,19319,602,0.96 [0.88-1.05],0.4158739842961076
SRPK2,SRSF protein kinase 2,Chapter XIII Diseases of the musculoskeletal system and connective tissue,Myalgia,23634,93,1.18 [0.96-1.45],0.1111120718987778
SRPK2,SRSF protein kinase 2,Chapter XIII Diseases of the musculoskeletal system and connective tissue,"Neuralgia and neuritis, unspecified",23612,71,1.17 [0.93-1.49],0.1816648497376464
SRPK2,SRSF protein kinase 2,Chapter XIII Diseases of the musculoskeletal system and connective tissue,Osteomyelitis,24758,49,1.24 [0.94-1.63],0.125309391669617
SRPK2,SRSF protein kinase 2,Chapter XIII Diseases of the musculoskeletal system and connective tissue,Osteopathies and chondropathies,27252,2543,1.00 [0.96-1.04],0.8810970148073272
SRPK2,SRSF protein kinase 2,Chapter XIII Diseases of the musculoskeletal system and connective tissue,Osteoporosis,26538,1829,1.00 [0.95-1.05],0.9417599489931296
SRPK2,SRSF protein kinase 2,Chapter XIII Diseases of the musculoskeletal system and connective tissue,"Other (seronegative) rheumatoid arthritis, wide",27543,612,1.12 [1.03-1.21],0.0074011060841012
SRPK2,SRSF protein kinase 2,Chapter XIII Diseases of the musculoskeletal system and connective tissue,Other arthrosis,21798,3081,1.03 [1.00-1.07],0.0817042120406784
SRPK2,SRSF protein kinase 2,Chapter XIII Diseases of the musculoskeletal system and connective tissue,Other articular cartilage disorders,18790,73,1.01 [0.79-1.30],0.9106681904854982
SRPK2,SRSF protein kinase 2,Chapter XIII Diseases of the musculoskeletal system and connective tissue,Other bursopathies,23643,102,1.15 [0.95-1.40],0.155940738590355
SRPK2,SRSF protein kinase 2,Chapter XIII Diseases of the musculoskeletal system and connective tissue,Other crystal arthropathies,18759,42,0.91 [0.64-1.28],0.5752720447105668
SRPK2,SRSF protein kinase 2,Chapter XIII Diseases of the musculoskeletal system and connective tissue,Other deformities of toe(s),18921,204,1.04 [0.90-1.20],0.6112187253147678
SRPK2,SRSF protein kinase 2,Chapter XIII Diseases of the musculoskeletal system and connective tissue,Other disorders of bone,25005,296,0.93 [0.81-1.05],0.2311608411134792
SRPK2,SRSF protein kinase 2,Chapter XIII Diseases of the musculoskeletal system and connective tissue,Other disorders of bone density and structure,25307,598,1.00 [0.92-1.09],0.983509219467975
SRPK2,SRSF protein kinase 2,Chapter XIII Diseases of the musculoskeletal system and connective tissue,Other disorders of the musculoskeletal system and connective tissue,27713,113,1.12 [0.93-1.36],0.2361617815707075
SRPK2,SRSF protein kinase 2,Chapter XIII Diseases of the musculoskeletal system and connective tissue,"Other dorsopathies, not elsewhere classified",25712,2079,1.04 [1.00-1.09],0.0676083652757136
SRPK2,SRSF protein kinase 2,Chapter XIII Diseases of the musculoskeletal system and connective tissue,Other enthesopathies,23673,132,1.03 [0.85-1.23],0.7837327060479463
SRPK2,SRSF protein kinase 2,Chapter XIII Diseases of the musculoskeletal system and connective tissue,Other hammer toe(s) (acquired),18949,232,0.87 [0.75-1.01],0.0632450444382776
SRPK2,SRSF protein kinase 2,Chapter XIII Diseases of the musculoskeletal system and connective tissue,Other intervertebral disc disorders,24459,826,1.02 [0.95-1.10],0.5964256413810136
SRPK2,SRSF protein kinase 2,Chapter XIII Diseases of the musculoskeletal system and connective tissue,Other joint disorders,21301,2584,1.01 [0.97-1.05],0.7541294609481636
SRPK2,SRSF protein kinase 2,Chapter XIII Diseases of the musculoskeletal system and connective tissue,Other necrotizing vasculopathies,26803,133,0.91 [0.75-1.10],0.3431032598257196
SRPK2,SRSF protein kinase 2,Chapter XIII Diseases of the musculoskeletal system and connective tissue,Other psoriatic arthropathies,27723,77,0.97 [0.76-1.25],0.8389453590375806
SRPK2,SRSF protein kinase 2,Chapter XIII Diseases of the musculoskeletal system and connective tissue,Other shoulder lesions,23623,82,1.11 [0.89-1.39],0.3537111950435817
SRPK2,SRSF protein kinase 2,Chapter XIII Diseases of the musculoskeletal system and connective tissue,"Other soft tissue disorders, not elsewhere classified",25039,1498,1.04 [0.99-1.10],0.1283970976113522
SRPK2,SRSF protein kinase 2,Chapter XIII Diseases of the musculoskeletal system and connective tissue,Other specified disorders of muscle,23624,83,1.25 [1.01-1.55],0.0371074792677255
SRPK2,SRSF protein kinase 2,Chapter XIII Diseases of the musculoskeletal system and connective tissue,Other specified/unspecified arthritis,20742,2025,1.04 [1.00-1.09],0.067779708408163
SRPK2,SRSF protein kinase 2,Chapter XIII Diseases of the musculoskeletal system and connective tissue,Other specified/unspecified disorders of  bone/cartilage,24845,136,1.01 [0.85-1.22],0.8750619657674283
SRPK2,SRSF protein kinase 2,Chapter XIII Diseases of the musculoskeletal system and connective tissue,Other specified/unspecified disorders of synovium and tendon +Other specified/unspecified bursopathies,23605,64,0.99 [0.76-1.30],0.9619592856502188
SRPK2,SRSF protein kinase 2,Chapter XIII Diseases of the musculoskeletal system and connective tissue,Other specified/unspecified inflammatory spondylopathies,23839,206,0.91 [0.78-1.06],0.2188239636631277
SRPK2,SRSF protein kinase 2,Chapter XIII Diseases of the musculoskeletal system and connective tissue,Other specified/unspecified soft tissue disorders,24142,601,1.01 [0.93-1.10],0.7782055233081783
SRPK2,SRSF protein kinase 2,Chapter XIII Diseases of the musculoskeletal system and connective tissue,Other systemic involvement of connective tissue,27186,516,1.14 [1.04-1.25],0.003438614549563
SRPK2,SRSF protein kinase 2,Chapter XIII Diseases of the musculoskeletal system and connective tissue,Other/unspecified dorsalgia,24292,659,1.00 [0.93-1.09],0.9100676039385608
SRPK2,SRSF protein kinase 2,Chapter XIII Diseases of the musculoskeletal system and connective tissue,Other/unspecified rheumatoid arthritis,27558,592,1.14 [1.05-1.23],0.0022066580059564
SRPK2,SRSF protein kinase 2,Chapter XIII Diseases of the musculoskeletal system and connective tissue,Other/unspecified seropositive rheumatoid arthritis,27715,69,1.28 [1.02-1.61],0.0357183094423592
SRPK2,SRSF protein kinase 2,Chapter XIII Diseases of the musculoskeletal system and connective tissue,Other/unspecified synovitis and tenosynovitis,23767,226,0.98 [0.85-1.13],0.7822585905642073
SRPK2,SRSF protein kinase 2,Chapter XIII Diseases of the musculoskeletal system and connective tissue,Pain in joint,21293,937,1.07 [1.00-1.14],0.0577856677884527
SRPK2,SRSF protein kinase 2,Chapter XIII Diseases of the musculoskeletal system and connective tissue,Pain in limb,24212,671,1.03 [0.95-1.12],0.443146026889715
SRPK2,SRSF protein kinase 2,Chapter XIII Diseases of the musculoskeletal system and connective tissue,Palmar fascial fibromatosis [Dupuytren],23666,125,1.10 [0.91-1.32],0.3283128988225737
SRPK2,SRSF protein kinase 2,Chapter XIII Diseases of the musculoskeletal system and connective tissue,"Polyarthritis, unspecified",18793,76,0.89 [0.69-1.15],0.388849552162069
SRPK2,SRSF protein kinase 2,Chapter XIII Diseases of the musculoskeletal system and connective tissue,Polyarthropathies,21404,2687,1.05 [1.01-1.10],0.0106034682372921
SRPK2,SRSF protein kinase 2,Chapter XIII Diseases of the musculoskeletal system and connective tissue,Polyarthrosis,19570,853,1.04 [0.97-1.12],0.2513590843421293
SRPK2,SRSF protein kinase 2,Chapter XIII Diseases of the musculoskeletal system and connective tissue,Polymyalgia rheumatica,26973,303,1.18 [1.05-1.32],0.0057914425444193
SRPK2,SRSF protein kinase 2,Chapter XIII Diseases of the musculoskeletal system and connective tissue,"Postprocedural musculoskeletal disorders, not elsewhere classified",27685,85,1.04 [0.83-1.30],0.7489177316106153
SRPK2,SRSF protein kinase 2,Chapter XIII Diseases of the musculoskeletal system and connective tissue,"Primary gonarthrosis, bilateral",25404,56,1.16 [0.89-1.51],0.2850094802404639
SRPK2,SRSF protein kinase 2,Chapter XIII Diseases of the musculoskeletal system and connective tissue,Psoriatic arthropathies,18795,78,0.96 [0.75-1.23],0.7675406894979436
SRPK2,SRSF protein kinase 2,Chapter XIII Diseases of the musculoskeletal system and connective tissue,Radiculopathy,23745,112,1.06 [0.87-1.29],0.5528809582093636
SRPK2,SRSF protein kinase 2,Chapter XIII Diseases of the musculoskeletal system and connective tissue,Rheumatoid arthritis,19332,615,1.12 [1.04-1.22],0.0048428378596244
SRPK2,SRSF protein kinase 2,Chapter XIII Diseases of the musculoskeletal system and connective tissue,Rotator cuff syndrome,23878,337,0.94 [0.84-1.06],0.3214708358440359
SRPK2,SRSF protein kinase 2,Chapter XIII Diseases of the musculoskeletal system and connective tissue,Sciatica+with lumbago,23921,288,1.16 [1.03-1.30],0.0156940356807422
SRPK2,SRSF protein kinase 2,Chapter XIII Diseases of the musculoskeletal system and connective tissue,Scoliosis,23914,281,1.04 [0.92-1.18],0.5375032784011845
SRPK2,SRSF protein kinase 2,Chapter XIII Diseases of the musculoskeletal system and connective tissue,Seronegative rheumatoid arthritis,21411,87,1.13 [0.91-1.41],0.2561861338390026
SRPK2,SRSF protein kinase 2,Chapter XIII Diseases of the musculoskeletal system and connective tissue,"Seropositive rheumatoid arthritis, wide",27721,75,1.19 [0.94-1.49],0.1423587666972003
SRPK2,SRSF protein kinase 2,Chapter XIII Diseases of the musculoskeletal system and connective tissue,Shoulder lesions,24192,651,1.01 [0.93-1.10],0.8217483053249733
SRPK2,SRSF protein kinase 2,Chapter XIII Diseases of the musculoskeletal system and connective tissue,Sicca syndrome [Sjgren],26831,161,1.11 [0.94-1.30],0.2169742413128878
SRPK2,SRSF protein kinase 2,Chapter XIII Diseases of the musculoskeletal system and connective tissue,Soft tissue disorders,26401,2860,1.03 [0.99-1.07],0.1605173136991482
SRPK2,SRSF protein kinase 2,Chapter XIII Diseases of the musculoskeletal system and connective tissue,"Soft tissue disorders related to use, overuse and pressure",23698,157,0.82 [0.68-0.98],0.0322407087713962
SRPK2,SRSF protein kinase 2,Chapter XIII Diseases of the musculoskeletal system and connective tissue,Spinal stenosis,24211,578,1.06 [0.97-1.16],0.1763103922949141
SRPK2,SRSF protein kinase 2,Chapter XIII Diseases of the musculoskeletal system and connective tissue,Spondyloarthritis,25997,268,0.90 [0.79-1.03],0.1377338034993167
SRPK2,SRSF protein kinase 2,Chapter XIII Diseases of the musculoskeletal system and connective tissue,Spondylolisthesis/Spondylolysis,23919,286,1.02 [0.90-1.16],0.7401504632542273
SRPK2,SRSF protein kinase 2,Chapter XIII Diseases of the musculoskeletal system and connective tissue,Spondylopathies,25421,1788,1.01 [0.96-1.06],0.6962886825700105
SRPK2,SRSF protein kinase 2,Chapter XIII Diseases of the musculoskeletal system and connective tissue,Spondylosis,24848,1215,1.01 [0.95-1.08],0.6414953000071374
SRPK2,SRSF protein kinase 2,Chapter XIII Diseases of the musculoskeletal system and connective tissue,Synovial cyst of popliteal space [Baker],23607,66,1.12 [0.87-1.43],0.3798730420455224
SRPK2,SRSF protein kinase 2,Chapter XIII Diseases of the musculoskeletal system and connective tissue,Systemic lupus erythematosus,26893,223,0.93 [0.80-1.07],0.3071052523930143
SRPK2,SRSF protein kinase 2,Chapter XIII Diseases of the musculoskeletal system and connective tissue,Trigger finger,23747,206,0.95 [0.82-1.11],0.5441043716835345
SRPK2,SRSF protein kinase 2,Chapter XIII Diseases of the musculoskeletal system and connective tissue,Trochanteric bursitis,23671,130,0.83 [0.68-1.01],0.0634384588844718
SRPK2,SRSF protein kinase 2,Chapter XIII Diseases of the musculoskeletal system and connective tissue,Wrist or foot drop (acquired),18772,55,1.28 [0.99-1.66],0.0586637867186694
SRPK2,SRSF protein kinase 2,Chapter XIV Diseases of the genitourinary system,Acute renal failure,26656,1274,1.12 [1.06-1.19],6.350210075961132e-05
SRPK2,SRSF protein kinase 2,Chapter XIV Diseases of the genitourinary system,Adenomyosis (Endometriosis of uterus),20769,105,1.11 [0.91-1.36],0.2969518332065351
SRPK2,SRSF protein kinase 2,Chapter XIV Diseases of the genitourinary system,Benign mammary dysplasia,27032,111,0.90 [0.73-1.12],0.3485957482793533
SRPK2,SRSF protein kinase 2,Chapter XIV Diseases of the genitourinary system,Calculus of kidney and ureter,27580,238,1.18 [1.04-1.34],0.0101215125158716
SRPK2,SRSF protein kinase 2,Chapter XIV Diseases of the genitourinary system,Calculus of lower urinary tract,27369,27,0.73 [0.46-1.16],0.1868777078821476
SRPK2,SRSF protein kinase 2,Chapter XIV Diseases of the genitourinary system,Chronic kidney disease,26885,1503,1.10 [1.04-1.16],0.0005672421057831
SRPK2,SRSF protein kinase 2,Chapter XIV Diseases of the genitourinary system,Chronic nephritic syndrome,27569,80,1.14 [0.91-1.43],0.2499258906728728
SRPK2,SRSF protein kinase 2,Chapter XIV Diseases of the genitourinary system,Cyst of kidney,27527,244,1.09 [0.95-1.24],0.215956886622328
SRPK2,SRSF protein kinase 2,Chapter XIV Diseases of the genitourinary system,Cystitis,24474,253,1.01 [0.88-1.15],0.9006526502512493
SRPK2,SRSF protein kinase 2,Chapter XIV Diseases of the genitourinary system,Dialysis,25438,56,1.44 [1.13-1.83],0.0027766256516245
SRPK2,SRSF protein kinase 2,Chapter XIV Diseases of the genitourinary system,Disorders of breast,27262,341,0.99 [0.88-1.11],0.8277689395691584
SRPK2,SRSF protein kinase 2,Chapter XIV Diseases of the genitourinary system,Endometriosis,20849,185,0.98 [0.83-1.15],0.7805105367942419
SRPK2,SRSF protein kinase 2,Chapter XIV Diseases of the genitourinary system,"Excessive, frequent and irregular menstruation",21060,396,0.87 [0.77-0.98],0.0182145761892627
SRPK2,SRSF protein kinase 2,Chapter XIV Diseases of the genitourinary system,Female genital prolapse,21679,1015,1.01 [0.95-1.08],0.748814866453358
SRPK2,SRSF protein kinase 2,Chapter XIV Diseases of the genitourinary system,Genitourinary diseases,21589,5119,1.03 [1.00-1.06],0.0306789437711575
SRPK2,SRSF protein kinase 2,Chapter XIV Diseases of the genitourinary system,Glomerular disorders in diseases classified elsewhere,27552,63,1.17 [0.91-1.50],0.2150706678549137
SRPK2,SRSF protein kinase 2,Chapter XIV Diseases of the genitourinary system,Hydronephrosis,25253,214,0.97 [0.83-1.12],0.6667730771908085
SRPK2,SRSF protein kinase 2,Chapter XIV Diseases of the genitourinary system,Inflammatory diseases of female pelvic organs,27185,402,0.96 [0.87-1.07],0.5033008075977827
SRPK2,SRSF protein kinase 2,Chapter XIV Diseases of the genitourinary system,Irregular menses,27271,126,0.75 [0.61-0.93],0.0099803011298207
SRPK2,SRSF protein kinase 2,Chapter XIV Diseases of the genitourinary system,Menorrhagia,20972,308,0.97 [0.85-1.10],0.6231537155772453
SRPK2,SRSF protein kinase 2,Chapter XIV Diseases of the genitourinary system,Neuromuscular dysfunction of bladder,24301,80,1.16 [0.93-1.45],0.1799396335565335
SRPK2,SRSF protein kinase 2,Chapter XIV Diseases of the genitourinary system,Noninflammatory disorders of female genital tract,23137,2473,0.98 [0.94-1.03],0.4354835875294371
SRPK2,SRSF protein kinase 2,Chapter XIV Diseases of the genitourinary system,Other abnormal uterine and vaginal bleeding,20807,143,1.05 [0.89-1.25],0.5518489496529473
SRPK2,SRSF protein kinase 2,Chapter XIV Diseases of the genitourinary system,"Other chronic cystitis, drug-induced",27728,66,1.19 [0.94-1.51],0.1515625854611608
SRPK2,SRSF protein kinase 2,Chapter XIV Diseases of the genitourinary system,"Other cystitis, drug-induced",27732,75,0.92 [0.72-1.19],0.5385545188465972
SRPK2,SRSF protein kinase 2,Chapter XIV Diseases of the genitourinary system,Other diseases of urinary system,26492,2271,1.04 [1.00-1.09],0.0642802722216764
SRPK2,SRSF protein kinase 2,Chapter XIV Diseases of the genitourinary system,Other disorders of  bladder,24702,481,1.00 [0.91-1.10],0.9800078086632552
SRPK2,SRSF protein kinase 2,Chapter XIV Diseases of the genitourinary system,Other disorders of breast,27040,119,1.04 [0.86-1.26],0.7052842247414375
SRPK2,SRSF protein kinase 2,Chapter XIV Diseases of the genitourinary system,Other disorders of kidney and ureter,27677,394,1.10 [1.00-1.22],0.0577662909941942
SRPK2,SRSF protein kinase 2,Chapter XIV Diseases of the genitourinary system,Other disorders of the genitourinary system,27679,92,0.96 [0.76-1.20],0.7055895689934857
SRPK2,SRSF protein kinase 2,Chapter XIV Diseases of the genitourinary system,Other disorders of urethra and urinary system,26167,1946,1.06 [1.01-1.11],0.0180255954033804
SRPK2,SRSF protein kinase 2,Chapter XIV Diseases of the genitourinary system,Other female pelvic inflammatory diseases,26989,206,1.04 [0.90-1.20],0.6313651925916802
SRPK2,SRSF protein kinase 2,Chapter XIV Diseases of the genitourinary system,Other noninflammatory disorders of cervix uteri,20824,160,1.16 [0.99-1.35],0.0708882068341765
SRPK2,SRSF protein kinase 2,Chapter XIV Diseases of the genitourinary system,"Other noninflammatory disorders of uterus, except cervix",21039,375,0.96 [0.86-1.08],0.5205939085991298
SRPK2,SRSF protein kinase 2,Chapter XIV Diseases of the genitourinary system,Other noninflammatory disorders of vagina,20779,115,1.20 [1.00-1.44],0.049203925883787
SRPK2,SRSF protein kinase 2,Chapter XIV Diseases of the genitourinary system,Other noninflammatory disorders of vulva and perineum,20870,206,1.08 [0.94-1.25],0.2658239090423742
SRPK2,SRSF protein kinase 2,Chapter XIV Diseases of the genitourinary system,Other obstructive and reflux uropathy,25306,267,0.99 [0.87-1.13],0.871285296188627
SRPK2,SRSF protein kinase 2,Chapter XIV Diseases of the genitourinary system,Other specified disorders of kidney and ureter,27412,129,1.12 [0.93-1.33],0.2259978112585299
SRPK2,SRSF protein kinase 2,Chapter XIV Diseases of the genitourinary system,Ovarian cyst,20973,309,0.99 [0.88-1.12],0.8604075727359382
SRPK2,SRSF protein kinase 2,Chapter XIV Diseases of the genitourinary system,Pain and other conditions associated with female genital organs and menstrual cycle,20772,108,0.85 [0.68-1.06],0.1557074120109279
SRPK2,SRSF protein kinase 2,Chapter XIV Diseases of the genitourinary system,Polyp of the female genital tract,21318,654,1.00 [0.92-1.09],0.9770528753835582
SRPK2,SRSF protein kinase 2,Chapter XIV Diseases of the genitourinary system,Postmenopausal atrophic vaginitis,20826,162,1.17 [1.00-1.37],0.0533922590017632
SRPK2,SRSF protein kinase 2,Chapter XIV Diseases of the genitourinary system,Postmenopausal bleeding,21263,599,1.02 [0.94-1.11],0.6208473419865028
SRPK2,SRSF protein kinase 2,Chapter XIV Diseases of the genitourinary system,Recurrent and persistent haematuria,27526,37,1.10 [0.78-1.54],0.5961887992538271
SRPK2,SRSF protein kinase 2,Chapter XIV Diseases of the genitourinary system,Renal tubulo-interstitial diseases,27543,2504,1.08 [1.04-1.13],9.998545875031868e-05
SRPK2,SRSF protein kinase 2,Chapter XIV Diseases of the genitourinary system,"Tubulo-interstitial nephritis, not specified as acute or chronic",25206,167,1.09 [0.93-1.27],0.3097547137883358
SRPK2,SRSF protein kinase 2,Chapter XIV Diseases of the genitourinary system,Unspecified kidney failure,25483,101,1.14 [0.93-1.39],0.2116982178393242
SRPK2,SRSF protein kinase 2,Chapter XIV Diseases of the genitourinary system,Unspecified renal colic,27376,34,0.88 [0.60-1.29],0.5156888681354225
SRPK2,SRSF protein kinase 2,Chapter XIV Diseases of the genitourinary system,Urethral stricture,24368,147,1.05 [0.89-1.25],0.5632288787459171
SRPK2,SRSF protein kinase 2,Chapter XIV Diseases of the genitourinary system,Urolithiasis,27612,270,1.13 [1.00-1.27],0.0588690138064936
SRPK2,SRSF protein kinase 2,Chapter XIV Diseases of the genitourinary system,Uterine polyps,20806,142,1.10 [0.93-1.31],0.2597580931447386
