Protein,Protein_definition,Disease_category,Disease,NB_individual,NB_case,OR[95%CI],P_value
S100A13,Protein S100-A13,Chapter I Certain infectious and parasitic diseases,Certain infectious and parasitic diseases,17130,687,1.30 [1.06-1.59],0.0108561512387129
S100A13,Protein S100-A13,Chapter I Certain infectious and parasitic diseases,Implicit bacterial Sepsis,16596,191,1.74 [1.23-2.44],0.0015708994754571
S100A13,Protein S100-A13,Chapter I Certain infectious and parasitic diseases,Intestinal infectious diseases,18933,117,1.24 [0.77-1.99],0.3748702013018611
S100A13,Protein S100-A13,Chapter I Certain infectious and parasitic diseases,Implicit Sepsis,12766,645,1.40 [1.14-1.73],0.0012203311574965
S100A13,Protein S100-A13,Chapter I Certain infectious and parasitic diseases,Other bacterial intestinal infections,18897,81,1.20 [0.68-2.13],0.52589109925901
S100A13,Protein S100-A13,Chapter I Certain infectious and parasitic diseases,Explicit Sepsis,17210,67,1.98 [1.15-3.40],0.0136938745469111
S100A13,Protein S100-A13,Chapter I Certain infectious and parasitic diseases,"Bacterial intestinal infections, IBD co-morbidities",19772,80,1.19 [0.67-2.12],0.5590601392068076
S100A13,Protein S100-A13,Chapter I Certain infectious and parasitic diseases,Other specified/unspecified bacterial intestinal infections,19782,55,1.01 [0.49-2.09],0.9749387360727289
S100A13,Protein S100-A13,Chapter I Certain infectious and parasitic diseases,Implicit viral Sepsis,16864,44,2.53 [1.48-4.33],0.0006756833433803
S100A13,Protein S100-A13,Chapter I Certain infectious and parasitic diseases,Other bacterial diseases,18982,96,1.19 [0.70-2.04],0.5148681689515313
S100A13,Protein S100-A13,Chapter I Certain infectious and parasitic diseases,Other septicaemia,18948,62,1.67 [0.92-3.03],0.0925021033721485
S100A13,Protein S100-A13,Chapter I Certain infectious and parasitic diseases,Viral infections characterized by skin and mucous membrane lesions,19834,50,1.23 [0.59-2.58],0.5830959720299076
S100A13,Protein S100-A13,Chapter I Certain infectious and parasitic diseases,Other viral diseases,19865,58,0.83 [0.39-1.76],0.6321426045209433
S100A13,Protein S100-A13,Chapter I Certain infectious and parasitic diseases,"Other viral diseases, not elsewhere classified",19859,52,0.86 [0.39-1.89],0.706175127737346
S100A13,Protein S100-A13,Chapter I Certain infectious and parasitic diseases,Mycoses,19592,34,1.53 [0.70-3.37],0.2855600709798049
S100A13,Protein S100-A13,Chapter I Certain infectious and parasitic diseases,"Bacterial, viral and other infectious agents",18810,320,1.63 [1.26-2.11],0.0001973714724521
S100A13,Protein S100-A13,Chapter I Certain infectious and parasitic diseases,Streptococcus and staphylococcus as the cause of diseases classified to other chapters,18612,122,2.16 [1.53-3.05],1.3088700891326235e-05
S100A13,Protein S100-A13,Chapter I Certain infectious and parasitic diseases,Other bacterial agents as the cause of diseases classified to other chapters,18709,219,1.39 [1.00-1.92],0.0507031924595614
S100A13,Protein S100-A13,Chapter II Neoplasms,"Malignant neoplasm of colon, excluding all cancers (controls excluding all cancers)",15531,64,0.59 [0.28-1.23],0.1577916455706417
S100A13,Protein S100-A13,Chapter II Neoplasms,"Malignant melanoma of skin, excluding all cancers (controls excluding all cancers)",15505,38,0.51 [0.19-1.32],0.1642054078847928
S100A13,Protein S100-A13,Chapter II Neoplasms,"Other malignant neoplasms of skin (=non-melanoma skin cancer), excluding all cancers (controls excluding all cancers)",15686,219,0.85 [0.57-1.25],0.4001958331607381
S100A13,Protein S100-A13,Chapter II Neoplasms,"Squamous cell neoplasms and carcinomas of the skin, excluding all cancers (controls excluding all cancers)",15692,225,0.84 [0.57-1.24],0.3802446097955476
S100A13,Protein S100-A13,Chapter II Neoplasms,"Malignant neoplasm of prostate, excluding all cancers (controls excluding all cancers)",15656,189,0.87 [0.58-1.33],0.5289663888699792
S100A13,Protein S100-A13,Chapter II Neoplasms,"Non-Hodgkin lymphoma, all, excluding all cancers (controls excluding all cancers)",15510,43,2.16 [1.20-3.90],0.0100366679382826
S100A13,Protein S100-A13,Chapter III Diseases of the blood and blood-forming organs and certain disorders involving the immune mechanism,Diseases of the blood and blood-forming organs and certain disorders involving the immune mechanism,17693,435,1.39 [1.09-1.78],0.007741508480367
S100A13,Protein S100-A13,Chapter II Neoplasms,"Benign neoplasm of colon, rectum, anus and anal canal",18571,315,0.91 [0.67-1.24],0.5411117120482518
S100A13,Protein S100-A13,Chapter II Neoplasms,Benign neoplasm: Sigmoid colon,19330,107,0.89 [0.52-1.51],0.6618561601883906
S100A13,Protein S100-A13,Chapter II Neoplasms,"Benign neoplasm: Colon, unspecified",19893,112,0.89 [0.53-1.50],0.6711025646150832
S100A13,Protein S100-A13,Chapter II Neoplasms,Benign neoplasm: Rectum,19607,62,0.95 [0.48-1.89],0.8858332104356168
S100A13,Protein S100-A13,Chapter II Neoplasms,Benign neoplasm of other and ill-defined parts of digestive system,19904,54,1.24 [0.62-2.47],0.5361744926285377
S100A13,Protein S100-A13,Chapter II Neoplasms,Benign neoplasm: Stomach,19942,38,1.08 [0.45-2.57],0.8676342740268059
S100A13,Protein S100-A13,Chapter II Neoplasms,Benign lipomatous neoplasm,19666,262,0.94 [0.67-1.33],0.7420515342286764
S100A13,Protein S100-A13,Chapter II Neoplasms,Benign lipomatous neoplasm of skin and subcutaneous tissue of trunk,19911,92,1.46 [0.88-2.41],0.1419611494769821
S100A13,Protein S100-A13,Chapter II Neoplasms,Benign lipomatous neoplasm of skin and subcutaneous tissue of limbs,19917,62,0.66 [0.32-1.36],0.2580314451254168
S100A13,Protein S100-A13,Chapter II Neoplasms,"Haemangioma and lymphangioma, any site",19880,30,1.08 [0.41-2.84],0.8710494453194532
S100A13,Protein S100-A13,Chapter II Neoplasms,"Haemangioma, any site",19883,30,1.08 [0.41-2.84],0.8708945046130819
S100A13,Protein S100-A13,Chapter II Neoplasms,Melanocytic naevi,19814,104,0.85 [0.49-1.49],0.5774296447487803
S100A13,Protein S100-A13,Chapter II Neoplasms,Melanocytic naevi of other and unspecified parts of face,19931,43,1.36 [0.63-2.94],0.4381071602486267
S100A13,Protein S100-A13,Chapter II Neoplasms,Other benign neoplasms of skin,19837,107,0.95 [0.56-1.62],0.8536039948488187
S100A13,Protein S100-A13,Chapter III Diseases of the blood and blood-forming organs and certain disorders involving the immune mechanism,Other and unspecified iron deficiency,18982,92,0.61 [0.34-1.12],0.1140901964822429
S100A13,Protein S100-A13,Chapter III Diseases of the blood and blood-forming organs and certain disorders involving the immune mechanism,Other anaemias,18675,192,1.38 [0.97-1.98],0.0769786786228497
S100A13,Protein S100-A13,Chapter III Diseases of the blood and blood-forming organs and certain disorders involving the immune mechanism,Other and unspecified anaemias,18675,192,1.38 [0.97-1.98],0.0769786786228497
S100A13,Protein S100-A13,Chapter I Certain infectious and parasitic diseases,Condition for Implicit Sepsis (Organ dysfunction codes),16828,408,1.70 [1.33-2.17],1.764054891077261e-05
S100A13,Protein S100-A13,Chapter III Diseases of the blood and blood-forming organs and certain disorders involving the immune mechanism,Agranulocytosis,19515,34,1.97 [0.96-4.05],0.0636839372595614
S100A13,Protein S100-A13,"Chapter IV Endocrine, nutritional and metabolic diseases",Disorders of other endocrine glands,19730,50,0.81 [0.37-1.79],0.6029584178550766
S100A13,Protein S100-A13,"Chapter IV Endocrine, nutritional and metabolic diseases",Metabolic disorders,15651,1154,1.48 [1.26-1.73],1.2331164285773169e-06
S100A13,Protein S100-A13,"Chapter IV Endocrine, nutritional and metabolic diseases",Disorders of the thyroid gland,19370,154,1.66 [1.17-2.37],0.0049103202296091
S100A13,Protein S100-A13,"Chapter IV Endocrine, nutritional and metabolic diseases",Type 1 diabetes,17591,107,1.66 [1.09-2.54],0.0192911460320987
S100A13,Protein S100-A13,Chapter IX Diseases of the circulatory system,Peripheral artery disease,18818,141,1.79 [1.27-2.54],0.0009756458441802
S100A13,Protein S100-A13,"Chapter IV Endocrine, nutritional and metabolic diseases",Type 1 diabetes without complications,17580,96,1.62 [1.02-2.55],0.0390931422852782
S100A13,Protein S100-A13,"Chapter IV Endocrine, nutritional and metabolic diseases",Type 2 diabetes,18043,559,1.03 [0.82-1.30],0.7865707980745975
S100A13,Protein S100-A13,"Chapter IV Endocrine, nutritional and metabolic diseases",Type 2 diabetes without complications,18027,543,1.02 [0.81-1.29],0.8847268234234449
S100A13,Protein S100-A13,"Chapter IV Endocrine, nutritional and metabolic diseases",Obesity,18487,140,0.73 [0.44-1.21],0.2230579700697889
S100A13,Protein S100-A13,"Chapter IV Endocrine, nutritional and metabolic diseases","Obesity, other/unspecified",18487,139,0.74 [0.45-1.23],0.2458239308763691
S100A13,Protein S100-A13,"Chapter IV Endocrine, nutritional and metabolic diseases",Disorders of lipoprotein metabolism and other lipidaemias,15531,1034,1.49 [1.26-1.76],2.442449057329698e-06
S100A13,Protein S100-A13,"Chapter IV Endocrine, nutritional and metabolic diseases","Hyperlipidaemia, other/unspecified",14640,143,1.41 [0.94-2.12],0.1002105226039457
S100A13,Protein S100-A13,"Chapter IV Endocrine, nutritional and metabolic diseases",Pure hypercholesterolaemia,15449,952,1.52 [1.28-1.80],1.727270711846564e-06
S100A13,Protein S100-A13,"Chapter IV Endocrine, nutritional and metabolic diseases",Volume depletion,14537,40,1.18 [0.53-2.66],0.6847030832364124
S100A13,Protein S100-A13,"Chapter IV Endocrine, nutritional and metabolic diseases","Other disorders of fluid, electrolyte and acid-base balance",14571,74,1.97 [1.25-3.10],0.0035140036201464
S100A13,Protein S100-A13,Chapter V Mental and behavioural disorders,Any mental disorder,16959,577,1.26 [1.01-1.58],0.0395582679791654
S100A13,Protein S100-A13,Chapter V Mental and behavioural disorders,"Substance abuse, excluding more controls",16677,295,1.06 [0.77-1.48],0.7103822289525679
S100A13,Protein S100-A13,Chapter V Mental and behavioural disorders,"Mental and behavioural disorders due to alcohol, excluding acute intoxication",19475,225,0.88 [0.61-1.28],0.5104512953181284
S100A13,Protein S100-A13,Chapter V Mental and behavioural disorders,"Alcohol use disorder, ICD-based",19545,173,0.98 [0.64-1.49],0.9168546719024688
S100A13,Protein S100-A13,Chapter V Mental and behavioural disorders,Acute alcohol intoxication,18171,69,0.54 [0.26-1.11],0.0929774009937405
S100A13,Protein S100-A13,Chapter V Mental and behavioural disorders,"Acute alcohol intoxication, ICD10",19824,69,0.52 [0.26-1.05],0.0668655781519544
S100A13,Protein S100-A13,Chapter V Mental and behavioural disorders,"Alcohol abuse, main dg, excluding more controls",16451,69,0.54 [0.27-1.12],0.0975978771318004
S100A13,Protein S100-A13,Chapter V Mental and behavioural disorders,Alcohol dependence,18201,99,1.07 [0.61-1.90],0.8080897223384477
S100A13,Protein S100-A13,Chapter V Mental and behavioural disorders,Smoking dependency,18188,74,1.79 [1.07-3.00],0.0261051293938988
S100A13,Protein S100-A13,Chapter V Mental and behavioural disorders,"Schizophrenia or delusion, excluding more controls",16442,60,1.79 [1.02-3.14],0.0426084333840397
S100A13,Protein S100-A13,Chapter V Mental and behavioural disorders,"Mood disorders, excluding more controls",16596,214,1.54 [1.10-2.15],0.0111920350857376
S100A13,Protein S100-A13,Chapter V Mental and behavioural disorders,Depression,18956,181,1.52 [1.05-2.19],0.0246441844391481
S100A13,Protein S100-A13,Chapter V Mental and behavioural disorders,Depression or dysthymia,16376,160,1.53 [1.04-2.25],0.0314076298351883
S100A13,Protein S100-A13,Chapter V Mental and behavioural disorders,"Anxiety disorders, excluding more controls",16467,85,1.06 [0.59-1.90],0.8449323819435118
S100A13,Protein S100-A13,Chapter V Mental and behavioural disorders,Other anxiety disorders,19102,45,1.11 [0.51-2.43],0.7940594044846403
S100A13,Protein S100-A13,Chapter VI Diseases of the nervous system,Neurological diseases,17016,1101,1.29 [1.10-1.51],0.0021475363577801
S100A13,Protein S100-A13,Chapter VI Diseases of the nervous system,Other degenerative diseases of the nervous system,15341,77,1.31 [0.73-2.35],0.3693255225958042
S100A13,Protein S100-A13,Chapter VI Diseases of the nervous system,MS-disease / Multiple Sclerosis,19855,56,1.20 [0.59-2.46],0.6105074150513822
S100A13,Protein S100-A13,Chapter VI Diseases of the nervous system,Episodal and paroxysmal disorders,18840,440,1.08 [0.83-1.40],0.5653926836486954
S100A13,Protein S100-A13,Chapter VI Diseases of the nervous system,Epilepsy,18539,139,0.70 [0.43-1.13],0.144982182163312
S100A13,Protein S100-A13,Chapter VI Diseases of the nervous system,Migraine,18426,26,1.03 [0.34-3.05],0.9643195756077266
S100A13,Protein S100-A13,Chapter VI Diseases of the nervous system,"Migraine, unspecified, drug-induced",19815,19,1.35 [0.41-4.39],0.6209326521323251
S100A13,Protein S100-A13,Chapter IX Diseases of the circulatory system,Transient ischemic attack,19157,80,1.90 [1.23-2.96],0.0041254486640916
S100A13,Protein S100-A13,Chapter VI Diseases of the nervous system,Other sleep disorders,18590,190,1.04 [0.70-1.54],0.8547252330765585
S100A13,Protein S100-A13,Chapter VI Diseases of the nervous system,Sleep apnoea,19338,151,1.01 [0.65-1.58],0.9530956834174557
S100A13,Protein S100-A13,Chapter VI Diseases of the nervous system,"Nerve, nerve root and plexus disorders",19145,392,1.36 [1.05-1.75],0.0179371584079685
S100A13,Protein S100-A13,Chapter VI Diseases of the nervous system,"Other and unspecified nerve root and plexus disorders, also in other diseases",18856,103,1.53 [0.96-2.45],0.0758214873094659
S100A13,Protein S100-A13,Chapter VI Diseases of the nervous system,Carpal tunnel syndrome,18939,186,1.37 [0.96-1.97],0.0835062920021202
S100A13,Protein S100-A13,Chapter VI Diseases of the nervous system,Cerebral palsy and other paralytic syndromes,19674,75,1.33 [0.75-2.36],0.3366731596155722
S100A13,Protein S100-A13,Chapter VI Diseases of the nervous system,Hemiplegia,19649,50,1.04 [0.49-2.19],0.9185270368960238
S100A13,Protein S100-A13,Chapter VI Diseases of the nervous system,Other neurological diseases,19532,100,1.37 [0.84-2.25],0.2095293403025581
S100A13,Protein S100-A13,"Chapter VII Diseases of the eye, adnexa, ear and mastoid process","Disorders of eyelid, lacrimal system and orbit",19446,264,1.06 [0.76-1.47],0.7279609802249591
S100A13,Protein S100-A13,"Chapter VII Diseases of the eye, adnexa, ear and mastoid process",Other disorders of eyelid,19332,150,0.85 [0.54-1.34],0.4835284463653567
S100A13,Protein S100-A13,"Chapter VII Diseases of the eye, adnexa, ear and mastoid process",Chalazion,19250,68,0.79 [0.39-1.57],0.4939175870934914
S100A13,Protein S100-A13,"Chapter VII Diseases of the eye, adnexa, ear and mastoid process",Other specified and unspecified  disorders of eyelid,19268,86,0.89 [0.49-1.62],0.6971759016100072
S100A13,Protein S100-A13,"Chapter VII Diseases of the eye, adnexa, ear and mastoid process",Disorders of lacrimal system,19219,37,2.47 [1.52-4.01],0.0002736801976006
S100A13,Protein S100-A13,"Chapter VII Diseases of the eye, adnexa, ear and mastoid process",Senile cataract,17471,118,1.09 [0.67-1.75],0.7355983972109625
S100A13,Protein S100-A13,"Chapter VII Diseases of the eye, adnexa, ear and mastoid process",Other cataract,17674,321,1.24 [0.94-1.65],0.132418387244568
S100A13,Protein S100-A13,"Chapter VII Diseases of the eye, adnexa, ear and mastoid process",Disorders of choroid and retina,19122,188,1.04 [0.71-1.54],0.8300056646299275
S100A13,Protein S100-A13,"Chapter VII Diseases of the eye, adnexa, ear and mastoid process",Background diabetic retinopathy,19595,41,1.52 [0.76-3.05],0.2401818403966179
S100A13,Protein S100-A13,"Chapter VII Diseases of the eye, adnexa, ear and mastoid process",Diabetic maculopathy,2168,41,1.38 [0.67-2.82],0.3832337944101458
S100A13,Protein S100-A13,"Chapter VII Diseases of the eye, adnexa, ear and mastoid process","Diabetic maculopathy, excluding more controls",17468,41,1.55 [0.75-3.21],0.2323084489905327
S100A13,Protein S100-A13,"Chapter VII Diseases of the eye, adnexa, ear and mastoid process",Glaucoma,19398,80,1.41 [0.84-2.36],0.1925823218907473
S100A13,Protein S100-A13,"Chapter VII Diseases of the eye, adnexa, ear and mastoid process",Other and unspecified glaucoma,19360,42,1.86 [1.03-3.35],0.0383724127680604
S100A13,Protein S100-A13,"Chapter VII Diseases of the eye, adnexa, ear and mastoid process","Disorders of ocular muscles, binocular movement, accommodation and refraction",19489,62,1.53 [0.84-2.78],0.1604522090568936
S100A13,Protein S100-A13,"Chapter VII Diseases of the eye, adnexa, ear and mastoid process",Visual disturbances,19525,81,0.69 [0.37-1.30],0.2534111203009235
S100A13,Protein S100-A13,"Chapter VII Diseases of the eye, adnexa, ear and mastoid process",Diseases of middle ear and mastoid,19869,116,1.04 [0.63-1.70],0.8872328286424813
S100A13,Protein S100-A13,"Chapter VII Diseases of the eye, adnexa, ear and mastoid process",Other disorders of ear,19180,88,0.92 [0.51-1.66],0.7855060523290958
S100A13,Protein S100-A13,Chapter IX Diseases of the circulatory system,Death due to cardiac causes,13431,3059,1.27 [1.12-1.43],0.0001225170791945
S100A13,Protein S100-A13,Chapter IX Diseases of the circulatory system,Rheumatic valve diseases,19378,50,1.35 [0.69-2.65],0.3864230720395158
S100A13,Protein S100-A13,Chapter IX Diseases of the circulatory system,"Hypertension, essential",14211,1988,1.24 [1.08-1.42],0.0018767061295262
S100A13,Protein S100-A13,Chapter IX Diseases of the circulatory system,Hypertension,14238,2015,1.24 [1.08-1.42],0.0017200874543891
S100A13,Protein S100-A13,Chapter IX Diseases of the circulatory system,Hypertensive Renal Disease,12286,63,2.15 [1.35-3.42],0.0012994397684641
S100A13,Protein S100-A13,Chapter IX Diseases of the circulatory system,"Ischaemic heart disease, wide definition",17678,1351,1.52 [1.31-1.76],3.5798199593359075e-08
S100A13,Protein S100-A13,Chapter IX Diseases of the circulatory system,Angina pectoris,17075,748,1.31 [1.08-1.59],0.0069605663556442
S100A13,Protein S100-A13,Chapter IX Diseases of the circulatory system,Unstable angina pectoris,18735,263,1.51 [1.13-2.02],0.0054317350995719
S100A13,Protein S100-A13,Chapter IX Diseases of the circulatory system,Major coronary heart disease event,19063,591,1.52 [1.24-1.86],4.795246303451747e-05
S100A13,Protein S100-A13,Chapter IX Diseases of the circulatory system,"Myocardial infarction, with ST-elevation",19768,138,1.66 [1.14-2.42],0.0083784879219187
S100A13,Protein S100-A13,Chapter IX Diseases of the circulatory system,"Myocardial infarction, strict",16740,413,1.65 [1.30-2.10],4.0455803366216167e-05
S100A13,Protein S100-A13,Chapter IX Diseases of the circulatory system,Coronary atherosclerosis,17456,1150,1.55 [1.32-1.81],4.8490744809571167e-08
S100A13,Protein S100-A13,Chapter IX Diseases of the circulatory system,Pulmonary embolism,19211,104,2.13 [1.46-3.10],8.656113496310131e-05
S100A13,Protein S100-A13,Chapter IX Diseases of the circulatory system,Venous thromboembolism,19316,210,1.68 [1.23-2.29],0.0011237243615182
S100A13,Protein S100-A13,Chapter IX Diseases of the circulatory system,Secondary right heart disease,19185,78,1.68 [1.00-2.80],0.0485346131241291
S100A13,Protein S100-A13,Chapter IX Diseases of the circulatory system,Other pulmonary heart/vessel disease,19186,79,1.65 [0.99-2.76],0.0570704628035144
S100A13,Protein S100-A13,Chapter IX Diseases of the circulatory system,"Hypertension, Pulmonary Arterial",12298,75,1.63 [0.98-2.70],0.0603683916058492
S100A13,Protein S100-A13,Chapter IX Diseases of the circulatory system,Cardiomyopathy,15676,66,2.41 [1.59-3.65],3.2265930696434136e-05
S100A13,Protein S100-A13,Chapter IX Diseases of the circulatory system,Conduction disorders,15745,135,1.61 [1.11-2.36],0.0129523677619844
S100A13,Protein S100-A13,Chapter IX Diseases of the circulatory system,Paroxysmal tachycardia,9921,110,1.56 [1.01-2.40],0.0437420530855122
S100A13,Protein S100-A13,Chapter IX Diseases of the circulatory system,Atrial fibrillation and flutter,10311,500,1.72 [1.36-2.16],4.279987510100574e-06
S100A13,Protein S100-A13,Chapter IX Diseases of the circulatory system,Other arrhythmias,15682,72,1.62 [0.97-2.68],0.0631294771774603
S100A13,Protein S100-A13,Chapter IX Diseases of the circulatory system,Other or ill-defined heart diseases,15718,108,1.53 [0.98-2.37],0.0586814129045889
S100A13,Protein S100-A13,Chapter IX Diseases of the circulatory system,"Heart failure, strict",18867,264,1.74 [1.33-2.29],6.46118017464021e-05
S100A13,Protein S100-A13,Chapter IX Diseases of the circulatory system,"Stroke, including SAH",19105,145,1.29 [0.85-1.94],0.2280215998131337
S100A13,Protein S100-A13,Chapter IX Diseases of the circulatory system,"Stroke, excluding SAH",19128,133,1.29 [0.84-1.98],0.2455197655064381
S100A13,Protein S100-A13,Chapter IX Diseases of the circulatory system,"Ischaemic Stroke, excluding all haemorrhages",19194,117,1.51 [0.98-2.31],0.0609872809721975
S100A13,Protein S100-A13,Chapter IX Diseases of the circulatory system,Other diseases of arteries and capillaries,18787,68,1.77 [1.09-2.88],0.0214335539611647
S100A13,Protein S100-A13,Chapter IX Diseases of the circulatory system,Other peripheral vascular diseases,18845,126,1.72 [1.18-2.51],0.005100153602877
S100A13,Protein S100-A13,Chapter IX Diseases of the circulatory system,Phlebitis and thrombophlebitis (not including DVT),18845,132,1.43 [0.93-2.18],0.1024527027436799
S100A13,Protein S100-A13,Chapter IX Diseases of the circulatory system,DVT of lower extremities,18829,116,1.45 [0.93-2.28],0.1046489145359659
S100A13,Protein S100-A13,Chapter IX Diseases of the circulatory system,"!Phlebitis/thrombophlebitis venae iliacae [externae/internae/communis], drug-induced",19751,109,1.44 [0.91-2.30],0.1229297202202423
S100A13,Protein S100-A13,Chapter IX Diseases of the circulatory system,Varicose veins,18990,277,0.79 [0.56-1.11],0.1692428865389033
S100A13,Protein S100-A13,Chapter IX Diseases of the circulatory system,Hypotension,18909,64,1.44 [0.80-2.60],0.2200420706909731
S100A13,Protein S100-A13,Chapter X Diseases of the respiratory system,Diseases of the respiratory system,15591,1705,1.18 [1.03-1.35],0.0205577697144777
S100A13,Protein S100-A13,Chapter X Diseases of the respiratory system,Acute upper respiratory infections,19804,73,0.90 [0.47-1.72],0.750711332511927
S100A13,Protein S100-A13,Chapter X Diseases of the respiratory system,Influenza and pneumonia,18227,211,1.71 [1.24-2.36],0.0010993137383392
S100A13,Protein S100-A13,Chapter X Diseases of the respiratory system,"Pneumonia, organism unspecified",18194,178,1.66 [1.16-2.36],0.0052380211968378
S100A13,Protein S100-A13,Chapter X Diseases of the respiratory system,Other acute lower respiratory infections,19156,235,1.36 [0.99-1.87],0.0592368029955195
S100A13,Protein S100-A13,Chapter X Diseases of the respiratory system,Unspecified acute lower respiratory infection,19154,233,1.36 [0.99-1.87],0.0610294003337676
S100A13,Protein S100-A13,Chapter X Diseases of the respiratory system,Other diseases of upper respiratory tract,19205,551,1.09 [0.87-1.37],0.4632954928527162
S100A13,Protein S100-A13,Chapter X Diseases of the respiratory system,Chronic sinusitis,18718,64,0.98 [0.49-1.93],0.9440435119546444
S100A13,Protein S100-A13,Chapter X Diseases of the respiratory system,Nasal polyp,18792,138,0.93 [0.58-1.49],0.7693459962285513
S100A13,Protein S100-A13,Chapter X Diseases of the respiratory system,"Diseases of vocal cords and larynx+other diseases of upper respiratory tract, no elsewhere classified",19006,352,1.07 [0.80-1.43],0.6414159547671643
S100A13,Protein S100-A13,Chapter X Diseases of the respiratory system,Deviated nasal septum,18844,190,0.94 [0.62-1.40],0.7463836113139228
S100A13,Protein S100-A13,Chapter X Diseases of the respiratory system,Vocal cord dysfunction,8699,49,1.50 [0.78-2.87],0.2211964764288619
S100A13,Protein S100-A13,Chapter X Diseases of the respiratory system,Chronic lower respiratory diseases,17822,728,0.98 [0.80-1.21],0.867190734010081
S100A13,Protein S100-A13,Chapter X Diseases of the respiratory system,Early onset COPD,18841,163,0.83 [0.54-1.29],0.4122754864952656
S100A13,Protein S100-A13,Chapter X Diseases of the respiratory system,"COPD, hospital admissions 1, only main diagnosis",18866,188,0.97 [0.65-1.44],0.879547239687912
S100A13,Protein S100-A13,Chapter X Diseases of the respiratory system,"Other chronic obstructive pulmonary disease, including avohilmo",18866,188,0.97 [0.65-1.44],0.879547239687912
S100A13,Protein S100-A13,Chapter X Diseases of the respiratory system,"Asthma, hospital admissions , main diagnosis only",18766,558,0.96 [0.76-1.21],0.7097475548693646
S100A13,Protein S100-A13,Chapter X Diseases of the respiratory system,Asthma,13576,558,0.99 [0.78-1.26],0.9471939851031872
S100A13,Protein S100-A13,Chapter X Diseases of the respiratory system,"Asthma, excluding more controls",13287,558,1.00 [0.79-1.27],0.9947060412951044
S100A13,Protein S100-A13,Chapter X Diseases of the respiratory system,"Asthma, unspecified (mode)",13567,549,0.98 [0.77-1.25],0.8934163391214672
S100A13,Protein S100-A13,Chapter X Diseases of the respiratory system,Other respiratory diseases principally affecting the interstitium,19571,96,1.84 [1.20-2.81],0.0048203033999571
S100A13,Protein S100-A13,Chapter X Diseases of the respiratory system,Interstitial lung disease,18941,75,1.28 [0.72-2.28],0.3930364433673463
S100A13,Protein S100-A13,Chapter X Diseases of the respiratory system,"ILD, hospital admissions",19640,75,1.29 [0.73-2.29],0.3845478024766925
S100A13,Protein S100-A13,Chapter X Diseases of the respiratory system,Idiopathic pulmonary fibrosis,18936,70,1.17 [0.63-2.16],0.6242165423598474
S100A13,Protein S100-A13,Chapter X Diseases of the respiratory system,Pleural effusion,18003,113,1.38 [0.86-2.22],0.1787201687228928
S100A13,Protein S100-A13,Chapter X Diseases of the respiratory system,Other diseases of pleura,18129,239,1.30 [0.94-1.79],0.110753152212366
S100A13,Protein S100-A13,Chapter X Diseases of the respiratory system,Other respiratory disorders and diseases,18792,109,1.19 [0.74-1.94],0.472340106306753
S100A13,Protein S100-A13,Chapter XI Diseases of the digestive system,Gastrointestinal diseases,13285,4689,1.01 [0.91-1.12],0.8667859216875592
S100A13,Protein S100-A13,Chapter XI Diseases of the digestive system,"Diseases of oral cavity, salivary glands and jaws",19548,310,1.31 [0.98-1.75],0.0702437741062585
S100A13,Protein S100-A13,Chapter XI Diseases of the digestive system,Embedded and impacted teeth,19923,63,0.97 [0.48-1.97],0.9366432197001098
S100A13,Protein S100-A13,Chapter XI Diseases of the digestive system,Impacted teeth,19924,60,1.03 [0.50-2.11],0.9341122298268733
S100A13,Protein S100-A13,Chapter XI Diseases of the digestive system,Dental caries,19334,96,1.94 [1.29-2.91],0.0014556537014736
S100A13,Protein S100-A13,Chapter XI Diseases of the digestive system,Diseases of pulp and periapical tissues,19306,68,0.73 [0.36-1.46],0.3668132656289125
S100A13,Protein S100-A13,Chapter XI Diseases of the digestive system,Palatinal maxillary canine,19915,72,1.11 [0.58-2.13],0.7440268259077045
S100A13,Protein S100-A13,Chapter XI Diseases of the digestive system,Other disorders of teeth and supporting structures,19302,64,1.30 [0.69-2.44],0.413934611130865
S100A13,Protein S100-A13,Chapter XI Diseases of the digestive system,Other diseases of lip and oral mucosa,19120,69,1.47 [0.82-2.62],0.1942202596442783
S100A13,Protein S100-A13,Chapter XI Diseases of the digestive system,Oral lichen ruber planus,19873,51,1.68 [0.90-3.14],0.105362409735712
S100A13,Protein S100-A13,Chapter XI Diseases of the digestive system,Gastroduodenal ulcer,15313,268,1.06 [0.76-1.47],0.7338976539107808
S100A13,Protein S100-A13,Chapter XI Diseases of the digestive system,"Diseases of oesophagus, stomach and duodenum",16728,1683,0.93 [0.80-1.07],0.3026825054076244
S100A13,Protein S100-A13,Chapter XI Diseases of the digestive system,Oesophagitis,15374,329,0.92 [0.68-1.25],0.5932008543025395
S100A13,Protein S100-A13,Chapter XI Diseases of the digestive system,Gastro-oesophageal reflux disease,15600,555,0.83 [0.65-1.06],0.1349804557494371
S100A13,Protein S100-A13,Chapter XI Diseases of the digestive system,Other diseases of oesophagus,15112,67,1.07 [0.55-2.07],0.8414296317995366
S100A13,Protein S100-A13,Chapter XI Diseases of the digestive system,Ulcer of oesophagus,15288,243,1.22 [0.87-1.70],0.2518542855596926
S100A13,Protein S100-A13,Chapter XI Diseases of the digestive system,Oesophageal obstruction,15109,64,1.07 [0.55-2.08],0.839851089226659
S100A13,Protein S100-A13,Chapter XI Diseases of the digestive system,Gastric ulcer,15169,124,1.14 [0.71-1.81],0.5897518994605437
S100A13,Protein S100-A13,Chapter XI Diseases of the digestive system,Duodenal ulcer,15197,152,1.16 [0.76-1.77],0.4965849329015763
S100A13,Protein S100-A13,Chapter XI Diseases of the digestive system,"Duodenal ulcer - Unspecified as acute or chronic, without haemorrhage or perforation, drug-induced",19801,105,1.21 [0.73-1.98],0.4601169137638975
S100A13,Protein S100-A13,Chapter XI Diseases of the digestive system,Chronic gastritis,15147,102,0.79 [0.45-1.37],0.3936716535333193
S100A13,Protein S100-A13,Chapter XI Diseases of the digestive system,Other gastritis (incl. Duodenitis),15696,651,1.13 [0.92-1.40],0.2498644297411562
S100A13,Protein S100-A13,Chapter XI Diseases of the digestive system,Diseases of appendix,19814,86,1.10 [0.61-1.97],0.7487226117146216
S100A13,Protein S100-A13,Chapter XI Diseases of the digestive system,Functional dyspepsia,15287,242,0.86 [0.59-1.23],0.3982614474720727
S100A13,Protein S100-A13,Chapter XI Diseases of the digestive system,Other diseases of stomach and duodenum,15187,142,1.35 [0.89-2.05],0.1630173707530843
S100A13,Protein S100-A13,Chapter XI Diseases of the digestive system,Colonic or urogenital fistula,19775,148,0.99 [0.63-1.54],0.9484259225684912
S100A13,Protein S100-A13,Chapter XI Diseases of the digestive system,Acute appendicitis,19795,67,1.04 [0.53-2.04],0.9040209461360988
S100A13,Protein S100-A13,Chapter XI Diseases of the digestive system,Hernia,17030,1718,0.85 [0.74-0.98],0.0231115764291255
S100A13,Protein S100-A13,Chapter XI Diseases of the digestive system,Inguinal hernia,16266,954,0.88 [0.73-1.06],0.1851859439622737
S100A13,Protein S100-A13,Chapter XI Diseases of the digestive system,Umbilical hernia,15457,145,0.81 [0.51-1.29],0.3790383301565799
S100A13,Protein S100-A13,Chapter XI Diseases of the digestive system,Ventral hernia,15390,78,0.95 [0.51-1.74],0.8566766987379005
S100A13,Protein S100-A13,Chapter XI Diseases of the digestive system,Diaphragmatic hernia,15954,642,0.80 [0.64-1.01],0.0573134344956788
S100A13,Protein S100-A13,Chapter XI Diseases of the digestive system,Noninfective enteritis and colitis,19221,511,1.21 [0.96-1.52],0.1135732023799603
S100A13,Protein S100-A13,Chapter XI Diseases of the digestive system,Other diseases of intestines,15418,1518,1.02 [0.88-1.18],0.7702213154280055
S100A13,Protein S100-A13,Chapter XI Diseases of the digestive system,"Crohn disease (strict definition, all UC cases excluded)",19661,45,0.84 [0.36-1.94],0.676602745263075
S100A13,Protein S100-A13,Chapter XI Diseases of the digestive system,"Crohn disease (strict definition, require KELA, min 2 HDR)",19882,58,0.95 [0.46-1.96],0.8812272354512181
S100A13,Protein S100-A13,Chapter XI Diseases of the digestive system,Crohn disease,18768,58,0.95 [0.46-1.98],0.8923868919379653
S100A13,Protein S100-A13,Chapter XI Diseases of the digestive system,Crohn's disease NAS,18756,46,0.88 [0.38-2.02],0.7645677853233256
S100A13,Protein S100-A13,Chapter XI Diseases of the digestive system,"Ulcerative colitis (strict definition, require KELA, min 2 HDR)",19837,120,0.86 [0.52-1.44],0.5705435280292116
S100A13,Protein S100-A13,Chapter XI Diseases of the digestive system,Ulcerative colitis,18830,120,0.87 [0.52-1.46],0.6018832870492059
S100A13,Protein S100-A13,Chapter XI Diseases of the digestive system,"Ulcerative colitis, NAS",18818,108,1.03 [0.61-1.73],0.91342166516653
S100A13,Protein S100-A13,Chapter XI Diseases of the digestive system,Other noninfective gastroenteritis and colitis,19101,391,1.40 [1.09-1.80],0.0086898103803384
S100A13,Protein S100-A13,Chapter XI Diseases of the digestive system,Noninfectious colitis NAS,19099,389,1.39 [1.08-1.79],0.0100334352268614
S100A13,Protein S100-A13,Chapter XI Diseases of the digestive system,Paralytic ileus and intestinal obstruction,13982,82,0.72 [0.38-1.35],0.2997240791012115
S100A13,Protein S100-A13,Chapter XI Diseases of the digestive system,Intestinal stricture,19569,82,0.75 [0.40-1.39],0.3580404113544089
S100A13,Protein S100-A13,Chapter XI Diseases of the digestive system,"Other or unspecified ileus, impaction or obstruction",13958,58,0.81 [0.39-1.69],0.5762103494950523
S100A13,Protein S100-A13,Chapter XI Diseases of the digestive system,Diverticular disease of intestine,14334,434,1.10 [0.85-1.42],0.4516098009497785
S100A13,Protein S100-A13,Chapter XI Diseases of the digestive system,Irritable bowel syndrome,13978,78,0.87 [0.46-1.65],0.6737396057224916
S100A13,Protein S100-A13,Chapter XI Diseases of the digestive system,Other functional intestinal disorders,14049,149,1.36 [0.92-2.02],0.1237037072580359
S100A13,Protein S100-A13,Chapter XI Diseases of the digestive system,Constipation,18674,137,1.39 [0.92-2.11],0.1174567898850939
S100A13,Protein S100-A13,Chapter XI Diseases of the digestive system,Diseases of peritoneum,19624,44,1.62 [0.83-3.14],0.1571018572853298
S100A13,Protein S100-A13,Chapter XI Diseases of the digestive system,Fissure and fistula of anal and rectal regions,14041,141,0.99 [0.62-1.56],0.9559647932704312
S100A13,Protein S100-A13,Chapter XI Diseases of the digestive system,Abscess of anal and rectal regions,13983,83,1.57 [0.95-2.57],0.0766385569311124
S100A13,Protein S100-A13,Chapter XI Diseases of the digestive system,Other diseases of anus and rectum,14634,734,0.84 [0.68-1.04],0.1162424080277471
S100A13,Protein S100-A13,Chapter XI Diseases of the digestive system,Other diseases of intestine,14162,262,1.09 [0.79-1.51],0.6054790951364551
S100A13,Protein S100-A13,Chapter XI Diseases of the digestive system,Other diseases of peritoneum,19613,33,1.82 [0.93-3.57],0.0823913696675106
S100A13,Protein S100-A13,Chapter XI Diseases of the digestive system,Diseases of liver,19229,121,0.89 [0.54-1.48],0.6550888840879825
S100A13,Protein S100-A13,Chapter XI Diseases of the digestive system,Other diseases of liver,19178,70,0.94 [0.49-1.81],0.8487721620695498
S100A13,Protein S100-A13,Chapter XI Diseases of the digestive system,"Disorders of gallbladder, biliary tract and pancreas",18960,296,1.37 [1.03-1.82],0.0332160466946287
S100A13,Protein S100-A13,Chapter XI Diseases of the digestive system,Cholelithiasis,18876,212,1.36 [0.97-1.91],0.0745281523680753
S100A13,Protein S100-A13,Chapter XI Diseases of the digestive system,Cholecystitis,18716,52,1.51 [0.79-2.88],0.2175973474758199
S100A13,Protein S100-A13,Chapter XI Diseases of the digestive system,Other diseases of biliary tract,18686,22,nan [nan-nan],
S100A13,Protein S100-A13,Chapter XI Diseases of the digestive system,Acute pancreatitis,18722,58,1.39 [0.73-2.62],0.3133933084973767
S100A13,Protein S100-A13,Chapter XI Diseases of the digestive system,Acute pancreatitis (for exclusion),19773,58,1.38 [0.73-2.61],0.3246858190576076
S100A13,Protein S100-A13,Chapter XI Diseases of the digestive system,Diseases of the digestive system,18771,269,1.09 [0.79-1.50],0.6040183157832353
S100A13,Protein S100-A13,Chapter XI Diseases of the digestive system,Intestinal malabsorption,18530,28,0.59 [0.20-1.78],0.3502832919957311
S100A13,Protein S100-A13,Chapter XI Diseases of the digestive system,Coeliac disease,18523,21,0.64 [0.18-2.26],0.4920706545070539
S100A13,Protein S100-A13,Chapter XI Diseases of the digestive system,"Postprocedural disorders of digestive system, not elsewhere classified",18552,50,1.89 [1.08-3.30],0.0251296526572055
S100A13,Protein S100-A13,Chapter XI Diseases of the digestive system,Other diseases of the digestive system,18699,197,0.98 [0.66-1.44],0.9088108282773044
S100A13,Protein S100-A13,Chapter XI Diseases of the digestive system,GI-bleeding,18697,195,0.98 [0.67-1.45],0.935855612869406
S100A13,Protein S100-A13,Chapter XII Diseases of the skin and subcutaneous tissue,Diseases of the skin and subcutaneous tissue,17345,1263,1.09 [0.93-1.27],0.2994227582017986
S100A13,Protein S100-A13,Chapter XII Diseases of the skin and subcutaneous tissue,Dermatitis and eczema,19569,85,1.41 [0.83-2.39],0.2049032990767285
S100A13,Protein S100-A13,Chapter XII Diseases of the skin and subcutaneous tissue,Disorders of skin appendages,19632,382,0.92 [0.69-1.23],0.5806034117253969
S100A13,Protein S100-A13,Chapter XII Diseases of the skin and subcutaneous tissue,Other disorders of skin and subcutaneous tissue,18627,391,1.29 [1.00-1.68],0.0543065583582455
S100A13,Protein S100-A13,Chapter XII Diseases of the skin and subcutaneous tissue,Infections of the skin and subcutaneous tissue,19104,397,1.02 [0.78-1.34],0.8858889584335599
S100A13,Protein S100-A13,Chapter XII Diseases of the skin and subcutaneous tissue,"Cutaneous abscess, furuncle and carbuncle",18796,89,0.96 [0.54-1.70],0.8785598658928493
S100A13,Protein S100-A13,Chapter XII Diseases of the skin and subcutaneous tissue,Cellulitis,18957,250,0.92 [0.65-1.31],0.6500360814533614
S100A13,Protein S100-A13,Chapter XII Diseases of the skin and subcutaneous tissue,Papulosquamous disorders,19717,79,0.91 [0.49-1.68],0.7531906053696236
S100A13,Protein S100-A13,Chapter XII Diseases of the skin and subcutaneous tissue,Psoriasis,19703,65,0.96 [0.49-1.88],0.9083687792060128
S100A13,Protein S100-A13,Chapter XII Diseases of the skin and subcutaneous tissue,Other and unspecified psoriasis,19689,51,0.93 [0.43-1.98],0.842451656680852
S100A13,Protein S100-A13,Chapter XII Diseases of the skin and subcutaneous tissue,Radiation-related disorders of the skin and subcutaneous tissue,19682,41,1.32 [0.61-2.87],0.4874528981292646
S100A13,Protein S100-A13,Chapter XII Diseases of the skin and subcutaneous tissue,Skin changes due to chronic exposure to nonionizing radiation,19681,40,1.20 [0.53-2.70],0.6661855278864457
S100A13,Protein S100-A13,Chapter XII Diseases of the skin and subcutaneous tissue,Nail disorders,19296,46,0.49 [0.21-1.14],0.0980502086422262
S100A13,Protein S100-A13,Chapter XII Diseases of the skin and subcutaneous tissue,Follicular cysts of skin and subcutaneous tissue,19562,312,1.01 [0.74-1.37],0.9731861176894844
S100A13,Protein S100-A13,Chapter XII Diseases of the skin and subcutaneous tissue,Seborrhoeic keratosis,18312,76,0.97 [0.51-1.83],0.9234260971993524
S100A13,Protein S100-A13,Chapter XII Diseases of the skin and subcutaneous tissue,Atrophic disorders of skin,18273,37,0.71 [0.28-1.84],0.4869043691849078
S100A13,Protein S100-A13,Chapter XII Diseases of the skin and subcutaneous tissue,Scar conditions and fibrosis of skin,18271,35,0.73 [0.27-1.92],0.5186476266480089
S100A13,Protein S100-A13,Chapter XII Diseases of the skin and subcutaneous tissue,"Other disorders of skin and subcutaneous tissue, not elsewhere classified",18391,155,1.77 [1.24-2.53],0.0016146642684486
S100A13,Protein S100-A13,Chapter XII Diseases of the skin and subcutaneous tissue,Other and unspecified disorders of skin and subcutaneous tissue,18377,141,1.76 [1.21-2.55],0.0029103766938622
S100A13,Protein S100-A13,Chapter XIII Diseases of the musculoskeletal system and connective tissue,Diseases of the musculoskeletal system and connective tissue,14749,2965,1.16 [1.04-1.30],0.0101804419387466
S100A13,Protein S100-A13,Chapter XIII Diseases of the musculoskeletal system and connective tissue,Arthropathies,15973,1751,1.11 [0.97-1.27],0.1227328796023065
S100A13,Protein S100-A13,Chapter XIII Diseases of the musculoskeletal system and connective tissue,Soft tissue disorders,18051,909,1.09 [0.91-1.31],0.3263318443282784
S100A13,Protein S100-A13,Chapter XIII Diseases of the musculoskeletal system and connective tissue,Rheumatoid arthritis,14292,70,1.68 [1.02-2.78],0.0408273697586176
S100A13,Protein S100-A13,Chapter XIII Diseases of the musculoskeletal system and connective tissue,Polyarthropathies,14552,330,1.41 [1.09-1.83],0.0088849199805674
S100A13,Protein S100-A13,Chapter XIII Diseases of the musculoskeletal system and connective tissue,"Other (seronegative) rheumatoid arthritis, wide",19710,67,1.70 [0.99-2.91],0.0544751608131054
S100A13,Protein S100-A13,Chapter XIII Diseases of the musculoskeletal system and connective tissue,Other/unspecified rheumatoid arthritis,19713,58,1.60 [0.88-2.91],0.1219421049018463
S100A13,Protein S100-A13,Chapter XIII Diseases of the musculoskeletal system and connective tissue,Arthrosis,15106,884,1.09 [0.91-1.32],0.3587698918537519
S100A13,Protein S100-A13,Chapter XIII Diseases of the musculoskeletal system and connective tissue,"Artrosis, including avohilmo",17152,884,1.08 [0.90-1.31],0.399000685944134
S100A13,Protein S100-A13,Chapter XIII Diseases of the musculoskeletal system and connective tissue,Gout,14331,109,1.12 [0.68-1.84],0.6651328547917655
S100A13,Protein S100-A13,Chapter XIII Diseases of the musculoskeletal system and connective tissue,"Gout, unspecified",19159,105,1.11 [0.66-1.85],0.7025678708881862
S100A13,Protein S100-A13,Chapter XIII Diseases of the musculoskeletal system and connective tissue,Other specified/unspecified arthritis,14350,128,1.38 [0.91-2.08],0.132341948863336
S100A13,Protein S100-A13,Chapter XIII Diseases of the musculoskeletal system and connective tissue,Polyarthrosis,14266,44,1.67 [0.88-3.17],0.1151728140665914
S100A13,Protein S100-A13,Chapter XIII Diseases of the musculoskeletal system and connective tissue,Coxarthrosis,14440,218,1.11 [0.78-1.59],0.5657197946769253
S100A13,Protein S100-A13,Chapter XIII Diseases of the musculoskeletal system and connective tissue,"Coxarthrosis, primary",19833,107,0.84 [0.49-1.43],0.523252678930492
S100A13,Protein S100-A13,Chapter XIII Diseases of the musculoskeletal system and connective tissue,Gonarthrosis,14703,481,1.14 [0.89-1.46],0.2905823621294542
S100A13,Protein S100-A13,Chapter XIII Diseases of the musculoskeletal system and connective tissue,Other arthrosis,14462,240,0.94 [0.66-1.34],0.737768827082107
S100A13,Protein S100-A13,Chapter XIII Diseases of the musculoskeletal system and connective tissue,Other joint disorders,15199,977,1.00 [0.83-1.20],0.9791044204674256
S100A13,Protein S100-A13,Chapter XIII Diseases of the musculoskeletal system and connective tissue,Other deformities of toe(s),14242,20,0.62 [0.17-2.21],0.4570002806413591
S100A13,Protein S100-A13,Chapter XIII Diseases of the musculoskeletal system and connective tissue,Hallux valgus (acquired),14263,41,0.92 [0.40-2.16],0.8569018897195382
S100A13,Protein S100-A13,Chapter XIII Diseases of the musculoskeletal system and connective tissue,Hallux rigidus,14243,21,1.38 [0.50-3.82],0.539883128323693
S100A13,Protein S100-A13,Chapter XIII Diseases of the musculoskeletal system and connective tissue,Other hammer toe(s) (acquired),14235,13,0.99 [0.23-4.39],0.9940493013126636
S100A13,Protein S100-A13,Chapter XIII Diseases of the musculoskeletal system and connective tissue,Internal derangement of knee,14721,499,1.02 [0.79-1.30],0.8895187801697434
S100A13,Protein S100-A13,Chapter XIII Diseases of the musculoskeletal system and connective tissue,Meniscus derangement,14659,437,1.00 [0.76-1.30],0.972262595595817
S100A13,Protein S100-A13,Chapter XIII Diseases of the musculoskeletal system and connective tissue,Pain in joint,16129,217,0.84 [0.57-1.24],0.3775021875409045
S100A13,Protein S100-A13,Chapter XIII Diseases of the musculoskeletal system and connective tissue,Systemic lupus erythematosus,19696,35,0.94 [0.37-2.39],0.8977201332483667
S100A13,Protein S100-A13,Chapter XIII Diseases of the musculoskeletal system and connective tissue,Other systemic involvement of connective tissue,19676,15,1.02 [0.25-4.12],0.9771646085931884
S100A13,Protein S100-A13,Chapter XIII Diseases of the musculoskeletal system and connective tissue,Deforming dorsopathies,17462,37,1.15 [0.49-2.72],0.7464546881316906
S100A13,Protein S100-A13,Chapter XIII Diseases of the musculoskeletal system and connective tissue,Spondylopathies,17669,244,1.59 [1.17-2.14],0.0027633333291926
S100A13,Protein S100-A13,Chapter XIII Diseases of the musculoskeletal system and connective tissue,Dorsopathies,18126,701,1.33 [1.09-1.62],0.0053267093006316
S100A13,Protein S100-A13,Chapter XIII Diseases of the musculoskeletal system and connective tissue,Spondylosis,17566,141,1.60 [1.09-2.35],0.0167192542649843
S100A13,Protein S100-A13,Chapter XIII Diseases of the musculoskeletal system and connective tissue,Spinal stenosis,17500,75,1.99 [1.22-3.23],0.0054251838859934
S100A13,Protein S100-A13,Chapter XIII Diseases of the musculoskeletal system and connective tissue,"Other dorsopathies, not elsewhere classified",17975,550,1.26 [1.00-1.58],0.0453964043874284
S100A13,Protein S100-A13,Chapter XIII Diseases of the musculoskeletal system and connective tissue,Cervical disc disorders,17470,45,0.61 [0.26-1.43],0.2529335675007289
S100A13,Protein S100-A13,Chapter XIII Diseases of the musculoskeletal system and connective tissue,Other intervertebral disc disorders,17621,196,1.50 [1.05-2.14],0.0257130137410101
S100A13,Protein S100-A13,Chapter XIII Diseases of the musculoskeletal system and connective tissue,Lumbar disc prolapse,17508,83,1.02 [0.56-1.88],0.9473768708137424
S100A13,Protein S100-A13,Chapter XIII Diseases of the musculoskeletal system and connective tissue,Sciatica+with lumbago,17481,56,1.00 [0.48-2.10],0.9908846388089496
S100A13,Protein S100-A13,Chapter XIII Diseases of the musculoskeletal system and connective tissue,Other/unspecified dorsalgia,17525,100,1.04 [0.61-1.80],0.8780022342428352
S100A13,Protein S100-A13,Chapter XIII Diseases of the musculoskeletal system and connective tissue,Cervicalgia,17467,42,0.88 [0.37-2.05],0.759415763966886
S100A13,Protein S100-A13,Chapter XIII Diseases of the musculoskeletal system and connective tissue,Low back pain,17645,220,1.27 [0.89-1.81],0.1826095935724021
S100A13,Protein S100-A13,Chapter XIII Diseases of the musculoskeletal system and connective tissue,Disorders of synovium and tendon,17340,198,1.33 [0.93-1.90],0.1211238671418652
S100A13,Protein S100-A13,Chapter XIII Diseases of the musculoskeletal system and connective tissue,Other/unspecified synovitis and tenosynovitis,17193,51,nan [nan-nan],
S100A13,Protein S100-A13,Chapter XIII Diseases of the musculoskeletal system and connective tissue,Trigger finger,17198,56,1.55 [0.85-2.82],0.1545325393949969
S100A13,Protein S100-A13,Chapter XIII Diseases of the musculoskeletal system and connective tissue,Ganglion,17194,52,1.72 [0.93-3.20],0.0845069201619763
S100A13,Protein S100-A13,Chapter XIII Diseases of the musculoskeletal system and connective tissue,"Soft tissue disorders related to use, overuse and pressure",17193,51,1.03 [0.48-2.20],0.936609673162373
S100A13,Protein S100-A13,Chapter XIII Diseases of the musculoskeletal system and connective tissue,Fibroblastic disorders,17293,151,1.09 [0.71-1.67],0.6873285556725188
S100A13,Protein S100-A13,Chapter XIII Diseases of the musculoskeletal system and connective tissue,Palmar fascial fibromatosis [Dupuytren],17285,143,1.09 [0.70-1.70],0.6981935134543548
S100A13,Protein S100-A13,Chapter XIII Diseases of the musculoskeletal system and connective tissue,Shoulder lesions,17342,200,1.12 [0.77-1.62],0.5449819113370403
S100A13,Protein S100-A13,Chapter XIII Diseases of the musculoskeletal system and connective tissue,Other shoulder lesions,17186,44,1.84 [0.99-3.43],0.0528425084106286
S100A13,Protein S100-A13,Chapter XIII Diseases of the musculoskeletal system and connective tissue,Rotator cuff syndrome,17211,69,1.09 [0.58-2.03],0.7949936629921175
S100A13,Protein S100-A13,Chapter XIII Diseases of the musculoskeletal system and connective tissue,Impingement syndrome of shoulder,17234,92,0.97 [0.55-1.70],0.91723646470302
S100A13,Protein S100-A13,Chapter XIII Diseases of the musculoskeletal system and connective tissue,Other enthesopathies,17179,37,0.46 [0.18-1.20],0.1133990126155032
S100A13,Protein S100-A13,Chapter XIII Diseases of the musculoskeletal system and connective tissue,"Other soft tissue disorders, not elsewhere classified",17438,296,1.18 [0.87-1.59],0.2905901204670307
S100A13,Protein S100-A13,Chapter XIII Diseases of the musculoskeletal system and connective tissue,Other specified/unspecified soft tissue disorders,17266,124,1.39 [0.90-2.14],0.134184871175398
S100A13,Protein S100-A13,Chapter XIII Diseases of the musculoskeletal system and connective tissue,Pain in limb,17299,157,1.07 [0.70-1.63],0.7588908919341246
S100A13,Protein S100-A13,Chapter XIII Diseases of the musculoskeletal system and connective tissue,Osteoporosis,19100,84,1.03 [0.57-1.84],0.9257432457135252
S100A13,Protein S100-A13,Chapter XIII Diseases of the musculoskeletal system and connective tissue,Osteopathies and chondropathies,19253,237,1.08 [0.76-1.54],0.6527539201703076
S100A13,Protein S100-A13,Chapter XIII Diseases of the musculoskeletal system and connective tissue,Disorders of continuity of bone,19059,43,1.07 [0.47-2.45],0.8690771493418403
S100A13,Protein S100-A13,Chapter XIII Diseases of the musculoskeletal system and connective tissue,Other specified/unspecified disorders of  bone/cartilage,19060,44,1.16 [0.52-2.61],0.7138945592636055
S100A13,Protein S100-A13,Chapter XIII Diseases of the musculoskeletal system and connective tissue,Other disorders of bone,19092,76,1.08 [0.58-2.00],0.812757502157604
S100A13,Protein S100-A13,Chapter XIV Diseases of the genitourinary system,Genitourinary diseases,15334,1915,1.11 [0.97-1.27],0.1343929509759628
S100A13,Protein S100-A13,Chapter XIV Diseases of the genitourinary system,Diseases of male genital organs,17193,1051,0.93 [0.78-1.10],0.3939849339231477
S100A13,Protein S100-A13,Chapter XIV Diseases of the genitourinary system,Renal tubulo-interstitial diseases,17721,216,2.06 [1.53-2.78],2.1956786985829226e-06
S100A13,Protein S100-A13,Chapter XIV Diseases of the genitourinary system,Other obstructive and reflux uropathy,17576,71,0.96 [0.50-1.85],0.9122132036338212
S100A13,Protein S100-A13,Chapter XIV Diseases of the genitourinary system,Acute renal failure,17779,51,3.02 [1.90-4.79],2.892200185032745e-06
S100A13,Protein S100-A13,Chapter XIV Diseases of the genitourinary system,Chronic kidney disease,17781,53,2.63 [1.61-4.31],0.0001179997835508
S100A13,Protein S100-A13,Chapter XIV Diseases of the genitourinary system,Unspecified kidney failure,17794,66,2.70 [1.74-4.20],1.0298697567942464e-05
S100A13,Protein S100-A13,Chapter XIV Diseases of the genitourinary system,Urolithiasis,19528,295,0.96 [0.70-1.32],0.8164625898757746
S100A13,Protein S100-A13,Chapter XIV Diseases of the genitourinary system,Other disorders of kidney and ureter,19520,60,2.72 [1.82-4.06],1.144037506089139e-06
S100A13,Protein S100-A13,Chapter XIV Diseases of the genitourinary system,Calculus of kidney and ureter,19441,208,0.99 [0.68-1.45],0.973678356624054
S100A13,Protein S100-A13,Chapter XIV Diseases of the genitourinary system,Unspecified renal colic,19344,111,0.99 [0.59-1.65],0.955247714499324
S100A13,Protein S100-A13,Chapter XIV Diseases of the genitourinary system,Other diseases of urinary system,18127,683,1.04 [0.84-1.28],0.7198036632500915
S100A13,Protein S100-A13,Chapter XIV Diseases of the genitourinary system,Cystitis,17492,48,0.87 [0.39-1.95],0.7403824219908584
S100A13,Protein S100-A13,Chapter XIV Diseases of the genitourinary system,Neuromuscular dysfunction of bladder,17502,58,0.87 [0.42-1.80],0.7008128980489029
S100A13,Protein S100-A13,Chapter XIV Diseases of the genitourinary system,Other disorders of  bladder,17756,312,0.94 [0.69-1.29],0.6920649362055076
S100A13,Protein S100-A13,Chapter XIV Diseases of the genitourinary system,Urethral stricture,17558,114,0.70 [0.41-1.21],0.2006382381983693
S100A13,Protein S100-A13,Chapter XIV Diseases of the genitourinary system,Other disorders of urethra and urinary system,17745,301,1.34 [1.00-1.78],0.0479140132112269
S100A13,Protein S100-A13,Chapter XIV Diseases of the genitourinary system,Hyperplasia of prostate,16613,471,0.80 [0.61-1.04],0.0924376976982885
S100A13,Protein S100-A13,Chapter XIV Diseases of the genitourinary system,Inflammatory diseases of prostate (prostatitis),16229,87,1.42 [0.85-2.39],0.1827004414907587
S100A13,Protein S100-A13,Chapter XIV Diseases of the genitourinary system,Hydrocele,16230,88,0.83 [0.46-1.51],0.5482898538540821
S100A13,Protein S100-A13,Chapter XIV Diseases of the genitourinary system,"Redundant prepuce, phimosis and paraphimosis",16274,132,1.38 [0.89-2.12],0.1467470426297384
S100A13,Protein S100-A13,Chapter XIV Diseases of the genitourinary system,Other disorders of penis,16274,132,1.17 [0.74-1.84],0.5058687923237971
S100A13,Protein S100-A13,Chapter XIV Diseases of the genitourinary system,Other disorders of male genital organs,16313,171,0.61 [0.39-0.95],0.0280659364764019
S100A13,Protein S100-A13,Chapter IX Diseases of the circulatory system,"Bradycardia, unspecified, drug-induced",19528,58,1.31 [0.69-2.51],0.4086165765692724
S100A13,Protein S100-A13,Chapter VI Diseases of the nervous system,Falls/tendency to fall,18179,461,0.99 [0.77-1.28],0.9483383412232812
