Protein,Protein_definition,Disease_category,Disease,NB_individual,NB_case,OR[95%CI],P_value
SMARCA2,Probable global transcription activator SNF2L2,Chapter I Certain infectious and parasitic diseases,Certain infectious and parasitic diseases,19822,802,0.93 [0.85-1.03],0.1526991972904797
SMARCA2,Probable global transcription activator SNF2L2,Chapter I Certain infectious and parasitic diseases,Implicit bacterial Sepsis,19198,230,0.83 [0.70-1.00],0.0469078484597449
SMARCA2,Probable global transcription activator SNF2L2,Chapter I Certain infectious and parasitic diseases,Intestinal infectious diseases,21991,137,0.96 [0.77-1.19],0.6860042151214678
SMARCA2,Probable global transcription activator SNF2L2,Chapter I Certain infectious and parasitic diseases,Implicit Sepsis,14803,792,0.97 [0.89-1.07],0.5868951605996293
SMARCA2,Probable global transcription activator SNF2L2,Chapter I Certain infectious and parasitic diseases,Other bacterial intestinal infections,21953,99,0.83 [0.64-1.09],0.1774283768644954
SMARCA2,Probable global transcription activator SNF2L2,Chapter I Certain infectious and parasitic diseases,Explicit Sepsis,19906,89,0.72 [0.54-0.97],0.0281395451929595
SMARCA2,Probable global transcription activator SNF2L2,Chapter I Certain infectious and parasitic diseases,"Bacterial intestinal infections, IBD co-morbidities",22983,98,0.84 [0.64-1.10],0.2050282847761135
SMARCA2,Probable global transcription activator SNF2L2,Chapter I Certain infectious and parasitic diseases,Other specified/unspecified bacterial intestinal infections,22992,67,0.80 [0.58-1.12],0.1903394814657617
SMARCA2,Probable global transcription activator SNF2L2,Chapter I Certain infectious and parasitic diseases,Implicit viral Sepsis,19490,52,1.15 [0.83-1.58],0.4015292211010794
SMARCA2,Probable global transcription activator SNF2L2,Chapter I Certain infectious and parasitic diseases,Other bacterial diseases,22006,116,0.71 [0.55-0.92],0.0092941756218119
SMARCA2,Probable global transcription activator SNF2L2,Chapter I Certain infectious and parasitic diseases,Other septicaemia,21973,83,0.68 [0.50-0.92],0.0132446140599762
SMARCA2,Probable global transcription activator SNF2L2,Chapter I Certain infectious and parasitic diseases,Viral infections characterized by skin and mucous membrane lesions,23068,58,0.88 [0.62-1.24],0.448946422306271
SMARCA2,Probable global transcription activator SNF2L2,Chapter I Certain infectious and parasitic diseases,Other viral diseases,23093,62,0.91 [0.66-1.26],0.5770756952429207
SMARCA2,Probable global transcription activator SNF2L2,Chapter I Certain infectious and parasitic diseases,"Other viral diseases, not elsewhere classified",23086,55,0.93 [0.66-1.31],0.6625490067059645
SMARCA2,Probable global transcription activator SNF2L2,Chapter I Certain infectious and parasitic diseases,Mycoses,22751,40,0.79 [0.52-1.22],0.2882194849583454
SMARCA2,Probable global transcription activator SNF2L2,Chapter I Certain infectious and parasitic diseases,"Bacterial, viral and other infectious agents",21830,380,1.00 [0.88-1.14],0.9642779807670496
SMARCA2,Probable global transcription activator SNF2L2,Chapter I Certain infectious and parasitic diseases,Streptococcus and staphylococcus as the cause of diseases classified to other chapters,21598,148,0.89 [0.71-1.10],0.268079290628114
SMARCA2,Probable global transcription activator SNF2L2,Chapter I Certain infectious and parasitic diseases,Other bacterial agents as the cause of diseases classified to other chapters,21710,260,1.04 [0.89-1.21],0.6478952613893773
SMARCA2,Probable global transcription activator SNF2L2,Chapter II Neoplasms,"Malignant neoplasm of colon, excluding all cancers (controls excluding all cancers)",18047,78,0.79 [0.58-1.07],0.1239890731608677
SMARCA2,Probable global transcription activator SNF2L2,Chapter II Neoplasms,"Malignant melanoma of skin, excluding all cancers (controls excluding all cancers)",18017,48,0.80 [0.54-1.17],0.2532432241442406
SMARCA2,Probable global transcription activator SNF2L2,Chapter II Neoplasms,"Other malignant neoplasms of skin (=non-melanoma skin cancer), excluding all cancers (controls excluding all cancers)",18233,264,1.03 [0.89-1.20],0.6908064949659838
SMARCA2,Probable global transcription activator SNF2L2,Chapter II Neoplasms,"Squamous cell neoplasms and carcinomas of the skin, excluding all cancers (controls excluding all cancers)",18242,273,1.03 [0.88-1.19],0.7260317119579868
SMARCA2,Probable global transcription activator SNF2L2,Chapter II Neoplasms,"Malignant neoplasm of prostate, excluding all cancers (controls excluding all cancers)",18200,231,1.02 [0.87-1.20],0.8198016796197158
SMARCA2,Probable global transcription activator SNF2L2,Chapter II Neoplasms,"Non-Hodgkin lymphoma, all, excluding all cancers (controls excluding all cancers)",18023,54,0.79 [0.55-1.14],0.2061048715276515
SMARCA2,Probable global transcription activator SNF2L2,Chapter III Diseases of the blood and blood-forming organs and certain disorders involving the immune mechanism,Diseases of the blood and blood-forming organs and certain disorders involving the immune mechanism,20503,546,1.00 [0.90-1.11],0.990905448153334
SMARCA2,Probable global transcription activator SNF2L2,Chapter II Neoplasms,"Benign neoplasm of colon, rectum, anus and anal canal",21617,364,0.98 [0.85-1.11],0.7125297803055863
SMARCA2,Probable global transcription activator SNF2L2,Chapter II Neoplasms,Benign neoplasm: Sigmoid colon,22506,120,0.99 [0.79-1.24],0.9064380051340478
SMARCA2,Probable global transcription activator SNF2L2,Chapter II Neoplasms,"Benign neoplasm: Colon, unspecified",23131,130,1.01 [0.81-1.25],0.9581649389093574
SMARCA2,Probable global transcription activator SNF2L2,Chapter II Neoplasms,Benign neoplasm: Rectum,22801,73,1.07 [0.81-1.42],0.6293486077755164
SMARCA2,Probable global transcription activator SNF2L2,Chapter II Neoplasms,Benign neoplasm of other and ill-defined parts of digestive system,23143,64,1.27 [0.97-1.67],0.0777231647963488
SMARCA2,Probable global transcription activator SNF2L2,Chapter II Neoplasms,Benign neoplasm: Stomach,23191,46,1.15 [0.82-1.61],0.4132101285849073
SMARCA2,Probable global transcription activator SNF2L2,Chapter II Neoplasms,Benign lipomatous neoplasm,22876,311,1.06 [0.92-1.21],0.4283191670711799
SMARCA2,Probable global transcription activator SNF2L2,Chapter II Neoplasms,Benign lipomatous neoplasm of skin and subcutaneous tissue of trunk,23156,104,1.08 [0.85-1.37],0.5179290240606853
SMARCA2,Probable global transcription activator SNF2L2,Chapter II Neoplasms,Benign lipomatous neoplasm of skin and subcutaneous tissue of limbs,23165,72,0.77 [0.56-1.06],0.1057052537988074
SMARCA2,Probable global transcription activator SNF2L2,Chapter II Neoplasms,"Haemangioma and lymphangioma, any site",23109,34,0.95 [0.62-1.47],0.8191312603688253
SMARCA2,Probable global transcription activator SNF2L2,Chapter II Neoplasms,"Haemangioma, any site",23112,34,0.95 [0.62-1.47],0.8197047604793597
SMARCA2,Probable global transcription activator SNF2L2,Chapter II Neoplasms,Melanocytic naevi,23043,127,1.29 [1.07-1.57],0.0086356509130583
SMARCA2,Probable global transcription activator SNF2L2,Chapter II Neoplasms,Melanocytic naevi of other and unspecified parts of face,23172,53,1.22 [0.90-1.66],0.1950325038343083
SMARCA2,Probable global transcription activator SNF2L2,Chapter II Neoplasms,Other benign neoplasms of skin,23076,133,0.96 [0.77-1.19],0.7023297118395462
SMARCA2,Probable global transcription activator SNF2L2,Chapter III Diseases of the blood and blood-forming organs and certain disorders involving the immune mechanism,Other and unspecified iron deficiency,22017,120,1.14 [0.92-1.41],0.2404444330531573
SMARCA2,Probable global transcription activator SNF2L2,Chapter III Diseases of the blood and blood-forming organs and certain disorders involving the immune mechanism,Other anaemias,21663,250,0.94 [0.80-1.10],0.4341619481053916
SMARCA2,Probable global transcription activator SNF2L2,Chapter III Diseases of the blood and blood-forming organs and certain disorders involving the immune mechanism,Other and unspecified anaemias,21663,250,0.94 [0.80-1.10],0.4341619481053916
SMARCA2,Probable global transcription activator SNF2L2,Chapter I Certain infectious and parasitic diseases,Condition for Implicit Sepsis (Organ dysfunction codes),19468,504,1.02 [0.92-1.14],0.6734550399185745
SMARCA2,Probable global transcription activator SNF2L2,Chapter III Diseases of the blood and blood-forming organs and certain disorders involving the immune mechanism,Agranulocytosis,22675,39,0.75 [0.49-1.17],0.2076997353864709
SMARCA2,Probable global transcription activator SNF2L2,"Chapter IV Endocrine, nutritional and metabolic diseases",Disorders of other endocrine glands,22939,59,0.89 [0.64-1.25],0.519054018888566
SMARCA2,Probable global transcription activator SNF2L2,"Chapter IV Endocrine, nutritional and metabolic diseases",Metabolic disorders,18163,1402,0.97 [0.90-1.04],0.3873999701692894
SMARCA2,Probable global transcription activator SNF2L2,"Chapter IV Endocrine, nutritional and metabolic diseases",Disorders of the thyroid gland,22485,175,1.05 [0.87-1.26],0.5947237996096704
SMARCA2,Probable global transcription activator SNF2L2,"Chapter IV Endocrine, nutritional and metabolic diseases",Type 1 diabetes,20485,149,0.96 [0.78-1.18],0.7017867319638045
SMARCA2,Probable global transcription activator SNF2L2,Chapter IX Diseases of the circulatory system,Peripheral artery disease,21841,158,1.03 [0.84-1.25],0.7996187888297586
SMARCA2,Probable global transcription activator SNF2L2,"Chapter IV Endocrine, nutritional and metabolic diseases",Type 1 diabetes without complications,20470,134,0.90 [0.72-1.12],0.3400544236642431
SMARCA2,Probable global transcription activator SNF2L2,"Chapter IV Endocrine, nutritional and metabolic diseases",Type 2 diabetes,21007,671,0.94 [0.85-1.04],0.2479806431388779
SMARCA2,Probable global transcription activator SNF2L2,"Chapter IV Endocrine, nutritional and metabolic diseases",Type 2 diabetes without complications,20982,646,0.93 [0.84-1.03],0.1680833551026447
SMARCA2,Probable global transcription activator SNF2L2,"Chapter IV Endocrine, nutritional and metabolic diseases",Obesity,21483,164,0.94 [0.75-1.18],0.6015410338852571
SMARCA2,Probable global transcription activator SNF2L2,"Chapter IV Endocrine, nutritional and metabolic diseases","Obesity, other/unspecified",21483,163,0.95 [0.76-1.19],0.6376121141240332
SMARCA2,Probable global transcription activator SNF2L2,"Chapter IV Endocrine, nutritional and metabolic diseases",Disorders of lipoprotein metabolism and other lipidaemias,18013,1252,0.97 [0.90-1.05],0.4859223709738484
SMARCA2,Probable global transcription activator SNF2L2,"Chapter IV Endocrine, nutritional and metabolic diseases","Hyperlipidaemia, other/unspecified",16937,176,1.01 [0.84-1.23],0.9006270999506591
SMARCA2,Probable global transcription activator SNF2L2,"Chapter IV Endocrine, nutritional and metabolic diseases",Pure hypercholesterolaemia,17913,1152,0.97 [0.90-1.05],0.4496329819832024
SMARCA2,Probable global transcription activator SNF2L2,"Chapter IV Endocrine, nutritional and metabolic diseases",Volume depletion,16810,49,0.74 [0.49-1.10],0.1352272602099639
SMARCA2,Probable global transcription activator SNF2L2,"Chapter IV Endocrine, nutritional and metabolic diseases","Other disorders of fluid, electrolyte and acid-base balance",16860,99,0.82 [0.62-1.08],0.1595898200043516
SMARCA2,Probable global transcription activator SNF2L2,Chapter V Mental and behavioural disorders,Any mental disorder,19669,668,1.04 [0.94-1.15],0.4907818375245119
SMARCA2,Probable global transcription activator SNF2L2,Chapter V Mental and behavioural disorders,"Substance abuse, excluding more controls",19332,331,1.11 [0.97-1.28],0.1393701020447058
SMARCA2,Probable global transcription activator SNF2L2,Chapter V Mental and behavioural disorders,"Mental and behavioural disorders due to alcohol, excluding acute intoxication",22628,257,1.08 [0.93-1.26],0.3161631209332252
SMARCA2,Probable global transcription activator SNF2L2,Chapter V Mental and behavioural disorders,"Alcohol use disorder, ICD-based",22719,195,1.05 [0.88-1.25],0.6025974723746799
SMARCA2,Probable global transcription activator SNF2L2,Chapter V Mental and behavioural disorders,Acute alcohol intoxication,21119,79,1.25 [0.97-1.61],0.0886606856456793
SMARCA2,Probable global transcription activator SNF2L2,Chapter V Mental and behavioural disorders,"Acute alcohol intoxication, ICD10",23043,79,1.24 [0.96-1.59],0.0988386433887259
SMARCA2,Probable global transcription activator SNF2L2,Chapter V Mental and behavioural disorders,"Alcohol abuse, main dg, excluding more controls",19080,79,1.25 [0.97-1.61],0.0872380176603825
SMARCA2,Probable global transcription activator SNF2L2,Chapter V Mental and behavioural disorders,Alcohol dependence,21154,114,1.00 [0.78-1.27],0.9846300603318568
SMARCA2,Probable global transcription activator SNF2L2,Chapter V Mental and behavioural disorders,Smoking dependency,21152,78,1.26 [0.97-1.64],0.0876121444010132
SMARCA2,Probable global transcription activator SNF2L2,Chapter V Mental and behavioural disorders,"Schizophrenia or delusion, excluding more controls",19063,62,0.81 [0.58-1.14],0.2271026571514638
SMARCA2,Probable global transcription activator SNF2L2,Chapter V Mental and behavioural disorders,"Mood disorders, excluding more controls",19263,262,1.14 [0.99-1.33],0.0720624349127148
SMARCA2,Probable global transcription activator SNF2L2,Chapter V Mental and behavioural disorders,Depression,22025,223,1.18 [1.02-1.38],0.0307085128822604
SMARCA2,Probable global transcription activator SNF2L2,Chapter V Mental and behavioural disorders,Depression or dysthymia,18976,192,1.19 [1.00-1.40],0.0470365554528754
SMARCA2,Probable global transcription activator SNF2L2,Chapter V Mental and behavioural disorders,"Anxiety disorders, excluding more controls",19105,104,0.75 [0.57-0.98],0.0360971801059386
SMARCA2,Probable global transcription activator SNF2L2,Chapter V Mental and behavioural disorders,Other anxiety disorders,22214,56,0.64 [0.44-0.94],0.0220035033908063
SMARCA2,Probable global transcription activator SNF2L2,Chapter VI Diseases of the nervous system,Neurological diseases,19625,1288,0.93 [0.86-1.00],0.0588645868926344
SMARCA2,Probable global transcription activator SNF2L2,Chapter VI Diseases of the nervous system,Other degenerative diseases of the nervous system,17653,81,0.67 [0.49-0.92],0.0128463324179229
SMARCA2,Probable global transcription activator SNF2L2,Chapter VI Diseases of the nervous system,MS-disease / Multiple Sclerosis,23090,58,0.66 [0.45-0.95],0.0267249726148128
SMARCA2,Probable global transcription activator SNF2L2,Chapter VI Diseases of the nervous system,Episodal and paroxysmal disorders,21880,529,0.97 [0.87-1.08],0.5890864934322327
SMARCA2,Probable global transcription activator SNF2L2,Chapter VI Diseases of the nervous system,Epilepsy,21514,163,0.92 [0.75-1.12],0.4094892642917733
SMARCA2,Probable global transcription activator SNF2L2,Chapter VI Diseases of the nervous system,Migraine,21384,33,0.89 [0.57-1.39],0.6122804465557048
SMARCA2,Probable global transcription activator SNF2L2,Chapter VI Diseases of the nervous system,"Migraine, unspecified, drug-induced",23034,27,0.92 [0.56-1.50],0.7423911992949056
SMARCA2,Probable global transcription activator SNF2L2,Chapter IX Diseases of the circulatory system,Transient ischemic attack,22241,97,0.90 [0.70-1.18],0.4530479182076412
SMARCA2,Probable global transcription activator SNF2L2,Chapter VI Diseases of the nervous system,Other sleep disorders,21581,230,1.02 [0.87-1.20],0.8184994595573325
SMARCA2,Probable global transcription activator SNF2L2,Chapter VI Diseases of the nervous system,Sleep apnoea,22478,180,1.03 [0.86-1.24],0.7190585294962175
SMARCA2,Probable global transcription activator SNF2L2,Chapter VI Diseases of the nervous system,"Nerve, nerve root and plexus disorders",22252,465,0.94 [0.84-1.06],0.3436140992491285
SMARCA2,Probable global transcription activator SNF2L2,Chapter VI Diseases of the nervous system,"Other and unspecified nerve root and plexus disorders, also in other diseases",21906,119,0.93 [0.74-1.18],0.5737348185413036
SMARCA2,Probable global transcription activator SNF2L2,Chapter VI Diseases of the nervous system,Carpal tunnel syndrome,22004,217,0.90 [0.76-1.08],0.26499430494461
SMARCA2,Probable global transcription activator SNF2L2,Chapter VI Diseases of the nervous system,Cerebral palsy and other paralytic syndromes,22852,86,1.07 [0.82-1.39],0.6210472800067577
SMARCA2,Probable global transcription activator SNF2L2,Chapter VI Diseases of the nervous system,Hemiplegia,22821,55,1.23 [0.91-1.66],0.1749604216699583
SMARCA2,Probable global transcription activator SNF2L2,Chapter VI Diseases of the nervous system,Other neurological diseases,22694,119,0.73 [0.57-0.94],0.0147645071894026
SMARCA2,Probable global transcription activator SNF2L2,"Chapter VII Diseases of the eye, adnexa, ear and mastoid process","Disorders of eyelid, lacrimal system and orbit",22619,304,1.04 [0.90-1.20],0.5962024267083317
SMARCA2,Probable global transcription activator SNF2L2,"Chapter VII Diseases of the eye, adnexa, ear and mastoid process",Other disorders of eyelid,22489,174,1.07 [0.89-1.29],0.4624890878386203
SMARCA2,Probable global transcription activator SNF2L2,"Chapter VII Diseases of the eye, adnexa, ear and mastoid process",Chalazion,22391,76,0.93 [0.69-1.25],0.6300546926656334
SMARCA2,Probable global transcription activator SNF2L2,"Chapter VII Diseases of the eye, adnexa, ear and mastoid process",Other specified and unspecified  disorders of eyelid,22419,104,1.16 [0.92-1.45],0.2045555243559124
SMARCA2,Probable global transcription activator SNF2L2,"Chapter VII Diseases of the eye, adnexa, ear and mastoid process",Disorders of lacrimal system,22364,49,1.17 [0.84-1.62],0.3528135772919384
SMARCA2,Probable global transcription activator SNF2L2,"Chapter VII Diseases of the eye, adnexa, ear and mastoid process",Senile cataract,20260,137,1.09 [0.89-1.34],0.4003695885462471
SMARCA2,Probable global transcription activator SNF2L2,"Chapter VII Diseases of the eye, adnexa, ear and mastoid process",Other cataract,20487,364,0.96 [0.84-1.10],0.5309071870654363
SMARCA2,Probable global transcription activator SNF2L2,"Chapter VII Diseases of the eye, adnexa, ear and mastoid process",Disorders of choroid and retina,22230,242,1.09 [0.94-1.28],0.2489488812231596
SMARCA2,Probable global transcription activator SNF2L2,"Chapter VII Diseases of the eye, adnexa, ear and mastoid process",Background diabetic retinopathy,22794,69,1.21 [0.92-1.58],0.1743307497718376
SMARCA2,Probable global transcription activator SNF2L2,"Chapter VII Diseases of the eye, adnexa, ear and mastoid process",Diabetic maculopathy,2528,69,1.28 [0.97-1.71],0.0831465895685753
SMARCA2,Probable global transcription activator SNF2L2,"Chapter VII Diseases of the eye, adnexa, ear and mastoid process","Diabetic maculopathy, excluding more controls",20335,69,1.18 [0.90-1.55],0.2276389522908323
SMARCA2,Probable global transcription activator SNF2L2,"Chapter VII Diseases of the eye, adnexa, ear and mastoid process",Glaucoma,22545,97,1.03 [0.81-1.33],0.7976276913629508
SMARCA2,Probable global transcription activator SNF2L2,"Chapter VII Diseases of the eye, adnexa, ear and mastoid process",Other and unspecified glaucoma,22500,52,1.16 [0.85-1.60],0.3542744971899536
SMARCA2,Probable global transcription activator SNF2L2,"Chapter VII Diseases of the eye, adnexa, ear and mastoid process","Disorders of ocular muscles, binocular movement, accommodation and refraction",22657,76,0.98 [0.73-1.30],0.8824972240655655
SMARCA2,Probable global transcription activator SNF2L2,"Chapter VII Diseases of the eye, adnexa, ear and mastoid process",Visual disturbances,22678,93,0.96 [0.74-1.25],0.7595540176926365
SMARCA2,Probable global transcription activator SNF2L2,"Chapter VII Diseases of the eye, adnexa, ear and mastoid process",Diseases of middle ear and mastoid,23097,131,0.96 [0.77-1.20],0.7248879576563007
SMARCA2,Probable global transcription activator SNF2L2,"Chapter VII Diseases of the eye, adnexa, ear and mastoid process",Other disorders of ear,22260,98,0.94 [0.73-1.22],0.6661940133141342
SMARCA2,Probable global transcription activator SNF2L2,Chapter IX Diseases of the circulatory system,Death due to cardiac causes,15631,3659,0.94 [0.90-1.00],0.0383179433794239
SMARCA2,Probable global transcription activator SNF2L2,Chapter IX Diseases of the circulatory system,Rheumatic valve diseases,22518,61,0.73 [0.51-1.04],0.0773351175617376
SMARCA2,Probable global transcription activator SNF2L2,Chapter IX Diseases of the circulatory system,"Hypertension, essential",16500,2399,0.96 [0.90-1.02],0.1782106265728127
SMARCA2,Probable global transcription activator SNF2L2,Chapter IX Diseases of the circulatory system,Hypertension,16545,2444,0.97 [0.91-1.03],0.2512745957711929
SMARCA2,Probable global transcription activator SNF2L2,Chapter IX Diseases of the circulatory system,Hypertensive Renal Disease,14207,106,1.06 [0.83-1.34],0.6555316835536944
SMARCA2,Probable global transcription activator SNF2L2,Chapter IX Diseases of the circulatory system,"Ischaemic heart disease, wide definition",20520,1632,0.93 [0.87-0.99],0.0320936079725004
SMARCA2,Probable global transcription activator SNF2L2,Chapter IX Diseases of the circulatory system,Angina pectoris,19798,910,0.95 [0.87-1.04],0.2449900090308274
SMARCA2,Probable global transcription activator SNF2L2,Chapter IX Diseases of the circulatory system,Unstable angina pectoris,21770,327,0.89 [0.77-1.03],0.1080319377627885
SMARCA2,Probable global transcription activator SNF2L2,Chapter IX Diseases of the circulatory system,Major coronary heart disease event,22161,718,0.89 [0.81-0.98],0.0205018208023145
SMARCA2,Probable global transcription activator SNF2L2,Chapter IX Diseases of the circulatory system,"Myocardial infarction, with ST-elevation",22991,162,0.91 [0.74-1.11],0.3398526409236182
SMARCA2,Probable global transcription activator SNF2L2,Chapter IX Diseases of the circulatory system,"Myocardial infarction, strict",19380,492,0.87 [0.77-0.98],0.0250066907341126
SMARCA2,Probable global transcription activator SNF2L2,Chapter IX Diseases of the circulatory system,Coronary atherosclerosis,20255,1391,0.92 [0.86-0.99],0.0268719799899654
SMARCA2,Probable global transcription activator SNF2L2,Chapter IX Diseases of the circulatory system,Pulmonary embolism,22337,118,1.01 [0.80-1.26],0.9459037615524684
SMARCA2,Probable global transcription activator SNF2L2,Chapter IX Diseases of the circulatory system,Venous thromboembolism,22440,235,1.05 [0.90-1.23],0.5241027289426891
SMARCA2,Probable global transcription activator SNF2L2,Chapter IX Diseases of the circulatory system,Secondary right heart disease,22300,81,0.97 [0.73-1.28],0.8369583465706918
SMARCA2,Probable global transcription activator SNF2L2,Chapter IX Diseases of the circulatory system,Other pulmonary heart/vessel disease,22302,83,0.95 [0.72-1.25],0.693994671470208
SMARCA2,Probable global transcription activator SNF2L2,Chapter IX Diseases of the circulatory system,"Hypertension, Pulmonary Arterial",14180,79,0.98 [0.73-1.30],0.882137468012995
SMARCA2,Probable global transcription activator SNF2L2,Chapter IX Diseases of the circulatory system,Cardiomyopathy,18130,76,1.00 [0.75-1.33],0.9888589061117876
SMARCA2,Probable global transcription activator SNF2L2,Chapter IX Diseases of the circulatory system,Conduction disorders,18217,163,0.97 [0.79-1.18],0.7388010164998948
SMARCA2,Probable global transcription activator SNF2L2,Chapter IX Diseases of the circulatory system,Paroxysmal tachycardia,11452,132,0.88 [0.70-1.10],0.2643599905138289
SMARCA2,Probable global transcription activator SNF2L2,Chapter IX Diseases of the circulatory system,Atrial fibrillation and flutter,11904,584,0.84 [0.75-0.95],0.0043194434718807
SMARCA2,Probable global transcription activator SNF2L2,Chapter IX Diseases of the circulatory system,Other arrhythmias,18136,82,0.77 [0.57-1.05],0.0965335103629939
SMARCA2,Probable global transcription activator SNF2L2,Chapter IX Diseases of the circulatory system,Other or ill-defined heart diseases,18182,128,0.78 [0.61-1.00],0.0489010666158505
SMARCA2,Probable global transcription activator SNF2L2,Chapter IX Diseases of the circulatory system,"Heart failure, strict",21913,307,0.99 [0.85-1.14],0.8647381028676231
SMARCA2,Probable global transcription activator SNF2L2,Chapter IX Diseases of the circulatory system,"Stroke, including SAH",22179,182,1.02 [0.85-1.22],0.8680971802360982
SMARCA2,Probable global transcription activator SNF2L2,Chapter IX Diseases of the circulatory system,"Stroke, excluding SAH",22206,164,1.06 [0.88-1.28],0.5264195248108025
SMARCA2,Probable global transcription activator SNF2L2,Chapter IX Diseases of the circulatory system,"Ischaemic Stroke, excluding all haemorrhages",22290,146,1.07 [0.88-1.30],0.5101815558222946
SMARCA2,Probable global transcription activator SNF2L2,Chapter IX Diseases of the circulatory system,Other diseases of arteries and capillaries,21817,85,0.79 [0.58-1.06],0.1106901135450903
SMARCA2,Probable global transcription activator SNF2L2,Chapter IX Diseases of the circulatory system,Other peripheral vascular diseases,21874,142,1.03 [0.84-1.27],0.7722268213972313
SMARCA2,Probable global transcription activator SNF2L2,Chapter IX Diseases of the circulatory system,Phlebitis and thrombophlebitis (not including DVT),21881,146,1.07 [0.88-1.31],0.4767552795158535
SMARCA2,Probable global transcription activator SNF2L2,Chapter IX Diseases of the circulatory system,DVT of lower extremities,21865,130,1.09 [0.88-1.34],0.4210225944837306
SMARCA2,Probable global transcription activator SNF2L2,Chapter IX Diseases of the circulatory system,"!Phlebitis/thrombophlebitis venae iliacae [externae/internae/communis], drug-induced",22960,124,1.13 [0.91-1.39],0.2605094175892907
SMARCA2,Probable global transcription activator SNF2L2,Chapter IX Diseases of the circulatory system,Varicose veins,22065,330,1.02 [0.89-1.17],0.7574722488146446
SMARCA2,Probable global transcription activator SNF2L2,Chapter IX Diseases of the circulatory system,Hypotension,21934,81,0.97 [0.74-1.29],0.8542132686466575
SMARCA2,Probable global transcription activator SNF2L2,Chapter X Diseases of the respiratory system,Diseases of the respiratory system,18044,1947,0.97 [0.91-1.03],0.3305415421294204
SMARCA2,Probable global transcription activator SNF2L2,Chapter X Diseases of the respiratory system,Acute upper respiratory infections,23022,85,1.00 [0.77-1.31],0.9964284717958998
SMARCA2,Probable global transcription activator SNF2L2,Chapter X Diseases of the respiratory system,Influenza and pneumonia,21108,239,0.94 [0.80-1.11],0.4768027744309367
SMARCA2,Probable global transcription activator SNF2L2,Chapter X Diseases of the respiratory system,"Pneumonia, organism unspecified",21072,203,0.96 [0.80-1.14],0.6246447849024401
SMARCA2,Probable global transcription activator SNF2L2,Chapter X Diseases of the respiratory system,Other acute lower respiratory infections,22220,268,1.03 [0.89-1.20],0.6892582593834018
SMARCA2,Probable global transcription activator SNF2L2,Chapter X Diseases of the respiratory system,Unspecified acute lower respiratory infection,22217,265,1.02 [0.88-1.19],0.7608310794060462
SMARCA2,Probable global transcription activator SNF2L2,Chapter X Diseases of the respiratory system,Other diseases of upper respiratory tract,22359,636,0.94 [0.85-1.05],0.2684424654498319
SMARCA2,Probable global transcription activator SNF2L2,Chapter X Diseases of the respiratory system,Chronic sinusitis,21793,70,0.96 [0.71-1.29],0.7778945441033591
SMARCA2,Probable global transcription activator SNF2L2,Chapter X Diseases of the respiratory system,Nasal polyp,21888,165,1.02 [0.85-1.24],0.7982879133024
SMARCA2,Probable global transcription activator SNF2L2,Chapter X Diseases of the respiratory system,"Diseases of vocal cords and larynx+other diseases of upper respiratory tract, no elsewhere classified",22137,414,0.89 [0.78-1.01],0.079197481173299
SMARCA2,Probable global transcription activator SNF2L2,Chapter X Diseases of the respiratory system,Deviated nasal septum,21945,222,0.97 [0.82-1.14],0.6936948275004085
SMARCA2,Probable global transcription activator SNF2L2,Chapter X Diseases of the respiratory system,Vocal cord dysfunction,10057,59,0.64 [0.44-0.93],0.0184997520683143
SMARCA2,Probable global transcription activator SNF2L2,Chapter X Diseases of the respiratory system,Chronic lower respiratory diseases,20707,819,0.99 [0.90-1.08],0.801781363828856
SMARCA2,Probable global transcription activator SNF2L2,Chapter X Diseases of the respiratory system,Early onset COPD,21901,188,0.82 [0.67-1.00],0.0507925423088178
SMARCA2,Probable global transcription activator SNF2L2,Chapter X Diseases of the respiratory system,"COPD, hospital admissions 1, only main diagnosis",21933,220,0.92 [0.77-1.10],0.3814778728382657
SMARCA2,Probable global transcription activator SNF2L2,Chapter X Diseases of the respiratory system,"Other chronic obstructive pulmonary disease, including avohilmo",21933,220,0.92 [0.77-1.10],0.3814778728382657
SMARCA2,Probable global transcription activator SNF2L2,Chapter X Diseases of the respiratory system,"Asthma, hospital admissions , main diagnosis only",21799,634,1.03 [0.93-1.14],0.5438643260512188
SMARCA2,Probable global transcription activator SNF2L2,Chapter X Diseases of the respiratory system,Asthma,15739,634,1.03 [0.94-1.14],0.5076658559468719
SMARCA2,Probable global transcription activator SNF2L2,Chapter X Diseases of the respiratory system,"Asthma, excluding more controls",15403,634,1.03 [0.93-1.14],0.5350244763098109
SMARCA2,Probable global transcription activator SNF2L2,Chapter X Diseases of the respiratory system,"Asthma, unspecified (mode)",15731,626,1.04 [0.94-1.15],0.4588366583295018
SMARCA2,Probable global transcription activator SNF2L2,Chapter X Diseases of the respiratory system,Other respiratory diseases principally affecting the interstitium,22777,94,1.04 [0.81-1.34],0.7361801093551521
SMARCA2,Probable global transcription activator SNF2L2,Chapter X Diseases of the respiratory system,Interstitial lung disease,22053,74,1.11 [0.84-1.46],0.4580653407219299
SMARCA2,Probable global transcription activator SNF2L2,Chapter X Diseases of the respiratory system,"ILD, hospital admissions",22858,74,1.11 [0.84-1.45],0.4593549717662748
SMARCA2,Probable global transcription activator SNF2L2,Chapter X Diseases of the respiratory system,Idiopathic pulmonary fibrosis,22047,68,1.06 [0.79-1.42],0.6879543118740046
SMARCA2,Probable global transcription activator SNF2L2,Chapter X Diseases of the respiratory system,Pleural effusion,20916,130,0.78 [0.61-0.99],0.0405293402616737
SMARCA2,Probable global transcription activator SNF2L2,Chapter X Diseases of the respiratory system,Other diseases of pleura,21063,277,0.85 [0.73-1.00],0.0511797614766193
SMARCA2,Probable global transcription activator SNF2L2,Chapter X Diseases of the respiratory system,Other respiratory disorders and diseases,21845,125,0.93 [0.74-1.18],0.5615725551525288
SMARCA2,Probable global transcription activator SNF2L2,Chapter XI Diseases of the digestive system,Gastrointestinal diseases,15450,5464,1.01 [0.97-1.05],0.7166901343068037
SMARCA2,Probable global transcription activator SNF2L2,Chapter XI Diseases of the digestive system,"Diseases of oral cavity, salivary glands and jaws",22711,350,1.07 [0.94-1.22],0.3050077972694101
SMARCA2,Probable global transcription activator SNF2L2,Chapter XI Diseases of the digestive system,Embedded and impacted teeth,23164,75,1.21 [0.94-1.57],0.1383797359603106
SMARCA2,Probable global transcription activator SNF2L2,Chapter XI Diseases of the digestive system,Impacted teeth,23167,73,1.22 [0.94-1.58],0.1315780391476768
SMARCA2,Probable global transcription activator SNF2L2,Chapter XI Diseases of the digestive system,Dental caries,22466,105,1.11 [0.89-1.40],0.3563665158255383
SMARCA2,Probable global transcription activator SNF2L2,Chapter XI Diseases of the digestive system,Diseases of pulp and periapical tissues,22439,78,1.20 [0.93-1.54],0.1586996341981594
SMARCA2,Probable global transcription activator SNF2L2,Chapter XI Diseases of the digestive system,Palatinal maxillary canine,23155,84,1.20 [0.94-1.53],0.1404175590293046
SMARCA2,Probable global transcription activator SNF2L2,Chapter XI Diseases of the digestive system,Other disorders of teeth and supporting structures,22435,74,0.87 [0.64-1.18],0.3701224867561549
SMARCA2,Probable global transcription activator SNF2L2,Chapter XI Diseases of the digestive system,Other diseases of lip and oral mucosa,22212,74,0.87 [0.64-1.18],0.3623488215705315
SMARCA2,Probable global transcription activator SNF2L2,Chapter XI Diseases of the digestive system,Oral lichen ruber planus,23097,53,0.77 [0.53-1.13],0.1800439601354201
SMARCA2,Probable global transcription activator SNF2L2,Chapter XI Diseases of the digestive system,Gastroduodenal ulcer,17753,317,0.96 [0.83-1.11],0.5688956069509056
SMARCA2,Probable global transcription activator SNF2L2,Chapter XI Diseases of the digestive system,"Diseases of oesophagus, stomach and duodenum",19382,1946,1.00 [0.94-1.06],0.8979028490288524
SMARCA2,Probable global transcription activator SNF2L2,Chapter XI Diseases of the digestive system,Oesophagitis,17816,380,1.06 [0.93-1.20],0.3906593209159066
SMARCA2,Probable global transcription activator SNF2L2,Chapter XI Diseases of the digestive system,Gastro-oesophageal reflux disease,18063,627,1.00 [0.90-1.10],0.968756875470745
SMARCA2,Probable global transcription activator SNF2L2,Chapter XI Diseases of the digestive system,Other diseases of oesophagus,17507,71,0.90 [0.66-1.22],0.4925974453278908
SMARCA2,Probable global transcription activator SNF2L2,Chapter XI Diseases of the digestive system,Ulcer of oesophagus,17704,268,1.03 [0.89-1.20],0.6823530636614596
SMARCA2,Probable global transcription activator SNF2L2,Chapter XI Diseases of the digestive system,Oesophageal obstruction,17509,73,1.15 [0.87-1.50],0.3235998455220618
SMARCA2,Probable global transcription activator SNF2L2,Chapter XI Diseases of the digestive system,Gastric ulcer,17591,155,0.96 [0.78-1.17],0.6697064716194508
SMARCA2,Probable global transcription activator SNF2L2,Chapter XI Diseases of the digestive system,Duodenal ulcer,17605,169,0.91 [0.75-1.12],0.385334959860581
SMARCA2,Probable global transcription activator SNF2L2,Chapter XI Diseases of the digestive system,"Duodenal ulcer - Unspecified as acute or chronic, without haemorrhage or perforation, drug-induced",23005,116,0.92 [0.72-1.17],0.4968082864911377
SMARCA2,Probable global transcription activator SNF2L2,Chapter XI Diseases of the digestive system,Chronic gastritis,17549,113,1.03 [0.81-1.29],0.8320580697351156
SMARCA2,Probable global transcription activator SNF2L2,Chapter XI Diseases of the digestive system,Other gastritis (incl. Duodenitis),18196,760,1.04 [0.95-1.14],0.3701229667635051
SMARCA2,Probable global transcription activator SNF2L2,Chapter XI Diseases of the digestive system,Diseases of appendix,23037,101,1.08 [0.85-1.37],0.5378659238438082
SMARCA2,Probable global transcription activator SNF2L2,Chapter XI Diseases of the digestive system,Functional dyspepsia,17718,282,0.92 [0.79-1.08],0.3058939533980178
SMARCA2,Probable global transcription activator SNF2L2,Chapter XI Diseases of the digestive system,Other diseases of stomach and duodenum,17589,153,0.90 [0.73-1.11],0.3413460896268244
SMARCA2,Probable global transcription activator SNF2L2,Chapter XI Diseases of the digestive system,Colonic or urogenital fistula,22995,159,0.85 [0.69-1.05],0.1307048386054226
SMARCA2,Probable global transcription activator SNF2L2,Chapter XI Diseases of the digestive system,Acute appendicitis,23021,85,1.04 [0.80-1.36],0.7627235058449784
SMARCA2,Probable global transcription activator SNF2L2,Chapter XI Diseases of the digestive system,Hernia,19754,2002,1.04 [0.98-1.10],0.2453378580166658
SMARCA2,Probable global transcription activator SNF2L2,Chapter XI Diseases of the digestive system,Inguinal hernia,18858,1106,1.01 [0.94-1.09],0.7880617406795418
SMARCA2,Probable global transcription activator SNF2L2,Chapter XI Diseases of the digestive system,Umbilical hernia,17932,180,0.99 [0.82-1.19],0.8832953778663639
SMARCA2,Probable global transcription activator SNF2L2,Chapter XI Diseases of the digestive system,Ventral hernia,17847,95,0.92 [0.71-1.20],0.555956928880212
SMARCA2,Probable global transcription activator SNF2L2,Chapter XI Diseases of the digestive system,Diaphragmatic hernia,18493,741,1.09 [0.99-1.19],0.0673187810208011
SMARCA2,Probable global transcription activator SNF2L2,Chapter XI Diseases of the digestive system,Noninfective enteritis and colitis,22346,588,0.96 [0.86-1.07],0.4524482222595684
SMARCA2,Probable global transcription activator SNF2L2,Chapter XI Diseases of the digestive system,Other diseases of intestines,17905,1758,1.00 [0.93-1.06],0.885292295047276
SMARCA2,Probable global transcription activator SNF2L2,Chapter XI Diseases of the digestive system,"Crohn disease (strict definition, all UC cases excluded)",22863,54,1.01 [0.72-1.41],0.9601246314489076
SMARCA2,Probable global transcription activator SNF2L2,Chapter XI Diseases of the digestive system,"Crohn disease (strict definition, require KELA, min 2 HDR)",23120,70,1.13 [0.85-1.49],0.4049051578948827
SMARCA2,Probable global transcription activator SNF2L2,Chapter XI Diseases of the digestive system,Crohn disease,21828,70,1.13 [0.85-1.49],0.3974400069095399
SMARCA2,Probable global transcription activator SNF2L2,Chapter XI Diseases of the digestive system,Crohn's disease NAS,21813,55,1.12 [0.81-1.53],0.500282683832117
SMARCA2,Probable global transcription activator SNF2L2,Chapter XI Diseases of the digestive system,"Ulcerative colitis (strict definition, require KELA, min 2 HDR)",23065,139,0.89 [0.72-1.11],0.3098991199807768
SMARCA2,Probable global transcription activator SNF2L2,Chapter XI Diseases of the digestive system,Ulcerative colitis,21897,139,0.89 [0.72-1.11],0.3127973796962791
SMARCA2,Probable global transcription activator SNF2L2,Chapter XI Diseases of the digestive system,"Ulcerative colitis, NAS",21883,125,0.89 [0.71-1.13],0.3406654721157969
SMARCA2,Probable global transcription activator SNF2L2,Chapter XI Diseases of the digestive system,Other noninfective gastroenteritis and colitis,22199,441,0.94 [0.83-1.06],0.3376486222829997
SMARCA2,Probable global transcription activator SNF2L2,Chapter XI Diseases of the digestive system,Noninfectious colitis NAS,22196,438,0.94 [0.83-1.06],0.2990591469560932
SMARCA2,Probable global transcription activator SNF2L2,Chapter XI Diseases of the digestive system,Paralytic ileus and intestinal obstruction,16236,89,0.99 [0.76-1.29],0.9414741863700368
SMARCA2,Probable global transcription activator SNF2L2,Chapter XI Diseases of the digestive system,Intestinal stricture,22744,89,0.99 [0.76-1.29],0.9404086160216532
SMARCA2,Probable global transcription activator SNF2L2,Chapter XI Diseases of the digestive system,"Other or unspecified ileus, impaction or obstruction",16210,63,1.19 [0.89-1.59],0.2340144010354137
SMARCA2,Probable global transcription activator SNF2L2,Chapter XI Diseases of the digestive system,Diverticular disease of intestine,16664,517,1.04 [0.93-1.16],0.521203458072435
SMARCA2,Probable global transcription activator SNF2L2,Chapter XI Diseases of the digestive system,Irritable bowel syndrome,16230,83,0.86 [0.65-1.15],0.3199418530419563
SMARCA2,Probable global transcription activator SNF2L2,Chapter XI Diseases of the digestive system,Other functional intestinal disorders,16327,180,1.11 [0.93-1.32],0.2610308543349116
SMARCA2,Probable global transcription activator SNF2L2,Chapter XI Diseases of the digestive system,Constipation,21664,164,1.01 [0.84-1.23],0.8848047028379138
SMARCA2,Probable global transcription activator SNF2L2,Chapter XI Diseases of the digestive system,Diseases of peritoneum,22813,51,1.12 [0.81-1.56],0.4824836425697348
SMARCA2,Probable global transcription activator SNF2L2,Chapter XI Diseases of the digestive system,Fissure and fistula of anal and rectal regions,16298,151,0.89 [0.72-1.10],0.2884205878175376
SMARCA2,Probable global transcription activator SNF2L2,Chapter XI Diseases of the digestive system,Abscess of anal and rectal regions,16243,96,1.10 [0.87-1.41],0.4246521762104724
SMARCA2,Probable global transcription activator SNF2L2,Chapter XI Diseases of the digestive system,Other diseases of anus and rectum,16988,841,0.97 [0.88-1.06],0.4490462119182435
SMARCA2,Probable global transcription activator SNF2L2,Chapter XI Diseases of the digestive system,Other diseases of intestine,16448,301,1.02 [0.88-1.18],0.7877727476428416
SMARCA2,Probable global transcription activator SNF2L2,Chapter XI Diseases of the digestive system,Other diseases of peritoneum,22802,40,1.12 [0.77-1.62],0.5562741213611034
SMARCA2,Probable global transcription activator SNF2L2,Chapter XI Diseases of the digestive system,Diseases of liver,22373,139,0.86 [0.69-1.08],0.2034965762231966
SMARCA2,Probable global transcription activator SNF2L2,Chapter XI Diseases of the digestive system,Other diseases of liver,22313,79,0.90 [0.67-1.20],0.4732251960736912
SMARCA2,Probable global transcription activator SNF2L2,Chapter XI Diseases of the digestive system,"Disorders of gallbladder, biliary tract and pancreas",22057,361,1.08 [0.95-1.23],0.2143896207172961
SMARCA2,Probable global transcription activator SNF2L2,Chapter XI Diseases of the digestive system,Cholelithiasis,21956,260,1.11 [0.96-1.29],0.1523423476287079
SMARCA2,Probable global transcription activator SNF2L2,Chapter XI Diseases of the digestive system,Cholecystitis,21761,65,0.96 [0.71-1.32],0.8209299980640916
SMARCA2,Probable global transcription activator SNF2L2,Chapter XI Diseases of the digestive system,Other diseases of biliary tract,21728,32,1.54 [1.12-2.13],0.0086568526589257
SMARCA2,Probable global transcription activator SNF2L2,Chapter XI Diseases of the digestive system,Acute pancreatitis,21767,71,1.16 [0.88-1.52],0.3008530580613442
SMARCA2,Probable global transcription activator SNF2L2,Chapter XI Diseases of the digestive system,Acute pancreatitis (for exclusion),22992,71,1.15 [0.88-1.52],0.3124038445912457
SMARCA2,Probable global transcription activator SNF2L2,Chapter XI Diseases of the digestive system,Diseases of the digestive system,21830,313,1.03 [0.90-1.19],0.6420767398103533
SMARCA2,Probable global transcription activator SNF2L2,Chapter XI Diseases of the digestive system,Intestinal malabsorption,21555,38,1.06 [0.72-1.57],0.7641643520538497
SMARCA2,Probable global transcription activator SNF2L2,Chapter XI Diseases of the digestive system,Coeliac disease,21545,28,0.96 [0.59-1.55],0.8573389266822619
SMARCA2,Probable global transcription activator SNF2L2,Chapter XI Diseases of the digestive system,"Postprocedural disorders of digestive system, not elsewhere classified",21575,58,0.79 [0.56-1.13],0.2025053691600252
SMARCA2,Probable global transcription activator SNF2L2,Chapter XI Diseases of the digestive system,Other diseases of the digestive system,21740,223,1.08 [0.92-1.27],0.3570477271093493
SMARCA2,Probable global transcription activator SNF2L2,Chapter XI Diseases of the digestive system,GI-bleeding,21736,219,1.08 [0.92-1.27],0.3664117298725419
SMARCA2,Probable global transcription activator SNF2L2,Chapter XII Diseases of the skin and subcutaneous tissue,Diseases of the skin and subcutaneous tissue,20109,1445,0.97 [0.91-1.04],0.4558854849004303
SMARCA2,Probable global transcription activator SNF2L2,Chapter XII Diseases of the skin and subcutaneous tissue,Dermatitis and eczema,22742,87,1.04 [0.80-1.36],0.7475986568550542
SMARCA2,Probable global transcription activator SNF2L2,Chapter XII Diseases of the skin and subcutaneous tissue,Disorders of skin appendages,22808,439,0.91 [0.81-1.03],0.1534895049339925
SMARCA2,Probable global transcription activator SNF2L2,Chapter XII Diseases of the skin and subcutaneous tissue,Other disorders of skin and subcutaneous tissue,21607,442,1.06 [0.95-1.20],0.288746759084851
SMARCA2,Probable global transcription activator SNF2L2,Chapter XII Diseases of the skin and subcutaneous tissue,Infections of the skin and subcutaneous tissue,22218,462,0.94 [0.84-1.06],0.3433082582507842
SMARCA2,Probable global transcription activator SNF2L2,Chapter XII Diseases of the skin and subcutaneous tissue,"Cutaneous abscess, furuncle and carbuncle",21861,105,1.00 [0.78-1.27],0.9877192527169724
SMARCA2,Probable global transcription activator SNF2L2,Chapter XII Diseases of the skin and subcutaneous tissue,Cellulitis,22053,297,1.02 [0.88-1.18],0.802439173018371
SMARCA2,Probable global transcription activator SNF2L2,Chapter XII Diseases of the skin and subcutaneous tissue,Papulosquamous disorders,22919,86,0.88 [0.66-1.17],0.3750679191494028
SMARCA2,Probable global transcription activator SNF2L2,Chapter XII Diseases of the skin and subcutaneous tissue,Psoriasis,22905,72,0.92 [0.68-1.25],0.6036540269393402
SMARCA2,Probable global transcription activator SNF2L2,Chapter XII Diseases of the skin and subcutaneous tissue,Other and unspecified psoriasis,22885,52,0.94 [0.66-1.35],0.7531793238041103
SMARCA2,Probable global transcription activator SNF2L2,Chapter XII Diseases of the skin and subcutaneous tissue,Radiation-related disorders of the skin and subcutaneous tissue,22863,57,nan [nan-nan],
SMARCA2,Probable global transcription activator SNF2L2,Chapter XII Diseases of the skin and subcutaneous tissue,Skin changes due to chronic exposure to nonionizing radiation,22861,55,nan [nan-nan],
SMARCA2,Probable global transcription activator SNF2L2,Chapter XII Diseases of the skin and subcutaneous tissue,Nail disorders,22424,55,0.95 [0.68-1.34],0.7894375073468755
SMARCA2,Probable global transcription activator SNF2L2,Chapter XII Diseases of the skin and subcutaneous tissue,Follicular cysts of skin and subcutaneous tissue,22727,358,0.91 [0.79-1.04],0.1732125217987659
SMARCA2,Probable global transcription activator SNF2L2,Chapter XII Diseases of the skin and subcutaneous tissue,Seborrhoeic keratosis,21244,79,1.23 [0.96-1.58],0.1037306088095446
SMARCA2,Probable global transcription activator SNF2L2,Chapter XII Diseases of the skin and subcutaneous tissue,Atrophic disorders of skin,21207,42,0.78 [0.51-1.19],0.2475258002631934
SMARCA2,Probable global transcription activator SNF2L2,Chapter XII Diseases of the skin and subcutaneous tissue,Scar conditions and fibrosis of skin,21202,37,0.69 [0.44-1.09],0.1147000361241164
SMARCA2,Probable global transcription activator SNF2L2,Chapter XII Diseases of the skin and subcutaneous tissue,"Other disorders of skin and subcutaneous tissue, not elsewhere classified",21341,176,1.09 [0.90-1.30],0.3780336854418338
SMARCA2,Probable global transcription activator SNF2L2,Chapter XII Diseases of the skin and subcutaneous tissue,Other and unspecified disorders of skin and subcutaneous tissue,21320,155,1.11 [0.92-1.35],0.2767743270179117
SMARCA2,Probable global transcription activator SNF2L2,Chapter XIII Diseases of the musculoskeletal system and connective tissue,Diseases of the musculoskeletal system and connective tissue,17120,3466,1.04 [0.99-1.10],0.0820085683101827
SMARCA2,Probable global transcription activator SNF2L2,Chapter XIII Diseases of the musculoskeletal system and connective tissue,Arthropathies,18571,2028,1.05 [0.99-1.11],0.1199125194431207
SMARCA2,Probable global transcription activator SNF2L2,Chapter XIII Diseases of the musculoskeletal system and connective tissue,Soft tissue disorders,21003,1056,1.04 [0.96-1.13],0.3037358087470088
SMARCA2,Probable global transcription activator SNF2L2,Chapter XIII Diseases of the musculoskeletal system and connective tissue,Rheumatoid arthritis,16630,87,1.22 [0.96-1.55],0.1038746169737376
SMARCA2,Probable global transcription activator SNF2L2,Chapter XIII Diseases of the musculoskeletal system and connective tissue,Polyarthropathies,16937,394,1.03 [0.91-1.17],0.6211324742416648
SMARCA2,Probable global transcription activator SNF2L2,Chapter XIII Diseases of the musculoskeletal system and connective tissue,"Other (seronegative) rheumatoid arthritis, wide",22929,84,1.20 [0.94-1.53],0.1514587112847809
SMARCA2,Probable global transcription activator SNF2L2,Chapter XIII Diseases of the musculoskeletal system and connective tissue,Other/unspecified rheumatoid arthritis,22934,74,1.27 [0.99-1.64],0.0624606470457912
SMARCA2,Probable global transcription activator SNF2L2,Chapter XIII Diseases of the musculoskeletal system and connective tissue,Arthrosis,17575,1032,1.04 [0.96-1.13],0.3524453707559382
SMARCA2,Probable global transcription activator SNF2L2,Chapter XIII Diseases of the musculoskeletal system and connective tissue,"Artrosis, including avohilmo",19934,1032,1.04 [0.96-1.13],0.3462082758917663
SMARCA2,Probable global transcription activator SNF2L2,Chapter XIII Diseases of the musculoskeletal system and connective tissue,Gout,16665,122,1.09 [0.88-1.35],0.4392934813848221
SMARCA2,Probable global transcription activator SNF2L2,Chapter XIII Diseases of the musculoskeletal system and connective tissue,"Gout, unspecified",22260,118,1.10 [0.89-1.37],0.3700060539985413
SMARCA2,Probable global transcription activator SNF2L2,Chapter XIII Diseases of the musculoskeletal system and connective tissue,Other specified/unspecified arthritis,16701,158,0.90 [0.74-1.11],0.3457249163120568
SMARCA2,Probable global transcription activator SNF2L2,Chapter XIII Diseases of the musculoskeletal system and connective tissue,Polyarthrosis,16598,55,0.75 [0.52-1.09],0.1272786401208279
SMARCA2,Probable global transcription activator SNF2L2,Chapter XIII Diseases of the musculoskeletal system and connective tissue,Coxarthrosis,16789,246,1.02 [0.87-1.20],0.7894455217677447
SMARCA2,Probable global transcription activator SNF2L2,Chapter XIII Diseases of the musculoskeletal system and connective tissue,"Coxarthrosis, primary",23064,117,1.13 [0.91-1.40],0.2585282506927258
SMARCA2,Probable global transcription activator SNF2L2,Chapter XIII Diseases of the musculoskeletal system and connective tissue,Gonarthrosis,17101,558,1.04 [0.93-1.15],0.5009927460847934
SMARCA2,Probable global transcription activator SNF2L2,Chapter XIII Diseases of the musculoskeletal system and connective tissue,Other arthrosis,16837,294,1.00 [0.87-1.16],0.9666318819322616
SMARCA2,Probable global transcription activator SNF2L2,Chapter XIII Diseases of the musculoskeletal system and connective tissue,Other joint disorders,17665,1122,1.04 [0.97-1.12],0.2810763297733576
SMARCA2,Probable global transcription activator SNF2L2,Chapter XIII Diseases of the musculoskeletal system and connective tissue,Other deformities of toe(s),16565,22,1.24 [0.78-1.97],0.372877168860701
SMARCA2,Probable global transcription activator SNF2L2,Chapter XIII Diseases of the musculoskeletal system and connective tissue,Hallux valgus (acquired),16589,46,1.07 [0.75-1.53],0.7078971177258518
SMARCA2,Probable global transcription activator SNF2L2,Chapter XIII Diseases of the musculoskeletal system and connective tissue,Hallux rigidus,16571,28,0.99 [0.62-1.59],0.9615129132713968
SMARCA2,Probable global transcription activator SNF2L2,Chapter XIII Diseases of the musculoskeletal system and connective tissue,Other hammer toe(s) (acquired),16558,15,0.93 [0.48-1.82],0.8353243463244016
SMARCA2,Probable global transcription activator SNF2L2,Chapter XIII Diseases of the musculoskeletal system and connective tissue,Internal derangement of knee,17120,577,1.08 [0.97-1.19],0.1569188758907818
SMARCA2,Probable global transcription activator SNF2L2,Chapter XIII Diseases of the musculoskeletal system and connective tissue,Meniscus derangement,17052,509,1.13 [1.01-1.25],0.0275454991331356
SMARCA2,Probable global transcription activator SNF2L2,Chapter XIII Diseases of the musculoskeletal system and connective tissue,Pain in joint,18712,250,0.97 [0.83-1.14],0.7365862274392294
SMARCA2,Probable global transcription activator SNF2L2,Chapter XIII Diseases of the musculoskeletal system and connective tissue,Systemic lupus erythematosus,22900,35,1.12 [0.75-1.66],0.5785497548756791
SMARCA2,Probable global transcription activator SNF2L2,Chapter XIII Diseases of the musculoskeletal system and connective tissue,Other systemic involvement of connective tissue,22883,18,1.00 [0.55-1.80],0.9959528476427322
SMARCA2,Probable global transcription activator SNF2L2,Chapter XIII Diseases of the musculoskeletal system and connective tissue,Deforming dorsopathies,20272,41,0.83 [0.55-1.26],0.3872439170873555
SMARCA2,Probable global transcription activator SNF2L2,Chapter XIII Diseases of the musculoskeletal system and connective tissue,Spondylopathies,20509,278,0.89 [0.76-1.04],0.1518274640970789
SMARCA2,Probable global transcription activator SNF2L2,Chapter XIII Diseases of the musculoskeletal system and connective tissue,Dorsopathies,21037,806,0.95 [0.87-1.04],0.3044198706834935
SMARCA2,Probable global transcription activator SNF2L2,Chapter XIII Diseases of the musculoskeletal system and connective tissue,Spondylosis,20392,161,1.01 [0.83-1.23],0.9335349678400392
SMARCA2,Probable global transcription activator SNF2L2,Chapter XIII Diseases of the musculoskeletal system and connective tissue,Spinal stenosis,20318,87,0.89 [0.67-1.19],0.4351872787055167
SMARCA2,Probable global transcription activator SNF2L2,Chapter XIII Diseases of the musculoskeletal system and connective tissue,"Other dorsopathies, not elsewhere classified",20857,626,0.97 [0.88-1.08],0.6172793726387241
SMARCA2,Probable global transcription activator SNF2L2,Chapter XIII Diseases of the musculoskeletal system and connective tissue,Cervical disc disorders,20279,48,0.79 [0.53-1.17],0.2337493741938334
SMARCA2,Probable global transcription activator SNF2L2,Chapter XIII Diseases of the musculoskeletal system and connective tissue,Other intervertebral disc disorders,20450,219,0.94 [0.79-1.12],0.4662012387068145
SMARCA2,Probable global transcription activator SNF2L2,Chapter XIII Diseases of the musculoskeletal system and connective tissue,Lumbar disc prolapse,20330,99,0.96 [0.74-1.24],0.7351443215437828
SMARCA2,Probable global transcription activator SNF2L2,Chapter XIII Diseases of the musculoskeletal system and connective tissue,Sciatica+with lumbago,20296,65,0.99 [0.72-1.35],0.9246939679210036
SMARCA2,Probable global transcription activator SNF2L2,Chapter XIII Diseases of the musculoskeletal system and connective tissue,Other/unspecified dorsalgia,20348,117,0.90 [0.71-1.15],0.4156661113495644
SMARCA2,Probable global transcription activator SNF2L2,Chapter XIII Diseases of the musculoskeletal system and connective tissue,Cervicalgia,20281,50,1.00 [0.70-1.43],0.9864256911834168
SMARCA2,Probable global transcription activator SNF2L2,Chapter XIII Diseases of the musculoskeletal system and connective tissue,Low back pain,20483,252,1.01 [0.86-1.19],0.8842358917046385
SMARCA2,Probable global transcription activator SNF2L2,Chapter XIII Diseases of the musculoskeletal system and connective tissue,Disorders of synovium and tendon,20180,233,1.04 [0.88-1.22],0.6496229445249533
SMARCA2,Probable global transcription activator SNF2L2,Chapter XIII Diseases of the musculoskeletal system and connective tissue,Other/unspecified synovitis and tenosynovitis,20009,62,1.07 [0.79-1.46],0.6476392854262301
SMARCA2,Probable global transcription activator SNF2L2,Chapter XIII Diseases of the musculoskeletal system and connective tissue,Trigger finger,20010,63,0.88 [0.64-1.23],0.4693078260414746
SMARCA2,Probable global transcription activator SNF2L2,Chapter XIII Diseases of the musculoskeletal system and connective tissue,Ganglion,20007,60,1.15 [0.86-1.56],0.3502280057029022
SMARCA2,Probable global transcription activator SNF2L2,Chapter XIII Diseases of the musculoskeletal system and connective tissue,"Soft tissue disorders related to use, overuse and pressure",20008,61,1.05 [0.76-1.43],0.7776411930315673
SMARCA2,Probable global transcription activator SNF2L2,Chapter XIII Diseases of the musculoskeletal system and connective tissue,Fibroblastic disorders,20114,167,1.19 [0.99-1.42],0.0568615404058171
SMARCA2,Probable global transcription activator SNF2L2,Chapter XIII Diseases of the musculoskeletal system and connective tissue,Palmar fascial fibromatosis [Dupuytren],20104,157,1.17 [0.97-1.41],0.0955305079742523
SMARCA2,Probable global transcription activator SNF2L2,Chapter XIII Diseases of the musculoskeletal system and connective tissue,Shoulder lesions,20191,244,0.98 [0.84-1.16],0.8322479646630355
SMARCA2,Probable global transcription activator SNF2L2,Chapter XIII Diseases of the musculoskeletal system and connective tissue,Other shoulder lesions,19995,48,1.12 [0.80-1.58],0.5137560188031383
SMARCA2,Probable global transcription activator SNF2L2,Chapter XIII Diseases of the musculoskeletal system and connective tissue,Rotator cuff syndrome,20031,84,0.95 [0.72-1.26],0.7390038162311864
SMARCA2,Probable global transcription activator SNF2L2,Chapter XIII Diseases of the musculoskeletal system and connective tissue,Impingement syndrome of shoulder,20056,109,0.90 [0.70-1.16],0.4087389836924385
SMARCA2,Probable global transcription activator SNF2L2,Chapter XIII Diseases of the musculoskeletal system and connective tissue,Other enthesopathies,19988,41,0.78 [0.51-1.20],0.258875974770807
SMARCA2,Probable global transcription activator SNF2L2,Chapter XIII Diseases of the musculoskeletal system and connective tissue,"Other soft tissue disorders, not elsewhere classified",20291,344,1.01 [0.89-1.16],0.8298863757380249
SMARCA2,Probable global transcription activator SNF2L2,Chapter XIII Diseases of the musculoskeletal system and connective tissue,Other specified/unspecified soft tissue disorders,20086,139,1.09 [0.89-1.34],0.3831898222772837
SMARCA2,Probable global transcription activator SNF2L2,Chapter XIII Diseases of the musculoskeletal system and connective tissue,Pain in limb,20132,185,0.99 [0.82-1.19],0.8948812311140321
SMARCA2,Probable global transcription activator SNF2L2,Chapter XIII Diseases of the musculoskeletal system and connective tissue,Osteoporosis,22179,104,0.91 [0.71-1.18],0.4927043899068489
SMARCA2,Probable global transcription activator SNF2L2,Chapter XIII Diseases of the musculoskeletal system and connective tissue,Osteopathies and chondropathies,22364,289,0.93 [0.80-1.08],0.335715558852705
SMARCA2,Probable global transcription activator SNF2L2,Chapter XIII Diseases of the musculoskeletal system and connective tissue,Disorders of continuity of bone,22130,55,0.91 [0.64-1.29],0.5860477075966793
SMARCA2,Probable global transcription activator SNF2L2,Chapter XIII Diseases of the musculoskeletal system and connective tissue,Other specified/unspecified disorders of  bone/cartilage,22125,50,1.11 [0.80-1.55],0.5250569706125554
SMARCA2,Probable global transcription activator SNF2L2,Chapter XIII Diseases of the musculoskeletal system and connective tissue,Other disorders of bone,22162,87,0.94 [0.71-1.23],0.6341070147611048
SMARCA2,Probable global transcription activator SNF2L2,Chapter XIV Diseases of the genitourinary system,Genitourinary diseases,17773,2319,0.98 [0.93-1.04],0.5965801938070117
SMARCA2,Probable global transcription activator SNF2L2,Chapter XIV Diseases of the genitourinary system,Diseases of male genital organs,19990,1253,1.00 [0.93-1.07],0.9204576525360176
SMARCA2,Probable global transcription activator SNF2L2,Chapter XIV Diseases of the genitourinary system,Renal tubulo-interstitial diseases,20451,302,0.94 [0.81-1.09],0.4374488100538682
SMARCA2,Probable global transcription activator SNF2L2,Chapter XIV Diseases of the genitourinary system,Other obstructive and reflux uropathy,20241,92,0.87 [0.66-1.14],0.3066256470247432
SMARCA2,Probable global transcription activator SNF2L2,Chapter XIV Diseases of the genitourinary system,Acute renal failure,20478,73,0.88 [0.64-1.20],0.4105551787017527
SMARCA2,Probable global transcription activator SNF2L2,Chapter XIV Diseases of the genitourinary system,Chronic kidney disease,20495,90,0.92 [0.70-1.21],0.5335016976291558
SMARCA2,Probable global transcription activator SNF2L2,Chapter XIV Diseases of the genitourinary system,Unspecified kidney failure,20496,91,0.86 [0.65-1.13],0.2828048523730393
SMARCA2,Probable global transcription activator SNF2L2,Chapter XIV Diseases of the genitourinary system,Urolithiasis,22697,352,1.01 [0.89-1.16],0.854358341328713
SMARCA2,Probable global transcription activator SNF2L2,Chapter XIV Diseases of the genitourinary system,Other disorders of kidney and ureter,22661,70,1.11 [0.84-1.47],0.457062763104144
SMARCA2,Probable global transcription activator SNF2L2,Chapter XIV Diseases of the genitourinary system,Calculus of kidney and ureter,22595,250,1.03 [0.88-1.20],0.7553549770810721
SMARCA2,Probable global transcription activator SNF2L2,Chapter XIV Diseases of the genitourinary system,Unspecified renal colic,22474,129,1.04 [0.84-1.29],0.7012389798046194
SMARCA2,Probable global transcription activator SNF2L2,Chapter XIV Diseases of the genitourinary system,Other diseases of urinary system,21001,818,0.96 [0.88-1.05],0.4153735879776652
SMARCA2,Probable global transcription activator SNF2L2,Chapter XIV Diseases of the genitourinary system,Cystitis,20240,57,1.27 [0.95-1.69],0.1023002077027503
SMARCA2,Probable global transcription activator SNF2L2,Chapter XIV Diseases of the genitourinary system,Neuromuscular dysfunction of bladder,20256,73,1.03 [0.78-1.38],0.8206121824240779
SMARCA2,Probable global transcription activator SNF2L2,Chapter XIV Diseases of the genitourinary system,Other disorders of  bladder,20556,373,0.93 [0.81-1.06],0.2800593648735737
SMARCA2,Probable global transcription activator SNF2L2,Chapter XIV Diseases of the genitourinary system,Urethral stricture,20322,139,1.02 [0.82-1.25],0.8716722746352846
SMARCA2,Probable global transcription activator SNF2L2,Chapter XIV Diseases of the genitourinary system,Other disorders of urethra and urinary system,20547,364,0.97 [0.85-1.11],0.6759984493613641
SMARCA2,Probable global transcription activator SNF2L2,Chapter XIV Diseases of the genitourinary system,Hyperplasia of prostate,19295,558,1.00 [0.90-1.12],0.9388478424543332
SMARCA2,Probable global transcription activator SNF2L2,Chapter XIV Diseases of the genitourinary system,Inflammatory diseases of prostate (prostatitis),18838,101,1.13 [0.90-1.42],0.3050875477155323
SMARCA2,Probable global transcription activator SNF2L2,Chapter XIV Diseases of the genitourinary system,Hydrocele,18835,98,0.97 [0.75-1.25],0.8000888098983998
SMARCA2,Probable global transcription activator SNF2L2,Chapter XIV Diseases of the genitourinary system,"Redundant prepuce, phimosis and paraphimosis",18899,162,1.08 [0.89-1.30],0.4292944336586339
SMARCA2,Probable global transcription activator SNF2L2,Chapter XIV Diseases of the genitourinary system,Other disorders of penis,18890,153,1.16 [0.97-1.40],0.1033815530688336
SMARCA2,Probable global transcription activator SNF2L2,Chapter XIV Diseases of the genitourinary system,Other disorders of male genital organs,18950,213,0.82 [0.68-0.99],0.034970531053563
SMARCA2,Probable global transcription activator SNF2L2,Chapter IX Diseases of the circulatory system,"Bradycardia, unspecified, drug-induced",22694,78,1.02 [0.77-1.34],0.9000720241106469
SMARCA2,Probable global transcription activator SNF2L2,Chapter VI Diseases of the nervous system,Falls/tendency to fall,21049,539,1.03 [0.92-1.15],0.602238372806682
