Protein,Protein_definition,Trait_category,Trait,sample_size,Estimated_effect,se,lowerCI,upperCI,Pvalue
FUOM,Fucose mutarotase,Lifestyle factors,X1050.Time spend outdoors in summer,45269,-0.0198606396651527,0.0205491909944123,-0.0601370540142009,0.0204157746838955,0.333809009700958
FUOM,Fucose mutarotase,Lifestyle factors,X1060.Time spent outdoors in winter,42117,-0.0283023010533009,0.0235438018645375,-0.0744481527077943,0.0178435506011926,0.229336017196698
FUOM,Fucose mutarotase,Physical activities,X1070.Time spent watching television (TV),46613,0.114353272914776,0.0209958278896922,0.0732014502509798,0.155505095578573,5.19239104042886e-08
FUOM,Fucose mutarotase,Physical activities,X1080.Time spent using computer,42119,0.0306909222985403,0.0220235723612327,-0.0124752795294757,0.0738571241265563,0.163471437041869
FUOM,Fucose mutarotase,Physical activities,X1090.Time spent driving,39880,-0.00168596341388512,0.0241967391735821,-0.0491115721941061,0.0457396453663358,0.944451414268527
FUOM,Fucose mutarotase,Lifestyle factors,X1160.Sleep duration,47895,-0.00831201443249292,0.0188818400210287,-0.0453204208737091,0.0286963920087233,0.659787556188725
FUOM,Fucose mutarotase,Health and medical history,X120039#0.Location of pain during the past week_None of the given areas,32482,0.0112716973326702,0.0232358697547679,-0.0342706073866748,0.0568140020520153,0.62761935005933
FUOM,Fucose mutarotase,Health and medical history,X120039#1.Location of pain during the past week_Left shoulder,32482,0.0066703501711583,0.0206189028431011,-0.0337426994013198,0.0470833997436364,0.746320070525257
FUOM,Fucose mutarotase,Health and medical history,X120039#10.Location of pain during the past week_Upper right leg,32482,0.0622853375804904,0.0243765452179261,0.0145073089533552,0.110063366207626,0.0106329657571555
FUOM,Fucose mutarotase,Health and medical history,X120039#11.Location of pain during the past week_Lower left leg,32482,0.0318643725532742,0.0248844763722199,-0.0169092011362768,0.0806379462428251,0.200409146833376
FUOM,Fucose mutarotase,Health and medical history,X120039#12.Location of pain during the past week_Lower right leg,32482,0.0236588531569921,0.0252155761817527,-0.0257636761592432,0.0730813824732274,0.348137264621808
FUOM,Fucose mutarotase,Health and medical history,X120039#13.Location of pain during the past week_Left jaw pain,32482,0.0382243654404321,0.0486648870813765,-0.0571588132390657,0.13360754411993,0.432206567496897
FUOM,Fucose mutarotase,Health and medical history,X120039#14.Location of pain during the past week_Right jaw pain,32482,-0.0187796984783784,0.0474239787925511,-0.111730696911778,0.0741712999550217,0.692118615670641
FUOM,Fucose mutarotase,Health and medical history,X120039#15.Location of pain during the past week_Chest pain,32482,0.0158915291634203,0.0376065493536389,-0.0578173075697119,0.0896003658965525,0.672617818213543
FUOM,Fucose mutarotase,Health and medical history,X120039#16.Location of pain during the past week_Abdomen,32482,0.0288889679126521,0.0267629020432907,-0.0235663200921978,0.0813442559175019,0.280423700100268
FUOM,Fucose mutarotase,Health and medical history,X120039#17.Location of pain during the past week_Neck pain,32482,0.0271410504507012,0.0185506594325104,-0.00921824203701909,0.0635003429384216,0.143485341718813
FUOM,Fucose mutarotase,Health and medical history,X120039#18.Location of pain during the past week_Upper back,32482,0.0488875856728879,0.0257516098044098,-0.00158556954375523,0.099360740889531,0.0576754985824403
FUOM,Fucose mutarotase,Health and medical history,X120039#19.Location of pain during the past week_Lower back,32482,-0.00396037744236946,0.0157314306736001,-0.0347939815626257,0.0268732266778867,0.801241252023724
FUOM,Fucose mutarotase,Health and medical history,X120039#2.Location of pain during the past week_Right shoulder,32482,0.00424590232903093,0.0196005971331089,-0.0341712680518625,0.0426630727099244,0.828509166706082
FUOM,Fucose mutarotase,Health and medical history,X120039#3.Location of pain during the past week_Upper left arm,32482,0.0459094581063397,0.0279561964688663,-0.00888468697263824,0.100703603185318,0.100589258945498
FUOM,Fucose mutarotase,Health and medical history,X120039#4.Location of pain during the past week_Upper right arm,32482,0.0318975419925599,0.0261987326706512,-0.0194519740419164,0.0832470580270362,0.223441323251828
FUOM,Fucose mutarotase,Health and medical history,X120039#5.Location of pain during the past week_Lower left arm,32482,0.0209427288726084,0.0366260312023508,-0.0508442922839991,0.0927297500292158,0.567474144074587
FUOM,Fucose mutarotase,Health and medical history,X120039#6.Location of pain during the past week_Lower right arm,32482,0.0064065824043349,0.0347713416172902,-0.0617452471655539,0.0745584119742237,0.853822830303156
FUOM,Fucose mutarotase,Health and medical history,X120039#7.Location of pain during the past week_Left hip,32482,-0.000633294422053688,0.0208727486982593,-0.041543881870642,0.0402772930265346,0.975796068094894
FUOM,Fucose mutarotase,Health and medical history,X120039#8.Location of pain during the past week_Right hip,32482,0.0021796477654977,0.0194343231199917,-0.0359116255496861,0.0402709210806815,0.910703668830133
FUOM,Fucose mutarotase,Health and medical history,X120039#9.Location of pain during the past week_Upper left leg,32482,0.0299589120012131,0.0257765605564514,-0.0205631466894316,0.0804809706918579,0.245166825528613
FUOM,Fucose mutarotase,Health and medical history,X120040.Fatigue severity over the past week,32489,0.115655810603051,0.0342458871059099,0.0485338718754673,0.182777749330634,0.000735706574619692
FUOM,Fucose mutarotase,Health and medical history,X120041.Waking unrefreshed severity over the past week,32487,0.0895192384126579,0.034196666872811,0.0224937713419482,0.156544705483367,0.00886706818877933
FUOM,Fucose mutarotase,Health and medical history,X120042.Cognitive symptoms severity over the past week,32486,0.0581482676139349,0.0366573378195955,-0.0137001145124722,0.129996649740342,0.112718476448857
FUOM,Fucose mutarotase,Health and medical history,X120098.Mobility problems today,32492,0.0608612128401179,0.0395668999495967,-0.0166899110610916,0.138412336741328,0.124042748899053
FUOM,Fucose mutarotase,Health and medical history,X120099.Self-care problems today,32492,0.0681119030520612,0.0611723312718397,-0.0517858662407446,0.188009672344867,0.265551521912007
FUOM,Fucose mutarotase,Health and medical history,X120100.Problems doing usual activities,32492,0.112022950341936,0.0377612917048754,0.0380108186003801,0.186035082083492,0.00301990877988072
FUOM,Fucose mutarotase,Health and medical history,X120101.Pain or discomfort today,32492,0.0574539677987061,0.0342612940554946,-0.00969816855006338,0.124606104147476,0.0935940551276587
FUOM,Fucose mutarotase,Health and medical history,X120102.Anxiety or depression today,32492,0.0777531758150096,0.0400221035770628,-0.000690147196033594,0.156196498826053,0.0520805429279904
FUOM,Fucose mutarotase,Health and medical history,X120103.Scale to indicate how health is today,32455,-0.0263377352039932,0.00677725002670232,-0.0396211452563297,-0.0130543251516567,0.000102648323577355
FUOM,Fucose mutarotase,Health and medical history,X120104.Little interest or pleasure in doing things over the last two weeks,32468,0.112337617019058,0.0412558548782553,0.0314761414576778,0.193199092580438,0.00648419608587704
FUOM,Fucose mutarotase,Health and medical history,"X120105.Feeling down, depressed, or hopeless over the last two weeks",32446,0.0609385432298213,0.0413555029433693,-0.0201182425391825,0.141995328998825,0.14064776665631
FUOM,Fucose mutarotase,Health and medical history,"X120106.Trouble falling or staying asleep, or sleeping too much over the last two weeks",32475,0.0536389546833292,0.0335677173670428,-0.0121537713560746,0.119431680722733,0.110097335961844
FUOM,Fucose mutarotase,Health and medical history,X120107.Feeling tired or having little energy over the last two weeks,32475,0.130808161756612,0.0347760013848968,0.062647199042214,0.19896912447101,0.000170134330011001
FUOM,Fucose mutarotase,Health and medical history,X120108.Poor appetite or overeating over the last two weeks,32479,0.148243567448084,0.0411865481137312,0.0675179331451707,0.228969201750997,0.000320973782820755
FUOM,Fucose mutarotase,Health and medical history,X120109.Feeling bad about self over the last two weeks,32451,0.0758288272903978,0.0431139110772505,-0.00867443842101309,0.160332093001809,0.0786494090583373
FUOM,Fucose mutarotase,Health and medical history,X120110.Trouble concentrating over the last two weeks,32474,0.0573230581447227,0.0449089162722471,-0.0306984177488817,0.145344534038327,0.201840751774242
FUOM,Fucose mutarotase,Health and medical history,X120111.Moving or speaking slower or faster than usual over the last two weeks,32465,0.1176677130178,0.0640225405881966,-0.00781646653506542,0.243151892570665,0.0661125710776796
FUOM,Fucose mutarotase,Health and medical history,X120112.Thoughts of being better off dead or of hurting self over the last two weeks,32433,0.0427733385297692,0.0893835862336687,-0.132418490488222,0.21796516754776,0.632281274858487
FUOM,Fucose mutarotase,Health and medical history,"X120113.Level of difficultly depression has made to do work, take care of things at home, or get along with other people",30482,0.0364754964010703,0.0442946511351371,-0.0503420198237984,0.123293012625939,0.410271037120026
FUOM,Fucose mutarotase,Lifestyle factors,X1269.Exposure to tobacco smoke at home,45857,0.0367655797076704,0.0443708155314631,-0.0502012187339973,0.123732378149338,0.40734102297792
FUOM,Fucose mutarotase,Lifestyle factors,X1279.Exposure to tobacco smoke outside home,44264,0.059977028456053,0.0291145628141189,0.00291248534037997,0.117041571571726,0.0394081932238672
FUOM,Fucose mutarotase,Diet and food preferences,X1289.Cooked vegetable intake,47429,-0.0143372865575182,0.0197154426504284,-0.0529795541523579,0.0243049810373215,0.467104124648744
FUOM,Fucose mutarotase,Diet and food preferences,X1299.Salad  or  raw vegetable intake,47010,-0.0708044301595615,0.0213350714233273,-0.112621170149283,-0.02898769016984,0.000905848238542824
FUOM,Fucose mutarotase,Diet and food preferences,X1309.Fresh fruit intake,47487,-0.0168775523008587,0.020463976341119,-0.0569869459294518,0.0232318413277345,0.409525192158617
FUOM,Fucose mutarotase,Diet and food preferences,X1319.Dried fruit intake,46009,-0.0533302910432482,0.0205903389182004,-0.093687355322921,-0.0129732267635754,0.00960227068003218
FUOM,Fucose mutarotase,Health and medical history,X134.Number of self-reported cancers,48144,0.104981752363307,0.0334715862800058,0.039377443254496,0.170586061472119,0.00171219422579867
FUOM,Fucose mutarotase,Health and medical history,X135.Number of self-reported non-cancer illnesses,48144,0.26989339045756,0.020169567852595,0.230361037466473,0.309425743448646,1.09432566405808e-40
FUOM,Fucose mutarotase,Health and medical history,"X136.Number of operations, self-reported",48144,0.0993731591153381,0.0199574144731467,0.0602566267479706,0.138489691482706,6.42759661160832e-07
FUOM,Fucose mutarotase,Health and medical history,X137.Number of treatments or medications taken,48144,0.248974119536003,0.019623440559694,0.210512176039003,0.287436063033003,9.12726536064611e-37
FUOM,Fucose mutarotase,Diet and food preferences,X1438.Bread intake,47331,0.00910845015507592,0.00458971042781256,0.000112617716563309,0.0181042825935885,0.0472079335600098
FUOM,Fucose mutarotase,Diet and food preferences,X1458.Cereal intake,46946,-0.0311772298836253,0.0194858023002206,-0.0693694023920577,0.0070149426248071,0.109613240266846
FUOM,Fucose mutarotase,Diet and food preferences,X1488.Tea intake,47339,0.00081468100685413,0.00427249041906876,-0.00755940021452063,0.00918876222822889,0.848777535480244
FUOM,Fucose mutarotase,Diet and food preferences,X1498.Coffee intake,46287,-0.0955905999621184,0.0198917472721069,-0.134578424615448,-0.0566027753087889,1.55359280769898e-06
FUOM,Fucose mutarotase,Diet and food preferences,X1528.Water intake,46677,0.0235790690236657,0.0201471489021936,-0.0159093428246337,0.0630674808719651,0.241875626808664
FUOM,Fucose mutarotase,Lifestyle factors,X1568.Average weekly red wine intake,38884,-0.0361561755580501,0.024760911625838,-0.0846875623446926,0.0123752112285924,0.144253639865134
FUOM,Fucose mutarotase,Lifestyle factors,X1578.Average weekly champagne plus white wine intake,38878,0.0120987637772548,0.0247570729427278,-0.0364250991904916,0.0606226267450013,0.625062041386931
FUOM,Fucose mutarotase,Lifestyle factors,X1588.Average weekly beer plus cider intake,38905,-0.0302947386743314,0.0311215988950962,-0.0912930725087199,0.0307035951600571,0.330355277953171
FUOM,Fucose mutarotase,Lifestyle factors,X1598.Average weekly spirits intake,38843,0.0222758449048477,0.0276387729688741,-0.0318961501141456,0.0764478399238409,0.420277157018642
FUOM,Fucose mutarotase,Lifestyle factors,X1608.Average weekly fortified wine intake,38906,0.0672177533812388,0.0417044641563061,-0.0145229963651211,0.148958503127599,0.107035142873478
FUOM,Fucose mutarotase,Lifestyle factors,X1737.Childhood sunburn occasions,42484,0.00139846748339583,0.0238511201315988,-0.0453497279745379,0.0481466629413295,0.953244916585044
FUOM,Fucose mutarotase,Health and medical history,X1807.Father's age at death,41834,-0.00397664153625102,0.00494564799311942,-0.0136701116027651,0.00571682853026304,0.421368204727116
FUOM,Fucose mutarotase,Health and medical history,X1845.Mother's age,33630,-0.00619080069255347,0.0110810450674776,-0.0279096490248096,0.0155280476397027,0.576391146993688
FUOM,Fucose mutarotase,Health and medical history,X1873.Number of full brothers,47693,0.0162017213466694,0.0190912446181663,-0.0212171181049365,0.0536205607982753,0.396086665305289
FUOM,Fucose mutarotase,Health and medical history,X1883.Number of full sisters,47697,0.0211586528078274,0.0190560774685655,-0.0161912590305609,0.0585085646462157,0.266865661720647
FUOM,Fucose mutarotase,Physical measures,X20015.Sitting height,47978,-0.00486619953977099,0.00564355428784652,-0.0159275659439502,0.0061951668644082,0.388554376857098
FUOM,Fucose mutarotase,Cognitive function,X20016.Fluid intelligence score,32147,-0.0707067237720343,0.0307888286500434,-0.131052827926119,-0.0103606196179492,0.0216737579269844
FUOM,Fucose mutarotase,Cognitive function,X20018.Prospective memory result,32442,-0.00200217769882063,0.0404875632060404,-0.0813578015826599,0.0773534461850186,0.960560586347806
FUOM,Fucose mutarotase,Physical measures,X20019.Speech-reception-threshold (SRT) estimate (left),32036,0.0053972506376982,0.0079051896467126,-0.0100969210698585,0.0208914223452549,0.494787089582998
FUOM,Fucose mutarotase,Physical measures,X20021.Speech-reception-threshold (SRT) estimate (right),32022,0.00650108873100797,0.00783575580371264,-0.0088569926442688,0.0218591701062847,0.406751750406384
FUOM,Fucose mutarotase,Cognitive function,X20023.Mean time to correctly identify matches,47865,0.0145979929117085,0.0046324718635003,0.00551834805924795,0.0236776377641691,0.00162788185669578
FUOM,Fucose mutarotase,Health and medical history,X20107#1.Illnesses of father_Heart disease,45384,0.0283187442695715,0.00947783660464835,0.00974218452446078,0.0468953040146823,0.0028123527251805
FUOM,Fucose mutarotase,Health and medical history,X20107#10.Illnesses of father_Alzheimer's disease or dementia,45018,0.00835197364606424,0.020610853339865,-0.0320452989000711,0.0487492461921996,0.685318463237137
FUOM,Fucose mutarotase,Health and medical history,X20107#11.Illnesses of father_Parkinson's disease,44991,0.00757684700345553,0.0282100687941451,-0.047714887833069,0.06286858183998,0.78825050796311
FUOM,Fucose mutarotase,Health and medical history,X20107#12.Illnesses of father_Severe depression,45008,0.0101282722736029,0.0223544424538118,-0.0336864349358682,0.053942979483074,0.650498447433549
FUOM,Fucose mutarotase,Health and medical history,X20107#13.Illnesses of father_Prostate cancer,45012,-0.0359022789969977,0.0168380052871121,-0.0689047693597375,-0.00289978863425797,0.033000838342243
FUOM,Fucose mutarotase,Health and medical history,X20107#2.Illnesses of father_Stroke,45146,0.0313631754419844,0.0123495061774314,0.00715814333421876,0.05556820754975,0.0111042340902772
FUOM,Fucose mutarotase,Health and medical history,X20107#3.Illnesses of father_Lung cancer,45098,0.0223130606095775,0.0155174983703657,-0.00810123619633933,0.0527273574154943,0.150469362451078
FUOM,Fucose mutarotase,Health and medical history,X20107#4.Illnesses of father_Bowel cancer,45016,-0.00804211488985464,0.019729693548985,-0.0467123142458652,0.0306280844661559,0.683560747609502
FUOM,Fucose mutarotase,Health and medical history,X20107#6.Illnesses of father_Chronic bronchitis or emphysema,45156,0.00979454392943326,0.0139374656330062,-0.0175228887112589,0.0371119765701254,0.482219912270875
FUOM,Fucose mutarotase,Health and medical history,X20107#8.Illnesses of father_High blood pressure,45193,0.0193459148147069,0.0105571886152055,-0.00134617487109587,0.0400380045005097,0.0668931700114382
FUOM,Fucose mutarotase,Health and medical history,X20107#9.Illnesses of father_Diabetes,45080,0.0321719658375863,0.0147581737207475,0.00324594534492116,0.0610979863302515,0.029273012410938
FUOM,Fucose mutarotase,Health and medical history,X20110#1.Illnesses of mother_Heart disease,46558,0.0272893731944015,0.0104741535427893,0.00676003225053445,0.0478187141382686,0.00918281878888161
FUOM,Fucose mutarotase,Health and medical history,X20110#10.Illnesses of mother_Alzheimer's disease or dementia,46439,0.0148666136111298,0.0153537044462972,-0.0152266471036127,0.0449598743258723,0.332917520626278
FUOM,Fucose mutarotase,Health and medical history,X20110#11.Illnesses of mother_Parkinson's disease,46384,-0.0255228536124711,0.0329718119826268,-0.0901476050984197,0.0391018978734775,0.43889122896362
FUOM,Fucose mutarotase,Health and medical history,X20110#12.Illnesses of mother_Severe depression,46417,0.0297541797304492,0.0165659606547022,-0.00271510315276707,0.0622234626136654,0.0724917967911416
FUOM,Fucose mutarotase,Health and medical history,X20110#2.Illnesses of mother_Stroke,46502,0.014573071478978,0.0120698521763227,-0.0090838387866145,0.0382299817445706,0.227293256467339
FUOM,Fucose mutarotase,Health and medical history,X20110#3.Illnesses of mother_Lung cancer,46396,0.00694565472787129,0.0223996878004576,-0.0369577333610257,0.0508490428167683,0.756504439209844
FUOM,Fucose mutarotase,Health and medical history,X20110#4.Illnesses of mother_Bowel cancer,46395,-0.0119230373954371,0.0198319191756333,-0.0507935989796783,0.0269475241888041,0.547710053608387
FUOM,Fucose mutarotase,Health and medical history,X20110#5.Illnesses of mother_Breast cancer,46421,-0.0109784043611422,0.0157271843091172,-0.0418036856070119,0.0198468768847275,0.485151589788724
FUOM,Fucose mutarotase,Health and medical history,X20110#6.Illnesses of mother_Chronic bronchitis or emphysema,46439,0.0178487444281303,0.0177051880651086,-0.0168534241794826,0.0525509130357432,0.313413638253222
FUOM,Fucose mutarotase,Health and medical history,X20110#8.Illnesses of mother_High blood pressure,46586,0.0279667115457086,0.00912445549054644,0.0100827787842376,0.0458506443071796,0.0021791157790015
FUOM,Fucose mutarotase,Health and medical history,X20110#9.Illnesses of mother_Diabetes,46455,0.0592269300228452,0.0143262414880761,0.0311474967062159,0.0873063633394744,3.575798780931e-05
FUOM,Fucose mutarotase,Health and medical history,X20111#1.Illnesses of siblings_Heart disease,43483,0.0512680676885282,0.0147481928309088,0.022361609739947,0.0801745256371094,0.000509655263842827
FUOM,Fucose mutarotase,Health and medical history,X20111#10.Illnesses of siblings_Alzheimer's disease or dementia,43353,-0.0183535898971182,0.0587615575656707,-0.133526242725833,0.0968190629315963,0.754785524724276
FUOM,Fucose mutarotase,Health and medical history,X20111#11.Illnesses of siblings_Parkinson's disease,43350,-0.0162641879334003,0.0602598508449469,-0.134373495589496,0.101845119722696,0.787239442349763
FUOM,Fucose mutarotase,Health and medical history,X20111#12.Illnesses of siblings_Severe depression,43409,0.0371275737152529,0.0164866048082201,0.00481382829114157,0.0694413191393642,0.0243346657147086
FUOM,Fucose mutarotase,Health and medical history,X20111#13.Illnesses of siblings_Prostate cancer,43362,-0.0182019969635519,0.0347858907400904,-0.0863823428141291,0.0499783488870254,0.600800828622101
FUOM,Fucose mutarotase,Health and medical history,X20111#2.Illnesses of siblings_Stroke,43377,0.0811722267676317,0.0250654483335123,0.0320439480339477,0.130300505501316,0.00120404631793364
FUOM,Fucose mutarotase,Health and medical history,X20111#3.Illnesses of siblings_Lung cancer,43358,-0.00784648162229139,0.0305986741666266,-0.0678198829888795,0.0521269197442967,0.797620010657817
FUOM,Fucose mutarotase,Health and medical history,X20111#4.Illnesses of siblings_Bowel cancer,43357,0.0118937400816312,0.0299010650169937,-0.0467123473516765,0.0704998275149389,0.690804385738189
FUOM,Fucose mutarotase,Health and medical history,X20111#5.Illnesses of siblings_Breast cancer,43373,0.0246498278436192,0.0216314393798598,-0.017747793340906,0.0670474490281444,0.254493626258016
FUOM,Fucose mutarotase,Health and medical history,X20111#6.Illnesses of siblings_Chronic bronchitis or emphysema,43379,0.036719447123115,0.0263246115623349,-0.0148767915390615,0.0883156857852914,0.163070999259685
FUOM,Fucose mutarotase,Health and medical history,X20111#8.Illnesses of siblings_High blood pressure,43540,0.0446984539790053,0.010897624718225,0.0233391095312843,0.0660577984267262,4.11880261305693e-05
FUOM,Fucose mutarotase,Health and medical history,X20111#9.Illnesses of siblings_Diabetes,43437,0.0566229365000316,0.0156027047282888,0.0260416352325855,0.0872042377674777,0.000285217078988037
FUOM,Fucose mutarotase,Mental health,X20127.Neuroticism score,43085,0.0681163766821622,0.0198851434845306,0.0291414954524821,0.107091257911842,0.000615013469020067
FUOM,Fucose mutarotase,Cognitive function,X20128.Number of fluid intelligence questions attempted within time limit,32147,-0.043691971066121,0.0314969701952035,-0.10542603264872,0.0180420905164778,0.165427076919852
FUOM,Fucose mutarotase,Lifestyle factors,X20161.Pack years of smoking,30809,0.0268487691477082,0.00954356743369037,0.00814337697767506,0.0455541613177413,0.00491887730566091
FUOM,Fucose mutarotase,Lifestyle factors,X20162.Pack years adult smoking as proportion of life span exposed to smoking,30809,0.0272529780805863,0.00940289772011255,0.0088232985491657,0.0456826576120069,0.00376402929163979
FUOM,Fucose mutarotase,Cognitive function,X20191.Fluid intelligence score,30354,-0.0588506506598482,0.0360102971679141,-0.12943083310896,0.0117295317892635,0.102255015482899
FUOM,Fucose mutarotase,Cognitive function,X20192.Number of fluid intelligence questions attempted within time limit,30354,-0.0389757003606038,0.0368982019609905,-0.111296176204145,0.0333447754829376,0.290872894229634
FUOM,Fucose mutarotase,Cognitive function,X20240.Maximum digits remembered correctly,29711,0.0238895694260952,0.0395622532283003,-0.0536524469013734,0.101431585753564,0.545971091824293
FUOM,Fucose mutarotase,Physical measures,X20255.Spirometry QC measure,42585,-0.0120409642464546,0.0267937514448389,-0.0645567170783388,0.0404747885854295,0.653152476496472
FUOM,Fucose mutarotase,Eye measures,X20261.avMSE,29669,0.000635329157682129,0.0088903821035536,-0.0167898197652829,0.0180604780806472,0.943032387844237
FUOM,Fucose mutarotase,Eye measures,X20262.Myopia diagnosis,29669,-0.0216806007440214,0.0479566287664156,-0.115675593126196,0.072314391638153,0.651224622190146
FUOM,Fucose mutarotase,NMR metabolomics,X20280.Glucose-lactate,37638,0.0585116024600955,0.00595317665215267,0.0468433762218762,0.0701798286983147,1.01445317374668e-22
FUOM,Fucose mutarotase,NMR metabolomics,X20281.Spectrometer-corrected alanine,37664,0.0657282325887271,0.00569145915505354,0.0545729726448222,0.076883492532632,1.05379633488916e-30
FUOM,Fucose mutarotase,Mental health,X20544#11.Mental health problems ever diagnosed by a professional_Depression,31908,-0.00209778982398717,0.0267445804377078,-0.0545171674818944,0.05032158783392,0.937481798735064
FUOM,Fucose mutarotase,Mental health,X20544#6.Mental health problems ever diagnosed by a professional_Panic attacks,31907,-0.0234533447266526,0.0500957827058208,-0.121641078830061,0.0747343893767561,0.639676680223747
FUOM,Fucose mutarotase,Mental health,X20546#1.Substances taken for depression_Unprescribed medication (more than once),31905,-0.0589343928717229,0.0627948790955108,-0.182012355898924,0.0641435701554783,0.348006487486094
FUOM,Fucose mutarotase,Mental health,X20546#3.Substances taken for depression_Medication prescribed to you (for at least two weeks),31905,0.00551602728626984,0.0250783710311953,-0.0436375799348729,0.0546696345074126,0.825914890139035
FUOM,Fucose mutarotase,Mental health,X20546#4.Substances taken for depression_Drugs or alcohol (more than once),31905,-0.0744127639505744,0.0497341792805806,-0.171891755340512,0.0230662274393636,0.134641347174283
FUOM,Fucose mutarotase,Mental health,X20548#1.Manifestations of mania or irritability_I was more talkative than usual,31911,-0.0850875424201735,0.0595119660875345,-0.201730995951741,0.031555911111394,0.1528291759874
FUOM,Fucose mutarotase,Mental health,X20548#2.Manifestations of mania or irritability_I was more restless than usual,31911,-0.060131305626557,0.0405350307249097,-0.13957996584738,0.019317354594266,0.137999668679874
FUOM,Fucose mutarotase,Mental health,X20548#3.Manifestations of mania or irritability_My thoughts were racing,31911,-0.0938675206486266,0.0445954583891764,-0.181274619091412,-0.00646042220584093,0.0353362248697237
FUOM,Fucose mutarotase,Mental health,X20548#5.Manifestations of mania or irritability_I needed less sleep than usual,31911,-0.046208286180333,0.0726305579865688,-0.188564179834008,0.0961476074733418,0.524659087063505
FUOM,Fucose mutarotase,Mental health,X20548#6.Manifestations of mania or irritability_I was more creative or had more ideas than usual,31911,0.0248029791184441,0.0863891938609122,-0.144519840848944,0.194125799085832,0.774038041121039
FUOM,Fucose mutarotase,Mental health,X20548#7.Manifestations of mania or irritability_I was easily distracted,31911,-0.0232056579216213,0.0462711295281778,-0.11389707179685,0.0674857559536071,0.616023640600514
FUOM,Fucose mutarotase,Mental health,X20548#8.Manifestations of mania or irritability_I was more confident than usual,31911,0.0526324090143156,0.0872073464438746,-0.118293990015679,0.22355880804431,0.546173302319327
FUOM,Fucose mutarotase,Mental health,X20548#9.Manifestations of mania or irritability_I was more active than usual,31911,0.0174502672307907,0.0602662881055108,-0.100671657456011,0.135572191917592,0.772166495114939
FUOM,Fucose mutarotase,Mental health,X20549#1.Substances taken for anxiety_Unprescribed medication (more than once),31911,-0.183758223157233,0.0735576740994986,-0.32793126439225,-0.0395851819222155,0.0125056372126646
FUOM,Fucose mutarotase,Mental health,X20549#3.Substances taken for anxiety_Medication prescribed to you (for at least two weeks),31911,0.0215734219544539,0.0340577892921037,-0.0451798450580693,0.0883266889669772,0.526468534179957
FUOM,Fucose mutarotase,Mental health,X20549#4.Substances taken for anxiety_Drugs or alcohol (more than once),31911,-0.0721533220582254,0.0563938683345644,-0.182685303993972,0.0383786598775208,0.200777264626745
FUOM,Fucose mutarotase,Mental health,X20553#4.Methods of self-harm used_Ingesting a medication in excess of the normal dose,31912,0.0739019461068655,0.0828707101784602,-0.0885246458429164,0.236328538056647,0.372542833387545
FUOM,Fucose mutarotase,Diet and food preferences,X20600.Liking for adding salt to foods,33255,-0.0360290888763206,0.030711615967352,-0.0962238561723306,0.0241656784196894,0.240770610419713
FUOM,Fucose mutarotase,Diet and food preferences,X20601.Liking for aniseed,33255,0.0363811757393235,0.0300408600496555,-0.0224989099580013,0.0952612614366482,0.225906335030432
FUOM,Fucose mutarotase,Diet and food preferences,X20602.Liking for apple juice,33255,0.0334813395981229,0.0301311641289483,-0.0255757420946156,0.0925384212908615,0.266518505836801
FUOM,Fucose mutarotase,Diet and food preferences,X20603.Liking for apples,33255,-0.0390158598525884,0.0309645981551973,-0.0997064722367751,0.0216747525315983,0.207697366810035
FUOM,Fucose mutarotase,Diet and food preferences,X20604.Liking for asparagus,33255,-0.0278498185584411,0.0310136381291452,-0.0886365492915656,0.0329369121746834,0.369217499455064
FUOM,Fucose mutarotase,Diet and food preferences,X20605.Liking for aubergine,33255,-0.0493412479788759,0.0304534403687859,-0.109029991101696,0.0103474951439445,0.105221058985263
FUOM,Fucose mutarotase,Diet and food preferences,X20606.Liking for avocados,33255,0.0252918054407082,0.0309510361233649,-0.035372225361087,0.0859558362425033,0.413861779493727
FUOM,Fucose mutarotase,Diet and food preferences,X20607.Liking for bacon,33255,-0.0587655538836714,0.0303386565104785,-0.118229320644209,0.000698212876866375,0.0527790388687573
FUOM,Fucose mutarotase,Diet and food preferences,X20608.Liking for baked or steamed fish,33255,0.0359015293932399,0.0308617420571461,-0.0245874850387664,0.0963905438252462,0.24473851686519
FUOM,Fucose mutarotase,Diet and food preferences,X20609.Liking for bananas,33255,0.0491132990109018,0.0314493386360816,-0.0125274047158181,0.110754002737622,0.118403154412015
FUOM,Fucose mutarotase,Diet and food preferences,X20610.Liking for barbequed or grilled meat,33255,0.00119100582928504,0.0301919183881435,-0.0579851542114762,0.0603671658700463,0.968534237835799
FUOM,Fucose mutarotase,Diet and food preferences,X20611.Liking for beef steak,33255,-0.00376989138856674,0.0297620891238554,-0.0621035860713234,0.0545638032941899,0.899206413479358
FUOM,Fucose mutarotase,Diet and food preferences,X20612.Liking for beetroot,33255,0.0131845856496948,0.0310496072826167,-0.0476726446242339,0.0740418159236235,0.671117021563973
FUOM,Fucose mutarotase,Diet and food preferences,X20613.Liking for bell pepper,33255,-0.067322592667364,0.0302903796698316,-0.126691736820234,-0.00795344851449405,0.0262699126557736
FUOM,Fucose mutarotase,Diet and food preferences,X20614.Liking for bicycling,33255,-0.0318844766668566,0.0300084870603234,-0.0907011113050904,0.0269321579713772,0.288030991899277
FUOM,Fucose mutarotase,Diet and food preferences,X20615.Liking for biscuits,33255,-0.0016052099141697,0.0300248399945731,-0.060453896303533,0.0572434764751936,0.957364439692353
FUOM,Fucose mutarotase,Diet and food preferences,X20616.Liking for bitter foods,33255,-0.0661425139495028,0.030199071173388,-0.125332693449343,-0.00695233444966226,0.0285346833087834
FUOM,Fucose mutarotase,Diet and food preferences,X20617.Liking for bitter or ale,33255,-0.0476878377083512,0.0313463542871981,-0.10912669211126,0.0137510166945572,0.12821549130462
FUOM,Fucose mutarotase,Diet and food preferences,X20618.Liking for black olives,33255,-0.0435870562237069,0.0306714199423604,-0.103703039310733,0.0165289268633196,0.155324082693766
FUOM,Fucose mutarotase,Diet and food preferences,X20619.Liking for black pepper,33255,0.000236265914166175,0.0305186145644491,-0.0595802186321542,0.0600527504604865,0.993823255557539
FUOM,Fucose mutarotase,Diet and food preferences,X20620.Liking for blue cheese,33255,-0.0330245608056677,0.0302803132330664,-0.0923739747424777,0.0263248531311424,0.275466436913922
FUOM,Fucose mutarotase,Diet and food preferences,X20621.Liking for bolognese sauce,33255,-0.0206884890783474,0.0302107164877663,-0.0799014933943694,0.0385245152376746,0.493484205246198
FUOM,Fucose mutarotase,Diet and food preferences,X20622.Liking for broad beans,33255,-0.0296460162918699,0.030288103038574,-0.0890106982474749,0.0297186656637352,0.327705391823999
FUOM,Fucose mutarotase,Diet and food preferences,X20623.Liking for broccoli,33255,-0.0381863144027749,0.0316744058211086,-0.100268149812148,0.0238955210065979,0.228008450112856
FUOM,Fucose mutarotase,Diet and food preferences,X20624.Liking for brown rice,33255,-0.0823964698794584,0.0301752061592545,-0.141539873951597,-0.0232530658073195,0.00633447806893878
FUOM,Fucose mutarotase,Diet and food preferences,X20625.Liking for brussel sprouts,33255,-0.0465401140654655,0.0302931135953203,-0.105914616712293,0.0128343885813623,0.124494292216508
FUOM,Fucose mutarotase,Diet and food preferences,X20626.Liking for burgers (meat),33255,-0.0539254509500451,0.0299133863298386,-0.112555688156529,0.00470478625643852,0.0714664684516921
FUOM,Fucose mutarotase,Diet and food preferences,X20627.Liking for burn of spicy foods,33255,-0.0484783795021848,0.0300482623360623,-0.107372973680867,0.0104162146764972,0.106704257979341
FUOM,Fucose mutarotase,Diet and food preferences,X20628.Liking for butter on bread,33255,0.0376452241215061,0.0309271816369921,-0.0229720518869984,0.0982625001300107,0.223552692523551
FUOM,Fucose mutarotase,Diet and food preferences,X20629.Liking for butternut squash,33255,-0.0607052197732678,0.0305460912518527,-0.120575558626899,-0.00083488091963646,0.0469166042388749
FUOM,Fucose mutarotase,Diet and food preferences,X20630.Liking for cabbage,33255,0.016120463104549,0.0307183041786812,-0.0440874130856661,0.076328339294764,0.599746842718371
FUOM,Fucose mutarotase,Diet and food preferences,X20631.Liking for cake,33255,0.0436987835594627,0.0303064958164054,-0.0157019482406919,0.103099515359617,0.149367618369801
FUOM,Fucose mutarotase,Diet and food preferences,X20632.Liking for cake icing,33255,0.0152160758154885,0.029855239161252,-0.0433001929405653,0.0737323445715423,0.610301188244695
FUOM,Fucose mutarotase,Diet and food preferences,X20633.Liking for capers,33255,-0.0212414369616354,0.0301553707877577,-0.0803459637056405,0.0378630897823698,0.481202487204534
FUOM,Fucose mutarotase,Diet and food preferences,X20634.Liking for cauliflower,33255,0.000454111747479721,0.0311764782407926,-0.0606517856044738,0.0615600090994332,0.9883788785819
FUOM,Fucose mutarotase,Diet and food preferences,X20635.Liking for cereal or granola bar,33255,0.0175962824972109,0.0300089898985407,-0.0412213377039288,0.0764139026983507,0.557643940497817
FUOM,Fucose mutarotase,Diet and food preferences,X20636.Liking for cheesecake,33255,0.014246869856062,0.0302312679047421,-0.0450064152372325,0.0735001549493566,0.63746481721816
FUOM,Fucose mutarotase,Diet and food preferences,X20637.Liking for cherries,33255,-0.0762418530496144,0.0329055316154452,-0.140736695015887,-0.0117470110833419,0.0205270233946052
FUOM,Fucose mutarotase,Diet and food preferences,X20638.Liking for chicken,33255,-0.0269723770117044,0.032026850450936,-0.0897450038955389,0.0358002498721301,0.399710037768474
FUOM,Fucose mutarotase,Diet and food preferences,X20639.Liking for chilli pepper,33255,-0.0447390260571822,0.0299339030132144,-0.103409475963083,0.0139314238487181,0.135056363703969
FUOM,Fucose mutarotase,Diet and food preferences,X20640.Liking for chips or french fries,33255,-0.0309268301932376,0.0301132978812833,-0.0899488940405528,0.0280952336540776,0.304441311250914
FUOM,Fucose mutarotase,Diet and food preferences,X20641.Liking for cigarette smoking,33255,-0.0580380492269493,0.0505725587729865,-0.157160264422003,0.0410841659681042,0.251156939283918
FUOM,Fucose mutarotase,Diet and food preferences,X20642.Liking for cod,33255,0.0412322613683133,0.0312108838705067,-0.0199410710178798,0.102405593754506,0.186507067344158
FUOM,Fucose mutarotase,Diet and food preferences,X20643.Liking for coffee with sugar,33255,0.0466504356509228,0.0347734255853447,-0.0215054784963528,0.114806349798198,0.179775221544461
FUOM,Fucose mutarotase,Diet and food preferences,X20644.Liking for coffee without sugar,33255,-0.0858100874932088,0.031212040383456,-0.146985686644783,-0.0246344883416351,0.00598515174605667
FUOM,Fucose mutarotase,Diet and food preferences,X20645.Liking for coriander,33255,-0.0100771654878016,0.0302115295798157,-0.0692917634642404,0.0491374324886372,0.738724363303476
FUOM,Fucose mutarotase,Diet and food preferences,X20646.Liking for corn flakes,33255,0.0319292164789029,0.0301012041681227,-0.0270691436906176,0.0909275766484235,0.288842263623848
FUOM,Fucose mutarotase,Diet and food preferences,X20647.Liking for cream,33255,0.0389659777838271,0.0296096552220362,-0.0190689464513639,0.0970009020190181,0.188212068678987
FUOM,Fucose mutarotase,Diet and food preferences,X20648.Liking for croissant,33255,-0.0188424256839742,0.0299243458178205,-0.0774941434869024,0.039809292118954,0.528927685066625
FUOM,Fucose mutarotase,Diet and food preferences,X20649.Liking for cucumber,33255,0.0131950920237009,0.0307402199146112,-0.0470557390089369,0.0734459230563388,0.667755303486496
FUOM,Fucose mutarotase,Diet and food preferences,X20650.Liking for curry,33255,-0.0531943978622611,0.0303503219078915,-0.112681028801728,0.00629223307720636,0.0796918202280108
FUOM,Fucose mutarotase,Diet and food preferences,X20651.Liking for dairy products,33255,-0.023887464405518,0.0307695273308388,-0.084195737973962,0.0364208091629261,0.437572026307808
FUOM,Fucose mutarotase,Diet and food preferences,X20652.Liking for dark chocolate,33255,-0.0178092960525612,0.0304238710637495,-0.0774400833375102,0.0418214912323878,0.558312326958005
FUOM,Fucose mutarotase,Diet and food preferences,X20653.Liking for diet fizzy drinks,33255,0.0277824394118923,0.0318066640852502,-0.034558622195198,0.0901235010189827,0.382426133559742
FUOM,Fucose mutarotase,Diet and food preferences,X20654.Liking for dried fruit,33255,-0.0282656570636417,0.0306338055226343,-0.088307915888005,0.0317766017607217,0.356191522351886
FUOM,Fucose mutarotase,Diet and food preferences,X20655.Liking for eggs,33255,0.00265388516210949,0.0312118538022045,-0.0585213482902114,0.0638291186144304,0.932240972949861
FUOM,Fucose mutarotase,Diet and food preferences,X20656.Liking for exercising alone,33255,-0.0207719825898693,0.0306390126429802,-0.0808244473701105,0.039280482190372,0.497815770353835
FUOM,Fucose mutarotase,Diet and food preferences,X20657.Liking for exercising with others,33255,-0.0492001417265971,0.0303223437816323,-0.108631935538596,0.0102316520854021,0.104717087854941
FUOM,Fucose mutarotase,Diet and food preferences,X20658.Liking for extra virgin olive oil,33255,0.0458897069934787,0.0306666005206783,-0.0142168300270508,0.105996244014008,0.134583586931372
FUOM,Fucose mutarotase,Diet and food preferences,X20659.Liking for fatty foods,33255,-0.0283735311430786,0.0301224383944281,-0.0874135103961576,0.0306664481100005,0.346249208018104
FUOM,Fucose mutarotase,Diet and food preferences,X20660.Liking for fresh tomatoes,33255,-0.00899367173982809,0.033310402767856,-0.0742820611648258,0.0562947176851697,0.787169753267699
FUOM,Fucose mutarotase,Diet and food preferences,X20661.Liking for fried chicken,33255,0.0425252304136913,0.0299798532071881,-0.0162352818723974,0.10128574269978,0.156091869307212
FUOM,Fucose mutarotase,Diet and food preferences,X20662.Liking for fried or battered fish,33255,-0.00402410719244314,0.0303507402552549,-0.0635115580927427,0.0554633437078564,0.894523214528743
FUOM,Fucose mutarotase,Diet and food preferences,X20663.Liking for fruit,33255,-0.0184280999275157,0.0349499870818101,-0.0869300746078634,0.050073874752832,0.598019003149146
FUOM,Fucose mutarotase,Diet and food preferences,X20664.Liking for garlic,33255,0.0189654274692199,0.0303647894670325,-0.0405495598861638,0.0784804148246036,0.532258904531652
FUOM,Fucose mutarotase,Diet and food preferences,X20665.Liking for gherkins,33255,0.0162184204943815,0.02996211936067,-0.0425073334525317,0.0749441744412946,0.588316250864684
FUOM,Fucose mutarotase,Diet and food preferences,X20666.Liking for globe artichoke,33255,-0.00372202884938395,0.0301083731314447,-0.0627344401870155,0.0552903824882476,0.901618146113933
FUOM,Fucose mutarotase,Diet and food preferences,X20667.Liking for goat's cheese,33255,-0.0445813861363227,0.030207579063903,-0.103788241101573,0.0146254688289271,0.140024140498534
FUOM,Fucose mutarotase,Diet and food preferences,X20668.Liking for going to a cafe,33255,-0.0223165057540443,0.0305326089486055,-0.0821604192933111,0.0375274077852225,0.46485526996067
FUOM,Fucose mutarotase,Diet and food preferences,X20669.Liking for going to the gym,33255,0.00506867936690343,0.0298892605584406,-0.05351427132764,0.0636516300614469,0.865342812079834
FUOM,Fucose mutarotase,Diet and food preferences,X20670.Liking for going to the pub,33255,-0.0590574518913333,0.0299949274778576,-0.117847509747934,-0.000267394034732457,0.048994245605337
FUOM,Fucose mutarotase,Diet and food preferences,X20671.Liking for grapefruit,33255,-0.111286145002309,0.0301080757371402,-0.170297973447104,-0.0522743165575143,0.000220161251144477
FUOM,Fucose mutarotase,Diet and food preferences,X20672.Liking for green olives,33255,-0.0286992160190158,0.0304934418799355,-0.0884663621036893,0.0310679300656578,0.346648584766647
FUOM,Fucose mutarotase,Diet and food preferences,X20673.Liking for haddock,33255,0.0357452481748167,0.0307968623389098,-0.0246166020094464,0.0961070983590799,0.245804278254997
FUOM,Fucose mutarotase,Diet and food preferences,X20674.Liking for ham,33255,-0.0294268843879999,0.0302470734665615,-0.0887111483824604,0.0298573796064607,0.330637871754907
FUOM,Fucose mutarotase,Diet and food preferences,X20675.Liking for hard cheese,33255,-0.0438366188895855,0.0312979862731846,-0.105180671985027,0.0175074342058563,0.161362700901757
FUOM,Fucose mutarotase,Diet and food preferences,X20676.Liking for herring,33255,0.0317703206428976,0.0300148192557973,-0.0270587250984652,0.0905993663842603,0.289862173349633
FUOM,Fucose mutarotase,Diet and food preferences,X20677.Liking for honey,33255,0.010638555034735,0.0302254488121436,-0.0486033246370665,0.0698804347065366,0.724866618982093
FUOM,Fucose mutarotase,Diet and food preferences,X20678.Liking for horseradish or wasabi,33255,-0.0418324744314554,0.0303950570506904,-0.101406786250809,0.0177418373878978,0.168766285888222
FUOM,Fucose mutarotase,Diet and food preferences,X20679.Liking for ice cream,33255,-0.00780850854350412,0.0305532058575799,-0.0676927920243607,0.0520757749373524,0.798288212751927
FUOM,Fucose mutarotase,Diet and food preferences,X20680.Liking for jam,33255,0.0285339714426329,0.0302439949999223,-0.0307442587572148,0.0878122016424807,0.345472058898608
FUOM,Fucose mutarotase,Diet and food preferences,X20681.Liking for kiwi fruit,33255,-0.0238671615966429,0.0304585254329209,-0.0835658714451679,0.0358315482518822,0.433298636496367
FUOM,Fucose mutarotase,Diet and food preferences,X20682.Liking for lager,33255,-0.0594936073082026,0.0307860740959216,-0.119834312536209,0.000847097919803745,0.0533318229661435
FUOM,Fucose mutarotase,Diet and food preferences,X20683.Liking for lamb,33255,-0.00482621938472588,0.0304262267579609,-0.0644616238303293,0.0548091850608775,0.873971620334582
FUOM,Fucose mutarotase,Diet and food preferences,X20684.Liking for lemons,33255,-0.0269330003711968,0.0303275729333463,-0.0863750433205556,0.032509042578162,0.374527517222388
FUOM,Fucose mutarotase,Diet and food preferences,X20685.Liking for lentils or beans,33255,0.000362520580093888,0.0306238627110486,-0.0596602503335614,0.0603852914937492,0.990555254323325
FUOM,Fucose mutarotase,Diet and food preferences,X20686.Liking for liver,33255,-0.00269157512261,0.0302312919109039,-0.0619449072679816,0.0565617570227616,0.929057908370803
FUOM,Fucose mutarotase,Diet and food preferences,X20687.Liking for mackerel,33255,0.0281838596848443,0.0300311795370855,-0.0306772522078434,0.0870449715775319,0.34802017269978
FUOM,Fucose mutarotase,Diet and food preferences,X20688.Liking for marzipan,33255,0.0140874349282092,0.0299993633194899,-0.044711317177991,0.0728861870344094,0.638658805884659
FUOM,Fucose mutarotase,Diet and food preferences,X20689.Liking for mayonnaise,33255,0.00325919412349049,0.0304816533242452,-0.05648484639203,0.063003234639011,0.91485239338832
FUOM,Fucose mutarotase,Diet and food preferences,X20690.Liking for melon,33255,0.0158794915517775,0.0317617062933325,-0.0463734527831542,0.0781324358867093,0.617117772599852
FUOM,Fucose mutarotase,Diet and food preferences,X20691.Liking for milk chocolate,33255,0.00360416313450788,0.0303431804299919,-0.0558684705082761,0.0630767967772919,0.905452362936514
FUOM,Fucose mutarotase,Diet and food preferences,X20692.Liking for mushrooms,33255,-0.0347699239427947,0.031747239470168,-0.096994513304324,0.0274546654187345,0.273454228504799
FUOM,Fucose mutarotase,Diet and food preferences,X20694.Liking for orange juice,33255,0.035321846937239,0.0299335847175704,-0.023347979109199,0.093991672983677,0.23802925053774
FUOM,Fucose mutarotase,Diet and food preferences,X20695.Liking for oranges,33255,-0.0294942159844858,0.0309656106748355,-0.0901868129071633,0.0311983809381917,0.340878290615781
FUOM,Fucose mutarotase,Diet and food preferences,X20696.Liking for pasta,33255,-0.0505953261321495,0.0305131260807798,-0.110401053250478,0.00921040098617892,0.0973229508950307
FUOM,Fucose mutarotase,Diet and food preferences,X20697.Liking for pears,33255,0.0520223704878086,0.030983053655639,-0.00870441467724372,0.112749155652861,0.0931761004256956
FUOM,Fucose mutarotase,Diet and food preferences,X20698.Liking for pizza,33255,-0.0814567451043237,0.0299000293609705,-0.140060802651826,-0.0228526875568215,0.00645646514508894
FUOM,Fucose mutarotase,Diet and food preferences,X20699.Liking for plain yogurt,33255,-0.0338831301675236,0.0306723106157873,-0.0940008589744666,0.0262345986394195,0.269327901392673
FUOM,Fucose mutarotase,Diet and food preferences,X20700.Liking for plums,33255,-0.00919876161759039,0.0314865090417292,-0.0709123193393795,0.0525147961041988,0.770179364786031
FUOM,Fucose mutarotase,Diet and food preferences,X20701.Liking for pollock,33255,-0.0129228690092541,0.029909436034254,-0.0715453636363919,0.0456996256178837,0.665703585941184
FUOM,Fucose mutarotase,Diet and food preferences,X20702.Liking for pork chop,33255,-0.0287561413946208,0.0300311782665056,-0.0876172507969716,0.0301049680077301,0.338319629276339
FUOM,Fucose mutarotase,Diet and food preferences,X20703.Liking for porridge,33255,0.031815745062041,0.0309238764974801,-0.0287950528730199,0.0924265429971019,0.303582798874702
FUOM,Fucose mutarotase,Diet and food preferences,X20704.Liking for potato crisps,33255,-0.0494809185526072,0.030327390442569,-0.108922603820042,0.00996076671482803,0.102808285538985
FUOM,Fucose mutarotase,Diet and food preferences,X20705.Liking for potatoes,33255,0.0444282073265465,0.030614535392058,-0.0155762820418872,0.10443269669498,0.146756264093453
FUOM,Fucose mutarotase,Diet and food preferences,X20706.Liking for prawns,33255,0.0600480866502526,0.0310411912789076,-0.000792648256406375,0.120888821556912,0.0530880633088693
FUOM,Fucose mutarotase,Diet and food preferences,X20707.Liking for raw carrots,33255,-0.0116673263926167,0.0310475868720944,-0.0725205966619218,0.0491859438766884,0.707083195181893
FUOM,Fucose mutarotase,Diet and food preferences,X20708.Liking for red meat,33255,-0.0244110763755442,0.0300151797335936,-0.0832408286533877,0.0344186759022993,0.416073238242366
FUOM,Fucose mutarotase,Diet and food preferences,X20709.Liking for red wine,33255,-0.124027122954024,0.0303628909386764,-0.18353838919383,-0.0645158567142186,4.45012605583156e-05
FUOM,Fucose mutarotase,Diet and food preferences,X20710.Liking for regular (non-diet) fizzy drinks,33255,0.0961530666706127,0.0321017675304269,0.033233602310976,0.159072531030249,0.00274976998858793
FUOM,Fucose mutarotase,Diet and food preferences,X20711.Liking for roast chicken,33255,-0.00709741260754207,0.0321184488854082,-0.0700495724229422,0.055854747207858,0.825116099054953
FUOM,Fucose mutarotase,Diet and food preferences,X20712.Liking for salad dressing,33255,-0.0139960414709686,0.0303755843987517,-0.073532186892522,0.0455401039505847,0.644977774587882
FUOM,Fucose mutarotase,Diet and food preferences,X20713.Liking for salad leaves,33255,-0.033520911663147,0.0313246599380396,-0.0949172451417046,0.0278754218154107,0.284598021505915
FUOM,Fucose mutarotase,Diet and food preferences,X20714.Liking for salami,33255,-0.0370236203431499,0.0303327543129605,-0.0964758187965524,0.0224285781102526,0.222276971732357
FUOM,Fucose mutarotase,Diet and food preferences,X20715.Liking for salmon,33255,0.0130872048826429,0.032409406660466,-0.0504352321718704,0.0766096419371562,0.686363114775586
FUOM,Fucose mutarotase,Diet and food preferences,X20716.Liking for salty foods,33255,-0.0821582596323556,0.0303218679055656,-0.141589120727264,-0.022727398537447,0.00675075073552707
FUOM,Fucose mutarotase,Diet and food preferences,X20717.Liking for salty pretzels,33255,-0.0622840120681938,0.0302044171750606,-0.121484669731313,-0.00308335440507497,0.0392291546986226
FUOM,Fucose mutarotase,Diet and food preferences,X20718.Liking for sardines,33255,-0.0170753408074072,0.0301508567405254,-0.0761710200188371,0.0420203384040226,0.571183784454036
FUOM,Fucose mutarotase,Diet and food preferences,X20719.Liking for sausages (meat),33255,-0.0639472864780941,0.0300245584721829,-0.122795421083573,-0.00509915187261571,0.0332131144892049
FUOM,Fucose mutarotase,Diet and food preferences,X20720.Liking for savoury biscuits,33255,-0.0185429726239096,0.0302582160053312,-0.0778490759943588,0.0407631307465396,0.540008312127277
FUOM,Fucose mutarotase,Diet and food preferences,X20721.Liking for shellfish (other than prawns),33255,0.0562112079499849,0.0303325993786134,-0.00324068683209743,0.115663102732067,0.0638926755142688
FUOM,Fucose mutarotase,Diet and food preferences,X20722.Liking for skimmed milk,33255,-0.0306710713242791,0.0301880203001492,-0.0898395911125715,0.0284974484640133,0.309656664311052
FUOM,Fucose mutarotase,Diet and food preferences,X20723.Liking for smoked fish,33255,0.0294728832345586,0.0302140828185275,-0.0297467190897554,0.0886924855588725,0.329354797305261
FUOM,Fucose mutarotase,Diet and food preferences,X20724.Liking for soft cheese,33255,0.0360262166339249,0.030163912439831,-0.0230950517481439,0.0951474850159937,0.232373976248406
FUOM,Fucose mutarotase,Diet and food preferences,X20725.Liking for soy sauce,33255,-0.0667438863336739,0.030456703775157,-0.126439025732982,-0.00704874693436611,0.0284464663136796
FUOM,Fucose mutarotase,Diet and food preferences,X20726.Liking for soya milk,33255,0.0279310814134975,0.0302945243589756,-0.0314461863300948,0.0873083491570897,0.356561962123526
FUOM,Fucose mutarotase,Diet and food preferences,X20727.Liking for spicy foods,33255,-0.058123225671824,0.0298281672004845,-0.116586433384774,0.00033998204112564,0.0513747361658582
FUOM,Fucose mutarotase,Diet and food preferences,X20728.Liking for spinach,33255,-0.0568799018044368,0.030822388117187,-0.117291782514123,0.00353197890524969,0.0650117112802228
FUOM,Fucose mutarotase,Diet and food preferences,X20729.Liking for spirits,33255,-0.0555591364073709,0.0302715888849734,-0.114891450621919,0.00377317780717698,0.0664867386115639
FUOM,Fucose mutarotase,Diet and food preferences,X20730.Liking for strawberries,33255,0.00605455469784158,0.0344647080222055,-0.0614962730256813,0.0736053824213644,0.860554071337721
FUOM,Fucose mutarotase,Diet and food preferences,X20731.Liking for sweet coffee house drinks,33255,0.0939862291650487,0.0315731797129566,0.0321027969276538,0.155869661402444,0.00292091803293938
FUOM,Fucose mutarotase,Diet and food preferences,X20732.Liking for sweet foods,33255,0.0511059052074113,0.0300162430958493,-0.00772593126045334,0.109937741675276,0.0886767318998979
FUOM,Fucose mutarotase,Diet and food preferences,X20733.Liking for taking the stairs,33255,-0.0427429454751746,0.030903139922781,-0.103313099723825,0.0178272087734761,0.166661257665367
FUOM,Fucose mutarotase,Diet and food preferences,X20734.Liking for tea with sugar,33255,0.050584270281555,0.0405709008788949,-0.028934695441079,0.130103236004189,0.212499789129736
FUOM,Fucose mutarotase,Diet and food preferences,X20735.Liking for tea without sugar,33255,-0.0249157768123981,0.0324200507995054,-0.0884590763794286,0.0386275227546325,0.442193100736433
FUOM,Fucose mutarotase,Diet and food preferences,X20736.Liking for tomato ketchup,33255,0.0019656977128537,0.0302171956492034,-0.057260005759585,0.0611914011852924,0.948133847256153
FUOM,Fucose mutarotase,Diet and food preferences,X20737.Liking for tinned tuna,33255,0.0480538391811773,0.0308119354136831,-0.0123375542296415,0.108445232591996,0.118893914847577
FUOM,Fucose mutarotase,Diet and food preferences,X20738.Liking for turnip (white),33255,0.0788046812679469,0.0303499603127766,0.0193187590549048,0.138290603480989,0.00943264955397576
FUOM,Fucose mutarotase,Diet and food preferences,X20739.Liking for vegetables,33255,-0.0178746403656294,0.0351086263043638,-0.0866875479221824,0.0509382671909237,0.610678161726357
FUOM,Fucose mutarotase,Diet and food preferences,X20740.Liking for vinegar,33255,-0.0100126200643922,0.030610941602527,-0.0700100656053452,0.0499848254765608,0.743605446325913
FUOM,Fucose mutarotase,Diet and food preferences,X20741.Liking for watching television,33255,0.0197046121238194,0.0302939263372171,-0.0396714834971262,0.0790807077447649,0.515420121818523
FUOM,Fucose mutarotase,Diet and food preferences,X20742.Liking for whisky,33255,-0.0423481918940804,0.0323827030047722,-0.105818289783434,0.021121905995273,0.190995320665798
FUOM,Fucose mutarotase,Diet and food preferences,X20743.Liking for white bread,33255,0.0483760832310918,0.0299538636760861,-0.010333489574037,0.107085656036221,0.106342279249641
FUOM,Fucose mutarotase,Diet and food preferences,X20744.Liking for white rice,33255,0.00388365856485813,0.0305703943620031,-0.0560343143846679,0.0638016315143842,0.89891175635592
FUOM,Fucose mutarotase,Diet and food preferences,X20745.Liking for white wine,33255,-0.0521556425962669,0.0301484835921783,-0.111246670436936,0.0069353852444026,0.0836726744358928
FUOM,Fucose mutarotase,Diet and food preferences,X20746.Liking for whole grain breakfast cereal,33255,-0.0323534607958786,0.0306023050030875,-0.0923339786019301,0.027627057010173,0.290438864542946
FUOM,Fucose mutarotase,Diet and food preferences,X20747.Liking for whole milk,33255,0.00752736298203232,0.0300044424863298,-0.0512813442911742,0.0663360702552388,0.801916654050007
FUOM,Fucose mutarotase,Diet and food preferences,X20748.Liking for wholemeal bread,33255,-0.0574718595764484,0.0319901981614041,-0.1201726479728,0.00522892881990365,0.0724420443473183
FUOM,Fucose mutarotase,Diet and food preferences,X20749.Liking for working up a sweat,33255,-0.0363991707255365,0.030119639930889,-0.095433664990079,0.0226353235390059,0.226892775475358
FUOM,Fucose mutarotase,Physical measures,X21001.Body mass index (BMI),48058,0.0983241446658851,0.0163606082225238,0.0662573525497384,0.130390936782032,1.88464643328518e-09
FUOM,Fucose mutarotase,Physical measures,X21002.Weight,48065,0.00889931051102995,0.0101684245598584,-0.0110308016262925,0.0288294226483524,0.381479059685899
FUOM,Fucose mutarotase,Physical measures,X21021.Pulse wave Arterial Stiffness index,32349,0.0478758860131175,0.00728573311648134,0.0335958491048141,0.0621559229214209,5.30839843926264e-11
FUOM,Fucose mutarotase,Health and medical history,X21025.Frequency of discomfort or pain in abdomen in last 3 months,32780,0.148637758380437,0.0320160516498898,0.0858862971466534,0.211389219614221,3.49320153583377e-06
FUOM,Fucose mutarotase,Health and medical history,X21033.Frequency of hard or lumpy stools in the last 3 months,32792,-0.0596110753533356,0.0327600659478293,-0.123820804611081,0.00459865390440978,0.0688517915299802
FUOM,Fucose mutarotase,Health and medical history,X21034.Frequency of loose or mushy or watery stools in the last 3 months,32793,-0.156973427560713,0.033342549580228,-0.222324824737959,-0.0916220303834657,2.54319358485025e-06
FUOM,Fucose mutarotase,Health and medical history,X21040.Satisfaction with bowel habits,32747,0.0504903700318111,0.030789608555429,-0.00985726273682982,0.110838002800452,0.101074113208432
FUOM,Fucose mutarotase,Health and medical history,X21041.Degree to which abdominal pain or discomfort or altered bowel habits affect or interfere with life in general,32735,0.133717589807073,0.0324186040765201,0.0701771258170936,0.197258053797053,3.74823038259748e-05
FUOM,Fucose mutarotase,Health and medical history,X21042.Greatest number of times bowels opened per day,32743,0.0635503708215543,0.0332448655557691,-0.0016095656677531,0.128710307310862,0.0559639463928866
FUOM,Fucose mutarotase,Health and medical history,X21043.Least number of times bowels opened per week,32663,0.0508582245845684,0.0326798825197761,-0.0131943451541927,0.11491079432333,0.119686055703647
FUOM,Fucose mutarotase,Health and medical history,X21044.Average number of times bowels opened per day,32711,0.159788272480527,0.036987438032722,0.087292893936392,0.232283651024662,1.57807857969748e-05
FUOM,Fucose mutarotase,Health and medical history,X21048.Degree bothered by back pain in the past 3 months,32795,-0.0459247022290377,0.033314523194226,-0.111221167689721,0.0193717632316452,0.16808008113764
FUOM,Fucose mutarotase,Health and medical history,X21049.Degree bothered by pain in arms or legs or joints in the past 3 months,32789,-0.0621975218632123,0.0337829083626292,-0.128412022253966,0.00401697852754094,0.0656432457339424
FUOM,Fucose mutarotase,Health and medical history,X21050.Degree bothered by menstrual cramps or other problems with period in the last 3 months,32793,0.121718888123279,0.0395658898714376,0.0441697439752608,0.199268032271296,0.00210224167947682
FUOM,Fucose mutarotase,Health and medical history,X21051.Degree bothered by headaches in the last 3 months,32792,-0.0258278358722439,0.0348500747420056,-0.0941339823665749,0.0424783106220871,0.458645928256585
FUOM,Fucose mutarotase,Health and medical history,X21052.Degree bothered by chest pain in the last 3 months,32789,-0.193547224216114,0.0503522264273263,-0.292237588013673,-0.094856860418554,0.000122011271639047
FUOM,Fucose mutarotase,Health and medical history,X21053.Degree bothered by dizziness in the last 3 months,32790,-0.0580141775176308,0.0380790387180318,-0.132649093404973,0.0166207383697115,0.127666586738988
FUOM,Fucose mutarotase,Health and medical history,X21054.Degree bothered by fainting spells in the last 3 months,32790,-0.097322347813203,0.0951333805113638,-0.283783773615476,0.0891390779890702,0.306333057789513
FUOM,Fucose mutarotase,Health and medical history,X21055.Degree bothered by feeling heart pound or race in the last 3 months,32794,-0.113363829398472,0.0364241733301564,-0.184755209125579,-0.0419724496713657,0.00186248104701713
FUOM,Fucose mutarotase,Health and medical history,X21056.Degree bothered by shortness of breath in the last 3 months,32793,-0.105230560181813,0.0376375807828483,-0.179000218516195,-0.0314609018474302,0.0051875308976857
FUOM,Fucose mutarotase,Health and medical history,X21057.Degree bothered by pain or problems during intercourse in the last 3 months,32558,0.0739099733213554,0.0338396215130978,0.00758431515568367,0.140235631487027,0.0289816077066422
FUOM,Fucose mutarotase,Health and medical history,X21058.Degree bothered by urinary frequency or bladder irritability in the last 3 months,32791,-0.0517059278463529,0.0341125556150077,-0.118566536851768,0.0151546811590622,0.129621809220167
FUOM,Fucose mutarotase,Health and medical history,X21059.Degree bothered by nausea in the last 3 months,32792,-0.154135939424947,0.0447006301950567,-0.241749174607258,-0.0665227042426359,0.000567160888884174
FUOM,Fucose mutarotase,Health and medical history,X21060.Degree bothered by feeling tired all the time in the last 3 months,32795,-0.135830416632486,0.0334901598461729,-0.201471129930985,-0.0701897033339873,5.04113014619086e-05
FUOM,Fucose mutarotase,Health and medical history,X21061.Degree bothered by trouble sleeping in the last 3 months,32794,-0.0471299866452008,0.0335200213097069,-0.112829228412226,0.0185692551218246,0.15975396309414
FUOM,Fucose mutarotase,Working and living environment,X21100.Water hardness (USGS classification),47939,-0.00865302918605903,0.0191961401995765,-0.0462774639772291,0.028971405605111,0.65216004749922
FUOM,Fucose mutarotase,Lifestyle factors,X2139.Age first had sexual intercourse,44777,-0.0114141692053216,0.00522754929964044,-0.0216601658326168,-0.00116817257802631,0.0290130040269106
FUOM,Fucose mutarotase,Health and medical history,X2149.Lifetime number of sexual partners,43476,-0.00548437840442249,0.0216786952452004,-0.0479746210850152,0.0370058642761702,0.80028276312852
FUOM,Fucose mutarotase,Physical activities,X22032.IPAQ activity group,42714,-0.116289608755736,0.0218169159007751,-0.159050763921255,-0.0735284535902168,9.92426406387295e-08
FUOM,Fucose mutarotase,Physical activities,X22033.Summed days activity,43311,-0.0233529812777026,0.004906159161749,-0.0329690532347307,-0.0137369093206746,1.9509517976863e-06
FUOM,Fucose mutarotase,Physical activities,X22034.Summed minutes activity,42714,-0.0278290467840928,0.00492047773767852,-0.0374731831499427,-0.0181849104182429,1.57479204473638e-08
FUOM,Fucose mutarotase,Physical activities,X22037.MET minutes per week for walking,41809,-0.0193556548205956,0.00502995698447724,-0.029214370510171,-0.00949693913102017,0.000119475502843318
FUOM,Fucose mutarotase,Physical activities,X22038.MET minutes per week for moderate activity,42714,-0.0179959734979154,0.00486005481468162,-0.0275216809346914,-0.00847026606113942,0.000213832393297536
FUOM,Fucose mutarotase,Physical activities,X22039.MET minutes per week for vigorous activity,42714,-0.122170706616086,0.0218940800888312,-0.165083103590195,-0.0792583096419764,2.43822295718147e-08
FUOM,Fucose mutarotase,Physical activities,X22040.Summed MET minutes per week for all activity,41809,-0.0283252546086171,0.00511898817638424,-0.0383584714343302,-0.018292037782904,3.18678698936932e-08
FUOM,Fucose mutarotase,Eye measures,X2217.Age started wearing glasses or contact lenses,44828,-0.00221944129312765,0.00470244456607881,-0.0114362326426421,0.00699735005638681,0.636948925443082
FUOM,Fucose mutarotase,Working and living environment,X22501.Year ended full time education,30176,-0.0219846653403322,0.0219185637553516,-0.0649450503008213,0.020975719620157,0.31589564565978
FUOM,Fucose mutarotase,Lifestyle factors,X22506.Tobacco smoking,30145,-0.0133696762946456,0.0830476830754343,-0.176143135122497,0.149403782533206,0.872108605190715
FUOM,Fucose mutarotase,Lifestyle factors,X2277.Frequency of solarium or sunlamp use,46546,-0.0897810120744353,0.0461653461104196,-0.180265090450858,0.000703066301987215,0.0518152549821591
FUOM,Fucose mutarotase,Physical measures,X23098.Weight,47702,0.00803027268138585,0.0102294359475614,-0.0120194217758346,0.0280799671386063,0.432452083757139
FUOM,Fucose mutarotase,Physical measures,X23099.Body fat percentage,47703,0.0877160915807196,0.0104518400546942,0.067230485073519,0.10820169808792,5.03086292590802e-17
FUOM,Fucose mutarotase,Physical measures,X23100.Whole body fat mass,47696,0.0709985469128157,0.0100331594197413,0.0513335544501227,0.0906635393755088,1.52159354205686e-12
FUOM,Fucose mutarotase,Physical measures,X23101.Whole body fat-free mass,47702,-0.0459802236139997,0.0083985633779499,-0.0624414078347815,-0.0295190393932179,4.42604050455468e-08
FUOM,Fucose mutarotase,Physical measures,X23102.Whole body water mass,47702,-0.0467501715354441,0.00842966053049662,-0.0632723061752174,-0.0302280368956707,2.95602594692025e-08
FUOM,Fucose mutarotase,Physical measures,X23104.Body mass index (BMI),47702,0.0921105298799265,0.0165311549444824,0.059709466188741,0.124511593571112,2.54714613193468e-08
FUOM,Fucose mutarotase,Physical measures,X23105.Basal metabolic rate,47700,-0.0402658079342536,0.00915870314386073,-0.0582168660962206,-0.0223147497722866,1.10521968265143e-05
FUOM,Fucose mutarotase,Physical measures,X23106.Impedance of whole body,47696,0.0606774476515161,0.0068442002886942,0.0472628150856755,0.0740920802173567,8.14980068314553e-19
FUOM,Fucose mutarotase,Physical measures,X23107.Impedance of leg (right),47699,0.0609497070582631,0.00562455331087499,0.0499255825689481,0.0719738315475781,2.69033191684357e-27
FUOM,Fucose mutarotase,Physical measures,X23108.Impedance of leg (left),47698,0.0581164745848964,0.00556063907937818,0.0472176219893152,0.0690153271804777,1.64459720255775e-25
FUOM,Fucose mutarotase,Physical measures,X23109.Impedance of arm (right),47692,0.0262802444534092,0.00687718788091043,0.0128009562068247,0.0397595326999936,0.000133060638575401
FUOM,Fucose mutarotase,Physical measures,X23110.Impedance of arm (left),47697,0.0307065642974412,0.00689375842297081,0.0171947977884184,0.044218330806464,8.45770209119596e-06
FUOM,Fucose mutarotase,Physical measures,X23111.Leg fat percentage (right),47698,0.196827831747709,0.016494382414721,0.164498842214856,0.229156821280562,9.92463319279547e-33
FUOM,Fucose mutarotase,Physical measures,X23112.Leg fat mass (right),47697,0.13528469100768,0.0189802701095054,0.0980833615930498,0.172486020422311,1.0508142750193e-12
FUOM,Fucose mutarotase,Physical measures,X23113.Leg fat-free mass (right),47697,-0.0565582251443534,0.00854669764209403,-0.0733097525228577,-0.0398066977658491,3.73141546098308e-11
FUOM,Fucose mutarotase,Physical measures,X23114.Leg predicted mass (right),47696,-0.0556648935991361,0.00857909374835428,-0.0724799173459105,-0.0388498698523617,8.84788827960205e-11
FUOM,Fucose mutarotase,Physical measures,X23115.Leg fat percentage (left),47694,0.189687671887506,0.0170168223783441,0.156334700025951,0.22304064374906,8.75558133697454e-29
FUOM,Fucose mutarotase,Physical measures,X23116.Leg fat mass (left),47694,0.121473997769742,0.0190545804887997,0.0841270200116943,0.158820975527789,1.86333018964071e-10
FUOM,Fucose mutarotase,Physical measures,X23117.Leg fat-free mass (left),47692,-0.0529131816755535,0.00875843521437877,-0.0700797146957359,-0.0357466486553711,1.5510899239731e-09
FUOM,Fucose mutarotase,Physical measures,X23118.Leg predicted mass (left),47691,-0.0524937372787708,0.00879460424468676,-0.0697311615983569,-0.0352563129591848,2.42385926794476e-09
FUOM,Fucose mutarotase,Physical measures,X23119.Arm fat percentage (right),47691,0.0504720353310011,0.0116180976163631,0.0277005640029295,0.0732435066590728,1.40338098078769e-05
FUOM,Fucose mutarotase,Physical measures,X23120.Arm fat mass (right),47688,0.0600765507295701,0.010470223798605,0.0395549120843042,0.0805981893748359,9.70788010513147e-09
FUOM,Fucose mutarotase,Physical measures,X23121.Arm fat-free mass (right),47690,-0.0270336114520715,0.00819626905406446,-0.0430982987980378,-0.0109689241061052,0.000974242855057309
FUOM,Fucose mutarotase,Physical measures,X23122.Arm predicted mass (right),47689,-0.0288550347204753,0.00818932367153775,-0.0449061091166893,-0.0128039603242613,0.000426714164592856
FUOM,Fucose mutarotase,Physical measures,X23123.Arm fat percentage (left),47686,0.0624283861002732,0.0130298963976781,0.0368897891608242,0.0879669830397222,1.6683878249399e-06
FUOM,Fucose mutarotase,Physical measures,X23124.Arm fat mass (left),47686,0.0594716117507351,0.0107408638033535,0.0384195186961622,0.080523704805308,3.1111489252382e-08
FUOM,Fucose mutarotase,Physical measures,X23125.Arm fat-free mass (left),47686,-0.0245931576700015,0.00882643191166824,-0.0418929642168713,-0.00729335112313178,0.00533554169033463
FUOM,Fucose mutarotase,Physical measures,X23126.Arm predicted mass (left),47684,-0.028962954944488,0.00884591913787638,-0.0463009564547258,-0.0116249534342503,0.00106131514205317
FUOM,Fucose mutarotase,Physical measures,X23127.Trunk fat percentage,47683,0.0551796126539237,0.0066033228965888,0.0422370997766097,0.0681221255312377,6.82738641125121e-17
FUOM,Fucose mutarotase,Physical measures,X23128.Trunk fat mass,47679,0.0556575524830711,0.00761967809275443,0.0407229834212724,0.0705921215448698,2.87380454280086e-13
FUOM,Fucose mutarotase,Physical measures,X23129.Trunk fat-free mass,47674,-0.038046225511727,0.00783736897638195,-0.0534074687054356,-0.0226849823180184,1.21496802606508e-06
FUOM,Fucose mutarotase,Physical measures,X23130.Trunk predicted mass,47671,-0.037892517945039,0.00785528736280973,-0.0532888811761461,-0.0224961547139319,1.41724936327154e-06
FUOM,Fucose mutarotase,NMR metabolomics,X23400.Total Cholesterol,37671,0.0346913010325583,0.00591229142830024,0.0231032098330898,0.0462793922320267,4.52579510427866e-09
FUOM,Fucose mutarotase,NMR metabolomics,X23401.Total Cholesterol Minus HDL-C,37671,0.0555585214639624,0.00569405621747241,0.0443981712777165,0.0667188716502083,2.04358166340118e-22
FUOM,Fucose mutarotase,NMR metabolomics,"X23402.Remnant Cholesterol (Non-HDL, Non-LDL -Cholesterol)",37671,0.0615600500355503,0.00568255899451756,0.0504222344062959,0.0726978656648048,3.11974816481142e-27
FUOM,Fucose mutarotase,NMR metabolomics,X23403.VLDL Cholesterol,37671,0.0890281067606481,0.00554191569712823,0.0781659519942767,0.0998902615270194,1.58415380980915e-57
FUOM,Fucose mutarotase,NMR metabolomics,X23404.Clinical LDL Cholesterol,37671,0.0375416571885486,0.00570916770270665,0.0263516884912436,0.0487316258858536,5.02519350747605e-11
FUOM,Fucose mutarotase,NMR metabolomics,X23405.LDL Cholesterol,37671,0.0477958021679742,0.00570019493798421,0.0366234200895252,0.0589681842464233,5.58527952727599e-17
FUOM,Fucose mutarotase,NMR metabolomics,X23406.HDL Cholesterol,37671,-0.0703390481872807,0.0066119333690085,-0.0832984375905374,-0.057379658784024,2.52893657077986e-26
FUOM,Fucose mutarotase,NMR metabolomics,X23407.Total Triglycerides,37671,0.126573916181014,0.00596172804665744,0.114888929209565,0.138258903152462,2.14842479445949e-98
FUOM,Fucose mutarotase,NMR metabolomics,X23408.Triglycerides in VLDL,37671,0.120568523129475,0.00597601780825825,0.108855528225289,0.132281518033661,3.52490205631066e-89
FUOM,Fucose mutarotase,NMR metabolomics,X23409.Triglycerides in LDL,37671,0.135672867586317,0.00592254733788671,0.124064674804059,0.147281060368575,6.32345134872218e-114
FUOM,Fucose mutarotase,NMR metabolomics,X23410.Triglycerides in HDL,37671,0.104992191427989,0.00563620143756001,0.0939452366103712,0.116039146245606,1.80346065005992e-76
FUOM,Fucose mutarotase,NMR metabolomics,X23411.Total Phospholipids in Lipoprotein Particles,37671,0.0512650543559365,0.00602435166661058,0.0394573250893797,0.0630727836224932,1.93120763665357e-17
FUOM,Fucose mutarotase,NMR metabolomics,X23412.Phospholipids in VLDL,37671,0.109708853607693,0.00568813803039384,0.0985601030681214,0.120857604147265,9.08763994019177e-82
FUOM,Fucose mutarotase,NMR metabolomics,X23413.Phospholipids in LDL,37671,0.0497433922170255,0.00565400223050805,0.0386615478452297,0.0608252365888213,1.56498363939264e-18
FUOM,Fucose mutarotase,NMR metabolomics,X23414.Phospholipids in HDL,37671,-0.0289582314515564,0.00641951778099299,-0.0415404863023026,-0.0163759766008101,6.50888122008693e-06
FUOM,Fucose mutarotase,NMR metabolomics,X23415.Total Esterified Cholesterol,37671,0.0290188225914035,0.00593607597132742,0.0173841136876018,0.0406535314952053,1.02772896879048e-06
FUOM,Fucose mutarotase,NMR metabolomics,X23416.Cholesteryl Esters in VLDL,37671,0.0783189032651124,0.00551808441265757,0.0675034578163036,0.0891343487139212,2.17638036090712e-45
FUOM,Fucose mutarotase,NMR metabolomics,X23417.Cholesteryl Esters in LDL,37671,0.0561583157046102,0.00568179002443837,0.0450220072567109,0.0672946241525094,5.87190065676646e-23
FUOM,Fucose mutarotase,NMR metabolomics,X23418.Cholesteryl Esters in HDL,37671,-0.0771648375859931,0.00656023363858669,-0.090022895517623,-0.0643067796543632,8.76931381567182e-32
FUOM,Fucose mutarotase,NMR metabolomics,X23419.Total Free Cholesterol,37671,0.0476388637763943,0.0058492648938467,0.0361743045844548,0.0591034229683338,4.15092489944025e-16
FUOM,Fucose mutarotase,NMR metabolomics,X23420.Free Cholesterol in VLDL,37671,0.102167662646588,0.00562803995365684,0.0911367043374201,0.113198620955755,9.22573532080412e-73
FUOM,Fucose mutarotase,NMR metabolomics,X23421.Free Cholesterol in LDL,37671,0.0232107119054763,0.00576254360637599,0.0119161264369794,0.0345052973739732,5.66017805764033e-05
FUOM,Fucose mutarotase,NMR metabolomics,X23422.Free Cholesterol in HDL,37671,-0.0425798521122381,0.00665588566831361,-0.0556253880221327,-0.0295343162023434,1.63452536419268e-10
FUOM,Fucose mutarotase,NMR metabolomics,X23423.Total Lipids in Lipoprotein Particles,37671,0.0736294477619597,0.00585755083997727,0.0621486481156043,0.0851102474083152,4.96072571977015e-36
FUOM,Fucose mutarotase,NMR metabolomics,X23424.Total Lipids in VLDL,37671,0.115048868289378,0.00579978090787814,0.103681297709936,0.126416438868819,2.57044968518843e-86
FUOM,Fucose mutarotase,NMR metabolomics,X23425.Total Lipids in LDL,37671,0.0547892838457447,0.00568220392367379,0.0436521641553441,0.0659264035361454,6.25926797419725e-22
FUOM,Fucose mutarotase,NMR metabolomics,X23426.Total Lipids in HDL,37671,-0.0383906101679856,0.00649854329570549,-0.0511277550275684,-0.0256534653084029,3.55726228245099e-09
FUOM,Fucose mutarotase,NMR metabolomics,X23427.Total Concentration of Lipoprotein Particles,37671,0.00491533616105506,0.00607938648064364,-0.00700026134100648,0.0168309336631166,0.418802951167587
FUOM,Fucose mutarotase,NMR metabolomics,X23428.Concentration of VLDL Particles,37671,0.1036499313472,0.00560724106636137,0.0926597388571321,0.114640123837269,2.42024845545334e-75
FUOM,Fucose mutarotase,NMR metabolomics,X23429.Concentration of LDL Particles,37671,0.0607724879207483,0.00562994989070397,0.0497377861349685,0.0718071897065281,4.73795863947902e-27
FUOM,Fucose mutarotase,NMR metabolomics,X23430.Concentration of HDL Particles,37671,-0.00732805890632753,0.00609009672831853,-0.0192646484938318,0.00460853068117679,0.228891610915863
FUOM,Fucose mutarotase,NMR metabolomics,X23431.Average Diameter for VLDL Particles,37671,0.103186651350311,0.00633745411364492,0.090765241287567,0.115608061413055,4.96370455701974e-59
FUOM,Fucose mutarotase,NMR metabolomics,X23432.Average Diameter for LDL Particles,37671,-0.0600332401720098,0.00581449813153436,-0.0714296565098172,-0.0486368238342025,6.77101291248427e-25
FUOM,Fucose mutarotase,NMR metabolomics,X23433.Average Diameter for HDL Particles,37671,-0.0966241194424689,0.00689152367440971,-0.110131505844312,-0.0831167330406259,2.41849223960392e-44
FUOM,Fucose mutarotase,NMR metabolomics,X23434.Phosphoglycerides,37658,0.0495977574607903,0.00606020507787595,0.0377197555081534,0.0614757594134272,2.9915304539186e-16
FUOM,Fucose mutarotase,NMR metabolomics,X23435.Triglycerides to Phosphoglycerides ratio,37658,0.12823052713133,0.00634344834751813,0.115797368370194,0.140663685892465,1.63582426437583e-89
FUOM,Fucose mutarotase,NMR metabolomics,X23436.Total Cholines,37658,0.0402863257525127,0.0060829620729835,0.0283637200894651,0.0522089314155604,3.66067645814183e-11
FUOM,Fucose mutarotase,NMR metabolomics,X23437.Phosphatidylcholines,37658,0.0396899713509385,0.00608608085958557,0.0277612528661508,0.0516186898357262,7.21738773571038e-11
FUOM,Fucose mutarotase,NMR metabolomics,X23438.Sphingomyelins,37657,0.0184948393130463,0.00611449031899504,0.00651043828781601,0.0304792403382766,0.00249312431247744
FUOM,Fucose mutarotase,NMR metabolomics,X23439.Apolipoprotein B,37671,0.0632940914852504,0.00562632201097921,0.0522665003437311,0.0743216826267696,3.15700729875897e-29
FUOM,Fucose mutarotase,NMR metabolomics,X23440.Apolipoprotein A1,37671,-0.0218915420920209,0.00629819858014063,-0.0342360113090965,-0.00954707287494526,0.000510887010962175
FUOM,Fucose mutarotase,NMR metabolomics,X23441.Apolipoprotein B to Apolipoprotein A1 ratio,37671,0.0651526775192112,0.00567968614291261,0.0540204926791025,0.0762848623593199,2.56197128886747e-30
FUOM,Fucose mutarotase,NMR metabolomics,X23442.Total Fatty Acids,37658,0.102688151856496,0.00600768871807677,0.0909130819690652,0.114463221743926,8.34683125081113e-65
FUOM,Fucose mutarotase,NMR metabolomics,X23443.Degree of Unsaturation,37658,-0.078257153897204,0.00630082840333511,-0.0906067775677409,-0.0659075302266672,3.19590899165964e-35
FUOM,Fucose mutarotase,NMR metabolomics,X23444.Omega-3 Fatty Acids,37658,0.049259471944679,0.00591243943395152,0.037671090654134,0.0608478532352239,8.76502122824878e-17
FUOM,Fucose mutarotase,NMR metabolomics,X23445.Omega-6 Fatty Acids,37658,0.0505169644626747,0.00586834216464425,0.039015013819972,0.0620189151053774,8.24097012162168e-18
FUOM,Fucose mutarotase,NMR metabolomics,X23446.Polyunsaturated Fatty Acids,37658,0.0573760721060693,0.0059135476318793,0.0457855187475858,0.0689666254645527,3.4896460548864e-22
FUOM,Fucose mutarotase,NMR metabolomics,X23447.Monounsaturated Fatty Acids,37658,0.122289466992671,0.00613700438214971,0.110260938403657,0.134317995581684,4.53292880210708e-87
FUOM,Fucose mutarotase,NMR metabolomics,X23448.Saturated Fatty Acids,37658,0.112101761108948,0.00611829443829069,0.100109904009899,0.124093618207998,4.52698826925072e-74
FUOM,Fucose mutarotase,NMR metabolomics,X23449.Linoleic Acid,37658,0.0441372074688178,0.00581021169262259,0.0327491925512776,0.0555252223863581,3.24715420953099e-14
FUOM,Fucose mutarotase,NMR metabolomics,X23450.Docosahexaenoic Acid,37658,0.0122430764564775,0.00622310296519503,4.57946446951844e-05,0.0244403582682597,0.049162757511948
FUOM,Fucose mutarotase,NMR metabolomics,X23451.Omega-3 Fatty Acids to Total Fatty Acids percentage,37658,0.0019513748137339,0.00590658738467583,-0.00962553646023073,0.0135282860876985,0.74112365983199
FUOM,Fucose mutarotase,NMR metabolomics,X23452.Omega-6 Fatty Acids to Total Fatty Acids percentage,37658,-0.141799507369979,0.00653778714945419,-0.154613570182909,-0.128985444557048,1.58047035847528e-102
FUOM,Fucose mutarotase,NMR metabolomics,X23453.Polyunsaturated Fatty Acids to Total Fatty Acids percentage,37658,-0.133703238788162,0.00655624074599155,-0.146553470650305,-0.120853006926018,4.81425052333721e-91
FUOM,Fucose mutarotase,NMR metabolomics,X23454.Monounsaturated Fatty Acids to Total Fatty Acids percentage,37658,0.123868175689269,0.00648373270047578,0.111160059596337,0.136576291782202,2.79590552107446e-80
FUOM,Fucose mutarotase,NMR metabolomics,X23455.Saturated Fatty Acids to Total Fatty Acids percentage,37658,0.077539167248334,0.00613750758322841,0.0655096523852063,0.0895686821114616,2.23555989306545e-36
FUOM,Fucose mutarotase,NMR metabolomics,X23456.Linoleic Acid to Total Fatty Acids percentage,37658,-0.0958280594572747,0.00633583383189629,-0.108246293767791,-0.0834098251467579,2.98595207747891e-51
FUOM,Fucose mutarotase,NMR metabolomics,X23457.Docosahexaenoic Acid to Total Fatty Acids percentage,37658,-0.0519895763281562,0.00627399772084085,-0.0642866118610042,-0.0396925407953081,1.27792203738e-16
FUOM,Fucose mutarotase,NMR metabolomics,X23458.Polyunsaturated Fatty Acids to Monounsaturated Fatty Acids ratio,37658,-0.134512275244272,0.00653324073460395,-0.147317427084096,-0.121707123404448,9.80065538379904e-93
FUOM,Fucose mutarotase,NMR metabolomics,X23459.Omega-6 Fatty Acids to Omega-3 Fatty Acids ratio,37656,-0.0333241022015793,0.00588035789109506,-0.0448496036681256,-0.021798600735033,1.48341382578022e-08
FUOM,Fucose mutarotase,NMR metabolomics,X23460.Alanine,37664,0.0523824980625278,0.00567551484534961,0.0412584889656426,0.063506507159413,3.12559532880773e-20
FUOM,Fucose mutarotase,NMR metabolomics,X23461.Glutamine,37628,-0.0167412652352889,0.00572769156031538,-0.027967540693507,-0.00551498977707072,0.00347417372583484
FUOM,Fucose mutarotase,NMR metabolomics,X23462.Glycine,37654,-0.0189158347689932,0.00546630817416338,-0.0296297987903535,-0.00820187074763302,0.000540996843450883
FUOM,Fucose mutarotase,NMR metabolomics,X23463.Histidine,37655,0.0044668667641174,0.00557527063108438,-0.00646066367280799,0.0153943972010428,0.423034448617544
FUOM,Fucose mutarotase,NMR metabolomics,X23464.Total Concentration of Branched-Chain Amino Acids (Leucine + Isoleucine + Valine),37661,0.0492210715385886,0.00568425471472798,0.0380799322977218,0.0603622107794555,5.29726203776582e-18
FUOM,Fucose mutarotase,NMR metabolomics,X23465.Isoleucine,37667,0.0348729141574033,0.00558927204739882,0.0239179409445016,0.045827887370305,4.53069258312273e-10
FUOM,Fucose mutarotase,NMR metabolomics,X23466.Leucine,37668,0.0405518277369351,0.00569437600419105,0.0293908507687206,0.0517128047051496,1.1237626102714e-12
FUOM,Fucose mutarotase,NMR metabolomics,X23467.Valine,37661,0.0571421988167559,0.00573099013820933,0.0459094581458656,0.0683749394876462,2.47501660511191e-23
FUOM,Fucose mutarotase,NMR metabolomics,X23468.Phenylalanine,37667,0.0233980852950325,0.00556604593378314,0.0124886352648176,0.0343075353252475,2.64293932154807e-05
FUOM,Fucose mutarotase,NMR metabolomics,X23469.Tyrosine,37654,0.0420618481661433,0.0056170795879965,0.0310523721736701,0.0530713241586164,7.42484127718741e-14
FUOM,Fucose mutarotase,NMR metabolomics,X23470.Glucose,37647,0.0471843741409889,0.00593598605006334,0.0355498414828647,0.058818906799113,2.0344484321537e-15
FUOM,Fucose mutarotase,NMR metabolomics,X23471.Lactate,37645,0.0192353158742565,0.00558695041560921,0.00828489305966243,0.0301857386888505,0.000577296672572306
FUOM,Fucose mutarotase,NMR metabolomics,X23472.Pyruvate,37630,-0.0168867451618095,0.00570884831417956,-0.0280760878576014,-0.00569740246601754,0.00310196923297317
FUOM,Fucose mutarotase,NMR metabolomics,X23473.Citrate,37670,0.0256911469646699,0.00568523783470176,0.0145480808086544,0.0368342131206854,6.26944306492396e-06
FUOM,Fucose mutarotase,NMR metabolomics,X23474.3-Hydroxybutyrate,37509,0.00659465786060722,0.00536123210477699,-0.00391335706475569,0.0171026727859701,0.218695353465589
FUOM,Fucose mutarotase,NMR metabolomics,X23475.Acetate,37661,-0.0167719748178038,0.00577672390193257,-0.0280943536655917,-0.005449595970016,0.00369779705333216
FUOM,Fucose mutarotase,NMR metabolomics,X23476.Acetoacetate,37670,0.0173409660551857,0.00555481333004874,0.00645353192829016,0.0282284001820812,0.00180142123456233
FUOM,Fucose mutarotase,NMR metabolomics,X23477.Acetone,37670,-0.0211112451646431,0.0055836986122906,-0.0320552944447326,-0.0101671958845535,0.00015696820995497
FUOM,Fucose mutarotase,NMR metabolomics,X23478.Creatinine,37279,0.0375475815457717,0.00672076573564525,0.024374880703907,0.0507202823876364,2.35999635736861e-08
FUOM,Fucose mutarotase,NMR metabolomics,X23479.Albumin,37669,0.0307861168738687,0.00573873185794815,0.0195382024322904,0.0420340313154471,8.24871378021026e-08
FUOM,Fucose mutarotase,NMR metabolomics,X23480.Glycoprotein Acetyls,37671,0.103468743553804,0.00608118157510595,0.0915496276665967,0.115387859441012,3.08714588790564e-64
FUOM,Fucose mutarotase,NMR metabolomics,X23481.Concentration of Chylomicrons and Extremely Large VLDL Particles,37671,0.119177283586403,0.00604660138303632,0.107325944875652,0.131028622297154,2.96264408083664e-85
FUOM,Fucose mutarotase,NMR metabolomics,X23482.Total Lipids in Chylomicrons and Extremely Large VLDL,37671,0.114607983023356,0.00604749334286688,0.102754896071337,0.126461069975375,4.79269966873198e-79
FUOM,Fucose mutarotase,NMR metabolomics,X23483.Phospholipids in Chylomicrons and Extremely Large VLDL,37671,0.11617833927215,0.00596115740054941,0.104494470767073,0.127862207777227,1.99930146822645e-83
FUOM,Fucose mutarotase,NMR metabolomics,X23484.Cholesterol in Chylomicrons and Extremely Large VLDL,37671,0.119035998094006,0.00593549047719556,0.107402436758702,0.130669559429309,3.72015308747895e-88
FUOM,Fucose mutarotase,NMR metabolomics,X23485.Cholesteryl Esters in Chylomicrons and Extremely Large VLDL,37671,0.116898370304116,0.00589144825718008,0.105351131720043,0.128445608888189,2.32114752074859e-86
FUOM,Fucose mutarotase,NMR metabolomics,X23486.Free Cholesterol in Chylomicrons and Extremely Large VLDL,37671,0.118637187326137,0.00597510148918819,0.106925988407328,0.130348386244946,1.79803336088752e-86
FUOM,Fucose mutarotase,NMR metabolomics,X23487.Triglycerides in Chylomicrons and Extremely Large VLDL,37671,0.107139180944144,0.00610042565232933,0.095182346665578,0.119096015222709,2.83562307725893e-68
FUOM,Fucose mutarotase,NMR metabolomics,X23488.Concentration of Very Large VLDL Particles,37671,0.122507898687129,0.0059107354835342,0.110922857139402,0.134092940234856,6.20379165710582e-94
FUOM,Fucose mutarotase,NMR metabolomics,X23489.Total Lipids in Very Large VLDL,37671,0.119766992210068,0.00592733544885978,0.108149414730303,0.131384569689833,1.93756075579421e-89
FUOM,Fucose mutarotase,NMR metabolomics,X23490.Phospholipids in Very Large VLDL,37671,0.119048659976093,0.00588630383480157,0.107511504459882,0.130585815492304,1.33856501074879e-89
FUOM,Fucose mutarotase,NMR metabolomics,X23491.Cholesterol in Very Large VLDL,37671,0.110535241792894,0.00572384278719955,0.0993165099299831,0.121753973655805,5.77774443545003e-82
FUOM,Fucose mutarotase,NMR metabolomics,X23492.Cholesteryl Esters in Very Large VLDL,37671,0.102127610143468,0.00561171090894887,0.091128656761928,0.113126563525008,4.09357564776168e-73
FUOM,Fucose mutarotase,NMR metabolomics,X23493.Free Cholesterol in Very Large VLDL,37671,0.115982481182774,0.0058460567168748,0.104524210017699,0.127440752347848,2.44092364163542e-86
FUOM,Fucose mutarotase,NMR metabolomics,X23494.Triglycerides in Very Large VLDL,37671,0.120004903008434,0.00599609232912282,0.108252562043354,0.131757243973515,8.28933581044478e-88
FUOM,Fucose mutarotase,NMR metabolomics,X23495.Concentration of Large VLDL Particles,37671,0.118206036425532,0.00586583371825402,0.106709002337754,0.12970307051331,5.61890722133325e-89
FUOM,Fucose mutarotase,NMR metabolomics,X23496.Total Lipids in Large VLDL,37671,0.112500480322286,0.00585866596791858,0.101017495025166,0.123983465619407,4.47249358205389e-81
FUOM,Fucose mutarotase,NMR metabolomics,X23497.Phospholipids in Large VLDL,37671,0.118105627165917,0.00582182300246929,0.106694854081077,0.129516400250757,3.94630534989384e-90
FUOM,Fucose mutarotase,NMR metabolomics,X23498.Cholesterol in Large VLDL,37671,0.108599055842549,0.00566456958211827,0.0974964994615972,0.119701612223501,7.95589255593523e-81
FUOM,Fucose mutarotase,NMR metabolomics,X23499.Cholesteryl Esters in Large VLDL,37671,0.0979141190404812,0.00554059366707041,0.0870545554530232,0.108773682627939,4.27560929341777e-69
FUOM,Fucose mutarotase,NMR metabolomics,X23500.Free Cholesterol in Large VLDL,37671,0.11706694771167,0.00579984191554711,0.105699257557198,0.128434637866143,2.94777382801181e-89
FUOM,Fucose mutarotase,NMR metabolomics,X23501.Triglycerides in Large VLDL,37671,0.106853145313308,0.00595764858697119,0.0951761540828443,0.118530136543771,4.32934130014787e-71
FUOM,Fucose mutarotase,NMR metabolomics,X23502.Concentration of Medium VLDL Particles,37671,0.0851549966036592,0.005593027893415,0.0741926619325658,0.0961173312747526,6.62705337107527e-52
FUOM,Fucose mutarotase,NMR metabolomics,X23503.Total Lipids in Medium VLDL,37671,0.0932333107857213,0.00564479555877462,0.0821695114905231,0.10429711008092,1.12686906663796e-60
FUOM,Fucose mutarotase,NMR metabolomics,X23504.Phospholipids in Medium VLDL,37671,0.0824399550210804,0.00558158921244318,0.0715000401646917,0.093379869877469,5.61832215120569e-49
FUOM,Fucose mutarotase,NMR metabolomics,X23505.Cholesterol in Medium VLDL,37671,0.0491540596370685,0.00565162129438288,0.0380768819000781,0.060231237374059,3.79510234305583e-18
FUOM,Fucose mutarotase,NMR metabolomics,X23506.Cholesteryl Esters in Medium VLDL,37671,0.0285508683836935,0.00576076386378807,0.0172597712106689,0.0398419655567181,7.2816532182335e-07
FUOM,Fucose mutarotase,NMR metabolomics,X23507.Free Cholesterol in Medium VLDL,37671,0.07271610108173,0.00557617411340065,0.0617867998194647,0.0836454023439953,1.2459526357708e-38
FUOM,Fucose mutarotase,NMR metabolomics,X23508.Triglycerides in Medium VLDL,37671,0.110001852067616,0.00584019532855664,0.0985550692236447,0.121448634911587,4.07454419344654e-78
FUOM,Fucose mutarotase,NMR metabolomics,X23509.Concentration of Small VLDL Particles,37671,0.111665889639811,0.00560225475646855,0.100685470317132,0.122646308962489,4.04394012412588e-87
FUOM,Fucose mutarotase,NMR metabolomics,X23510.Total Lipids in Small VLDL,37671,0.108852081863197,0.00557291117957352,0.0979291759512332,0.119774987775161,8.80479624581449e-84
FUOM,Fucose mutarotase,NMR metabolomics,X23511.Phospholipids in Small VLDL,37671,0.090660051053149,0.00552569158249899,0.0798296955514509,0.101490406554847,6.65378062315094e-60
FUOM,Fucose mutarotase,NMR metabolomics,X23512.Cholesterol in Small VLDL,37671,0.0854430000281855,0.00546516411483937,0.0747312783631004,0.0961547216932707,1.31367010374314e-54
FUOM,Fucose mutarotase,NMR metabolomics,X23513.Cholesteryl Esters in Small VLDL,37671,0.0910588434024469,0.00542609588226745,0.0804236954732027,0.101693991331691,1.47447176235926e-62
FUOM,Fucose mutarotase,NMR metabolomics,X23514.Free Cholesterol in Small VLDL,37671,0.0740426050069067,0.00555191321601904,0.0631608551035094,0.084924354910304,2.58892088810621e-40
FUOM,Fucose mutarotase,NMR metabolomics,X23515.Triglycerides in Small VLDL,37671,0.121477957943687,0.00577185970398985,0.110165112923867,0.132790802963508,9.42087298815449e-97
FUOM,Fucose mutarotase,NMR metabolomics,X23516.Concentration of Very Small VLDL Particles,37671,0.0823642952313432,0.00567058068927605,0.0712499570803621,0.0934786333823242,1.95508571438917e-47
FUOM,Fucose mutarotase,NMR metabolomics,X23517.Total Lipids in Very Small VLDL,37671,0.0814554764725955,0.00566985725886314,0.0703425562452238,0.0925683966999673,1.88077771546365e-46
FUOM,Fucose mutarotase,NMR metabolomics,X23518.Phospholipids in Very Small VLDL,37671,0.0856665663060856,0.00565421858090065,0.0745842978875203,0.0967488347246509,2.01851219983172e-51
FUOM,Fucose mutarotase,NMR metabolomics,X23519.Cholesterol in Very Small VLDL,37671,0.0496676496295753,0.00580057599208337,0.0382985206850919,0.0610367785740587,1.22515294855309e-17
FUOM,Fucose mutarotase,NMR metabolomics,X23520.Cholesteryl Esters in Very Small VLDL,37671,0.0378719299503618,0.00585443607866559,0.0263972352361772,0.0493466246645463,1.02176254698607e-10
FUOM,Fucose mutarotase,NMR metabolomics,X23521.Free Cholesterol in Very Small VLDL,37671,0.0746183687681187,0.00568946818014223,0.0634670111350399,0.0857697264011974,4.72472995141318e-39
FUOM,Fucose mutarotase,NMR metabolomics,X23522.Triglycerides in Very Small VLDL,37671,0.12629917024307,0.00572220662625438,0.115083645255612,0.137514695230529,4.80538045490584e-106
FUOM,Fucose mutarotase,NMR metabolomics,X23523.Concentration of IDL Particles,37671,0.0391881497635531,0.00572993652045951,0.0279574741834525,0.0504188253436538,8.31414358673971e-12
FUOM,Fucose mutarotase,NMR metabolomics,X23524.Total Lipids in IDL,37671,0.0306791490215155,0.0058976247983351,0.0191198044167787,0.0422384936262523,2.00156272411162e-07
FUOM,Fucose mutarotase,NMR metabolomics,X23525.Phospholipids in IDL,37671,0.0348198461864326,0.0059129623994019,0.0232304398836048,0.0464092524892603,3.98623677696299e-09
FUOM,Fucose mutarotase,NMR metabolomics,X23526.Cholesterol in IDL,37671,0.0156555667074582,0.00591375113880144,0.00406461447540734,0.027246518939509,0.0081229781278722
FUOM,Fucose mutarotase,NMR metabolomics,X23527.Cholesteryl Esters in IDL,37671,0.0136214161759487,0.0059032250407813,0.00205109509601737,0.0251917372558801,0.0210449334583244
FUOM,Fucose mutarotase,NMR metabolomics,X23528.Free Cholesterol in IDL,37671,0.020874155498821,0.005936291423075,0.00923902430959398,0.032509286688048,0.000438968669866159
FUOM,Fucose mutarotase,NMR metabolomics,X23529.Triglycerides in IDL,37671,0.123197395870122,0.00581010421901771,0.111809591600847,0.134585200139396,3.75005951802374e-98
FUOM,Fucose mutarotase,NMR metabolomics,X23530.Concentration of Large LDL Particles,37671,0.0505349958757003,0.00566637170058721,0.0394289073425494,0.0616410844088513,5.34512884017749e-19
FUOM,Fucose mutarotase,NMR metabolomics,X23531.Total Lipids in Large LDL,37671,0.0453978726877114,0.00573773302855394,0.0341519159517457,0.0566438294236771,2.72994067715181e-15
FUOM,Fucose mutarotase,NMR metabolomics,X23532.Phospholipids in Large LDL,37671,0.0413924999592322,0.00571200765729634,0.0301969649509314,0.0525880349675331,4.51145490170698e-13
FUOM,Fucose mutarotase,NMR metabolomics,X23533.Cholesterol in Large LDL,37671,0.037602678880605,0.00576106688459193,0.0263109877868048,0.0488943699744052,6.95330625172705e-11
FUOM,Fucose mutarotase,NMR metabolomics,X23534.Cholesteryl Esters in Large LDL,37671,0.0441930542405273,0.0057326194281448,0.0329571201613635,0.0554289883196911,1.35787821627765e-14
FUOM,Fucose mutarotase,NMR metabolomics,X23535.Free Cholesterol in Large LDL,37671,0.018243227750331,0.00583125847199408,0.00681396114522256,0.0296724943554394,0.00176068919114164
FUOM,Fucose mutarotase,NMR metabolomics,X23536.Triglycerides in Large LDL,37671,0.130637235875305,0.00588112957219216,0.119110221913808,0.142164249836801,2.34368841863257e-107
FUOM,Fucose mutarotase,NMR metabolomics,X23537.Concentration of Medium LDL Particles,37671,0.0736041596168104,0.00560325635505795,0.0626217771608968,0.084586542072724,3.60360954977245e-39
FUOM,Fucose mutarotase,NMR metabolomics,X23538.Total Lipids in Medium LDL,37671,0.0704001553977334,0.00562874254950629,0.0593678200007011,0.0814324907947657,1.08472874088977e-35
FUOM,Fucose mutarotase,NMR metabolomics,X23539.Phospholipids in Medium LDL,37671,0.0635172020169671,0.00559207993431437,0.052556725345711,0.0744776786882233,9.25268345953561e-30
FUOM,Fucose mutarotase,NMR metabolomics,X23540.Cholesterol in Medium LDL,37671,0.0655669168520423,0.0056344475400576,0.0545233996735294,0.0766104340305552,3.79974794736821e-31
FUOM,Fucose mutarotase,NMR metabolomics,X23541.Cholesteryl Esters in Medium LDL,37671,0.0758514981288761,0.0056448779419474,0.0647875373626592,0.086915458895093,6.78669167556755e-41
FUOM,Fucose mutarotase,NMR metabolomics,X23542.Free Cholesterol in Medium LDL,37671,0.0342745267574554,0.005660021298877,0.0231808850116565,0.0453681685032544,1.43735430275457e-09
FUOM,Fucose mutarotase,NMR metabolomics,X23543.Triglycerides in Medium LDL,37671,0.139917498207711,0.00595594094797773,0.128243853949675,0.151591142465747,1.36243840125875e-119
FUOM,Fucose mutarotase,NMR metabolomics,X23544.Concentration of Small LDL Particles,37671,0.0728468005581062,0.00558414794579817,0.0619018705843418,0.0837917305318706,1.17108782619888e-38
FUOM,Fucose mutarotase,NMR metabolomics,X23545.Total Lipids in Small LDL,37671,0.0637577647665717,0.00564596864086289,0.0526916662304805,0.074823863302663,1.94662927554382e-29
FUOM,Fucose mutarotase,NMR metabolomics,X23546.Phospholipids in Small LDL,37671,0.0488957537830714,0.00563234067554805,0.0378563660589972,0.0599351415071456,4.3688939890822e-18
FUOM,Fucose mutarotase,NMR metabolomics,X23547.Cholesterol in Small LDL,37671,0.0587071304672334,0.0056342637017362,0.0476639736118305,0.0697502873226364,2.52748593754151e-25
FUOM,Fucose mutarotase,NMR metabolomics,X23548.Cholesteryl Esters in Small LDL,37671,0.0713488439922497,0.00566065852799294,0.0602539532773835,0.0824437347071158,3.22806622370789e-36
FUOM,Fucose mutarotase,NMR metabolomics,X23549.Free Cholesterol in Small LDL,37671,0.0218517350285109,0.00562734679144338,0.0108221353172819,0.03288133473974,0.000103621019327578
FUOM,Fucose mutarotase,NMR metabolomics,X23550.Triglycerides in Small LDL,37671,0.136195800013347,0.00601486149574998,0.124406671481677,0.147984928545017,2.11155016588239e-111
FUOM,Fucose mutarotase,NMR metabolomics,X23551.Concentration of Very Large HDL Particles,37671,-0.0672033523439251,0.00657885045551623,-0.080097899236737,-0.0543088054511133,2.0918686229063e-24
FUOM,Fucose mutarotase,NMR metabolomics,X23552.Total Lipids in Very Large HDL,37671,-0.0869898377960183,0.00660062116629761,-0.0999270552819616,-0.074052620310075,2.05296963362532e-39
FUOM,Fucose mutarotase,NMR metabolomics,X23553.Phospholipids in Very Large HDL,37671,-0.0901290470285166,0.00659466897662195,-0.103054598222696,-0.0772034958343376,3.09675229355239e-42
FUOM,Fucose mutarotase,NMR metabolomics,X23554.Cholesterol in Very Large HDL,37671,-0.0937023550899104,0.00655621354061136,-0.106552533629509,-0.0808521765503121,5.39019474774583e-46
FUOM,Fucose mutarotase,NMR metabolomics,X23555.Cholesteryl Esters in Very Large HDL,37671,-0.0974381822581566,0.00666284764253626,-0.110497363637528,-0.0843790008787856,4.67660325659817e-48
FUOM,Fucose mutarotase,NMR metabolomics,X23556.Free Cholesterol in Very Large HDL,37671,-0.0743037499114692,0.00610620735883892,-0.0862719163347935,-0.062335583488145,6.93669224623404e-34
FUOM,Fucose mutarotase,NMR metabolomics,X23557.Triglycerides in Very Large HDL,37671,0.0904094160428426,0.00588092935726291,0.0788827945026073,0.101936037583078,7.0828282776069e-53
FUOM,Fucose mutarotase,NMR metabolomics,X23558.Concentration of Large HDL Particles,37671,-0.0923133316964601,0.00696029981592453,-0.105955519335672,-0.078671144057248,6.83616789877006e-40
FUOM,Fucose mutarotase,NMR metabolomics,X23559.Total Lipids in Large HDL,37671,-0.0933690132653856,0.00691936724850689,-0.106930973072459,-0.0798070534583121,3.18511133953787e-41
FUOM,Fucose mutarotase,NMR metabolomics,X23560.Phospholipids in Large HDL,37671,-0.0858325243110815,0.00683313020720513,-0.0992254595172035,-0.0724395891049594,5.53558458225884e-36
FUOM,Fucose mutarotase,NMR metabolomics,X23561.Cholesterol in Large HDL,37671,-0.108764320185249,0.00690852428258436,-0.122305027779114,-0.0952236125913838,2.42039467576605e-55
FUOM,Fucose mutarotase,NMR metabolomics,X23562.Cholesteryl Esters in Large HDL,37671,-0.112986454156766,0.00688169851819352,-0.126474583252425,-0.0994983250611067,5.53607129039396e-60
FUOM,Fucose mutarotase,NMR metabolomics,X23563.Free Cholesterol in Large HDL,37671,-0.092168863024896,0.00691862216406007,-0.105729362466454,-0.0786083635833383,3.13869687794309e-40
FUOM,Fucose mutarotase,NMR metabolomics,X23564.Triglycerides in Large HDL,37671,0.0587711835364568,0.00582888980851541,0.0473465595117666,0.070195807561147,8.03066640132477e-24
FUOM,Fucose mutarotase,NMR metabolomics,X23565.Concentration of Medium HDL Particles,37671,-0.0264094732194328,0.0062414569286708,-0.0386427287996276,-0.014176217639238,2.33911870776171e-05
FUOM,Fucose mutarotase,NMR metabolomics,X23566.Total Lipids in Medium HDL,37671,-0.0173769804842024,0.00618574397787229,-0.0295010386808321,-0.0052529222875727,0.00497379746513876
FUOM,Fucose mutarotase,NMR metabolomics,X23567.Phospholipids in Medium HDL,37671,-0.00646786797372596,0.00614497727070167,-0.0185120234243012,0.00557628747684931,0.292568600790221
FUOM,Fucose mutarotase,NMR metabolomics,X23568.Cholesterol in Medium HDL,37671,-0.0465891001189202,0.00625710214470301,-0.0588530203225381,-0.0343251799153023,1.02325333709516e-13
FUOM,Fucose mutarotase,NMR metabolomics,X23569.Cholesteryl Esters in Medium HDL,37671,-0.0506556479899886,0.00622173087087166,-0.0628502404968971,-0.0384610554830802,4.24373535004464e-16
FUOM,Fucose mutarotase,NMR metabolomics,X23570.Free Cholesterol in Medium HDL,37671,-0.0281857819420522,0.00634830954894076,-0.0406284686579761,-0.0157430952261283,9.07353981268539e-06
FUOM,Fucose mutarotase,NMR metabolomics,X23571.Triglycerides in Medium HDL,37671,0.0980727691698526,0.00559210821212648,0.0871122370740847,0.109033301265621,4.34961866869755e-68
FUOM,Fucose mutarotase,NMR metabolomics,X23572.Concentration of Small HDL Particles,37671,0.0426121547591468,0.00557483358916446,0.0316854809243845,0.0535388285939091,2.2565589633288e-14
FUOM,Fucose mutarotase,NMR metabolomics,X23573.Total Lipids in Small HDL,37671,0.0568326262759727,0.0056299989956271,0.0457978282445436,0.0678674243074018,7.1229498385227e-24
FUOM,Fucose mutarotase,NMR metabolomics,X23574.Phospholipids in Small HDL,37671,0.0539320110466777,0.00569446612671711,0.0427708574383122,0.0650931646550432,3.2374903654522e-21
FUOM,Fucose mutarotase,NMR metabolomics,X23575.Cholesterol in Small HDL,37671,0.0307765701078393,0.0055932401694565,0.0198138193757046,0.041739320839974,3.81502276639912e-08
FUOM,Fucose mutarotase,NMR metabolomics,X23576.Cholesteryl Esters in Small HDL,37671,0.0206291749811438,0.00553165157101842,0.0097871379019477,0.0314712120603399,0.000192816525583432
FUOM,Fucose mutarotase,NMR metabolomics,X23577.Free Cholesterol in Small HDL,37671,0.0592351217832502,0.00579472687477938,0.0478774571086826,0.0705927864578178,1.94355881038178e-24
FUOM,Fucose mutarotase,NMR metabolomics,X23578.Triglycerides in Small HDL,37671,0.129371331351513,0.00573527953719597,0.118130183458609,0.140612479244417,1.37999062335095e-110
FUOM,Fucose mutarotase,NMR metabolomics,X23579.Phospholipids to Total Lipids in Chylomicrons and Extremely Large VLDL percentage,36955,0.0381674456100205,0.00534174048567405,0.0276976342580994,0.0486372569619417,9.48968832734387e-13
FUOM,Fucose mutarotase,NMR metabolomics,X23580.Cholesterol to Total Lipids in Chylomicrons and Extremely Large VLDL percentage,36955,-0.0229598727943554,0.00557698577717457,-0.0338907649176175,-0.0120289806710932,3.86475080832604e-05
FUOM,Fucose mutarotase,NMR metabolomics,X23581.Cholesteryl Esters to Total Lipids in Chylomicrons and Extremely Large VLDL percentage,36955,-0.0118232176623687,0.00544631821488717,-0.0224980013635476,-0.00114843396118988,0.0299601845282636
FUOM,Fucose mutarotase,NMR metabolomics,X23582.Free Cholesterol to Total Lipids in Chylomicrons and Extremely Large VLDL percentage,36955,-0.0353252025671661,0.00568056020079519,-0.0464591005607247,-0.0241913045736075,5.17552945604503e-10
FUOM,Fucose mutarotase,NMR metabolomics,X23583.Triglycerides to Total Lipids in Chylomicrons and Extremely Large VLDL percentage,36955,0.00341187852973755,0.00541381661296925,-0.00719920203168219,0.0140229590911573,0.528564224407366
FUOM,Fucose mutarotase,NMR metabolomics,X23584.Phospholipids to Total Lipids in Very Large VLDL percentage,37470,0.0356168308974844,0.00523980537758428,0.0253468123574192,0.0458868494375496,1.11198917825025e-11
FUOM,Fucose mutarotase,NMR metabolomics,X23585.Cholesterol to Total Lipids in Very Large VLDL percentage,37470,-0.0754504075101954,0.00594317675849332,-0.0870990339568423,-0.0638017810635485,1.03615736822476e-36
FUOM,Fucose mutarotase,NMR metabolomics,X23586.Cholesteryl Esters to Total Lipids in Very Large VLDL percentage,37470,-0.0786312420228061,0.00595808290685646,-0.0903090845202448,-0.0669533995253675,1.62845471774723e-39
FUOM,Fucose mutarotase,NMR metabolomics,X23587.Free Cholesterol to Total Lipids in Very Large VLDL percentage,37470,-0.0454832560262839,0.00563710053040587,-0.0565319730658794,-0.0344345389866883,7.73373883149797e-16
FUOM,Fucose mutarotase,NMR metabolomics,X23588.Triglycerides to Total Lipids in Very Large VLDL percentage,37470,0.0526318989637171,0.00571340112728834,0.041433632754232,0.0638301651732023,3.68521317862633e-20
FUOM,Fucose mutarotase,NMR metabolomics,X23589.Phospholipids to Total Lipids in Large VLDL percentage,37666,0.102689864449665,0.00553015023285643,0.0918507699932668,0.113528958906064,5.28361809794947e-76
FUOM,Fucose mutarotase,NMR metabolomics,X23590.Cholesterol to Total Lipids in Large VLDL percentage,37666,-0.0172570422805976,0.00549663674914418,-0.0280304503089202,-0.00648363425227503,0.00169572160032743
FUOM,Fucose mutarotase,NMR metabolomics,X23591.Cholesteryl Esters to Total Lipids in Large VLDL percentage,37666,-0.043291595589477,0.00576099636481129,-0.0545831484645072,-0.0320000427144469,6.0752142006641e-14
FUOM,Fucose mutarotase,NMR metabolomics,X23592.Free Cholesterol to Total Lipids in Large VLDL percentage,37666,0.0452765370805949,0.00526985681407722,0.0349476177250036,0.0556054564361863,9.53012762348004e-18
FUOM,Fucose mutarotase,NMR metabolomics,X23593.Triglycerides to Total Lipids in Large VLDL percentage,37666,-0.0277415888540859,0.00518425868800874,-0.037902735882583,-0.0175804418255888,8.88710633438007e-08
FUOM,Fucose mutarotase,NMR metabolomics,X23594.Phospholipids to Total Lipids in Medium VLDL percentage,37671,-0.0252763604399608,0.00580701577206097,-0.0366581113532003,-0.0138946095267213,1.35464078108338e-05
FUOM,Fucose mutarotase,NMR metabolomics,X23595.Cholesterol to Total Lipids in Medium VLDL percentage,37671,-0.0717322368257888,0.0060618762043454,-0.0836135141863058,-0.0598509594652718,3.81337320679886e-32
FUOM,Fucose mutarotase,NMR metabolomics,X23596.Cholesteryl Esters to Total Lipids in Medium VLDL percentage,37671,-0.0800334357656372,0.00610699020768946,-0.0920031365727085,-0.0680637349585659,5.37852557596123e-39
FUOM,Fucose mutarotase,NMR metabolomics,X23597.Free Cholesterol to Total Lipids in Medium VLDL percentage,37671,-0.0457579865291194,0.0059321640867398,-0.0573850281391294,-0.0341309449191094,1.31114018416677e-14
FUOM,Fucose mutarotase,NMR metabolomics,X23598.Triglycerides to Total Lipids in Medium VLDL percentage,37671,0.0623637931713756,0.00602007417228269,0.0505644477937015,0.0741631385490497,4.73452623254316e-25
FUOM,Fucose mutarotase,NMR metabolomics,X23599.Phospholipids to Total Lipids in Small VLDL percentage,37671,-0.0726189904649111,0.00590408476271269,-0.084190996599828,-0.0610469843299942,1.40335528289188e-34
FUOM,Fucose mutarotase,NMR metabolomics,X23600.Cholesterol to Total Lipids in Small VLDL percentage,37671,-0.0410676175056163,0.00577497586278758,-0.05238657019668,-0.0297486648145526,1.20860418427189e-12
FUOM,Fucose mutarotase,NMR metabolomics,X23601.Cholesteryl Esters to Total Lipids in Small VLDL percentage,37671,-0.0134241638062713,0.00561583570449203,-0.0244312017870757,-0.00241712582546697,0.0168433718345577
FUOM,Fucose mutarotase,NMR metabolomics,X23602.Free Cholesterol to Total Lipids in Small VLDL percentage,37671,-0.0733040349535365,0.00592466370641979,-0.0849163758181193,-0.0616916940889537,5.73487889709627e-35
FUOM,Fucose mutarotase,NMR metabolomics,X23603.Triglycerides to Total Lipids in Small VLDL percentage,37671,0.0514582055026096,0.00582309626082635,0.0400449368313899,0.0628714741738292,1.107004535101e-18
FUOM,Fucose mutarotase,NMR metabolomics,X23604.Phospholipids to Total Lipids in Very Small VLDL percentage,37671,0.0540508557560592,0.0059410989275942,0.0424063018579745,0.0656954096541438,1.05213115374984e-19
FUOM,Fucose mutarotase,NMR metabolomics,X23605.Cholesterol to Total Lipids in Very Small VLDL percentage,37671,-0.0937876282420067,0.00613811476812547,-0.105818333187533,-0.0817569232964807,2.92455509253802e-52
FUOM,Fucose mutarotase,NMR metabolomics,X23606.Cholesteryl Esters to Total Lipids in Very Small VLDL percentage,37671,-0.100662012279115,0.00617311803192758,-0.112761323621693,-0.0885627009365373,3.3526180218654e-59
FUOM,Fucose mutarotase,NMR metabolomics,X23607.Free Cholesterol to Total Lipids in Very Small VLDL percentage,37671,-0.0252851265130503,0.00601553457159603,-0.0370755742733785,-0.0134946787527221,2.64775201993471e-05
FUOM,Fucose mutarotase,NMR metabolomics,X23608.Triglycerides to Total Lipids in Very Small VLDL percentage,37671,0.0936653994841172,0.00612269872082828,0.0816649099912938,0.105665888976941,2.21202429032354e-52
FUOM,Fucose mutarotase,NMR metabolomics,X23609.Phospholipids to Total Lipids in IDL percentage,37671,0.0185426128608873,0.00556551300333677,0.0076342073743472,0.0294510183474274,0.000865542878494916
FUOM,Fucose mutarotase,NMR metabolomics,X23610.Cholesterol to Total Lipids in IDL percentage,37671,-0.0783665441864946,0.00586731999073323,-0.0898664913683318,-0.0668665970046575,1.98566268312786e-40
FUOM,Fucose mutarotase,NMR metabolomics,X23611.Cholesteryl Esters to Total Lipids in IDL percentage,37671,-0.0809689600751483,0.00585080471275728,-0.0924365373121525,-0.069501382838144,2.97056984987227e-43
FUOM,Fucose mutarotase,NMR metabolomics,X23612.Free Cholesterol to Total Lipids in IDL percentage,37671,-0.0332699085179514,0.00601706371702376,-0.045063353403318,-0.0214764636325849,3.27684477095057e-08
FUOM,Fucose mutarotase,NMR metabolomics,X23613.Triglycerides to Total Lipids in IDL percentage,37671,0.0970194636025691,0.00603893072683122,0.0851831593779799,0.108855767827158,1.55513321647773e-57
FUOM,Fucose mutarotase,NMR metabolomics,X23614.Phospholipids to Total Lipids in Large LDL percentage,37671,-0.0345930222793401,0.00555025489349695,-0.0454715218705941,-0.0237145226880861,4.72423199216745e-10
FUOM,Fucose mutarotase,NMR metabolomics,X23615.Cholesterol to Total Lipids in Large LDL percentage,37671,-0.075966351184994,0.00607628466343161,-0.0878758691253199,-0.064056833244668,1.1565658534249e-35
FUOM,Fucose mutarotase,NMR metabolomics,X23616.Cholesteryl Esters to Total Lipids in Large LDL percentage,37671,0.0112400364977034,0.0056116620587919,0.000241178862471296,0.0222388941329355,0.0452000134503135
FUOM,Fucose mutarotase,NMR metabolomics,X23617.Free Cholesterol to Total Lipids in Large LDL percentage,37671,-0.105306145131843,0.00603001294871466,-0.117124970511324,-0.0934873197523625,1.54967076370319e-67
FUOM,Fucose mutarotase,NMR metabolomics,X23618.Triglycerides to Total Lipids in Large LDL percentage,37671,0.0890776059520632,0.00602046612887741,0.0772774923394635,0.100877719564663,3.85297094053652e-49
FUOM,Fucose mutarotase,NMR metabolomics,X23619.Phospholipids to Total Lipids in Medium LDL percentage,37671,-0.0613515485286681,0.00546633021483162,-0.072065555749738,-0.0506375413075981,4.23098501684873e-29
FUOM,Fucose mutarotase,NMR metabolomics,X23620.Cholesterol to Total Lipids in Medium LDL percentage,37671,-0.0268048814449617,0.00563663992886395,-0.037852695705535,-0.0157570671843883,2.00073757929116e-06
FUOM,Fucose mutarotase,NMR metabolomics,X23621.Cholesteryl Esters to Total Lipids in Medium LDL percentage,37671,0.0732230827315065,0.00568722319505752,0.0620761252691937,0.0843700401938192,1.04833790654923e-37
FUOM,Fucose mutarotase,NMR metabolomics,X23622.Free Cholesterol to Total Lipids in Medium LDL percentage,37671,-0.119316142421142,0.00612697686547032,-0.131325017077464,-0.10730726776482,2.67449800469054e-83
FUOM,Fucose mutarotase,NMR metabolomics,X23623.Triglycerides to Total Lipids in Medium LDL percentage,37671,0.0723630102261396,0.0058208023704728,0.0609542375800129,0.0837717828722663,2.76586399412585e-35
FUOM,Fucose mutarotase,NMR metabolomics,X23624.Phospholipids to Total Lipids in Small LDL percentage,37671,-0.07494309235001,0.00556507249827005,-0.0858506344466193,-0.0640355502534007,4.58072592992628e-41
FUOM,Fucose mutarotase,NMR metabolomics,X23625.Cholesterol to Total Lipids in Small LDL percentage,37671,-0.00360270281790807,0.00566782363112051,-0.0147116371349043,0.00750623149908814,0.525021243515922
FUOM,Fucose mutarotase,NMR metabolomics,X23626.Cholesteryl Esters to Total Lipids in Small LDL percentage,37671,0.0711144729658253,0.00562233117226028,0.0600947038681951,0.0821342420634554,1.85253156962957e-36
FUOM,Fucose mutarotase,NMR metabolomics,X23627.Free Cholesterol to Total Lipids in Small LDL percentage,37671,-0.097285253408589,0.00601261945356482,-0.109069987537576,-0.0855005192796019,2.52596508563747e-58
FUOM,Fucose mutarotase,NMR metabolomics,X23628.Triglycerides to Total Lipids in Small LDL percentage,37671,0.0983213166020156,0.00593264129762986,0.086693339658661,0.10994929354537,4.51251169593499e-61
FUOM,Fucose mutarotase,NMR metabolomics,X23629.Phospholipids to Total Lipids in Very Large HDL percentage,37669,-0.0867934849662067,0.0064059243134969,-0.0993490966206606,-0.0742378733117527,1.52209251768167e-41
FUOM,Fucose mutarotase,NMR metabolomics,X23630.Cholesterol to Total Lipids in Very Large HDL percentage,37669,0.00796408270303159,0.00644133101190898,-0.00466092608031002,0.0205890914863732,0.216330673241788
FUOM,Fucose mutarotase,NMR metabolomics,X23631.Cholesteryl Esters to Total Lipids in Very Large HDL percentage,37669,-0.0432739947068822,0.00644184225554463,-0.0559000055277497,-0.0306479838860147,1.92248116608442e-11
FUOM,Fucose mutarotase,NMR metabolomics,X23632.Free Cholesterol to Total Lipids in Very Large HDL percentage,37669,0.076382810895456,0.00684765668518928,0.062961403792485,0.089804217998427,9.1400677527845e-29
FUOM,Fucose mutarotase,NMR metabolomics,X23633.Triglycerides to Total Lipids in Very Large HDL percentage,37669,0.145038636984011,0.00631586769771924,0.132659536296481,0.157417737671541,1.82319027556072e-114
FUOM,Fucose mutarotase,NMR metabolomics,X23634.Phospholipids to Total Lipids in Large HDL percentage,37671,0.0818669008193484,0.00663832085861128,0.0688557919364703,0.0948780097022265,9.40175634797743e-35
FUOM,Fucose mutarotase,NMR metabolomics,X23635.Cholesterol to Total Lipids in Large HDL percentage,37671,-0.128247153566186,0.00657077429168609,-0.141125871177891,-0.115368435954481,1.16112142076392e-83
FUOM,Fucose mutarotase,NMR metabolomics,X23636.Cholesteryl Esters to Total Lipids in Large HDL percentage,37671,-0.133278296514646,0.00661771063574962,-0.146249009360716,-0.120307583668577,7.10539280185565e-89
FUOM,Fucose mutarotase,NMR metabolomics,X23637.Free Cholesterol to Total Lipids in Large HDL percentage,37671,-0.0432782687788394,0.00646135651432302,-0.0559425275469126,-0.0306140100107663,2.19814901874385e-11
FUOM,Fucose mutarotase,NMR metabolomics,X23638.Triglycerides to Total Lipids in Large HDL percentage,37671,0.135896807447883,0.00637250828287831,0.123406691213442,0.148386923682325,3.06742866410029e-99
FUOM,Fucose mutarotase,NMR metabolomics,X23639.Phospholipids to Total Lipids in Medium HDL percentage,37671,0.0906322193529811,0.00625561305330916,0.0783712177684951,0.102893220937467,3.30998126666525e-47
FUOM,Fucose mutarotase,NMR metabolomics,X23640.Cholesterol to Total Lipids in Medium HDL percentage,37671,-0.114144790384517,0.00607364828570604,-0.126049141024501,-0.102240439744534,8.7922538587414e-78
FUOM,Fucose mutarotase,NMR metabolomics,X23641.Cholesteryl Esters to Total Lipids in Medium HDL percentage,37671,-0.115327759483665,0.00602437573421479,-0.127135535922726,-0.103519983044604,1.34553414824604e-80
FUOM,Fucose mutarotase,NMR metabolomics,X23642.Free Cholesterol to Total Lipids in Medium HDL percentage,37671,-0.0539642162287359,0.00662817946850305,-0.0669554479870018,-0.0409729844704699,4.24703209763962e-16
FUOM,Fucose mutarotase,NMR metabolomics,X23643.Triglycerides to Total Lipids in Medium HDL percentage,37671,0.119383875160318,0.00589797471827647,0.107823844712496,0.13094390560814,9.61552380383692e-90
FUOM,Fucose mutarotase,NMR metabolomics,X23644.Phospholipids to Total Lipids in Small HDL percentage,37671,-0.0158364246511829,0.00581243071754959,-0.0272287888575801,-0.0044440604447857,0.00644682457017948
FUOM,Fucose mutarotase,NMR metabolomics,X23645.Cholesterol to Total Lipids in Small HDL percentage,37671,-0.0706219066072458,0.00580983940968481,-0.0820091918502281,-0.0592346213642636,8.1182061292235e-34
FUOM,Fucose mutarotase,NMR metabolomics,X23646.Cholesteryl Esters to Total Lipids in Small HDL percentage,37671,-0.0710127330491844,0.00582735964260861,-0.0824343579486973,-0.0595911081496715,5.6086503310215e-34
FUOM,Fucose mutarotase,NMR metabolomics,X23647.Free Cholesterol to Total Lipids in Small HDL percentage,37671,0.00412860039199928,0.00599598814728569,-0.00762353637668067,0.0158807371606792,0.491111990577612
FUOM,Fucose mutarotase,NMR metabolomics,X23648.Triglycerides to Total Lipids in Small HDL percentage,37671,0.124569809453418,0.00589179806306808,0.113021885249804,0.136117733657031,1.31343458908901e-97
FUOM,Fucose mutarotase,Working and living environment,X24003.Nitrogen dioxide air pollution; 2010,47798,-0.00780821504386101,0.00480822770541927,-0.0172323413464828,0.00161591125876076,0.104404700973443
FUOM,Fucose mutarotase,Working and living environment,X24004.Nitrogen oxides air pollution; 2010,47798,-0.00761350923268831,0.00471056150490178,-0.0168462097822958,0.00161919131691917,0.106050838516414
FUOM,Fucose mutarotase,Working and living environment,X24005.Particulate matter air pollution (pm10); 2010,46120,0.00247095638896381,0.00450109239675066,-0.00635118470866748,0.0112930974865951,0.583032960759103
FUOM,Fucose mutarotase,Working and living environment,X24006.Particulate matter air pollution (pm2.5); 2010,46120,0.000341056883394211,0.00491724593445786,-0.0092967451481432,0.00997885891493162,0.944704240925225
FUOM,Fucose mutarotase,Working and living environment,X24007.Particulate matter air pollution (pm2.5) absorbance; 2010,46120,-0.00313640543957042,0.00481559640131158,-0.0125749743861411,0.00630216350700028,0.514858749883523
FUOM,Fucose mutarotase,Working and living environment,X24008.Particulate matter air pollution 2.5-10um; 2010,46120,0.00298557582218288,0.00441831725030164,-0.00567432598840833,0.0116454776327741,0.499221264629703
FUOM,Fucose mutarotase,Working and living environment,X24009.Traffic intensity on the nearest road,47798,0.0327216353350192,0.0421381639276472,-0.0498691659631692,0.115312436633208,0.437442764875082
FUOM,Fucose mutarotase,Working and living environment,X24010.Inverse distance to the nearest road,47798,-0.00898970468168906,0.00421202362676078,-0.0172452709901402,-0.000734138373237925,0.032828955051746
FUOM,Fucose mutarotase,Working and living environment,X24011.Traffic intensity on the nearest major road,47798,0.00168989872662911,0.00421629626359181,-0.00657404195001083,0.00995383940326905,0.688569792125371
FUOM,Fucose mutarotase,Working and living environment,X24012.Inverse distance to the nearest major road,47798,-0.00352999311832836,0.0042987139046814,-0.0119554723715039,0.00489548613484718,0.41155541316841
FUOM,Fucose mutarotase,Working and living environment,X24013.Total traffic load on major roads,47798,-0.0163809574569551,0.0296013702175256,-0.0743996430833052,0.041637728169395,0.580005033504927
FUOM,Fucose mutarotase,Working and living environment,X24015.Sum of road length of major roads within 100m,47798,-0.00531672028004676,0.0285914674313978,-0.0613559964455865,0.050722555885493,0.852481832021062
FUOM,Fucose mutarotase,Working and living environment,X24016.Nitrogen dioxide air pollution; 2005,47798,-0.0057102883313563,0.0047900003022824,-0.0150986889238298,0.0036781122611172,0.233223598315987
FUOM,Fucose mutarotase,Working and living environment,X24017.Nitrogen dioxide air pollution; 2006,47798,-0.00575378904966331,0.0047809939583245,-0.0151245372079793,0.00361695910865271,0.228806191203471
FUOM,Fucose mutarotase,Working and living environment,X24018.Nitrogen dioxide air pollution; 2007,47798,-0.00461432796081254,0.00473751074627484,-0.0138998490235112,0.00467119310188614,0.330067417471872
FUOM,Fucose mutarotase,Working and living environment,X24019.Particulate matter air pollution (pm10); 2007,47741,-0.00324231095569463,0.00465377439567721,-0.012363708771222,0.0058790868598327,0.485993970453977
FUOM,Fucose mutarotase,Working and living environment,X24020.Average daytime sound level of noise pollution,47798,-0.00680612885328134,0.00424677592245738,-0.0151298096612978,0.00151755195473512,0.109023738211901
FUOM,Fucose mutarotase,Working and living environment,X24021.Average evening sound level of noise pollution,47798,-0.00671384507916403,0.00424673846085761,-0.0150374524624449,0.00160976230411688,0.113904960755172
FUOM,Fucose mutarotase,Working and living environment,X24022.Average night-time sound level of noise pollution,47798,-0.00680124092000387,0.00424668872723389,-0.0151247508253823,0.00152226898537454,0.109270946762429
FUOM,Fucose mutarotase,Working and living environment,X24023.Average 16-hour sound level of noise pollution,47798,-0.00671419825540571,0.0042466815822328,-0.015037694156582,0.00160929764577057,0.113881103366899
FUOM,Fucose mutarotase,Working and living environment,X24024.Average 24-hour sound level of noise pollution,47798,-0.00672825658294541,0.00424678129201232,-0.0150519479152896,0.00159543474939875,0.113134673181299
FUOM,Fucose mutarotase,Working and living environment,"X24500.Greenspace percentage, buffer 1000m",45137,-0.000572568288195748,0.00493200400259678,-0.0102392961332854,0.00909415955689395,0.9075804218318
FUOM,Fucose mutarotase,Working and living environment,"X24501.Domestic garden percentage, buffer 1000m",45137,0.00110318000186127,0.00450101635874208,-0.00771881206127321,0.00992517206499574,0.806384721225195
FUOM,Fucose mutarotase,Working and living environment,"X24502.Water percentage, buffer 1000m",45137,0.000535176066139119,0.00439837424317249,-0.00808563745047897,0.0091559895827572,0.903156896471116
FUOM,Fucose mutarotase,Working and living environment,"X24503.Greenspace percentage, buffer 300m",45137,0.00206501521872255,0.00464899363291392,-0.00704701230178873,0.0111770427392338,0.656913174706609
FUOM,Fucose mutarotase,Working and living environment,"X24504.Domestic garden percentage, buffer 300m",45137,-0.00213151191127246,0.00454432596582031,-0.0110383908042803,0.00677536698173535,0.639039498492583
FUOM,Fucose mutarotase,Working and living environment,"X24505.Water percentage, buffer 300m",45137,-0.000428304985117551,0.00443327181242401,-0.00911751773746861,0.00826090776723351,0.923035869282473
FUOM,Fucose mutarotase,Working and living environment,"X24506.Natural environment percentage, buffer 1000m",47939,0.00308322785226975,0.00469838784946815,-0.00612561233268782,0.0122920680372273,0.511681921370753
FUOM,Fucose mutarotase,Working and living environment,"X24507.Natural environment percentage, buffer 300m",47939,0.000687625016008534,0.00443299684697429,-0.00800104880406107,0.00937629883607814,0.876731863668031
FUOM,Fucose mutarotase,Working and living environment,X24508.Distance (Euclidean) to coast,47939,0.00383027403387171,0.00422017839071747,-0.00444127561193454,0.012101823679678,0.364093880863985
FUOM,Fucose mutarotase,Health and medical history,X2684.Years since last breast cancer screening  or  mammogram,34063,0.033677009377148,0.0317223657268695,-0.0284988274475163,0.0958528462018123,0.28843617597372
FUOM,Fucose mutarotase,Health and medical history,X2704.Years since last cervical smear test,42421,0.0526279697381174,0.0230520148286349,0.00744602067399305,0.0978099188022418,0.0224414306663729
FUOM,Fucose mutarotase,Health and medical history,X2714.Age when periods started (menarche),47365,-0.00187635708747767,0.0192955720540619,-0.039695678313439,0.0359429641384837,0.922534362938984
FUOM,Fucose mutarotase,Health and medical history,X2734.Number of live births,48083,-0.0113103651556609,0.018521175797242,-0.0476118697182552,0.0249911394069334,0.541422561022503
FUOM,Fucose mutarotase,Health and medical history,X2744.Birth weight of first child,43239,-0.085096258299784,0.0207061293939971,-0.125680271912018,-0.0445122446875496,3.97832115071483e-05
FUOM,Fucose mutarotase,Health and medical history,X2754.Age at first live birth,40431,-0.0150049668254886,0.00540801271874124,-0.0256046717542215,-0.00440526189675578,0.00553371294675174
FUOM,Fucose mutarotase,Health and medical history,X2764.Age at last live birth,40383,-0.0171020400641018,0.00520028217478447,-0.0272945931266794,-0.00690948700152429,0.001008782418164
FUOM,Fucose mutarotase,Health and medical history,X2794.Age started oral contraceptive pill,42573,-0.0172669953954591,0.00580229662167438,-0.0286394967739409,-0.00589449401697734,0.0029252539726138
FUOM,Fucose mutarotase,Health and medical history,X2804.Age when last used oral contraceptive pill,40886,-0.011639727738217,0.00508014992954201,-0.0215968216001193,-0.00168263387631462,0.0219634385465865
FUOM,Fucose mutarotase,Lifestyle factors,X2867.Age started smoking in former smokers,29271,0.00876539273719718,0.0102938455158746,-0.0114105444739171,0.0289413299483114,0.394524088432578
FUOM,Fucose mutarotase,Mental health,"X28735.Feeling anxious, nervous or on edge over the last 2 weeks",33733,0.0786096033954772,0.0352918932117156,0.00943749270051467,0.14778171409044,0.0259436099924923
FUOM,Fucose mutarotase,Mental health,X28736.Not being able to stop or control worrying over the last 2 weeks,33725,0.0543553329604648,0.0382962595957432,-0.0207053358471919,0.129416001768121,0.155834145611072
FUOM,Fucose mutarotase,Mental health,X28737.Little interest or pleasure in doing things over the last 2 weeks,33752,0.112037264276989,0.0416733627780917,0.0303574732319292,0.193717055322048,0.00719098661526014
FUOM,Fucose mutarotase,Mental health,"X28738.Feeling down, depressed or hopeless over the last 2 weeks",33715,0.056393388460034,0.0399685573133318,-0.0219449838740962,0.134731760794164,0.158294773784643
FUOM,Fucose mutarotase,Mental health,X28739.Difficulty with standing for long periods,33769,0.109840892288585,0.0346193688825184,0.0419869292788487,0.177694855298321,0.00151458601796488
FUOM,Fucose mutarotase,Mental health,X28740.Difficulty with taking care of household responsibilities,33794,0.140973950908037,0.0376527978882586,0.0671744670470507,0.214773434769024,0.000182165304474023
FUOM,Fucose mutarotase,Mental health,X28741.Difficulty learning a new task,33696,0.0627254432007882,0.0424294575970158,-0.0204362936893628,0.145887180090939,0.139349120380111
FUOM,Fucose mutarotase,Mental health,X28742.Difficulty with joining in community activities,33455,0.121109295280598,0.0446284049290182,0.0336376216197225,0.208580968941474,0.00666576955333991
FUOM,Fucose mutarotase,Mental health,X28743.Difficulty with being emotionally affected by health problems,33729,0.0948064798408654,0.0373125800358653,0.0216738229705695,0.167939136711161,0.0110738032755354
FUOM,Fucose mutarotase,Mental health,X28744.Difficulty with concentrating on doing something for ten minutes,33784,0.0891540426845381,0.0549910398454593,-0.0186283954125621,0.196936480781638,0.104998532602029
FUOM,Fucose mutarotase,Lifestyle factors,X2887.Number of cigarettes previously smoked daily,29250,0.0360596038273178,0.0405940268054188,-0.0435046887113031,0.115623896365939,0.374424867538524
FUOM,Fucose mutarotase,Lifestyle factors,X2897.Age stopped smoking,29280,0.0207999867097258,0.0105759732072143,7.10792235856447e-05,0.0415288941958659,0.0492725829678224
FUOM,Fucose mutarotase,Mental health,X29001#0.Mental health conditions experienced by first degree blood relatives_None of the above,32826,-0.00629266306633439,0.0137635961639745,-0.0332693115477244,0.0206839854150557,0.647541931215348
FUOM,Fucose mutarotase,Mental health,X29001#1.Mental health conditions experienced by first degree blood relatives_Depression,32826,0.00563095367698329,0.0146651333978194,-0.0231127077827428,0.0343746151367093,0.70101132079078
FUOM,Fucose mutarotase,Mental health,X29001#3.Mental health conditions experienced by first degree blood relatives_Schizophrenia,32826,-0.0538351738673061,0.049786080917462,-0.151415892465532,0.0437455447309194,0.279581566459428
FUOM,Fucose mutarotase,Mental health,X29001#4.Mental health conditions experienced by first degree blood relatives_Any other type of psychosis or psychotic illness,32826,-0.0864790537219966,0.0528914487787996,-0.190146293328444,0.0171881858844506,0.102080549666203
FUOM,Fucose mutarotase,Mental health,X29001#5.Mental health conditions experienced by first degree blood relatives_A personality disorder,32826,0.0670246426519646,0.0545548734823317,-0.0399029093734055,0.173952194677335,0.219266482731959
FUOM,Fucose mutarotase,Mental health,X29001#7.Mental health conditions experienced by first degree blood relatives_Attention deficit or attention deficit and hyperactivity disorder,32826,0.00503808751284197,0.0442181306955372,-0.081629448650411,0.0917056236760949,0.90929035225379
FUOM,Fucose mutarotase,Mental health,X29001#8.Mental health conditions experienced by first degree blood relatives_An anxiety disorder,32826,0.00835585518407688,0.0208465253879193,-0.0325033345762449,0.0492150449443987,0.688557550083368
FUOM,Fucose mutarotase,Mental health,X29001#9.Mental health conditions experienced by first degree blood relatives_An eating disorder,32826,0.00684841494612721,0.0360631251053873,-0.0638353102604319,0.0775321401526863,0.849391497961499
FUOM,Fucose mutarotase,Mental health,X29002.Recent lack of interest or pleasure in doing things,32768,0.00635526461555714,0.0428669183751826,-0.0776638953998008,0.0903744246309151,0.882144577485384
FUOM,Fucose mutarotase,Mental health,X29003.Recent feelings of depression,32756,-0.0123709526530795,0.0410809478951463,-0.0928896105275663,0.0681477052214072,0.763318325784683
FUOM,Fucose mutarotase,Mental health,"X29004.Trouble falling or staying asleep, or sleeping too much",32773,0.0484748738259775,0.033995009900391,-0.0181553455787889,0.115105093230744,0.153922934405219
FUOM,Fucose mutarotase,Mental health,X29005.Recent feelings of tiredness or low energy,32781,0.0334209663704829,0.0344335070317711,-0.0340687074117885,0.100910640152754,0.331778526345965
FUOM,Fucose mutarotase,Mental health,X29006.Recent poor appetite or overeating,32786,0.0422942488137197,0.043633723362916,-0.0432278489775956,0.127816346605035,0.332422741797955
FUOM,Fucose mutarotase,Mental health,X29007.Recent feelings of inadequacy,32743,0.0393273668735834,0.0445227774124214,-0.0479372768547626,0.126592010601929,0.377094997397331
FUOM,Fucose mutarotase,Mental health,X29008.Recent trouble concentrating on things,32786,0.00835160332042344,0.0450219035471332,-0.0798913276319577,0.0965945342728046,0.852840695116452
FUOM,Fucose mutarotase,Mental health,X29009.Recent changes in speed or amount of moving or speaking,32776,0.0739471026806888,0.079335918903186,-0.0815512983695559,0.229445503730933,0.351324310797325
FUOM,Fucose mutarotase,Mental health,X29010.Recent thoughts of suicide or self-harm,32719,0.0235761261109705,0.088649877733733,-0.150177634247146,0.197329886469087,0.790287033723012
FUOM,Fucose mutarotase,Mental health,X29038#0.Substances taken for depression_None of options listed,31907,-0.0297189536675593,0.0275290684521088,-0.0836759278336925,0.0242380204985739,0.280378386257168
FUOM,Fucose mutarotase,Mental health,X29038#1.Substances taken for depression_Drugs or alcohol (more than once),31907,-0.0335093158303263,0.0547824975598871,-0.140883011047705,0.0738643793870524,0.540768659900453
FUOM,Fucose mutarotase,Mental health,X29038#2.Substances taken for depression_Medication prescribed to participant (for at least 2 weeks),31907,-0.0226819220446792,0.0258238181725186,-0.0732966056628156,0.0279327615734572,0.379791121452538
FUOM,Fucose mutarotase,Mental health,X29038#3.Substances taken for depression_Unprescribed medication (more than once),31907,-0.07591469746353,0.0754213867969949,-0.22374061558564,0.07191122065858,0.31418819888624
FUOM,Fucose mutarotase,Mental health,X29039#1.Use of specific medications_Citalopram (sometimes called Cipramil),31907,-0.0517654307750983,0.0476666355365484,-0.145192036426733,0.0416611748765366,0.277519075499993
FUOM,Fucose mutarotase,Mental health,X29039#2.Use of specific medications_Fluoxetine (Prozac or Oxactin),31907,0.0677699312327932,0.0495458706255047,-0.0293399751931961,0.164879837658782,0.171409032464649
FUOM,Fucose mutarotase,Mental health,X29039#3.Use of specific medications_Sertraline (Lustral),31907,0.0309945357933743,0.0596643625011958,-0.0859476147089695,0.147936686295718,0.603440394718915
FUOM,Fucose mutarotase,Mental health,X29039#5.Use of specific medications_Amitriptyline (Elavil),31907,0.00299460949346639,0.0641920814070834,-0.122821870064417,0.12881108905135,0.962792823601666
FUOM,Fucose mutarotase,Mental health,X29039#7.Use of specific medications_Other antidepressant(s),31907,-0.00260952886110657,0.0489029261720033,-0.0984592641582331,0.0932402064360199,0.957445385310302
FUOM,Fucose mutarotase,Mental health,X29047#0.Activities undertaken to treat depression_None of options listed,31907,-0.0314980464142277,0.0276312198468062,-0.0856552373139679,0.0226591444855125,0.254346207857902
FUOM,Fucose mutarotase,Mental health,X29051#0.Manifestations of mania or irritability_None of options listed,31907,0.0127887708866189,0.0418085514172743,-0.0691559898912387,0.0947335316644764,0.759697795506854
FUOM,Fucose mutarotase,Mental health,X29051#1.Manifestations of mania or irritability_More active than usual,31907,-0.0987489986897308,0.0655328858455012,-0.227193454946913,0.0296954575674516,0.131888469589073
FUOM,Fucose mutarotase,Mental health,X29051#2.Manifestations of mania or irritability_More confident than usual,31907,-0.0911147664321807,0.0859930339382637,-0.259661112951178,0.0774315800868162,0.2893792133954
FUOM,Fucose mutarotase,Mental health,X29051#3.Manifestations of mania or irritability_Easily distracted,31907,-0.0678884901802963,0.0578149166276742,-0.181205726770538,0.0454287464099452,0.240337092101137
FUOM,Fucose mutarotase,Mental health,X29051#4.Manifestations of mania or irritability_More creative or had more ideas than usual,31907,0.0177553534799455,0.0969241823408919,-0.172216043908203,0.207726750868094,0.854655439744959
FUOM,Fucose mutarotase,Mental health,X29051#5.Manifestations of mania or irritability_Neded less sleep than usual,31907,-0.0922329509858212,0.0883389806364806,-0.265377353033323,0.0809114510616807,0.296482294347494
FUOM,Fucose mutarotase,Mental health,X29051#6.Manifestations of mania or irritability_Thoughts were racing,31907,-0.0860902523112115,0.0483161035253313,-0.180789815220861,0.00860931059843788,0.0748204559978287
FUOM,Fucose mutarotase,Mental health,X29051#7.Manifestations of mania or irritability_More restless than usual,31907,-0.0820267185526415,0.0471504073175915,-0.174441516895121,0.0103880797898379,0.0819561281719301
FUOM,Fucose mutarotase,Mental health,X29051#8.Manifestations of mania or irritability_More talkative than usual,31907,-0.125977716552705,0.0659027628130156,-0.255147131666215,0.00319169856080595,0.055969724252029
FUOM,Fucose mutarotase,Mental health,X29058.Recent feelings or nervousness or anxiety,32649,0.000201896762952343,0.0380186649020343,-0.0743146864450349,0.0747184799709396,0.995763011693832
FUOM,Fucose mutarotase,Mental health,X29059.Recent inability to stop or control worrying,32661,0.0396547430156037,0.0389735832896969,-0.0367334802322022,0.11604296626341,0.308956336891099
FUOM,Fucose mutarotase,Mental health,X29060.Recent worrying too much about different things,32652,0.0161607792241528,0.0365946510041303,-0.0555647367439426,0.0878862951922483,0.658778834055464
FUOM,Fucose mutarotase,Mental health,X29061.Recent trouble relaxing,32660,0.0112807211353231,0.0388124455221318,-0.0647916720880552,0.0873531143587015,0.771328649524651
FUOM,Fucose mutarotase,Mental health,X29062.Recent restlessness,32671,0.0182860145558606,0.0559911023431207,-0.091456546036656,0.128028575148377,0.743987941138529
FUOM,Fucose mutarotase,Mental health,X29063.Recent easy annoyance or irritability,32636,0.0509413874365983,0.0407156894393598,-0.0288613638645469,0.130744138737743,0.210915953546598
FUOM,Fucose mutarotase,Mental health,X29064.Recent feelings of foreboding,32627,0.0573940830986391,0.0437953672336994,-0.0284448366794117,0.14323300287669,0.190061606262149
FUOM,Fucose mutarotase,Mental health,X29065#1.Symptoms of panic attack_Heart was pounding or racing,31907,-0.0413905724847053,0.0276128828963647,-0.09551182296158,0.0127306779921695,0.133926675288289
FUOM,Fucose mutarotase,Mental health,X29065#11.Symptoms of panic attack_Felt like things weren't real or detached from self,31907,-0.104162482253942,0.0469984204708252,-0.196279386376759,-0.0120455781311242,0.026701210612266
FUOM,Fucose mutarotase,Mental health,X29065#12.Symptoms of panic attack_Afraid of losing control or 'going crazy',31907,0.0271786705977363,0.0600503283065577,-0.0905199728831167,0.144877314078589,0.650851264006677
FUOM,Fucose mutarotase,Mental health,X29065#13.Symptoms of panic attack_Afraid I was going to die,31907,-0.0808559900804061,0.0662228997618027,-0.210652873613539,0.0489408934527272,0.222137043269918
FUOM,Fucose mutarotase,Mental health,X29065#2.Symptoms of panic attack_Sweating,31907,-0.0686740824295264,0.0454685994816356,-0.157792537413532,0.0204443725544794,0.130993250370926
FUOM,Fucose mutarotase,Mental health,X29065#3.Symptoms of panic attack_Trembling or shaking,31907,-0.0584143192757329,0.0447910877816766,-0.146204851327819,0.0293762127763532,0.19222253892317
FUOM,Fucose mutarotase,Mental health,X29065#6.Symptoms of panic attack_Pain or discomfort in chest,31907,-0.0166207024528892,0.0466617489348052,-0.108077730365107,0.074836325459329,0.721704281958367
FUOM,Fucose mutarotase,Mental health,X29065#7.Symptoms of panic attack_Nauseous or felt sick in the stomach,31907,-0.0322210522051418,0.0412483114032975,-0.113067742555605,0.0486256381453214,0.434740026231894
FUOM,Fucose mutarotase,Mental health,X29065#9.Symptoms of panic attack_Felt hot or cold,31907,-0.152879631198382,0.0564271666002182,-0.26347687773481,-0.0422823846619544,0.00675739892558246
FUOM,Fucose mutarotase,Mental health,X29076.Felt loved as a child,32630,-0.0730862150855615,0.0360417260245465,-0.143727998093673,-0.00244443207745032,0.0426107580673494
FUOM,Fucose mutarotase,Mental health,X29077.Physically abused by family as a child,32644,0.000749619065330133,0.0502857138273744,-0.0978103800363237,0.0993096181669839,0.988106580970908
FUOM,Fucose mutarotase,Mental health,X29078.Felt hated by family member as a child,32625,0.0932505030385567,0.0464412361966776,0.00222568009306863,0.184275325984045,0.0446841589461238
FUOM,Fucose mutarotase,Mental health,X29079.Sexually molested as a child,32536,0.106736928895144,0.0589513442750403,-0.00880770588393452,0.222281563674224,0.0702409009061816
FUOM,Fucose mutarotase,Mental health,X29080.Someone to take to doctor when needed as a child,32608,-0.120567804413351,0.0496751365323957,-0.217931072016846,-0.0232045368098553,0.0152404985019782
FUOM,Fucose mutarotase,Mental health,X29081.Stopped from seeing friends or family by partner or ex-partner as an adult,32623,0.0238662292750756,0.0634061675313847,-0.100409859086438,0.14814231763659,0.706627587337193
FUOM,Fucose mutarotase,Mental health,X29082.Belittlement by partner or ex-partner as an adult,32557,-0.0191984029555039,0.0471662752586506,-0.111644302462459,0.0732474965514512,0.683991815957873
FUOM,Fucose mutarotase,Mental health,X29083.Physical violence by partner or ex-partner as an adult,32623,-0.0320044629479427,0.0528989464136646,-0.135686397918725,0.0716774720228399,0.545188258889836
FUOM,Fucose mutarotase,Mental health,X29084.Sexual interference by partner or ex-partner without consent as an adult,32586,-0.0552272015029053,0.0659300598152543,-0.184450118740804,0.0739957157349932,0.402244360138454
FUOM,Fucose mutarotase,Mental health,X29085.Sexual intercourse by partner or ex-partner without consent as an adult,32593,0.011653272590638,0.0652670922435654,-0.11627022820675,0.139576773388026,0.858297507021008
FUOM,Fucose mutarotase,Mental health,X29086.Experienced a violent or sexual assault,32625,0.0491199598701872,0.0613719882044547,-0.0711691370105439,0.169409056750918,0.423522916422311
FUOM,Fucose mutarotase,Mental health,X29087.Experienced a life-threatening injury or illness,32637,0.0762391671068733,0.0430181524030507,-0.00807641160310607,0.160554745816853,0.0763893127348763
FUOM,Fucose mutarotase,Mental health,X29088.Experienced a marital separation or divorce,32638,-0.0350141647710099,0.0385424709720473,-0.110557407876223,0.0405290783342029,0.363663744491532
FUOM,Fucose mutarotase,Mental health,X29089.Experienced the death of a spouse or partner,32645,0.0733343993888614,0.0482909419334593,-0.0213158468007188,0.167984645578442,0.128902974590814
FUOM,Fucose mutarotase,Mental health,X29090.Experienced the death of a close friend or family member due to suicide,32631,0.0924847238974038,0.048435259023992,-0.00244838378962046,0.187417831584428,0.0562389721544902
FUOM,Fucose mutarotase,Lifestyle factors,X29091.Frequency of drinking alcohol,32641,-0.113854351626327,0.0324742829036781,-0.177503946117536,-0.0502047571351176,0.000457357321209027
FUOM,Fucose mutarotase,Lifestyle factors,X29092.Amount of alcohol drunk on a typical drinking day,31569,-0.0494990701776698,0.0401143730158073,-0.128123241288652,0.0291251009333126,0.217262860412681
FUOM,Fucose mutarotase,Lifestyle factors,X29093.Frequency of consuming six or more units of alcohol,31585,-0.0828625956415384,0.041416819144833,-0.164039561165411,-0.00168563011766577,0.0454626648712097
FUOM,Fucose mutarotase,Mental health,X29104.Ever used cannabis,32636,-0.0373251063042349,0.0512268868861186,-0.137729804601027,0.0630795919925575,0.466252942731712
FUOM,Fucose mutarotase,Mental health,X29108.Ever thought that life not worth living,32593,-0.000224071582427703,0.0391521976408515,-0.0769623789584966,0.0765142357936412,0.995433799376583
FUOM,Fucose mutarotase,Mental health,X29109.Ever contemplated self-harm,32619,0.023765756718458,0.0521020120406321,-0.0783541868811809,0.125885700318097,0.648302197903842
FUOM,Fucose mutarotase,Mental health,X29111.Ever self-harmed,32633,0.152889186324318,0.0811226148580261,-0.00611113879741351,0.311889511446049,0.0595101138403612
FUOM,Fucose mutarotase,Diet and food preferences,X29132.Ever had recurrent episodes of excessive overeating or binge eating,32625,-0.106037383744071,0.05324370391408,-0.210395043415668,-0.00167972407247412,0.0464539210115113
FUOM,Fucose mutarotase,Diet and food preferences,X29136#1.Actions and feelings during periods of overeating or binge eating_Eaten much more rapidly than normal,32499,-0.029179092071271,0.0567590371682268,-0.140426804920996,0.0820686207784535,0.607205172556983
FUOM,Fucose mutarotase,Diet and food preferences,X29136#2.Actions and feelings during periods of overeating or binge eating_Eaten until feeling uncomfortably full,32499,-0.0111347470861239,0.0449317459734817,-0.099200969194148,0.0769314750219003,0.804284104637374
FUOM,Fucose mutarotase,Diet and food preferences,X29136#3.Actions and feelings during periods of overeating or binge eating_Eaten large amounts of food when not physically hungry,32499,-0.043879370982842,0.0460764816113395,-0.134189274941067,0.0464305329753834,0.340965345218587
FUOM,Fucose mutarotase,Diet and food preferences,X29136#4.Actions and feelings during periods of overeating or binge eating_Eaten alone because of feeling embarrassed by overeating,32499,-0.103591402605303,0.0587050671431205,-0.218653334205819,0.0114705289952135,0.0776676816590451
FUOM,Fucose mutarotase,Diet and food preferences,X29149.Dependency of self-esteem on body shape or weight currently,32621,-0.0485683231329053,0.036188154998554,-0.119497106930071,0.0223604606642606,0.179599083204708
FUOM,Fucose mutarotase,Health and medical history,X29153.Pain or discomfort today,32632,0.0504269264404384,0.0344185343886045,-0.0170334009612264,0.117887253842103,0.142929454670289
FUOM,Fucose mutarotase,Mental health,X29154.Anxiety or depression today,32632,-0.0202060497563882,0.0414485235841918,-0.101445155981404,0.0610330564686276,0.625918915056755
FUOM,Fucose mutarotase,Mental health,X29166.Frequency of confiding in someone close,32424,-0.0718160832394584,0.0335913272140288,-0.137655084578955,-0.00597708189996207,0.0325523330704496
FUOM,Fucose mutarotase,Lifestyle factors,X29167#0.Sports and social activities attended in person at least once a week_None of the above,32603,0.0355955001444637,0.0146928956271487,0.0067974247152522,0.0643935755736752,0.015430117988789
FUOM,Fucose mutarotase,Lifestyle factors,X29167#1.Sports and social activities attended in person at least once a week_Sports club or gym or fitness class,32603,-0.039188331423606,0.0144431537931907,-0.0674969128582598,-0.0108797499889521,0.0066760611936916
FUOM,Fucose mutarotase,Lifestyle factors,X29167#2.Sports and social activities attended in person at least once a week_Pub or social club,32603,-0.0439927552998825,0.0211952869367477,-0.0855355176959079,-0.00244999290385705,0.0379630395987033
FUOM,Fucose mutarotase,Lifestyle factors,X29167#3.Sports and social activities attended in person at least once a week_Religious group,32603,0.00327475525362488,0.0184157547714312,-0.0328201240983802,0.03936963460563,0.858865955154841
FUOM,Fucose mutarotase,Lifestyle factors,X29167#4.Sports and social activities attended in person at least once a week_Adult education class,32603,-0.000102320821127375,0.0270706294479058,-0.0531607545390228,0.052956112896768,0.996984277546402
FUOM,Fucose mutarotase,Lifestyle factors,X29167#5.Sports and social activities attended in person at least once a week_Other group activity,32603,-0.0127032187059435,0.014378041246547,-0.0408841795491755,0.0154777421372886,0.376984004183639
FUOM,Fucose mutarotase,Lifestyle factors,X29168#0.Sports and social activities attended virtually at least once a week_None of the above,32603,-0.00367594695423917,0.0159324708833861,-0.0349035898856759,0.0275516959771976,0.817537770774035
FUOM,Fucose mutarotase,Lifestyle factors,X29168#1.Sports and social activities attended virtually at least once a week_Sports club or gym or fitness class,32603,-0.0310691562716205,0.0222999174708404,-0.0747769945144677,0.0126386819712266,0.163584958103495
FUOM,Fucose mutarotase,Lifestyle factors,X29168#2.Sports and social activities attended virtually at least once a week_Pub or social club,32603,0.0598001024279865,0.0468383050786176,-0.0320029755261041,0.151603180382077,0.201732199271119
FUOM,Fucose mutarotase,Lifestyle factors,X29168#3.Sports and social activities attended virtually at least once a week_Religious group,32603,0.0822827218470426,0.0307157079208494,0.0220799343221778,0.142485509371907,0.00740241294882827
FUOM,Fucose mutarotase,Lifestyle factors,X29168#4.Sports and social activities attended virtually at least once a week_Adult education class,32603,0.0136616925621393,0.0425544547274954,-0.0697450387037517,0.0970684238280303,0.748188123688315
FUOM,Fucose mutarotase,Lifestyle factors,X29168#5.Sports and social activities attended virtually at least once a week_Other group activity,32603,-0.0166800677659564,0.0226214730512315,-0.0610181549463701,0.0276580194144574,0.460927408656779
FUOM,Fucose mutarotase,Mental health,X29171.Frequency of feeling 'in tune' with people,32510,0.0489674658382518,0.0418824275419854,-0.0331220921440396,0.131057023820543,0.242371772410883
FUOM,Fucose mutarotase,Mental health,X29172.Freuency of feeling that lacks companionship,32583,0.0389504308855763,0.0373750949813197,-0.0343047552778103,0.112205617048963,0.297373430503217
FUOM,Fucose mutarotase,Mental health,X29173.Frequency of feeling left out,32532,0.0107645699711152,0.0389119607689855,-0.0655028731360963,0.0870320130783268,0.782064311992597
FUOM,Fucose mutarotase,Mental health,X29174.Frequency of feeling isolated from others,32559,-0.00552055093823342,0.0406204332984048,-0.0851366002031068,0.07409549832664,0.891899155118346
FUOM,Fucose mutarotase,Mental health,X29175.Tendency to bounce back quickly after hard times,32621,0.0336704112396479,0.0339561888639605,-0.0328837189337147,0.100224541413011,0.321429911241342
FUOM,Fucose mutarotase,Mental health,X29176.Ability to make it through stressful events,32621,-0.00412882522807017,0.0329856394897889,-0.0687806786280564,0.060523028171916,0.900391742525654
FUOM,Fucose mutarotase,Mental health,X29177.Quick recovery from stressful events,32621,-0.0415429523038336,0.0335704355963127,-0.107341006072606,0.0242551014649392,0.215942198735851
FUOM,Fucose mutarotase,Mental health,X29178.Hard to snap back when something bad happens,32621,-0.00254307253082514,0.0330690651156118,-0.0673584401574243,0.062272295095774,0.93870350389571
FUOM,Fucose mutarotase,Mental health,X29179.Comes through difficult times with little trouble,32621,-0.0192451888351673,0.0331878124795701,-0.0842933012951248,0.0458029236247901,0.562006662560527
FUOM,Fucose mutarotase,Mental health,X29180.Tendency to take a long time to get over setbacks,32621,-0.00203913333075274,0.0331802468065899,-0.0670724170716689,0.0629941504101635,0.950997365039399
FUOM,Fucose mutarotase,Mental health,X29181.General happiness,32575,-0.00236801592157739,0.0350856086287249,-0.0711358088338781,0.0663997769907234,0.946191283551251
FUOM,Fucose mutarotase,Mental health,X29182.Belief that own life is meaningful,32482,-0.0223097789973712,0.0346700803337222,-0.0902631364514668,0.0456435784567244,0.519925912711692
FUOM,Fucose mutarotase,Lifestyle factors,X2926.Number of unsuccessful stop-smoking attempts,28888,0.0740196044151862,0.0414629736759433,-0.00724782398966266,0.155287032820035,0.0742975772567781
FUOM,Fucose mutarotase,Health and medical history,X2946.Father's age,29719,-0.0215574090126368,0.0131779092295851,-0.0473861111026237,0.00427129307735009,0.10192555298593
FUOM,Fucose mutarotase,Health and medical history,X2966.Age high blood pressure diagnosed,29457,-0.00318309482323266,0.0109504134542655,-0.0246459051935931,0.0182797155471278,0.771306112407658
FUOM,Fucose mutarotase,Blood and urine assays,X30000.White blood cell (leukocyte) count,47324,0.00873033734322422,0.0044615359899099,-1.42731969991795e-05,0.0174749478834476,0.0503830375298154
FUOM,Fucose mutarotase,Blood and urine assays,X30010.Red blood cell (erythrocyte) count,47324,0.0288885135697419,0.00525394904474395,0.0185907734420438,0.0391862536974401,3.87266265919155e-08
FUOM,Fucose mutarotase,Blood and urine assays,X30020.Haemoglobin concentration,47324,0.0565442817229058,0.00569981384725,0.0453726465822958,0.0677159168635158,3.78086836340387e-23
FUOM,Fucose mutarotase,Blood and urine assays,X30030.Haematocrit percentage,47324,0.0418003127377678,0.00554119359533886,0.0309395732909036,0.0526610521846319,4.74354305313383e-14
FUOM,Fucose mutarotase,Blood and urine assays,X30040.Mean corpuscular volume,47324,0.0102145007314034,0.00440016915027214,0.00159016919686995,0.0188388322659368,0.0202746438023163
FUOM,Fucose mutarotase,Blood and urine assays,X30050.Mean corpuscular haemoglobin,47323,0.0212433032511627,0.00441266885088884,0.0125944723034206,0.0298921341989049,1.48762741386332e-06
FUOM,Fucose mutarotase,Blood and urine assays,X30060.Mean corpuscular haemoglobin concentration,47323,0.0247785422584834,0.00431761693843719,0.0163160130591465,0.0332410714578203,9.64750811147542e-09
FUOM,Fucose mutarotase,Blood and urine assays,X30070.Red blood cell (erythrocyte) distribution width,47324,-0.0114545768908377,0.00416643681801745,-0.0196207930541519,-0.00328836072752345,0.00597786675592841
FUOM,Fucose mutarotase,Blood and urine assays,X30080.Platelet count,47324,0.00185222632417078,0.00441406230777784,-0.00679933579907378,0.0105037884474153,0.674767430742161
FUOM,Fucose mutarotase,Blood and urine assays,X30090.Platelet crit,47324,-0.0035822058058458,0.00452285327425704,-0.0124469982233896,0.00528258661169799,0.428355223377864
FUOM,Fucose mutarotase,Blood and urine assays,X30100.Mean platelet (thrombocyte) volume,47324,-0.00963260519945872,0.00426488006626871,-0.0179917701293454,-0.00127344026957204,0.0239184289626025
FUOM,Fucose mutarotase,Blood and urine assays,X30110.Platelet distribution width,47324,0.0334546542772999,0.00426322348201087,0.0250987362525586,0.0418105723020412,4.4375359148422e-15
FUOM,Fucose mutarotase,Blood and urine assays,X30120.Lymphocyte count,47291,0.0313548408445886,0.00442670934706926,0.0226784905243329,0.0400311911648444,1.45050877507333e-12
FUOM,Fucose mutarotase,Blood and urine assays,X30130.Monocyte count,47291,0.0373624233734422,0.00450107252666236,0.028540321221184,0.0461845255257004,1.09096890839264e-16
FUOM,Fucose mutarotase,Blood and urine assays,X30140.Neutrophill count,47291,-0.0107754086707187,0.00443508303759522,-0.0194681714244054,-0.00208264591703208,0.0151238001103233
FUOM,Fucose mutarotase,Blood and urine assays,X30150.Eosinophill count,47291,0.0230454783205801,0.00437065908373516,0.0144789865164591,0.031611970124701,1.35602414030772e-07
FUOM,Fucose mutarotase,Blood and urine assays,X30160.Basophill count,47291,0.0396492497246128,0.0210875465602601,-0.00168234153349699,0.0809808409827226,0.0600906693509391
FUOM,Fucose mutarotase,Blood and urine assays,X30170.Nucleated red blood cell count,47291,0.0559322355470977,0.0913305930683107,-0.123075726866791,0.234940197960987,0.540269242078368
FUOM,Fucose mutarotase,Blood and urine assays,X30180.Lymphocyte percentage,47291,0.0284987370347767,0.00437550189182375,0.0199227533268021,0.0370747207427512,7.50722406452129e-11
FUOM,Fucose mutarotase,Blood and urine assays,X30190.Monocyte percentage,47291,0.0345933221885961,0.00444448257749937,0.0258821363366974,0.0433045080404949,7.35686555045513e-15
FUOM,Fucose mutarotase,Blood and urine assays,X30200.Neutrophill percentage,47291,-0.0373764864477407,0.00434069079713736,-0.0458842404101299,-0.0288687324853514,7.72183828527002e-18
FUOM,Fucose mutarotase,Blood and urine assays,X30210.Eosinophill percentage,47291,0.0205022401395983,0.00431776054590823,0.0120394294696182,0.0289650508095784,2.06326210503349e-06
FUOM,Fucose mutarotase,Blood and urine assays,X30220.Basophill percentage,47291,-0.0021151284661699,0.00414576156123062,-0.0102408211261819,0.00601056419384211,0.609922886383069
FUOM,Fucose mutarotase,Blood and urine assays,X30230.Nucleated red blood cell percentage,47291,0.0554127233244045,0.0913090230911429,-0.123552961934236,0.234378408583044,0.543943101724374
FUOM,Fucose mutarotase,Blood and urine assays,X30240.Reticulocyte percentage,46889,0.0782119181292022,0.00452860878761621,0.0693358449054745,0.08708799135293,2.10516686825266e-66
FUOM,Fucose mutarotase,Blood and urine assays,X30250.Reticulocyte count,46889,0.0847235510518444,0.00467464686976505,0.0755612431871049,0.0938858589165839,6.82028614439944e-73
FUOM,Fucose mutarotase,Blood and urine assays,X30260.Mean reticulocyte volume,46889,0.00240198309974061,0.00435004142011637,-0.00612409808368748,0.0109280642831687,0.580834121702928
FUOM,Fucose mutarotase,Blood and urine assays,X30270.Mean sphered cell volume,46889,-0.00963180799455531,0.00439680602595775,-0.0182495478054325,-0.00101406818367812,0.0284882893688515
FUOM,Fucose mutarotase,Blood and urine assays,X30280.Immature reticulocyte fraction,46889,0.0505044459945192,0.00458898430244483,0.0415100367617274,0.0594988552273111,4.23860076870858e-28
FUOM,Fucose mutarotase,Blood and urine assays,X30290.High light scatter reticulocyte percentage,46889,0.0838350580244281,0.00464657940676188,0.0747277623871748,0.0929423536616814,2.94048574949992e-72
FUOM,Fucose mutarotase,Blood and urine assays,X30300.High light scatter reticulocyte count,46889,0.0892036589192655,0.00476089890804928,0.0798722970594889,0.0985350207790421,9.74665155724849e-78
FUOM,Fucose mutarotase,Blood and urine assays,X30500.Microalbumin in urine,31026,0.0322762655639296,0.00894208611553738,0.0147497767774763,0.0498027543503829,0.000309096377718105
FUOM,Fucose mutarotase,Blood and urine assays,X30510.Creatinine (enzymatic) in urine,47363,0.0217160264567563,0.00455754085846703,0.0127832463741609,0.0306488065393517,1.90146355928813e-06
FUOM,Fucose mutarotase,Blood and urine assays,X30520.Potassium in urine,47320,0.00501183755707456,0.00423660628526713,-0.00329191076204902,0.0133155858761981,0.236827776998025
FUOM,Fucose mutarotase,Blood and urine assays,X30530.Sodium in urine,47294,0.00133568142091855,0.004462793164143,-0.00741139318080174,0.0100827560226388,0.764719446110621
FUOM,Fucose mutarotase,Blood and urine assays,X30600.Albumin,44920,0.0660959749456384,0.00465681246025537,0.0569686225235379,0.075223327367739,1.65530300820804e-45
FUOM,Fucose mutarotase,Blood and urine assays,X30610.Alkaline phosphatase,46950,0.13561544267594,0.0043569162742779,0.127075886778355,0.144154998573525,2.73418467178695e-208
FUOM,Fucose mutarotase,Blood and urine assays,X30620.Alanine aminotransferase,46958,0.458041784698115,0.00347704943199025,0.451226767811414,0.464856801584816,0
FUOM,Fucose mutarotase,Blood and urine assays,X30630.Apolipoprotein A,44724,-0.0253621394206218,0.00517467814589128,-0.0355045085865687,-0.0152197702546749,9.59880364065733e-07
FUOM,Fucose mutarotase,Blood and urine assays,X30640.Apolipoprotein B,46857,0.0565854548317019,0.00439029310847026,0.0479804803391002,0.0651904293243036,7.10016257301465e-38
FUOM,Fucose mutarotase,Blood and urine assays,X30650.Aspartate aminotransferase,46892,0.383146149871119,0.0036601237337534,0.375972307352962,0.390319992389276,0
FUOM,Fucose mutarotase,Blood and urine assays,X30660.Direct bilirubin,41922,0.0266614465863184,0.00509462197109585,0.0166759875229705,0.0366469056496662,1.6847781281261e-07
FUOM,Fucose mutarotase,Blood and urine assays,X30670.Urea,46947,-0.0191259486638929,0.00463566352225265,-0.0282118491675081,-0.0100400481602777,3.70732199798678e-05
FUOM,Fucose mutarotase,Blood and urine assays,X30680.Calcium,44922,0.0676377250274503,0.00448254071004719,0.0588519452357578,0.0764235048191428,3.59841556160915e-51
FUOM,Fucose mutarotase,Blood and urine assays,X30690.Cholesterol,46958,0.0425239258431341,0.00454113233300042,0.0336233064704533,0.051424545215815,8.3629676903297e-21
FUOM,Fucose mutarotase,Blood and urine assays,X30700.Creatinine,46953,-0.0138487585715964,0.00514615725580265,-0.0239352267929696,-0.00376229035022323,0.00712721680554248
FUOM,Fucose mutarotase,Blood and urine assays,X30710.C-reactive protein,46898,0.0726378273357722,0.00481031250586717,0.0632096148242726,0.0820660398472719,2.87377225507394e-51
FUOM,Fucose mutarotase,Blood and urine assays,X30720.Cystatin C,46957,0.0754132688078647,0.00499247073529582,0.0656280261666849,0.0851985114490445,2.66340168616005e-51
FUOM,Fucose mutarotase,Blood and urine assays,X30730.Gamma glutamyltransferase,46954,0.317547733378317,0.00403396057940835,0.309641170642677,0.325454296113958,0
FUOM,Fucose mutarotase,Blood and urine assays,X30740.Glucose,44897,0.0433283753390002,0.00486541776348109,0.0337921565225772,0.0528645941554231,5.75578823556193e-19
FUOM,Fucose mutarotase,Blood and urine assays,X30750.Glycated haemoglobin (HbA1c),46875,0.0870719209236225,0.00492639406554517,0.0774161885551539,0.096727653292091,1.9482220578295e-69
FUOM,Fucose mutarotase,Blood and urine assays,X30760.HDL cholesterol,44909,-0.0543182655665783,0.00541119047262808,-0.0649241988929293,-0.0437123322402273,1.17541409906527e-23
FUOM,Fucose mutarotase,Blood and urine assays,X30770.IGF-1,46832,-0.0475922418030596,0.00444402735321604,-0.056302535415363,-0.0388819481907561,1.06890462641859e-26
FUOM,Fucose mutarotase,Blood and urine assays,X30780.LDL direct,46909,0.0449829367768944,0.00441568169936261,0.0363282006461437,0.0536376729076451,2.55782151519353e-24
FUOM,Fucose mutarotase,Blood and urine assays,X30790.Lipoprotein A,42480,-0.00116142019596114,0.00480069738887319,-0.0105707870781526,0.00824794668623031,0.80883917697807
FUOM,Fucose mutarotase,Blood and urine assays,X30810.Phosphate,44880,0.0108013306415495,0.00485783309003465,0.00127997778508154,0.0203226834980174,0.0261938475308781
FUOM,Fucose mutarotase,Blood and urine assays,X30830.SHBG,44690,-0.0868452275619055,0.00507627655523701,-0.09679472961017,-0.0768957255136409,3.71281631973215e-65
FUOM,Fucose mutarotase,Blood and urine assays,X30840.Total bilirubin,46876,0.0368479438158769,0.00446475968598004,0.028097014831356,0.0455988728003978,1.62808930461919e-16
FUOM,Fucose mutarotase,Blood and urine assays,X30850.Testosterone,43068,0.00529848336161711,0.00795542461323877,-0.0102941488803309,0.0208911156035651,0.505405648801686
FUOM,Fucose mutarotase,Blood and urine assays,X30860.Total protein,44917,0.0822177758074013,0.0045495242288263,0.0733007083189017,0.0911348432959008,1.94717649747899e-72
FUOM,Fucose mutarotase,Blood and urine assays,X30870.Triglycerides,46952,0.121908435081245,0.00486185993904341,0.11237918960072,0.13143768056177,7.1484177797547e-137
FUOM,Fucose mutarotase,Blood and urine assays,X30880.Urate,46925,0.124403047066754,0.0053933751829899,0.113832031708094,0.134974062425414,2.28821665798214e-116
FUOM,Fucose mutarotase,Blood and urine assays,X30890.Vitamin D,45644,-0.0142400580671843,0.00479416165848143,-0.0236366149178079,-0.00484350121656069,0.00297850666450276
FUOM,Fucose mutarotase,Physical measures,X3137.Number of measurements made,46003,-0.0164859069443572,0.0236754541558877,-0.0628897970898971,0.0299179832011828,0.486230282830062
FUOM,Fucose mutarotase,Physical measures,X3143.Ankle spacing width,37783,0.0246006351107233,0.0075529213122832,0.00979690933864821,0.0394043608827983,0.00112837363589083
FUOM,Fucose mutarotase,Physical measures,"X3144.Heel Broadband ultrasound attenuation, direct entry",37782,-0.0159091126175981,0.00612243774602656,-0.0279090905998102,-0.00390913463538608,0.00937369674262071
FUOM,Fucose mutarotase,Physical measures,X3146.Speed of sound through heel,37783,-0.0220431391040154,0.00591228881473408,-0.0336312251808942,-0.0104550530271366,0.000193527915726878
FUOM,Fucose mutarotase,Physical measures,"X3147.Heel quantitative ultrasound index (QUI), direct entry",37783,-0.0206252145061694,0.00598306047592414,-0.0323520130389807,-0.00889841597335807,0.000568033602469494
FUOM,Fucose mutarotase,Physical measures,X3148.Heel bone mineral density (BMD),37781,-0.0208999045525278,0.005968006250128,-0.0325971968027786,-0.0092026123022769,0.000463306722600632
FUOM,Fucose mutarotase,Health and medical history,X3526.Mother's age at death,38537,-0.0114045017390811,0.0057466322119996,-0.0226679008746004,-0.000141102603561923,0.0472134900960108
FUOM,Fucose mutarotase,Health and medical history,X3581.Age at menopause (last menstrual period),38008,-0.0079515021880968,0.00566193345595438,-0.0190488917617674,0.00314588738557379,0.160228840004591
FUOM,Fucose mutarotase,Health and medical history,"X3761.Age hay fever, rhinitis or eczema diagnosed",29314,-0.0154546879809114,0.00936853389449104,-0.0338170144141138,0.00290763845229107,0.0990816292450226
FUOM,Fucose mutarotase,Physical measures,X4100.Ankle spacing width (left),32147,0.00354489273156436,0.0100676463309321,-0.0161876940770626,0.0232774795401913,0.724767364256547
FUOM,Fucose mutarotase,Physical measures,X4101.Heel broadband ultrasound attenuation (left),32146,-0.0108920424884313,0.00820565187179869,-0.0269751201571568,0.0051910351802941,0.184421417087215
FUOM,Fucose mutarotase,Physical measures,X4103.Speed of sound through heel (left),32147,-0.0130085851252381,0.00798941958734906,-0.0286678475164423,0.00265067726596606,0.103517793835456
FUOM,Fucose mutarotase,Physical measures,"X4104.Heel quantitative ultrasound index (QUI), direct entry (left)",32147,-0.0127276832462709,0.008061054845355,-0.0285273507431667,0.00307198425062492,0.114397715725161
FUOM,Fucose mutarotase,Physical measures,X4105.Heel bone mineral density (BMD) (left),32145,-0.0119628168354654,0.00803958361547173,-0.02772040072179,0.00379476705085923,0.136794622374257
FUOM,Fucose mutarotase,Physical measures,"X4106.Heel bone mineral density (BMD) T-score, automated (left)",32147,-0.0127252539705163,0.00806102707451747,-0.0285248670365706,0.00307435909553789,0.114465617591926
FUOM,Fucose mutarotase,Physical measures,X4119.Ankle spacing width (right),32145,0.00351578692856964,0.0099511476134895,-0.0159884623938698,0.0230200362510091,0.723869725152939
FUOM,Fucose mutarotase,Physical measures,X4120.Heel broadband ultrasound attenuation (right),32145,-0.0158728687971023,0.00821029038487037,-0.0319650379514482,0.000219300357243647,0.0532371832795576
FUOM,Fucose mutarotase,Physical measures,X4122.Speed of sound through heel (right),32145,-0.0164304900685064,0.00802712541430005,-0.0321636558805345,-0.000697324256478338,0.0407046596435805
FUOM,Fucose mutarotase,Physical measures,"X4123.Heel quantitative ultrasound index (QUI), direct entry (right)",32145,-0.0166145231271134,0.00808292084183605,-0.032457047977112,-0.000771998277114713,0.0398634677983737
FUOM,Fucose mutarotase,Physical measures,X4124.Heel bone mineral density (BMD) (right),32142,-0.0157994994842508,0.00806672550693673,-0.0316102814778468,1.12825093451889e-05,0.0501955835210069
FUOM,Fucose mutarotase,Physical measures,"X4125.Heel bone mineral density (BMD) T-score, automated (right)",32145,-0.0166108382609493,0.0080829111842572,-0.0324533441820934,-0.000768332339805212,0.0399072497921326
FUOM,Fucose mutarotase,Physical measures,X4194.Pulse rate,32382,0.0537134939404815,0.00791059235949019,0.0382087329158807,0.0692182549650823,1.20159067671896e-11
FUOM,Fucose mutarotase,Physical measures,X4195.Pulse wave reflection index,32382,0.0215768878482348,0.00790618818637956,0.00608075900293086,0.0370730166935387,0.00636448195335837
FUOM,Fucose mutarotase,Physical measures,X4196.Pulse wave peak to peak time,32379,-0.0483783398385268,0.00717758628232963,-0.0624464089518929,-0.0343102707251608,1.69247587766487e-11
FUOM,Fucose mutarotase,Physical measures,X4198.Position of the pulse wave peak,32382,0.0378808200412413,0.00699273944522478,0.0241750507286008,0.0515865893538819,6.23273695083529e-08
FUOM,Fucose mutarotase,Physical measures,X4199.Position of pulse wave notch,32382,0.0128627251377729,0.00779640342473639,-0.00241822557471045,0.0281436758502562,0.0990177128130169
FUOM,Fucose mutarotase,Physical measures,X4200.Position of the shoulder on the pulse waveform,32382,0.0405353675841395,0.00695981678865047,0.0268941266783846,0.0541766084898944,5.96261026106127e-09
FUOM,Fucose mutarotase,Physical measures,X4269.Number of triplets attempted (left),32295,-0.0357916090537226,0.0987071631767389,-0.229257648880131,0.157674430772686,0.71691053361348
FUOM,Fucose mutarotase,Physical measures,X4270.Volume level set by participant (left),32213,-0.00700131101519574,0.0323519690480678,-0.0704111703494086,0.0564085483190171,0.82867334663814
FUOM,Fucose mutarotase,Physical measures,X4276.Number of triplets attempted (right),32299,0.0113197840819145,0.0959773024539042,-0.176795728727738,0.199435296891567,0.906116397936852
FUOM,Fucose mutarotase,Physical measures,X4277.Volume level set by participant (right),32204,-0.0250054054053756,0.0322290009667954,-0.0881742473002945,0.0381634364895434,0.437851433361983
FUOM,Fucose mutarotase,Cognitive function,X4288.Time to answer,32442,-0.0117770182115934,0.00891929102498674,-0.0292588286205674,0.00570479219738061,0.186739835827754
FUOM,Fucose mutarotase,Cognitive function,X4290.Duration screen displayed,32442,-0.00341498296553122,0.00782334996360363,-0.0187487488941943,0.0119187829631319,0.662477383731908
FUOM,Fucose mutarotase,Physical measures,X46.Hand grip strength (left),48015,-0.0401844058460628,0.00642679463120964,-0.0527809233232337,-0.0275878883688919,4.10509986821032e-10
FUOM,Fucose mutarotase,Physical measures,X47.Hand grip strength (right),48017,-0.0395198427680065,0.0064145045335044,-0.0520922716536751,-0.0269474138823379,7.34518605274658e-10
FUOM,Fucose mutarotase,Physical measures,X48.Waist circumference,48090,0.138858471894257,0.00851488438860522,0.122169298492591,0.155547645295923,1.83728642178034e-59
FUOM,Fucose mutarotase,Health and medical history,X4803.Tinnitus,32294,0.065480376171169,0.0386398419272455,-0.0102537140062322,0.14121446634857,0.0901846599383974
FUOM,Fucose mutarotase,Working and living environment,X4825.Noisy workplace,32420,0.0904989330449704,0.0547838230547628,-0.0168773601423646,0.197875226232305,0.098588635437228
FUOM,Fucose mutarotase,Working and living environment,X4836.Loud music exposure frequency,32368,0.0118025465929995,0.0633068135025203,-0.11227880787194,0.135883901057939,0.852109159083483
FUOM,Fucose mutarotase,Physical measures,X49.Hip circumference,48088,-0.0561993055581934,0.00726104382873699,-0.0704309514625179,-0.0419676596538689,1.03517639333194e-14
FUOM,Fucose mutarotase,Physical measures,X50.Standing height,48085,-0.00455923793575441,0.00595136877180719,-0.0162239207284965,0.00710544485698767,0.443635019472263
FUOM,Fucose mutarotase,Health and medical history,X5057.Number of older siblings,31504,0.0422769670317557,0.0347034258936505,-0.0257417477197994,0.110295681783311,0.223175017007527
FUOM,Fucose mutarotase,Physical measures,X51.Seated height,47978,-0.00425307892073492,0.00596355297101959,-0.0159416427439333,0.00743548490246347,0.475742262442166
FUOM,Fucose mutarotase,Eye measures,X5181.Ever had eye surgery,29834,-0.0133244856127459,0.0784371421427733,-0.167061284212582,0.14041231298709,0.865115069290311
FUOM,Fucose mutarotase,Eye measures,X5186.Duration visual-acuity screen displayed (right),29820,-0.00600588516890583,0.00898513437185951,-0.0236167485377505,0.0116049781999388,0.503891314513675
FUOM,Fucose mutarotase,Eye measures,X5188.Duration visual-acuity screen displayed (left),29820,-0.00564508118352844,0.00900786188622922,-0.0233004904805377,0.0120103281134808,0.530893169656795
FUOM,Fucose mutarotase,Eye measures,X5190.Duration at which refractometer first shown (right),29755,-0.00495356247021524,0.00905592126612527,-0.0227031681518208,0.0127960432113903,0.584403756010364
FUOM,Fucose mutarotase,Eye measures,X5193.Duration at which refractometer first shown (left),29754,-0.00430520005652533,0.00910318594614611,-0.0221474445109717,0.013537044397921,0.636280212018693
FUOM,Fucose mutarotase,Eye measures,"X5199.logMAR, initial (right)",29803,0.0152672230897189,0.0412644226561398,-0.0656110453163152,0.0961454914957529,0.711408209534756
FUOM,Fucose mutarotase,Eye measures,X5200.Final number of letters displayed (right),29803,-0.0033663058199882,0.306183090043105,-0.603485162304474,0.596752550664497,0.991228307900472
FUOM,Fucose mutarotase,Eye measures,"X5201.logMAR, final (right)",29759,0.00358655374487101,0.00940573546604216,-0.0148486877685716,0.0220217952583137,0.702984337631734
FUOM,Fucose mutarotase,Eye measures,X5202.Number of rounds to result (right),29803,-0.000711754795808853,0.0386523951848208,-0.0764704493580576,0.0750469397664398,0.985309073953975
FUOM,Fucose mutarotase,Eye measures,"X5206.logMAR, initial (left)",29801,-0.0180795141667991,0.0410045511369862,-0.0984484343952922,0.0622894060616939,0.659292488845952
FUOM,Fucose mutarotase,Eye measures,X5207.Final number of letters displayed (left),29801,-0.115262947670839,0.246620886483911,-0.598639885179306,0.368113989837627,0.640254970344793
FUOM,Fucose mutarotase,Eye measures,"X5208.logMAR, final (left)",29747,-0.00210038502018614,0.00930815157562849,-0.020344362108418,0.0161435920680457,0.82148230633138
FUOM,Fucose mutarotase,Eye measures,X5209.Number of rounds to result (left),29799,0.00947123481490171,0.0390319748479957,-0.0670314358871699,0.0859739055169734,0.808283366926725
FUOM,Fucose mutarotase,Eye measures,"X5254.Intra-ocular pressure, corneal-compensated (right)",29553,-0.0103268083165889,0.00922716910436248,-0.0284120597611394,0.00775844312796157,0.263118586257891
FUOM,Fucose mutarotase,Eye measures,"X5255.Intra-ocular pressure, Goldmann-correlated (right)",29553,0.0120504087756364,0.00927960814933458,-0.00613762319705936,0.0302384407483322,0.194143283563308
FUOM,Fucose mutarotase,Eye measures,X5256.Corneal hysteresis (right),29553,0.0333650987637501,0.00915893362706033,0.0154135888547119,0.0513166086727884,0.000272259503450939
FUOM,Fucose mutarotase,Eye measures,X5257.Corneal resistance factor (right),29553,0.0325480205417623,0.00914822979321357,0.0146174901470637,0.0504785509364609,0.00037730321274684
FUOM,Fucose mutarotase,Eye measures,"X5262.Intra-ocular pressure, corneal-compensated (left)",29543,-0.00660045606056948,0.0092333467307557,-0.0246978156528506,0.0114969035317117,0.474734637047148
FUOM,Fucose mutarotase,Eye measures,"X5263.Intra-ocular pressure, Goldmann-correlated (left)",29543,0.0110369180359315,0.00914029342113341,-0.00687805706948997,0.028951893141353,0.227295161450063
FUOM,Fucose mutarotase,Eye measures,X5264.Corneal hysteresis (left),29543,0.0247068120870199,0.00934627425475661,0.00638811454769698,0.0430255096263429,0.00823069272837033
FUOM,Fucose mutarotase,Eye measures,X5265.Corneal resistance factor (left),29543,0.0247083129431591,0.00921905782148236,0.00663895961305367,0.0427776662732645,0.00738295864951821
FUOM,Fucose mutarotase,Lifestyle factors,X5364.Average weekly intake of other alcoholic drinks,29166,0.266640002167117,0.162624682771679,-0.0521043760653731,0.585384380399608,0.101154370236123
FUOM,Fucose mutarotase,Diet and food preferences,"X6144#1.Never eat eggs, dairy, wheat, sugar_Eggs or foods containing eggs",48014,0.0235724723496328,0.0245944655663443,-0.0246326801604019,0.0717776248596675,0.337847636552965
FUOM,Fucose mutarotase,Diet and food preferences,"X6144#2.Never eat eggs, dairy, wheat, sugar_Dairy products",48014,0.0226479560843048,0.0257907381827326,-0.0279018907538512,0.0731978029224607,0.379875076904019
FUOM,Fucose mutarotase,Diet and food preferences,"X6144#3.Never eat eggs, dairy, wheat, sugar_Wheat products",48014,-0.0374960007776627,0.0666181420338145,-0.168067559163939,0.0930755576086138,0.573542594313944
FUOM,Fucose mutarotase,Diet and food preferences,"X6144#4.Never eat eggs, dairy, wheat, sugar_Sugar or foods or drinks containing sugar",48014,0.00673127541534776,0.0108366192791853,-0.0145084983718555,0.027971049202551,0.534500304082397
FUOM,Fucose mutarotase,Diet and food preferences,"X6144#5.Never eat eggs, dairy, wheat, sugar_I eat all of the above",48014,-0.0163129081988365,0.00991125374663594,-0.0357389655422429,0.00311314914456995,0.0997981922630107
FUOM,Fucose mutarotase,Mental health,"X6145#3.Illness, injury, bereavement, stress in last 2 years_Death of a close relative",35337,-0.0244698594861938,0.0124390864372283,-0.0488504689031612,-8.92500692264188e-05,0.0491884002149221
FUOM,Fucose mutarotase,Mental health,"X6145#4.Illness, injury, bereavement, stress in last 2 years_Death of a spouse or partner",35337,-0.0270368654278486,0.0308313106350319,-0.0874662342725111,0.0333925034168139,0.380544644145135
FUOM,Fucose mutarotase,Mental health,"X6145#5.Illness, injury, bereavement, stress in last 2 years_Marital separation or divorce",35337,-0.0498714718524708,0.0243583629997513,-0.0976138633319832,-0.00212908037295834,0.040642136642711
FUOM,Fucose mutarotase,Mental health,"X6145#6.Illness, injury, bereavement, stress in last 2 years_Financial difficulties",35337,0.0272710272243193,0.0149398559940689,-0.00201109052405571,0.0565531449726943,0.0679699538344871
FUOM,Fucose mutarotase,Eye measures,X6147#1.Reason for glasses or contact lenses_For short-sightedness,48084,0.0238876237311391,0.0202139686936213,-0.0157317549083587,0.0635070023706369,0.237321393934137
FUOM,Fucose mutarotase,Eye measures,X6147#2.Reason for glasses or contact lenses_For long-sightedness,48084,0.0238876237311391,0.0202139686936213,-0.0157317549083587,0.0635070023706369,0.237321393934137
FUOM,Fucose mutarotase,Eye measures,X6147#3.Reason for glasses or contact lenses_For just reading or near work as you are getting older (called 'presbyopia'),48084,0.0021560901461638,0.0163680533484835,-0.0299252944168639,0.0342374747091915,0.895202530042023
FUOM,Fucose mutarotase,Eye measures,X6147#4.Reason for glasses or contact lenses_For 'astigmatism',48084,0.00841179801685558,0.0252627776474402,-0.0411032461721273,0.0579268422058384,0.739158360315579
FUOM,Fucose mutarotase,Eye measures,X6147#5.Reason for glasses or contact lenses_For a 'squint' or 'turn' in an eye since childhood (called 'strabismus'),48084,0.0492209539125611,0.064496340141188,-0.0771918727641674,0.17563378058929,0.445376273960881
FUOM,Fucose mutarotase,Eye measures,X6147#6.Reason for glasses or contact lenses_For a 'lazy' eye or an eye with poor vision since childhood (called 'amblyopia'),48084,-0.020521036165574,0.0439833854885564,-0.106728471723145,0.0656863993919965,0.64081660646201
FUOM,Fucose mutarotase,Eye measures,X6147#7.Reason for glasses or contact lenses_Other eye condition,48084,0.187332813108769,0.0691213547877396,0.0518549577247992,0.322810668492739,0.00672908212403144
FUOM,Fucose mutarotase,Health and medical history,X6149#1.Mouth or teeth dental problems_Mouth ulcers,48014,0.0245960055981593,0.0131480471909276,-0.00117416689605886,0.0503661780923775,0.0613995490291907
FUOM,Fucose mutarotase,Health and medical history,X6149#2.Mouth or teeth dental problems_Painful gums,48014,0.0628073291749454,0.021961831167479,0.0197621400866865,0.105852518263204,0.00424226745238604
FUOM,Fucose mutarotase,Health and medical history,X6149#3.Mouth or teeth dental problems_Bleeding gums,48014,0.0169126206561536,0.0117625621463896,-0.00614200115077004,0.0399672424630773,0.150494226226909
FUOM,Fucose mutarotase,Health and medical history,X6149#4.Mouth or teeth dental problems_Loose teeth,48014,0.0402998891521991,0.0215701515893437,-0.00197760796291452,0.0825773862673128,0.0617302460295586
FUOM,Fucose mutarotase,Health and medical history,X6149#5.Mouth or teeth dental problems_Toothache,48014,0.0606043710607963,0.0211886934002896,0.0190745319962287,0.102134210125364,0.00423716327798102
FUOM,Fucose mutarotase,Health and medical history,X6149#6.Mouth or teeth dental problems_Dentures,48014,0.0677254508990212,0.0117376431811991,0.0447196702638711,0.0907312315341714,8.02948018495853e-09
FUOM,Fucose mutarotase,Health and medical history,X6150#1.Vascular or heart problems diagnosed by doctor_Heart attack,30708,0.0627340318358336,0.0466868765780327,-0.0287722462571105,0.154240309928778,0.179088081665066
FUOM,Fucose mutarotase,Health and medical history,X6150#2.Vascular or heart problems diagnosed by doctor_Angina,30708,0.0552232024772484,0.0308447221254938,-0.00523245288871934,0.115678857843216,0.0734441565070362
FUOM,Fucose mutarotase,Health and medical history,X6150#3.Vascular or heart problems diagnosed by doctor_Stroke,30708,0.0167046193148182,0.0393341577336493,-0.0603903298431344,0.0937995684727709,0.671081062893746
FUOM,Fucose mutarotase,Health and medical history,X6150#4.Vascular or heart problems diagnosed by doctor_High blood pressure,30708,-0.00582628043587754,0.0349606014246415,-0.074349059228175,0.0626964983564199,0.867648669865046
FUOM,Fucose mutarotase,Health and medical history,X6151#1.Fractured bone site(s)_Ankle,48002,0.00135068070588821,0.0318895293403996,-0.0611527968012951,0.0638541582130715,0.96621606773398
FUOM,Fucose mutarotase,Health and medical history,X6151#2.Fractured bone site(s)_Leg,48002,0.0544678744864636,0.0561953273772009,-0.0556749671728501,0.164610716145777,0.332425511283292
FUOM,Fucose mutarotase,Health and medical history,X6151#3.Fractured bone site(s)_Hip,48002,0.244033914333334,0.0916939316306671,0.0643138083372264,0.423754020329442,0.00778700397054473
FUOM,Fucose mutarotase,Health and medical history,X6151#4.Fractured bone site(s)_Spine,48002,0.0469727801179557,0.0849970153801355,-0.11962137002711,0.213566930263021,0.580514953210912
FUOM,Fucose mutarotase,Health and medical history,X6151#5.Fractured bone site(s)_Wrist,48002,-0.0255919980454851,0.0268039088264073,-0.0781276593452434,0.0269436632542731,0.339695707147603
FUOM,Fucose mutarotase,Health and medical history,X6151#6.Fractured bone site(s)_Arm,48002,0.0584265558597566,0.0389864699686029,-0.017986925278705,0.134840036998218,0.133981302407237
FUOM,Fucose mutarotase,Health and medical history,X6151#7.Fractured bone site(s)_Other bones,48002,0.0162964877313643,0.019027653753178,-0.0209977136248646,0.0535906890875932,0.391750261243731
FUOM,Fucose mutarotase,Health and medical history,"X6152#5.Blood clot, DVT, bronchitis, emphysema, asthma, rhinitis, eczema, allergy diagnosed by doctor_Blood clot in the leg (DVT)",32539,0.0205009102314918,0.028896565928072,-0.0361363589875293,0.0771381794505128,0.478060537218951
FUOM,Fucose mutarotase,Health and medical history,"X6152#6.Blood clot, DVT, bronchitis, emphysema, asthma, rhinitis, eczema, allergy diagnosed by doctor_Emphysema or chronic bronchitis",32539,-0.0364892964872669,0.0332275002736353,-0.101615197023592,0.0286366040490583,0.272164895715994
FUOM,Fucose mutarotase,Health and medical history,"X6152#7.Blood clot, DVT, bronchitis, emphysema, asthma, rhinitis, eczema, allergy diagnosed by doctor_Blood clot in the lung",32539,0.0267764585217026,0.0438968839540183,-0.0592614340281732,0.112814351071578,0.541888615028609
FUOM,Fucose mutarotase,Health and medical history,"X6152#8.Blood clot, DVT, bronchitis, emphysema, asthma, rhinitis, eczema, allergy diagnosed by doctor_Asthma",32539,0.012702736296363,0.015070973391591,-0.0168363715511553,0.0422418441438813,0.399331092644766
FUOM,Fucose mutarotase,Health and medical history,"X6154#1.Medication for pain relief, constipation, heartburn_Aspirin",35547,0.0425614213936476,0.0154535795553571,0.0122724054651477,0.0728504373221475,0.00589412646581614
FUOM,Fucose mutarotase,Health and medical history,"X6154#2.Medication for pain relief, constipation, heartburn_Ibuprofen",35547,-0.0668158969956109,0.0134490307380368,-0.093175997242163,-0.0404557967490589,6.86263531288622e-07
FUOM,Fucose mutarotase,Health and medical history,"X6154#3.Medication for pain relief, constipation, heartburn_Paracetamol",35547,0.00758839117554914,0.0126542065447336,-0.0172138536521287,0.032390636003227,0.548736158992945
FUOM,Fucose mutarotase,Health and medical history,"X6154#4.Medication for pain relief, constipation, heartburn_Ranitidine",35547,0.00162579636266662,0.0300049858383324,-0.0571839758804649,0.0604355686057981,0.956789378779851
FUOM,Fucose mutarotase,Health and medical history,"X6154#5.Medication for pain relief, constipation, heartburn_Omeprazole",35547,0.117084896909543,0.0180405345193047,0.0817254492517057,0.15244434456738,8.94359673724261e-11
FUOM,Fucose mutarotase,Health and medical history,"X6154#6.Medication for pain relief, constipation, heartburn_Laxatives",35547,-0.00827535462502166,0.0211873023029602,-0.0498024671388236,0.0332517578887803,0.69611457889011
FUOM,Fucose mutarotase,Health and medical history,X6155#1.Vitamin and mineral supplements_Vitamin A,48014,-0.0526815327138808,0.0289261310568598,-0.109376749585326,0.00401368415756433,0.0685825019580742
FUOM,Fucose mutarotase,Health and medical history,X6155#2.Vitamin and mineral supplements_Vitamin B,48014,0.00741372080624415,0.0184311063517286,-0.0287112476431438,0.0435386892556321,0.687511351570075
FUOM,Fucose mutarotase,Health and medical history,X6155#3.Vitamin and mineral supplements_Vitamin C,48014,-0.0836105724298219,0.0751482244828352,-0.230901092416179,0.0636799475565351,0.265887850137134
FUOM,Fucose mutarotase,Health and medical history,X6155#4.Vitamin and mineral supplements_Vitamin D,48014,0.000120162894019051,0.018138636547772,-0.035431564739614,0.0356718905276522,0.994714354681466
FUOM,Fucose mutarotase,Health and medical history,X6155#5.Vitamin and mineral supplements_Vitamin E,48014,-0.00280159723504477,0.0217354828798661,-0.0454031436795824,0.0397999492094929,0.897441754263002
FUOM,Fucose mutarotase,Health and medical history,X6155#6.Vitamin and mineral supplements_Folic acid or Folate (Vit B9),48014,0.094522108131784,0.0242328490746298,0.0470257239455095,0.142018492318058,9.62297383380339e-05
FUOM,Fucose mutarotase,Health and medical history,X6155#7.Vitamin and mineral supplements_Multivitamins + or - minerals,48014,-0.00650000310088598,0.00868846766332659,-0.0235293997210061,0.0105293935192341,0.454396171450983
FUOM,Fucose mutarotase,Lifestyle factors,X6157#1.Why stopped smoking_Illness or ill health,28180,-0.00222032635549228,0.0315296783788619,-0.0640184959780617,0.0595778432670771,0.943862987492903
FUOM,Fucose mutarotase,Lifestyle factors,X6157#2.Why stopped smoking_Doctor's advice,28180,0.103115918958291,0.042543659199809,0.0197303469266655,0.186501490989917,0.0154077271581621
FUOM,Fucose mutarotase,Lifestyle factors,X6157#3.Why stopped smoking_Health precaution,28180,-0.043815011722955,0.0278365183239471,-0.0983745876378914,0.0107445641919814,0.115569525494664
FUOM,Fucose mutarotase,Lifestyle factors,X6157#4.Why stopped smoking_Financial reasons,28180,0.0424471573834422,0.024980331027501,-0.00651429143045978,0.0914086061973442,0.0893605492185311
FUOM,Fucose mutarotase,Health and medical history,X6159#1.Pain type(s) experienced in last month_Headache,48119,0.0150450128216213,0.00992920228794017,-0.00441622366274148,0.034506249305984,0.12972783816946
FUOM,Fucose mutarotase,Health and medical history,X6159#2.Pain type(s) experienced in last month_Facial pain,48119,0.0534556428879817,0.0266723707228029,0.00117779627128801,0.105733489504675,0.0450645204879258
FUOM,Fucose mutarotase,Health and medical history,X6159#3.Pain type(s) experienced in last month_Neck or shoulder pain,48119,0.0423228735865957,0.00971271454967087,0.0232859530692408,0.0613597941039506,1.32127585462093e-05
FUOM,Fucose mutarotase,Health and medical history,X6159#4.Pain type(s) experienced in last month_Back pain,48119,0.0287310696746273,0.00967269599245675,0.00977258552941204,0.0476895538198425,0.00297781509986845
FUOM,Fucose mutarotase,Health and medical history,X6159#5.Pain type(s) experienced in last month_Stomach or abdominal pain,48119,0.0545547710788078,0.0139124809180193,0.02728630847949,0.0818232336781256,8.83270785953543e-05
FUOM,Fucose mutarotase,Health and medical history,X6159#6.Pain type(s) experienced in last month_Hip pain,48119,0.035899574124107,0.0123290418517743,0.0117346520946293,0.0600644961535847,0.00359700238185698
FUOM,Fucose mutarotase,Health and medical history,X6159#7.Pain type(s) experienced in last month_Knee pain,48119,0.00348539818019334,0.0103666247817067,-0.0168331863919519,0.0238039827523385,0.736712928279625
FUOM,Fucose mutarotase,Health and medical history,X6159#8.Pain type(s) experienced in last month_Pain all over the body,48119,0.13441147843472,0.0279847397059473,0.0795613886110635,0.189261568258377,1.57240112141573e-06
FUOM,Fucose mutarotase,Lifestyle factors,X6160#1.Leisure or social activities_Sports club or gym,40768,-0.0489114674450986,0.0103120292650777,-0.0691230448046509,-0.0286998900855463,2.12204260375295e-06
FUOM,Fucose mutarotase,Lifestyle factors,X6160#2.Leisure or social activities_Pub or social club,40768,0.0230399326358626,0.0114046082493055,0.000686900467223823,0.0453929648045014,0.0433758358512004
FUOM,Fucose mutarotase,Lifestyle factors,X6160#3.Leisure or social activities_Religious group,40768,0.0215855069581536,0.0114557046710079,-0.000867674197021807,0.0440386881133291,0.0595478032001059
FUOM,Fucose mutarotase,Lifestyle factors,X6160#4.Leisure or social activities_Adult education class,40768,-0.0142813096757121,0.0146348213990742,-0.0429655596178976,0.0144029402664734,0.329156006424265
FUOM,Fucose mutarotase,Lifestyle factors,X6160#5.Leisure or social activities_Other group activity,40768,-0.0229509945285609,0.0103890167197072,-0.0433134672991871,-0.0025885217579347,0.027177392766582
FUOM,Fucose mutarotase,Physical activities,X6162#1.Types of transport used (excluding work)_Car or motor vehicle,47916,0.0170798244272948,0.0104299903433697,-0.00336295664570974,0.0375226055002993,0.101525132209679
FUOM,Fucose mutarotase,Physical activities,X6162#2.Types of transport used (excluding work)_Walk,47916,-0.0264804762661752,0.00842699984172476,-0.0429973959559558,-0.00996355657639471,0.00167813312564106
FUOM,Fucose mutarotase,Physical activities,X6162#3.Types of transport used (excluding work)_Public transport,47916,-0.0116885459236923,0.00919710878941442,-0.0297148791509446,0.00633778730355993,0.203779133029498
FUOM,Fucose mutarotase,Physical activities,X6162#4.Types of transport used (excluding work)_Cycle,47916,-0.0458706162115215,0.0202428763693949,-0.0855466538955356,-0.00619457852750744,0.0234596707393204
FUOM,Fucose mutarotase,Physical activities,X6164#1.Types of physical activity in last 4 weeks_Walking for pleasure (not as a means of transport),47926,-0.0249202656068639,0.00952555193538127,-0.0435903474002112,-0.0062501838135166,0.00889846077179628
FUOM,Fucose mutarotase,Physical activities,X6164#3.Types of physical activity in last 4 weeks_Strenuous sports,47926,-0.0542815376174836,0.01723644229616,-0.0880649645179572,-0.02049811071701,0.001639059719037
FUOM,Fucose mutarotase,Health and medical history,X6179#1.Mineral and other dietary supplements_Fish oil (including cod liver oil),48014,-0.00489272974371708,0.0090758894878467,-0.0226814731398966,0.0128960136524624,0.58982920419374
FUOM,Fucose mutarotase,Health and medical history,X6179#2.Mineral and other dietary supplements_Glucosamine,48014,-0.0327716719103853,0.0103049050263864,-0.0529692857621025,-0.012574058058668,0.00147363339605313
FUOM,Fucose mutarotase,Health and medical history,X6179#3.Mineral and other dietary supplements_Calcium,48014,0.00937776186750987,0.0134421759150919,-0.0169689029260703,0.03572442666109,0.485410999711656
FUOM,Fucose mutarotase,Health and medical history,X6179#4.Mineral and other dietary supplements_Zinc,48014,0.0215127216634448,0.0195577693817389,-0.0168205063247634,0.059845949651653,0.271361731761397
FUOM,Fucose mutarotase,Health and medical history,X6179#5.Mineral and other dietary supplements_Iron,48014,0.00814522599899711,0.0200169044063983,-0.0310879066375435,0.0473783586355377,0.684072377688968
FUOM,Fucose mutarotase,Health and medical history,X6179#6.Mineral and other dietary supplements_Selenium,48014,0.0436931696084467,0.0259929955887412,-0.00725310174548609,0.0946394409623796,0.0927840599144289
FUOM,Fucose mutarotase,Physical measures,"X78.Heel bone mineral density (BMD) T-score, automated",37783,-0.0206245192048205,0.005983057075741,-0.0323513110732728,-0.00889772733636812,0.000568273671383314
FUOM,Fucose mutarotase,Physical activities,X864.Number of days or week walked 10+ minutes,47582,-0.071323733059466,0.018986581642956,-0.10853743307966,-0.0341100330392723,0.000172705766739256
FUOM,Fucose mutarotase,Physical activities,X874.Duration of walks,44103,-0.0146239040793874,0.00460800949832248,-0.0236556026960995,-0.00559220546267536,0.00150801417713969
FUOM,Fucose mutarotase,Physical activities,X884.Number of days or week of moderate physical activity 10+ minutes,46661,-0.0515785567858354,0.0185391326027536,-0.0879152566872324,-0.0152418568844384,0.00540464613179521
FUOM,Fucose mutarotase,Physical activities,X894.Duration of moderate activity,41397,-0.0588502125451376,0.0230481144697802,-0.104024516905907,-0.0136759081843685,0.010677490985054
FUOM,Fucose mutarotase,Physical activities,X90087.No-wear time bias adjusted average acceleration,29457,-0.0200212901918549,0.00947543846682259,-0.0385931495868272,-0.00144943079688266,0.0346529557118059
FUOM,Fucose mutarotase,Physical activities,X904.Number of days or week of vigorous physical activity 10+ minutes,46671,-0.086307492472925,0.0190493547540418,-0.123644227790847,-0.0489707571550032,5.90861452318056e-06
FUOM,Fucose mutarotase,Physical activities,X914.Duration of vigorous activity,36138,-0.0153244697508198,0.00617322432475134,-0.0274239894273324,-0.00322495007430721,0.0130636613576513
