Protein,Protein_definition,Trait_category,Trait,sample_size,Estimated_effect,se,lowerCI,upperCI,Pvalue
RAB33A,Ras-related protein Rab-33A,Lifestyle factors,X1050.Time spend outdoors in summer,45047,0.0250191525203504,0.0194521273343282,-0.0131070170549328,0.0631453220956336,0.198390845769401
RAB33A,Ras-related protein Rab-33A,Lifestyle factors,X1060.Time spent outdoors in winter,41927,0.0326666861553485,0.0221202496860037,-0.0106890032292187,0.0760223755399157,0.139753321132289
RAB33A,Ras-related protein Rab-33A,Physical activities,X1070.Time spent watching television (TV),46347,0.0120384350972578,0.0197656455612058,-0.0267022302027055,0.0507791003972211,0.542491961189595
RAB33A,Ras-related protein Rab-33A,Physical activities,X1080.Time spent using computer,41893,-0.0413099152362123,0.0209341637425463,-0.082340876171603,-0.000278954300821539,0.0484742734729071
RAB33A,Ras-related protein Rab-33A,Physical activities,X1090.Time spent driving,39712,0.00679184365249441,0.0229185801331742,-0.0381285734085271,0.0517122607135159,0.766969422937552
RAB33A,Ras-related protein Rab-33A,Lifestyle factors,X1160.Sleep duration,47633,-0.0193506174545523,0.0179219322809631,-0.05447760472524,0.0157763698161354,0.28027939337588
RAB33A,Ras-related protein Rab-33A,Health and medical history,X120039#0.Location of pain during the past week_None of the given areas,32384,0.0445294728350756,0.0254931697349703,-0.00543713984546629,0.0944960855156174,0.0807243287051129
RAB33A,Ras-related protein Rab-33A,Health and medical history,X120039#1.Location of pain during the past week_Left shoulder,32384,0.024062226355577,0.0227547843603032,-0.0205371509906173,0.0686616037017714,0.290334864538589
RAB33A,Ras-related protein Rab-33A,Health and medical history,X120039#10.Location of pain during the past week_Upper right leg,32384,-0.0455687707580722,0.0267981695656719,-0.0980931831067892,0.00695564159064472,0.089086753483987
RAB33A,Ras-related protein Rab-33A,Health and medical history,X120039#11.Location of pain during the past week_Lower left leg,32384,0.0011787010176693,0.0273518941047044,-0.0524310114275514,0.05478841346289,0.965627730779969
RAB33A,Ras-related protein Rab-33A,Health and medical history,X120039#12.Location of pain during the past week_Lower right leg,32384,-0.0173501979579085,0.0277685359193035,-0.0717765283597434,0.0370761324439264,0.532110452561999
RAB33A,Ras-related protein Rab-33A,Health and medical history,X120039#13.Location of pain during the past week_Left jaw pain,32384,-0.0792469116469003,0.053307119344623,-0.183728865562361,0.0252350422685608,0.13715751685177
RAB33A,Ras-related protein Rab-33A,Health and medical history,X120039#14.Location of pain during the past week_Right jaw pain,32384,-0.0024900005235833,0.052379709916159,-0.105154231959255,0.100174230912088,0.962086039248607
RAB33A,Ras-related protein Rab-33A,Health and medical history,X120039#15.Location of pain during the past week_Chest pain,32384,-0.021962472692433,0.0410704304143443,-0.102460516304548,0.0585355709196818,0.592836719996389
RAB33A,Ras-related protein Rab-33A,Health and medical history,X120039#16.Location of pain during the past week_Abdomen,32384,-0.038242703379506,0.0293269686546059,-0.0957235619425335,0.0192381551835216,0.192267513239458
RAB33A,Ras-related protein Rab-33A,Health and medical history,X120039#17.Location of pain during the past week_Neck pain,32384,-0.0123128522645232,0.0204335964359971,-0.0523627012790775,0.0277369967500311,0.546806145117504
RAB33A,Ras-related protein Rab-33A,Health and medical history,X120039#18.Location of pain during the past week_Upper back,32384,0.0235765258747137,0.0282726887623097,-0.0318379440994133,0.0789909958488407,0.404363829371977
RAB33A,Ras-related protein Rab-33A,Health and medical history,X120039#19.Location of pain during the past week_Lower back,32384,0.00338512276359788,0.0173257805204764,-0.0305734070565358,0.0373436525837316,0.845099945407273
RAB33A,Ras-related protein Rab-33A,Health and medical history,X120039#2.Location of pain during the past week_Right shoulder,32384,0.0122808208406894,0.0216180214041793,-0.030090501111502,0.0546521427928808,0.569994992584548
RAB33A,Ras-related protein Rab-33A,Health and medical history,X120039#3.Location of pain during the past week_Upper left arm,32384,0.0293907715115397,0.0307491183461632,-0.0308775004469402,0.0896590434700196,0.339189859180186
RAB33A,Ras-related protein Rab-33A,Health and medical history,X120039#4.Location of pain during the past week_Upper right arm,32384,-0.0060052832966115,0.0290826807192417,-0.0630073375063252,0.0509967709131022,0.836413460232887
RAB33A,Ras-related protein Rab-33A,Health and medical history,X120039#5.Location of pain during the past week_Lower left arm,32384,-0.0407785972582851,0.0404509883769822,-0.12006253447717,0.0385053399606,0.313437731981959
RAB33A,Ras-related protein Rab-33A,Health and medical history,X120039#6.Location of pain during the past week_Lower right arm,32384,-0.0606306246629619,0.0384796810478722,-0.136050799516791,0.0147895501908676,0.115145675972305
RAB33A,Ras-related protein Rab-33A,Health and medical history,X120039#7.Location of pain during the past week_Left hip,32384,-0.00978114756143057,0.0229637023689162,-0.0547900042045064,0.0352277090816452,0.670163499301359
RAB33A,Ras-related protein Rab-33A,Health and medical history,X120039#8.Location of pain during the past week_Right hip,32384,-0.0203763384626878,0.0214316206421184,-0.0623823149212399,0.0216296379958643,0.341754934029245
RAB33A,Ras-related protein Rab-33A,Health and medical history,X120039#9.Location of pain during the past week_Upper left leg,32384,0.00409816233052086,0.0284072820806727,-0.0515801105475975,0.0597764352086393,0.885295275357299
RAB33A,Ras-related protein Rab-33A,Health and medical history,X120040.Fatigue severity over the past week,32391,-0.0201900229204934,0.0311135296155494,-0.0811725409669702,0.0407924951259835,0.51641236708297
RAB33A,Ras-related protein Rab-33A,Health and medical history,X120041.Waking unrefreshed severity over the past week,32390,0.00116277394502086,0.0310263569193793,-0.0596488856169626,0.0619744335070044,0.970105642643891
RAB33A,Ras-related protein Rab-33A,Health and medical history,X120042.Cognitive symptoms severity over the past week,32388,0.0314294260693042,0.0333636000294493,-0.0339632299884164,0.0968220821270249,0.346207283245545
RAB33A,Ras-related protein Rab-33A,Health and medical history,X120098.Mobility problems today,32394,0.00644565102869168,0.0366455727439799,-0.0653796715495089,0.0782709736068922,0.860383534911389
RAB33A,Ras-related protein Rab-33A,Health and medical history,X120099.Self-care problems today,32394,-0.125797547248348,0.0587783122138829,-0.241003039187559,-0.0105920553091377,0.0323687119833164
RAB33A,Ras-related protein Rab-33A,Health and medical history,X120100.Problems doing usual activities,32394,0.0165996360734482,0.0348212125252253,-0.0516499404759933,0.0848492126228898,0.633581437234791
RAB33A,Ras-related protein Rab-33A,Health and medical history,X120101.Pain or discomfort today,32394,0.0123334322770926,0.0311924143176584,-0.0488036997855179,0.0734705643397032,0.692559476445377
RAB33A,Ras-related protein Rab-33A,Health and medical history,X120102.Anxiety or depression today,32394,0.018414000653343,0.0366510637901897,-0.0534220843754289,0.0902500856821148,0.615390400627413
RAB33A,Ras-related protein Rab-33A,Health and medical history,X120103.Scale to indicate how health is today,32357,0.0019671388854599,0.00750418606329499,-0.0127410657985983,0.0166753435695181,0.793221207556985
RAB33A,Ras-related protein Rab-33A,Health and medical history,X120104.Little interest or pleasure in doing things over the last two weeks,32369,-0.0117420064917973,0.0380672478958432,-0.0863538123676499,0.0628697993840553,0.75774478304337
RAB33A,Ras-related protein Rab-33A,Health and medical history,"X120105.Feeling down, depressed, or hopeless over the last two weeks",32347,0.0209518119201933,0.0381483148262958,-0.0538188851393466,0.0957225089797331,0.582870117478142
RAB33A,Ras-related protein Rab-33A,Health and medical history,"X120106.Trouble falling or staying asleep, or sleeping too much over the last two weeks",32377,0.00967140124231632,0.0307385260574188,-0.0505761098302246,0.0699189123148572,0.753047454774828
RAB33A,Ras-related protein Rab-33A,Health and medical history,X120107.Feeling tired or having little energy over the last two weeks,32378,0.00234509021364668,0.0317523765928994,-0.0598895679084361,0.0645797483357295,0.941127164882687
RAB33A,Ras-related protein Rab-33A,Health and medical history,X120108.Poor appetite or overeating over the last two weeks,32379,0.0107643619042571,0.0385039124042708,-0.0647033064081137,0.0862320302166279,0.779818246850457
RAB33A,Ras-related protein Rab-33A,Health and medical history,X120109.Feeling bad about self over the last two weeks,32354,-0.00992714520152067,0.0399725254604294,-0.0882732951039623,0.0684190047009209,0.803870680833378
RAB33A,Ras-related protein Rab-33A,Health and medical history,X120110.Trouble concentrating over the last two weeks,32376,-0.0352836218260162,0.0415358918919395,-0.116693969934217,0.0461267262821851,0.395643775735804
RAB33A,Ras-related protein Rab-33A,Health and medical history,X120111.Moving or speaking slower or faster than usual over the last two weeks,32368,-0.0545217374917274,0.0609378462718345,-0.173959916184523,0.0649164412010683,0.370969016039482
RAB33A,Ras-related protein Rab-33A,Health and medical history,X120112.Thoughts of being better off dead or of hurting self over the last two weeks,32336,-0.00938392853876385,0.0823513633506331,-0.170792600706005,0.152024743628477,0.909280421304228
RAB33A,Ras-related protein Rab-33A,Health and medical history,"X120113.Level of difficultly depression has made to do work, take care of things at home, or get along with other people",30420,-0.0179828361434732,0.0414799353121046,-0.0992835093551983,0.0633178370682518,0.664644754093146
RAB33A,Ras-related protein Rab-33A,Lifestyle factors,X1269.Exposure to tobacco smoke at home,45631,-0.0409162291996959,0.0438271364520049,-0.126817416645625,0.0449849582462338,0.350530156356839
RAB33A,Ras-related protein Rab-33A,Lifestyle factors,X1279.Exposure to tobacco smoke outside home,44046,0.00784239431464114,0.0280912993376799,-0.0472165523872114,0.0629013410164937,0.780113315877175
RAB33A,Ras-related protein Rab-33A,Diet and food preferences,X1289.Cooked vegetable intake,47181,-0.021359322428447,0.018699784271703,-0.0580108996009847,0.0152922547440908,0.253373398847632
RAB33A,Ras-related protein Rab-33A,Diet and food preferences,X1299.Salad  or  raw vegetable intake,46762,-0.0590850128630954,0.0201998006114245,-0.0986766220614875,-0.0194934036647033,0.00344770330947053
RAB33A,Ras-related protein Rab-33A,Diet and food preferences,X1309.Fresh fruit intake,47235,-0.0279609497251594,0.019380708414173,-0.0659471382169384,0.0100252387666197,0.149112906184751
RAB33A,Ras-related protein Rab-33A,Diet and food preferences,X1319.Dried fruit intake,45769,-0.0105783567109034,0.0195100615689932,-0.0488180773861301,0.0276613639643234,0.587686356304073
RAB33A,Ras-related protein Rab-33A,Health and medical history,X134.Number of self-reported cancers,47887,-0.0289938672108858,0.0322756519584237,-0.0922541450493962,0.0342664106276246,0.369024144769417
RAB33A,Ras-related protein Rab-33A,Health and medical history,X135.Number of self-reported non-cancer illnesses,47887,0.0387029355799723,0.0184973082389627,0.00244821143160549,0.0749576597283391,0.0364175010984553
RAB33A,Ras-related protein Rab-33A,Health and medical history,"X136.Number of operations, self-reported",47887,0.00180588091621752,0.0187994103082148,-0.0350409632878835,0.0386527251203185,0.92347333716921
RAB33A,Ras-related protein Rab-33A,Health and medical history,X137.Number of treatments or medications taken,47887,0.0340111045656941,0.0181289615095205,-0.00152165999296609,0.0695438691243543,0.0606588171749194
RAB33A,Ras-related protein Rab-33A,Diet and food preferences,X1438.Bread intake,47071,0.00465826234548234,0.00489380804185194,-0.00493360141654746,0.0142501261075121,0.341173782883233
RAB33A,Ras-related protein Rab-33A,Diet and food preferences,X1458.Cereal intake,46690,-0.00555492578686284,0.0185813187453124,-0.0419743105276751,0.0308644589539494,0.764979324653508
RAB33A,Ras-related protein Rab-33A,Diet and food preferences,X1488.Tea intake,47093,-0.0115298158219601,0.00455746400687747,-0.0204624452754399,-0.00259718636848021,0.0114170290050369
RAB33A,Ras-related protein Rab-33A,Diet and food preferences,X1498.Coffee intake,46046,0.0368951427657197,0.0186377535628568,0.000365145782520428,0.073425139748919,0.0477621014856189
RAB33A,Ras-related protein Rab-33A,Diet and food preferences,X1528.Water intake,46431,0.0191431828267003,0.0191020715333848,-0.0182968773787339,0.0565832430321345,0.316281127775734
RAB33A,Ras-related protein Rab-33A,Lifestyle factors,X1568.Average weekly red wine intake,38735,-0.0225764578901785,0.0228306156211297,-0.0673244645075926,0.0221715487272357,0.322744638076028
RAB33A,Ras-related protein Rab-33A,Lifestyle factors,X1578.Average weekly champagne plus white wine intake,38730,0.0366430199219376,0.022811778922949,-0.00806806676704255,0.0813541066109177,0.108225702471672
RAB33A,Ras-related protein Rab-33A,Lifestyle factors,X1588.Average weekly beer plus cider intake,38756,-0.00194599910050473,0.0288083917750617,-0.0584104469796257,0.0545184487786162,0.946145017377048
RAB33A,Ras-related protein Rab-33A,Lifestyle factors,X1598.Average weekly spirits intake,38693,0.0229842073080107,0.025722663834187,-0.0274322138069958,0.0734006284230172,0.371583614074731
RAB33A,Ras-related protein Rab-33A,Lifestyle factors,X1608.Average weekly fortified wine intake,38763,0.103256466867373,0.039010380799041,0.0267961205012527,0.179716813233493,0.00813229996520053
RAB33A,Ras-related protein Rab-33A,Lifestyle factors,X1737.Childhood sunburn occasions,42300,-0.0439603442026002,0.0222924469705465,-0.0876535402648713,-0.000267148140329188,0.0486268732763607
RAB33A,Ras-related protein Rab-33A,Health and medical history,X1807.Father's age at death,41635,0.00407346281092521,0.00526087287959874,-0.00623784803308832,0.0143847736549387,0.438767547620034
RAB33A,Ras-related protein Rab-33A,Health and medical history,X1845.Mother's age,33545,0.0224480604684503,0.0121201884151646,-0.00130750882527238,0.046203629762173,0.0640407795768937
RAB33A,Ras-related protein Rab-33A,Health and medical history,X1873.Number of full brothers,47447,0.0104109227928127,0.0179741204684498,-0.0248183533253488,0.0456401989109743,0.562448185625343
RAB33A,Ras-related protein Rab-33A,Health and medical history,X1883.Number of full sisters,47450,0.0252030100490353,0.0179868849371961,-0.010051284427869,0.0604573045259397,0.161171310868383
RAB33A,Ras-related protein Rab-33A,Physical measures,X20015.Sitting height,47728,-0.0149839380493105,0.00601709848647023,-0.0267774510827922,-0.00319042501582885,0.0127730908465576
RAB33A,Ras-related protein Rab-33A,Cognitive function,X20016.Fluid intelligence score,32059,0.0111745496587829,0.029953003872857,-0.0475333379320168,0.0698824372495826,0.709107191973273
RAB33A,Ras-related protein Rab-33A,Cognitive function,X20018.Prospective memory result,32341,-0.000622864716783927,0.0397649253390702,-0.0785621183813615,0.0773163889477936,0.987503105746747
RAB33A,Ras-related protein Rab-33A,Physical measures,X20019.Speech-reception-threshold (SRT) estimate (left),31952,-0.0110341930621232,0.00821210638008899,-0.0271299215670977,0.00506153544285118,0.179102386465728
RAB33A,Ras-related protein Rab-33A,Physical measures,X20021.Speech-reception-threshold (SRT) estimate (right),31932,-0.0175256094744065,0.00823805884483891,-0.0336722048102907,-0.00137901413852218,0.0334198555637866
RAB33A,Ras-related protein Rab-33A,Cognitive function,X20023.Mean time to correctly identify matches,47606,0.00401178340987419,0.00494302780337063,-0.00567655108473224,0.0137001179044806,0.417026974538682
RAB33A,Ras-related protein Rab-33A,Health and medical history,X20107#1.Illnesses of father_Heart disease,45149,-0.010547739891492,0.0101592525752911,-0.0304598749390625,0.00936439515607855,0.299170578174812
RAB33A,Ras-related protein Rab-33A,Health and medical history,X20107#10.Illnesses of father_Alzheimer's disease or dementia,44794,-0.0354587572443173,0.0220294398342743,-0.0786364593194949,0.00771894483086041,0.107499030627761
RAB33A,Ras-related protein Rab-33A,Health and medical history,X20107#11.Illnesses of father_Parkinson's disease,44765,0.0369535857234566,0.0300804509244804,-0.022004098088525,0.0959112695354382,0.219276658179722
RAB33A,Ras-related protein Rab-33A,Health and medical history,X20107#12.Illnesses of father_Severe depression,44781,-0.00257366897377427,0.0237735572321266,-0.0491698411487424,0.0440225032011939,0.913792399418653
RAB33A,Ras-related protein Rab-33A,Health and medical history,X20107#13.Illnesses of father_Prostate cancer,44788,-0.000811515717391731,0.0180468460490192,-0.0361833339734694,0.034560302538686,0.96413391309302
RAB33A,Ras-related protein Rab-33A,Health and medical history,X20107#2.Illnesses of father_Stroke,44916,-0.0208726914015351,0.0132356348602514,-0.0468145357276278,0.00506915292455751,0.114809326816605
RAB33A,Ras-related protein Rab-33A,Health and medical history,X20107#3.Illnesses of father_Lung cancer,44873,-0.00327688498619399,0.0165408180752669,-0.0356968884137172,0.0291431184413292,0.842961752632398
RAB33A,Ras-related protein Rab-33A,Health and medical history,X20107#4.Illnesses of father_Bowel cancer,44791,-0.0562545574156056,0.0211338365444866,-0.0976768770427994,-0.0148322377884118,0.00777795456348033
RAB33A,Ras-related protein Rab-33A,Health and medical history,X20107#6.Illnesses of father_Chronic bronchitis or emphysema,44925,0.006914266413538,0.0149063670967039,-0.0223022130960016,0.0361307459230776,0.642762646965508
RAB33A,Ras-related protein Rab-33A,Health and medical history,X20107#8.Illnesses of father_High blood pressure,44963,-0.00950503580284524,0.0113058401185702,-0.0316644824352429,0.0126544108295524,0.400515114563519
RAB33A,Ras-related protein Rab-33A,Health and medical history,X20107#9.Illnesses of father_Diabetes,44853,0.014300434935036,0.0157886614114698,-0.0166453414314448,0.0452462113015169,0.365083754488166
RAB33A,Ras-related protein Rab-33A,Health and medical history,X20110#1.Illnesses of mother_Heart disease,46307,0.00530881501741767,0.011245807613896,-0.0167329679058186,0.0273505979406539,0.636881118172016
RAB33A,Ras-related protein Rab-33A,Health and medical history,X20110#10.Illnesses of mother_Alzheimer's disease or dementia,46195,0.0182093216565516,0.0165204003788588,-0.0141706630860116,0.0505893063991147,0.270372820983435
RAB33A,Ras-related protein Rab-33A,Health and medical history,X20110#11.Illnesses of mother_Parkinson's disease,46138,-0.0197743342018198,0.0352240357164892,-0.0888134442061387,0.0492647758024992,0.574539188042998
RAB33A,Ras-related protein Rab-33A,Health and medical history,X20110#12.Illnesses of mother_Severe depression,46168,0.00877511445117874,0.0177322287809692,-0.025980053959521,0.0435302828618784,0.620698232866491
RAB33A,Ras-related protein Rab-33A,Health and medical history,X20110#2.Illnesses of mother_Stroke,46254,0.00938561026053562,0.0129429044214614,-0.0159824824055287,0.0347537029265999,0.468364804408236
RAB33A,Ras-related protein Rab-33A,Health and medical history,X20110#3.Illnesses of mother_Lung cancer,46151,-0.0193587767143156,0.0240525166686892,-0.0665017093849464,0.0277841559563151,0.420912455274621
RAB33A,Ras-related protein Rab-33A,Health and medical history,X20110#4.Illnesses of mother_Bowel cancer,46148,0.0275014444653983,0.0212806814294046,-0.0142086911362347,0.0692115800670314,0.19626020596259
RAB33A,Ras-related protein Rab-33A,Health and medical history,X20110#5.Illnesses of mother_Breast cancer,46177,-0.00580817135044634,0.0167495907016481,-0.0386373691256766,0.0270210264247839,0.728771253037361
RAB33A,Ras-related protein Rab-33A,Health and medical history,X20110#6.Illnesses of mother_Chronic bronchitis or emphysema,46195,0.0314606845384204,0.0189704425887015,-0.00572138293543455,0.0686427520122754,0.0972500905327348
RAB33A,Ras-related protein Rab-33A,Health and medical history,X20110#8.Illnesses of mother_High blood pressure,46335,0.00324012404704415,0.00975656403660871,-0.0158827414647089,0.0223629895587972,0.739819319868326
RAB33A,Ras-related protein Rab-33A,Health and medical history,X20110#9.Illnesses of mother_Diabetes,46208,0.0034759803046864,0.0153543127610931,-0.026618472707056,0.0335704333164288,0.820904413417617
RAB33A,Ras-related protein Rab-33A,Health and medical history,X20111#1.Illnesses of siblings_Heart disease,43282,-0.0417252089078282,0.0159595638106156,-0.0730059539766348,-0.0104444638390216,0.00894468771888914
RAB33A,Ras-related protein Rab-33A,Health and medical history,X20111#10.Illnesses of siblings_Alzheimer's disease or dementia,43155,0.0468017197356258,0.0627518788994093,-0.0761919629072163,0.169795402378468,0.455784437984793
RAB33A,Ras-related protein Rab-33A,Health and medical history,X20111#11.Illnesses of siblings_Parkinson's disease,43151,0.0130709557107159,0.065476300674874,-0.115262593612037,0.141404505033469,0.841773068164819
RAB33A,Ras-related protein Rab-33A,Health and medical history,X20111#12.Illnesses of siblings_Severe depression,43211,-0.0114986729005456,0.0178818767934804,-0.0465471514157672,0.023549805614676,0.520209239912784
RAB33A,Ras-related protein Rab-33A,Health and medical history,X20111#13.Illnesses of siblings_Prostate cancer,43165,0.0313981826917986,0.0378320117919442,-0.042752560420412,0.105548925804009,0.406585046336437
RAB33A,Ras-related protein Rab-33A,Health and medical history,X20111#2.Illnesses of siblings_Stroke,43181,-0.0157487101559913,0.027076992376562,-0.0688196152140528,0.0373221949020702,0.560824944520843
RAB33A,Ras-related protein Rab-33A,Health and medical history,X20111#3.Illnesses of siblings_Lung cancer,43160,0.0528942900617638,0.0329403212861518,-0.0116687396590937,0.117457319782621,0.108343265211181
RAB33A,Ras-related protein Rab-33A,Health and medical history,X20111#4.Illnesses of siblings_Bowel cancer,43159,0.0353832263076995,0.0323921446916048,-0.0281053772878459,0.0988718299032449,0.274697874390665
RAB33A,Ras-related protein Rab-33A,Health and medical history,X20111#5.Illnesses of siblings_Breast cancer,43174,-0.0205825598299504,0.0232957983600111,-0.0662423246155722,0.0250772049556714,0.376960790412647
RAB33A,Ras-related protein Rab-33A,Health and medical history,X20111#6.Illnesses of siblings_Chronic bronchitis or emphysema,43182,0.0137994639660351,0.0287711725025371,-0.0425920341389376,0.0701909620710078,0.631497433246427
RAB33A,Ras-related protein Rab-33A,Health and medical history,X20111#8.Illnesses of siblings_High blood pressure,43336,-0.0214798581619163,0.011781345985319,-0.0445712962931416,0.001611579969309,0.0682875167911795
RAB33A,Ras-related protein Rab-33A,Health and medical history,X20111#9.Illnesses of siblings_Diabetes,43235,0.00306934846887879,0.0169121222237576,-0.0300784110896862,0.0362171080274438,0.855986452560735
RAB33A,Ras-related protein Rab-33A,Mental health,X20127.Neuroticism score,42877,0.0286218326502645,0.0189301340234349,-0.00848123003566794,0.065724895336197,0.130558145801229
RAB33A,Ras-related protein Rab-33A,Cognitive function,X20128.Number of fluid intelligence questions attempted within time limit,32059,0.0480024503326168,0.0303937937004654,-0.0115693853202954,0.107574285985529,0.114297344821981
RAB33A,Ras-related protein Rab-33A,Lifestyle factors,X20161.Pack years of smoking,30742,0.00520364689178999,0.00978759480594356,-0.0139800389278594,0.0243873327114394,0.594982096155348
RAB33A,Ras-related protein Rab-33A,Lifestyle factors,X20162.Pack years adult smoking as proportion of life span exposed to smoking,30742,0.00587428642358045,0.00965011259470129,-0.0130399342620341,0.024788507109195,0.542727225765733
RAB33A,Ras-related protein Rab-33A,Cognitive function,X20191.Fluid intelligence score,30287,-0.0063494993097528,0.0340227668668251,-0.07303412236873,0.0603351237492244,0.851961155016552
RAB33A,Ras-related protein Rab-33A,Cognitive function,X20192.Number of fluid intelligence questions attempted within time limit,30287,0.0507034073102811,0.0351368715408733,-0.0181648609098306,0.119571675530393,0.149067032004072
RAB33A,Ras-related protein Rab-33A,Cognitive function,X20240.Maximum digits remembered correctly,29648,-0.00276093194204526,0.0371742782116139,-0.0756225172368085,0.070100653352718,0.940798447366716
RAB33A,Ras-related protein Rab-33A,Physical measures,X20255.Spirometry QC measure,42398,0.0397087505815464,0.0249089427997291,-0.00911277730592262,0.0885302784690154,0.110918617370626
RAB33A,Ras-related protein Rab-33A,Eye measures,X20261.avMSE,29628,-0.0231963952236735,0.00948368582920226,-0.0417844194489099,-0.00460837099843708,0.0144811284054629
RAB33A,Ras-related protein Rab-33A,Eye measures,X20262.Myopia diagnosis,29628,0.0488676928077087,0.0443813535642465,-0.0381197601782145,0.135855145793632,0.270910384333979
RAB33A,Ras-related protein Rab-33A,NMR metabolomics,X20280.Glucose-lactate,37529,0.0566671525759622,0.00635116697865879,0.044218865297791,0.0691154398541335,5.16731947072607e-19
RAB33A,Ras-related protein Rab-33A,NMR metabolomics,X20281.Spectrometer-corrected alanine,37555,0.0623384310117844,0.00607844691464743,0.0504246750590755,0.0742521869644934,1.38246095392739e-24
RAB33A,Ras-related protein Rab-33A,Mental health,X20544#11.Mental health problems ever diagnosed by a professional_Depression,31806,0.0220007895133743,0.028495044630576,-0.0338494979625546,0.0778510769893031,0.440084885254874
RAB33A,Ras-related protein Rab-33A,Mental health,X20544#6.Mental health problems ever diagnosed by a professional_Panic attacks,31804,0.0121689880106303,0.0544018345113885,-0.0944586076316911,0.118796583652952,0.823007007797453
RAB33A,Ras-related protein Rab-33A,Mental health,X20546#1.Substances taken for depression_Unprescribed medication (more than once),31802,-0.0433551715973663,0.0681337136907378,-0.176897250431212,0.0901869072364797,0.524584559783311
RAB33A,Ras-related protein Rab-33A,Mental health,X20546#3.Substances taken for depression_Medication prescribed to you (for at least two weeks),31802,0.0356167203719115,0.0268550175397214,-0.0170191140059425,0.0882525547497655,0.184794988149553
RAB33A,Ras-related protein Rab-33A,Mental health,X20546#4.Substances taken for depression_Drugs or alcohol (more than once),31802,0.0401576588428699,0.0538138824008502,-0.0653175506627964,0.145632868348536,0.455550947725779
RAB33A,Ras-related protein Rab-33A,Mental health,X20548#1.Manifestations of mania or irritability_I was more talkative than usual,31808,-0.0424479994175155,0.0637195960115448,-0.167338407600143,0.0824424087651124,0.505324177487146
RAB33A,Ras-related protein Rab-33A,Mental health,X20548#2.Manifestations of mania or irritability_I was more restless than usual,31808,-0.0740766498140304,0.0433208820112181,-0.158985578556018,0.010832278927957,0.0873168313333881
RAB33A,Ras-related protein Rab-33A,Mental health,X20548#3.Manifestations of mania or irritability_My thoughts were racing,31808,-0.0972881414329759,0.0474271393199908,-0.190245334500158,-0.00433094836579391,0.0402713325702558
RAB33A,Ras-related protein Rab-33A,Mental health,X20548#5.Manifestations of mania or irritability_I needed less sleep than usual,31808,-0.0306712937592854,0.0772708934593032,-0.18212224493952,0.120779657420949,0.69142908805111
RAB33A,Ras-related protein Rab-33A,Mental health,X20548#6.Manifestations of mania or irritability_I was more creative or had more ideas than usual,31808,-0.0689063796274052,0.092463084987462,-0.250134026202831,0.11232126694802,0.456155749143397
RAB33A,Ras-related protein Rab-33A,Mental health,X20548#7.Manifestations of mania or irritability_I was easily distracted,31808,-0.124736886952222,0.0493910790799502,-0.221543401948925,-0.0279303719555197,0.0115743968539321
RAB33A,Ras-related protein Rab-33A,Mental health,X20548#8.Manifestations of mania or irritability_I was more confident than usual,31808,0.0565924054483941,0.0942187226970604,-0.128076291037844,0.241261101934632,0.548092130595404
RAB33A,Ras-related protein Rab-33A,Mental health,X20548#9.Manifestations of mania or irritability_I was more active than usual,31808,0.0226000576239433,0.0647891533671099,-0.104386682975592,0.149586798223479,0.727230894980363
RAB33A,Ras-related protein Rab-33A,Mental health,X20549#1.Substances taken for anxiety_Unprescribed medication (more than once),31808,0.0309447100267391,0.0797298845198432,-0.125325863632154,0.187215283685632,0.697938952703388
RAB33A,Ras-related protein Rab-33A,Mental health,X20549#3.Substances taken for anxiety_Medication prescribed to you (for at least two weeks),31808,0.00408063745296195,0.036446595657356,-0.0673546900354558,0.0755159649413797,0.910856510820452
RAB33A,Ras-related protein Rab-33A,Mental health,X20549#4.Substances taken for anxiety_Drugs or alcohol (more than once),31808,-0.00736898292305061,0.0600874250173443,-0.125140335957045,0.110402370110944,0.902397358655013
RAB33A,Ras-related protein Rab-33A,Mental health,X20553#4.Methods of self-harm used_Ingesting a medication in excess of the normal dose,31809,0.167276699969282,0.0886439559390905,-0.00646545367133508,0.3410188536099,0.0591912320811443
RAB33A,Ras-related protein Rab-33A,Diet and food preferences,X20600.Liking for adding salt to foods,33160,0.00263029841183631,0.0277399683230217,-0.0517400395012863,0.0570006363249589,0.924460138852174
RAB33A,Ras-related protein Rab-33A,Diet and food preferences,X20601.Liking for aniseed,33160,-0.00323516971441866,0.0276236039775843,-0.0573774335104839,0.0509070940816466,0.906770728071719
RAB33A,Ras-related protein Rab-33A,Diet and food preferences,X20602.Liking for apple juice,33160,0.0928357240837668,0.027503524799876,0.03892881547601,0.146742632691524,0.000740277450570077
RAB33A,Ras-related protein Rab-33A,Diet and food preferences,X20603.Liking for apples,33160,-0.00467951629154452,0.0282909977611035,-0.0601298719033073,0.0507708393202183,0.868627843364898
RAB33A,Ras-related protein Rab-33A,Diet and food preferences,X20604.Liking for asparagus,33160,-0.0248132224211412,0.0281358639194661,-0.0799595157032948,0.0303330708610124,0.377851332534705
RAB33A,Ras-related protein Rab-33A,Diet and food preferences,X20605.Liking for aubergine,33160,-0.0139996482695593,0.0276306442922529,-0.0681557110823749,0.0401564145432563,0.612398470196664
RAB33A,Ras-related protein Rab-33A,Diet and food preferences,X20606.Liking for avocados,33160,0.0213671277951526,0.0281669628785967,-0.0338401194468968,0.0765743750372021,0.448119440476139
RAB33A,Ras-related protein Rab-33A,Diet and food preferences,X20607.Liking for bacon,33160,0.0186091088479727,0.0275281618720896,-0.035346088421323,0.0725643061172684,0.499056968750656
RAB33A,Ras-related protein Rab-33A,Diet and food preferences,X20608.Liking for baked or steamed fish,33160,-0.0323061375003943,0.0282528059955851,-0.0876816372517411,0.0230693622509525,0.252876417379617
RAB33A,Ras-related protein Rab-33A,Diet and food preferences,X20609.Liking for bananas,33160,0.0148642458245267,0.0287649594002954,-0.0415150746000522,0.0712435662491057,0.605344963663267
RAB33A,Ras-related protein Rab-33A,Diet and food preferences,X20610.Liking for barbequed or grilled meat,33160,-0.0435132187248243,0.0274691749599202,-0.0973528016462679,0.0103263641966194,0.113213124370984
RAB33A,Ras-related protein Rab-33A,Diet and food preferences,X20611.Liking for beef steak,33160,0.00771044900897574,0.0276342313654047,-0.0464526444672174,0.0618735424851689,0.780237614873802
RAB33A,Ras-related protein Rab-33A,Diet and food preferences,X20612.Liking for beetroot,33160,-0.00511719654539868,0.0283610439643492,-0.060704842715523,0.0504704496247257,0.856818836761755
RAB33A,Ras-related protein Rab-33A,Diet and food preferences,X20613.Liking for bell pepper,33160,-0.000316487929324349,0.0278520746324444,-0.0549065542089155,0.0542735783502668,0.990933955762278
RAB33A,Ras-related protein Rab-33A,Diet and food preferences,X20614.Liking for bicycling,33160,-0.0140989956298067,0.0276698207055119,-0.06833184421261,0.0401338529529966,0.610383776549058
RAB33A,Ras-related protein Rab-33A,Diet and food preferences,X20615.Liking for biscuits,33160,0.0236346003315419,0.0276036741924071,-0.030468601085576,0.0777378017486598,0.391904045008031
RAB33A,Ras-related protein Rab-33A,Diet and food preferences,X20616.Liking for bitter foods,33160,-0.0484845896803727,0.0276665480045072,-0.102711023769207,0.00574184440846155,0.0797295295143541
RAB33A,Ras-related protein Rab-33A,Diet and food preferences,X20617.Liking for bitter or ale,33160,0.0356729833342337,0.0285646921429364,-0.0203138132659216,0.091659779934389,0.211753963677049
RAB33A,Ras-related protein Rab-33A,Diet and food preferences,X20618.Liking for black olives,33160,-0.0407486569235496,0.0277835804743404,-0.0952044746532568,0.0137071608061575,0.142508726115573
RAB33A,Ras-related protein Rab-33A,Diet and food preferences,X20619.Liking for black pepper,33160,0.0298091539947425,0.0279054683679239,-0.0248855640063884,0.0845038719958733,0.285451338096649
RAB33A,Ras-related protein Rab-33A,Diet and food preferences,X20620.Liking for blue cheese,33160,0.0251176897034931,0.0274552225043595,-0.0286945464050515,0.0789299258120377,0.360290396486663
RAB33A,Ras-related protein Rab-33A,Diet and food preferences,X20621.Liking for bolognese sauce,33160,0.0172477755814159,0.0276912720049636,-0.0370271175483128,0.0715226687111447,0.533393093029329
RAB33A,Ras-related protein Rab-33A,Diet and food preferences,X20622.Liking for broad beans,33160,0.023361509944478,0.0276306174845748,-0.0307945003252885,0.0775175202142445,0.397858565204264
RAB33A,Ras-related protein Rab-33A,Diet and food preferences,X20623.Liking for broccoli,33160,-0.00129772747529727,0.029070866664352,-0.0582766261374272,0.0556811711868327,0.964395174321722
RAB33A,Ras-related protein Rab-33A,Diet and food preferences,X20624.Liking for brown rice,33160,0.000352880033118942,0.0277544906520299,-0.0540459216448597,0.0547516817110976,0.989855989219332
RAB33A,Ras-related protein Rab-33A,Diet and food preferences,X20625.Liking for brussel sprouts,33160,0.0438856404863726,0.0281922548656334,-0.0113711790502687,0.099142460023014,0.119588576997802
RAB33A,Ras-related protein Rab-33A,Diet and food preferences,X20626.Liking for burgers (meat),33160,-0.0126114618568578,0.0275318241064175,-0.0665738371054361,0.0413509133917205,0.646914658007772
RAB33A,Ras-related protein Rab-33A,Diet and food preferences,X20627.Liking for burn of spicy foods,33160,-0.0200878779162048,0.027755300720035,-0.0744882673274734,0.0343125114950638,0.46923915633941
RAB33A,Ras-related protein Rab-33A,Diet and food preferences,X20628.Liking for butter on bread,33160,0.0780563312065342,0.0282516112940536,0.0226831730701891,0.133429489342879,0.00574109821402679
RAB33A,Ras-related protein Rab-33A,Diet and food preferences,X20629.Liking for butternut squash,33160,-0.0434997276306164,0.0276649147085681,-0.09772296045941,0.0107235051981771,0.11589907695524
RAB33A,Ras-related protein Rab-33A,Diet and food preferences,X20630.Liking for cabbage,33160,0.00932500002737538,0.0283196215922419,-0.0461814582934188,0.0648314583481696,0.741954254670663
RAB33A,Ras-related protein Rab-33A,Diet and food preferences,X20631.Liking for cake,33160,-0.00742311179651953,0.0276803237303198,-0.0616765463079464,0.0468303227149073,0.78857261729739
RAB33A,Ras-related protein Rab-33A,Diet and food preferences,X20632.Liking for cake icing,33160,-0.00826732608031843,0.0275584741260745,-0.0622819353674245,0.0457472832067876,0.764190306504804
RAB33A,Ras-related protein Rab-33A,Diet and food preferences,X20633.Liking for capers,33160,-0.0612402832933789,0.027363434597662,-0.114872615104796,-0.00760795148196132,0.0252440751795536
RAB33A,Ras-related protein Rab-33A,Diet and food preferences,X20634.Liking for cauliflower,33160,0.012647480576747,0.0283749816779841,-0.0429674835121018,0.0682624446655958,0.655805930151692
RAB33A,Ras-related protein Rab-33A,Diet and food preferences,X20635.Liking for cereal or granola bar,33160,0.0175638565616864,0.0273711954192528,-0.0360836864600491,0.0712113995834219,0.521090580024472
RAB33A,Ras-related protein Rab-33A,Diet and food preferences,X20636.Liking for cheesecake,33160,0.0465268401990815,0.0276767663509326,-0.00771962184874638,0.100773302246909,0.0927834029484025
RAB33A,Ras-related protein Rab-33A,Diet and food preferences,X20637.Liking for cherries,33160,0.020585735424454,0.0300272106010404,-0.0382675973535851,0.0794390682024931,0.493002980100388
RAB33A,Ras-related protein Rab-33A,Diet and food preferences,X20638.Liking for chicken,33160,-0.000679222085020343,0.0294273805420372,-0.0583568879474132,0.0569984437773725,0.981585954623041
RAB33A,Ras-related protein Rab-33A,Diet and food preferences,X20639.Liking for chilli pepper,33160,-0.0370725919845133,0.0276662635406346,-0.0912984685241571,0.0171532845551305,0.180282708718495
RAB33A,Ras-related protein Rab-33A,Diet and food preferences,X20640.Liking for chips or french fries,33160,0.0287603973069413,0.0277017389007687,-0.0255350109385654,0.083055805552448,0.299198214999594
RAB33A,Ras-related protein Rab-33A,Diet and food preferences,X20641.Liking for cigarette smoking,33160,-0.0585252520059257,0.0458812458099195,-0.148452493793368,0.0314019897815166,0.202137684561488
RAB33A,Ras-related protein Rab-33A,Diet and food preferences,X20642.Liking for cod,33160,0.00100518587726183,0.0285201146438106,-0.0548942388246069,0.0569046105791305,0.971885343903256
RAB33A,Ras-related protein Rab-33A,Diet and food preferences,X20643.Liking for coffee with sugar,33160,0.0196509714661915,0.0314029760794027,-0.0418988616494378,0.0812008045818208,0.531483667619761
RAB33A,Ras-related protein Rab-33A,Diet and food preferences,X20644.Liking for coffee without sugar,33160,9.06749604289243e-05,0.0282110833889925,-0.0552030484819963,0.0553843984028542,0.997435548779847
RAB33A,Ras-related protein Rab-33A,Diet and food preferences,X20645.Liking for coriander,33160,-0.0581573294193109,0.0276865883136285,-0.112423042514023,-0.00389161632459911,0.0357083522471107
RAB33A,Ras-related protein Rab-33A,Diet and food preferences,X20646.Liking for corn flakes,33160,0.0169923805772612,0.0273613962513131,-0.0366359560753124,0.0706207172298349,0.534592966151339
RAB33A,Ras-related protein Rab-33A,Diet and food preferences,X20647.Liking for cream,33160,0.038232684845589,0.0274741986147336,-0.0156167444392889,0.0920821141304669,0.16408366197465
RAB33A,Ras-related protein Rab-33A,Diet and food preferences,X20648.Liking for croissant,33160,0.0298073808719235,0.0274129222123023,-0.0239219466641891,0.083536708408036,0.276913254151826
RAB33A,Ras-related protein Rab-33A,Diet and food preferences,X20649.Liking for cucumber,33160,-0.0082433782899714,0.0280435953498835,-0.063208825175743,0.0467220685958002,0.768804119767628
RAB33A,Ras-related protein Rab-33A,Diet and food preferences,X20650.Liking for curry,33160,-0.0197158311648953,0.0277343981636412,-0.074075251565632,0.0346435892358414,0.477177610450794
RAB33A,Ras-related protein Rab-33A,Diet and food preferences,X20651.Liking for dairy products,33160,0.0762054569278855,0.0281511338694145,0.0210292345438332,0.131381679311938,0.00680243589468165
RAB33A,Ras-related protein Rab-33A,Diet and food preferences,X20652.Liking for dark chocolate,33160,0.0256290067727804,0.028054061907177,-0.0293569545652866,0.0806149681108473,0.360974573793092
RAB33A,Ras-related protein Rab-33A,Diet and food preferences,X20653.Liking for diet fizzy drinks,33160,0.0158525387247135,0.0290185569492038,-0.041023832895726,0.072728910345153,0.584880826437276
RAB33A,Ras-related protein Rab-33A,Diet and food preferences,X20654.Liking for dried fruit,33160,0.0095318974340211,0.0277791243665184,-0.044915186324355,0.0639789811923972,0.731507695552059
RAB33A,Ras-related protein Rab-33A,Diet and food preferences,X20655.Liking for eggs,33160,-0.00612964054897953,0.0287323643624971,-0.0624450746994739,0.0501857936015149,0.831070088889529
RAB33A,Ras-related protein Rab-33A,Diet and food preferences,X20656.Liking for exercising alone,33160,0.000863475951548894,0.0274697643581873,-0.0529772621904981,0.0547042140935959,0.974924397882686
RAB33A,Ras-related protein Rab-33A,Diet and food preferences,X20657.Liking for exercising with others,33160,-0.00578518759271627,0.0277709665792419,-0.0602162820880303,0.0486459069025978,0.834985684988003
RAB33A,Ras-related protein Rab-33A,Diet and food preferences,X20658.Liking for extra virgin olive oil,33160,-0.023865576914195,0.0280717548358923,-0.078886216392544,0.0311550625641539,0.395257677377753
RAB33A,Ras-related protein Rab-33A,Diet and food preferences,X20659.Liking for fatty foods,33160,0.0043701258137853,0.0276286824323584,-0.0497820917536372,0.0585223433812078,0.87432374446591
RAB33A,Ras-related protein Rab-33A,Diet and food preferences,X20660.Liking for fresh tomatoes,33160,0.0421498976707603,0.0306774643290254,-0.0179779324141295,0.10227772775565,0.169486578992763
RAB33A,Ras-related protein Rab-33A,Diet and food preferences,X20661.Liking for fried chicken,33160,0.00263110068266612,0.0273363026257445,-0.050948052463793,0.0562102538291253,0.923324773889156
RAB33A,Ras-related protein Rab-33A,Diet and food preferences,X20662.Liking for fried or battered fish,33160,0.0131177698552521,0.0276151038191482,-0.0410078336302783,0.0672433733407826,0.634783527714143
RAB33A,Ras-related protein Rab-33A,Diet and food preferences,X20663.Liking for fruit,33160,0.0216409397851662,0.0323182182545003,-0.0417027679936543,0.0849846475639868,0.503117548138828
RAB33A,Ras-related protein Rab-33A,Diet and food preferences,X20664.Liking for garlic,33160,-0.0249583913174006,0.0281249526691749,-0.0800832985489835,0.0301665159141823,0.3748822174703
RAB33A,Ras-related protein Rab-33A,Diet and food preferences,X20665.Liking for gherkins,33160,-0.0529381263863737,0.0275010722419703,-0.106840227980635,0.000963975207888018,0.0542684689687523
RAB33A,Ras-related protein Rab-33A,Diet and food preferences,X20666.Liking for globe artichoke,33160,-0.0284814967298062,0.0277484449772557,-0.0828684488852274,0.0259054554256149,0.304723250166365
RAB33A,Ras-related protein Rab-33A,Diet and food preferences,X20667.Liking for goat's cheese,33160,-0.0173125439601925,0.0275157856838501,-0.0712434839005386,0.0366183959801536,0.529243890743037
RAB33A,Ras-related protein Rab-33A,Diet and food preferences,X20668.Liking for going to a cafe,33160,-0.00540971083396529,0.0278773101614537,-0.0600492387504146,0.049229817082484,0.846137925973062
RAB33A,Ras-related protein Rab-33A,Diet and food preferences,X20669.Liking for going to the gym,33160,0.00734010255594158,0.0275465187468565,-0.0466510741878971,0.0613312792997802,0.789889678857162
RAB33A,Ras-related protein Rab-33A,Diet and food preferences,X20670.Liking for going to the pub,33160,0.0149410637448838,0.0274132779657393,-0.0387889610679652,0.0686710885577328,0.585746735535424
RAB33A,Ras-related protein Rab-33A,Diet and food preferences,X20671.Liking for grapefruit,33160,-0.00816621992026505,0.0273631818579001,-0.0617980563617492,0.0454656165212191,0.765375832403864
RAB33A,Ras-related protein Rab-33A,Diet and food preferences,X20672.Liking for green olives,33160,-0.0180758022309901,0.027779397958472,-0.0725234222295951,0.0363718177676149,0.515263206234998
RAB33A,Ras-related protein Rab-33A,Diet and food preferences,X20673.Liking for haddock,33160,-0.0153705465851684,0.0284214805386449,-0.0710766484409124,0.0403355552705757,0.588654198714974
RAB33A,Ras-related protein Rab-33A,Diet and food preferences,X20674.Liking for ham,33160,0.00450534848825678,0.0277493407645116,-0.049883359410186,0.0588940563866996,0.871027117598899
RAB33A,Ras-related protein Rab-33A,Diet and food preferences,X20675.Liking for hard cheese,33160,0.0477294951086476,0.0282939727329982,-0.0077266914480289,0.103185681665324,0.0916557686478694
RAB33A,Ras-related protein Rab-33A,Diet and food preferences,X20676.Liking for herring,33160,0.00196516298029644,0.0274523095243845,-0.0518413636874972,0.0557716896480901,0.942934130546766
RAB33A,Ras-related protein Rab-33A,Diet and food preferences,X20677.Liking for honey,33160,0.0368751773270788,0.0276313262634921,-0.0172822221493658,0.0910325768035233,0.182061080084838
RAB33A,Ras-related protein Rab-33A,Diet and food preferences,X20678.Liking for horseradish or wasabi,33160,-0.0397387750830367,0.0275225140256807,-0.0936829025733709,0.0142053524072975,0.148813166347962
RAB33A,Ras-related protein Rab-33A,Diet and food preferences,X20679.Liking for ice cream,33160,0.0294624183207923,0.0277716709629991,-0.0249700567666859,0.0838948934082705,0.288773760870748
RAB33A,Ras-related protein Rab-33A,Diet and food preferences,X20680.Liking for jam,33160,0.0012838942198193,0.0274391082260577,-0.0524967579032538,0.0550645463428924,0.962681140347306
RAB33A,Ras-related protein Rab-33A,Diet and food preferences,X20681.Liking for kiwi fruit,33160,-0.0132491497770995,0.0279408877712214,-0.0680132898086934,0.0415149902544944,0.635379892949581
RAB33A,Ras-related protein Rab-33A,Diet and food preferences,X20682.Liking for lager,33160,-0.00937352882336139,0.0276817339242068,-0.0636297273148067,0.0448826696680839,0.734905817393416
RAB33A,Ras-related protein Rab-33A,Diet and food preferences,X20683.Liking for lamb,33160,0.00274433544846378,0.0277640622648805,-0.0516732265907021,0.0571618974876296,0.921263710065899
RAB33A,Ras-related protein Rab-33A,Diet and food preferences,X20684.Liking for lemons,33160,-0.0292249756011121,0.0278666986459699,-0.0838437049472131,0.0253937537449888,0.294326041509713
RAB33A,Ras-related protein Rab-33A,Diet and food preferences,X20685.Liking for lentils or beans,33160,-0.0160846517121974,0.0278632124284367,-0.0706965480719333,0.0385272446475384,0.563770680535913
RAB33A,Ras-related protein Rab-33A,Diet and food preferences,X20686.Liking for liver,33160,0.066380240992763,0.0277750018583697,0.0119412373503584,0.120819244635168,0.0168728545626177
RAB33A,Ras-related protein Rab-33A,Diet and food preferences,X20687.Liking for mackerel,33160,-0.0495319058014745,0.0275646385930193,-0.103558597443792,0.00449478584084318,0.0723803729926803
RAB33A,Ras-related protein Rab-33A,Diet and food preferences,X20688.Liking for marzipan,33160,-0.0328110197356695,0.0274667547627944,-0.0866458590707466,0.0210238195994075,0.232286813089868
RAB33A,Ras-related protein Rab-33A,Diet and food preferences,X20689.Liking for mayonnaise,33160,0.0111960581030978,0.0276716039289332,-0.0430402855976112,0.0654324018038069,0.68577812819097
RAB33A,Ras-related protein Rab-33A,Diet and food preferences,X20690.Liking for melon,33160,0.0188632099730093,0.029135691767552,-0.0382427458913927,0.0759691658374113,0.51737323348294
RAB33A,Ras-related protein Rab-33A,Diet and food preferences,X20691.Liking for milk chocolate,33160,0.0447798250936872,0.0277379599378983,-0.00958657638459345,0.0991462265719678,0.106479597118036
RAB33A,Ras-related protein Rab-33A,Diet and food preferences,X20692.Liking for mushrooms,33160,0.031005710119183,0.0287481039188049,-0.0253405735616746,0.0873519938000406,0.280826932861797
RAB33A,Ras-related protein Rab-33A,Diet and food preferences,X20694.Liking for orange juice,33160,0.052155701331215,0.027454012215554,-0.00165416261127086,0.105965565273701,0.0574992542599569
RAB33A,Ras-related protein Rab-33A,Diet and food preferences,X20695.Liking for oranges,33160,-0.0345236596913242,0.0283277124478253,-0.0900459760890617,0.0209986567064133,0.222982058895709
RAB33A,Ras-related protein Rab-33A,Diet and food preferences,X20696.Liking for pasta,33160,0.0277357877133719,0.0279188048378719,-0.026985069768857,0.0824566451956008,0.320520936476918
RAB33A,Ras-related protein Rab-33A,Diet and food preferences,X20697.Liking for pears,33160,0.0392727332357571,0.0284216377783847,-0.016433676809877,0.0949791432813911,0.16707169154799
RAB33A,Ras-related protein Rab-33A,Diet and food preferences,X20698.Liking for pizza,33160,-0.0324603807235064,0.0275580614556965,-0.0864741811766716,0.0215534197296588,0.238872457159536
RAB33A,Ras-related protein Rab-33A,Diet and food preferences,X20699.Liking for plain yogurt,33160,-0.00815415483574155,0.028168051169322,-0.0633635351276127,0.0470552254561296,0.77221915124454
RAB33A,Ras-related protein Rab-33A,Diet and food preferences,X20700.Liking for plums,33160,0.00284832108130326,0.0286256398092538,-0.0532579329448342,0.0589545751074408,0.920741641435551
RAB33A,Ras-related protein Rab-33A,Diet and food preferences,X20701.Liking for pollock,33160,0.00137944817715262,0.0275863581134184,-0.0526898137251474,0.0554487100794526,0.960119773208366
RAB33A,Ras-related protein Rab-33A,Diet and food preferences,X20702.Liking for pork chop,33160,0.0135874857935667,0.0275092180130916,-0.0403305815120928,0.0675055530992262,0.621371739821844
RAB33A,Ras-related protein Rab-33A,Diet and food preferences,X20703.Liking for porridge,33160,0.00429944188280652,0.0285396623155193,-0.0516382962556114,0.0602371800212244,0.88025692004546
RAB33A,Ras-related protein Rab-33A,Diet and food preferences,X20704.Liking for potato crisps,33160,0.0361826437093083,0.027614363480497,-0.0179415087124658,0.0903067961310823,0.190134556441843
RAB33A,Ras-related protein Rab-33A,Diet and food preferences,X20705.Liking for potatoes,33160,0.0282672780768756,0.0281612910892725,-0.0269288524580986,0.0834634086118497,0.315520504166068
RAB33A,Ras-related protein Rab-33A,Diet and food preferences,X20706.Liking for prawns,33160,-0.0174314191654508,0.0282152635166828,-0.0727333356581491,0.0378704973272476,0.536722669837606
RAB33A,Ras-related protein Rab-33A,Diet and food preferences,X20707.Liking for raw carrots,33160,-0.0122888684282833,0.0281574992333041,-0.0674775669255593,0.0428998300689927,0.662533262652573
RAB33A,Ras-related protein Rab-33A,Diet and food preferences,X20708.Liking for red meat,33160,0.00609174141893674,0.0274744820218346,-0.0477582433438591,0.0599417261817326,0.824534251640265
RAB33A,Ras-related protein Rab-33A,Diet and food preferences,X20709.Liking for red wine,33160,0.0160575865880818,0.0277492343162254,-0.0383309126717199,0.0704460858478835,0.562828371786937
RAB33A,Ras-related protein Rab-33A,Diet and food preferences,X20710.Liking for regular (non-diet) fizzy drinks,33160,0.0225565883828626,0.0291111364619125,-0.0345012390824859,0.0796144158482111,0.438452927481677
RAB33A,Ras-related protein Rab-33A,Diet and food preferences,X20711.Liking for roast chicken,33160,0.0338281003232737,0.0294937542443446,-0.0239796579956417,0.0916358586421892,0.251430483571788
RAB33A,Ras-related protein Rab-33A,Diet and food preferences,X20712.Liking for salad dressing,33160,-0.0234685499814587,0.0274084361361682,-0.0771890848083483,0.0302519848454309,0.391881552077662
RAB33A,Ras-related protein Rab-33A,Diet and food preferences,X20713.Liking for salad leaves,33160,0.0208740061315291,0.0289552113809149,-0.0358782081750642,0.0776262204381223,0.470986287650528
RAB33A,Ras-related protein Rab-33A,Diet and food preferences,X20714.Liking for salami,33160,-0.038049965697754,0.0275785911587611,-0.0921040043689258,0.0160040729734178,0.167716912960305
RAB33A,Ras-related protein Rab-33A,Diet and food preferences,X20715.Liking for salmon,33160,-0.0491246418523851,0.0294814872682212,-0.106908356898099,0.00865907319332832,0.0956921130306686
RAB33A,Ras-related protein Rab-33A,Diet and food preferences,X20716.Liking for salty foods,33160,0.0113149551440407,0.0275312378039279,-0.042646270951658,0.0652761812397395,0.681092874852801
RAB33A,Ras-related protein Rab-33A,Diet and food preferences,X20717.Liking for salty pretzels,33160,0.00296561603335513,0.0275452582609297,-0.0510230901580671,0.0569543222247773,0.914265189776877
RAB33A,Ras-related protein Rab-33A,Diet and food preferences,X20718.Liking for sardines,33160,0.00957593602810132,0.0275335052840299,-0.0443897343285974,0.0635416063848,0.728004726844568
RAB33A,Ras-related protein Rab-33A,Diet and food preferences,X20719.Liking for sausages (meat),33160,0.0239941251896143,0.0273956875711617,-0.0297014224498627,0.0776896728290913,0.381143463032727
RAB33A,Ras-related protein Rab-33A,Diet and food preferences,X20720.Liking for savoury biscuits,33160,0.0628873483691423,0.0276839829164851,0.00862674185283142,0.117147954885453,0.02313409476644
RAB33A,Ras-related protein Rab-33A,Diet and food preferences,X20721.Liking for shellfish (other than prawns),33160,-0.0219284731101227,0.0275916079753356,-0.0760080247417805,0.0321510785215351,0.426779723168292
RAB33A,Ras-related protein Rab-33A,Diet and food preferences,X20722.Liking for skimmed milk,33160,-0.0155166385556123,0.0275725184371188,-0.0695587746923652,0.0385254975811405,0.57361460023743
RAB33A,Ras-related protein Rab-33A,Diet and food preferences,X20723.Liking for smoked fish,33160,-0.0225290499738996,0.0276276209137224,-0.0766791869647955,0.0316210870169962,0.414834894066421
RAB33A,Ras-related protein Rab-33A,Diet and food preferences,X20724.Liking for soft cheese,33160,0.0448931241705036,0.0276031162470254,-0.00920898367366611,0.0989952320146734,0.103905310375766
RAB33A,Ras-related protein Rab-33A,Diet and food preferences,X20725.Liking for soy sauce,33160,-0.00613911293025898,0.0277190016489275,-0.0604683561621569,0.0481901303016389,0.824726477659981
RAB33A,Ras-related protein Rab-33A,Diet and food preferences,X20726.Liking for soya milk,33160,-0.0282157722806427,0.0276565766521037,-0.0824226625187659,0.0259911179574806,0.307652854983847
RAB33A,Ras-related protein Rab-33A,Diet and food preferences,X20727.Liking for spicy foods,33160,-0.0516539068683736,0.0276105850878017,-0.105770653640465,0.0024628399037178,0.0614062330262424
RAB33A,Ras-related protein Rab-33A,Diet and food preferences,X20728.Liking for spinach,33160,0.00760351345684732,0.0280353580189382,-0.0473457882602715,0.0625528151739661,0.786234750217027
RAB33A,Ras-related protein Rab-33A,Diet and food preferences,X20729.Liking for spirits,33160,0.00471362355501862,0.027667111792659,-0.049513915558593,0.0589411626686302,0.864723759077083
RAB33A,Ras-related protein Rab-33A,Diet and food preferences,X20730.Liking for strawberries,33160,0.0439143008610747,0.031661349020402,-0.0181419432189132,0.105970544941063,0.165477205429238
RAB33A,Ras-related protein Rab-33A,Diet and food preferences,X20731.Liking for sweet coffee house drinks,33160,0.0319175839621696,0.0287937574379245,-0.0245181806161625,0.0883533485405016,0.267681024518694
RAB33A,Ras-related protein Rab-33A,Diet and food preferences,X20732.Liking for sweet foods,33160,0.0107636995349195,0.0275853641374236,-0.0433036141744308,0.0648310132442698,0.696401151773719
RAB33A,Ras-related protein Rab-33A,Diet and food preferences,X20733.Liking for taking the stairs,33160,0.0117318851949696,0.0283292642831688,-0.0437934728000413,0.0672572431899805,0.678792035127404
RAB33A,Ras-related protein Rab-33A,Diet and food preferences,X20734.Liking for tea with sugar,33160,0.028655576683143,0.0368274024566853,-0.0435261321319602,0.100837285498246,0.436528426592222
RAB33A,Ras-related protein Rab-33A,Diet and food preferences,X20735.Liking for tea without sugar,33160,-0.023399055282445,0.0296849003694726,-0.0815814600066112,0.0347833494417213,0.430573295351492
RAB33A,Ras-related protein Rab-33A,Diet and food preferences,X20736.Liking for tomato ketchup,33160,0.0359460394888945,0.0272541428631766,-0.0174720805229316,0.0893641595007206,0.187230511209866
RAB33A,Ras-related protein Rab-33A,Diet and food preferences,X20737.Liking for tinned tuna,33160,0.0223476848200018,0.0277775451808559,-0.0320963037344758,0.0767916733744795,0.421116752628238
RAB33A,Ras-related protein Rab-33A,Diet and food preferences,X20738.Liking for turnip (white),33160,-0.0141750201329435,0.0274837491901244,-0.0680431685455874,0.0396931282797004,0.60603510863814
RAB33A,Ras-related protein Rab-33A,Diet and food preferences,X20739.Liking for vegetables,33160,0.070133792937895,0.0326347849599904,0.00616961441631385,0.134097971459476,0.0316579231846527
RAB33A,Ras-related protein Rab-33A,Diet and food preferences,X20740.Liking for vinegar,33160,-0.0439893530775502,0.0275391455697478,-0.0979660783942558,0.00998737223915545,0.110226468412655
RAB33A,Ras-related protein Rab-33A,Diet and food preferences,X20741.Liking for watching television,33160,-0.0167258345879212,0.0277734786650462,-0.0711618527714118,0.0377101835955694,0.547041237593002
RAB33A,Ras-related protein Rab-33A,Diet and food preferences,X20742.Liking for whisky,33160,-0.0108291201350549,0.0292716725092252,-0.0682015982531363,0.0465433579830265,0.711427099927977
RAB33A,Ras-related protein Rab-33A,Diet and food preferences,X20743.Liking for white bread,33160,0.00827073943442716,0.0273175879690561,-0.0452717329849229,0.0618132118537772,0.762078152762396
RAB33A,Ras-related protein Rab-33A,Diet and food preferences,X20744.Liking for white rice,33160,-0.0110363585802755,0.0276377949012824,-0.065206436586789,0.0431337194262381,0.689666320289548
RAB33A,Ras-related protein Rab-33A,Diet and food preferences,X20745.Liking for white wine,33160,0.0111137731468083,0.0274541933822731,-0.042696445882447,0.0649239921760636,0.685626030022849
RAB33A,Ras-related protein Rab-33A,Diet and food preferences,X20746.Liking for whole grain breakfast cereal,33160,0.047177405378164,0.0280309681996501,-0.00776329229315006,0.102118103049478,0.0924020952487468
RAB33A,Ras-related protein Rab-33A,Diet and food preferences,X20747.Liking for whole milk,33160,0.000959907205104465,0.0274845441982329,-0.052909799423432,0.0548296138336409,0.972140071390198
RAB33A,Ras-related protein Rab-33A,Diet and food preferences,X20748.Liking for wholemeal bread,33160,0.0295946775656064,0.0292809486001337,-0.0277959816906556,0.0869853368218683,0.312181235311751
RAB33A,Ras-related protein Rab-33A,Diet and food preferences,X20749.Liking for working up a sweat,33160,-0.00411828172365071,0.0277159380388104,-0.0584415202797191,0.0502049568324176,0.88188144858451
RAB33A,Ras-related protein Rab-33A,Physical measures,X21001.Body mass index (BMI),47803,0.0668260943076481,0.0174332682394508,0.0326568885583244,0.100995300056972,0.000126792303815108
RAB33A,Ras-related protein Rab-33A,Physical measures,X21002.Weight,47810,-0.00576711889748777,0.010855538382933,-0.0270439741280365,0.015509736333061,0.595243315702913
RAB33A,Ras-related protein Rab-33A,Physical measures,X21021.Pulse wave Arterial Stiffness index,32251,-0.0021707231139301,0.00768991063255959,-0.0172429479537469,0.0129015017258867,0.777734800854038
RAB33A,Ras-related protein Rab-33A,Health and medical history,X21025.Frequency of discomfort or pain in abdomen in last 3 months,32688,-0.00919406322152206,0.0291897980527709,-0.0664060674049531,0.048017940961909,0.752788448673525
RAB33A,Ras-related protein Rab-33A,Health and medical history,X21033.Frequency of hard or lumpy stools in the last 3 months,32701,-0.0206543066915258,0.0306793078498079,-0.0807857500771492,0.0394771366940977,0.500818264226369
RAB33A,Ras-related protein Rab-33A,Health and medical history,X21034.Frequency of loose or mushy or watery stools in the last 3 months,32702,-0.029177887695188,0.0306390658665158,-0.0892304567935591,0.030874681403183,0.34096771546917
RAB33A,Ras-related protein Rab-33A,Health and medical history,X21040.Satisfaction with bowel habits,32654,-0.0505665304581343,0.0284705988211006,-0.106368904147491,0.00523584323122287,0.0757541206945242
RAB33A,Ras-related protein Rab-33A,Health and medical history,X21041.Degree to which abdominal pain or discomfort or altered bowel habits affect or interfere with life in general,32639,-0.0404540184885851,0.0298467557590672,-0.0989536597763568,0.0180456227991866,0.175330507408739
RAB33A,Ras-related protein Rab-33A,Health and medical history,X21042.Greatest number of times bowels opened per day,32653,-0.0342510185332807,0.0306103072654475,-0.0942472207735578,0.0257451837069965,0.263199609561856
RAB33A,Ras-related protein Rab-33A,Health and medical history,X21043.Least number of times bowels opened per week,32572,0.0111273012214002,0.0301718051995562,-0.0480094369697299,0.0702640394125302,0.712287916561959
RAB33A,Ras-related protein Rab-33A,Health and medical history,X21044.Average number of times bowels opened per day,32621,-0.00982789634985062,0.0347555366023344,-0.077948748090426,0.0582929553907247,0.777358708163586
RAB33A,Ras-related protein Rab-33A,Health and medical history,X21048.Degree bothered by back pain in the past 3 months,32704,0.0143961834570125,0.0307797959751082,-0.0459322166541996,0.0747245835682247,0.640000505674021
RAB33A,Ras-related protein Rab-33A,Health and medical history,X21049.Degree bothered by pain in arms or legs or joints in the past 3 months,32700,-0.0146434395294677,0.0310807591459353,-0.0755617274555009,0.0462748483965655,0.637552060165748
RAB33A,Ras-related protein Rab-33A,Health and medical history,X21050.Degree bothered by menstrual cramps or other problems with period in the last 3 months,32702,-0.0215229926263874,0.036006846665572,-0.0920964120909084,0.0490504268381337,0.550025021155736
RAB33A,Ras-related protein Rab-33A,Health and medical history,X21051.Degree bothered by headaches in the last 3 months,32701,-0.0158255711434173,0.0321822009004899,-0.0789026849083774,0.0472515426215428,0.622909747674383
RAB33A,Ras-related protein Rab-33A,Health and medical history,X21052.Degree bothered by chest pain in the last 3 months,32698,0.0453455127165582,0.0484666932239012,-0.0496492060022881,0.140340231435405,0.349505783707084
RAB33A,Ras-related protein Rab-33A,Health and medical history,X21053.Degree bothered by dizziness in the last 3 months,32699,0.00975401329540903,0.0353657726401403,-0.0595629010792659,0.079070927670084,0.782705701888946
RAB33A,Ras-related protein Rab-33A,Health and medical history,X21054.Degree bothered by fainting spells in the last 3 months,32699,0.118238218166769,0.0912120095838021,-0.0605373206174828,0.297013756951022,0.194908085485972
RAB33A,Ras-related protein Rab-33A,Health and medical history,X21055.Degree bothered by feeling heart pound or race in the last 3 months,32704,0.0264593900294029,0.033732286280918,-0.0396558910811965,0.0925746711400022,0.432831701297543
RAB33A,Ras-related protein Rab-33A,Health and medical history,X21056.Degree bothered by shortness of breath in the last 3 months,32702,-0.00866300475344145,0.0354195506482728,-0.0780853240240561,0.0607593145171732,0.806785744055662
RAB33A,Ras-related protein Rab-33A,Health and medical history,X21057.Degree bothered by pain or problems during intercourse in the last 3 months,32471,-0.0277489655527562,0.0315347138967731,-0.0895570047904315,0.0340590736849191,0.37891287430828
RAB33A,Ras-related protein Rab-33A,Health and medical history,X21058.Degree bothered by urinary frequency or bladder irritability in the last 3 months,32700,0.0149300572966843,0.0317279375420297,-0.0472567002856939,0.0771168148790626,0.637963842913997
RAB33A,Ras-related protein Rab-33A,Health and medical history,X21059.Degree bothered by nausea in the last 3 months,32701,0.0104028696897112,0.0417048127874632,-0.0713385633737167,0.0921443027531392,0.803026265753807
RAB33A,Ras-related protein Rab-33A,Health and medical history,X21060.Degree bothered by feeling tired all the time in the last 3 months,32704,0.00274124961106543,0.0308335966027749,-0.0576925997303733,0.0631750989525042,0.929159858706944
RAB33A,Ras-related protein Rab-33A,Health and medical history,X21061.Degree bothered by trouble sleeping in the last 3 months,32703,-0.0303262383397829,0.0309070827657397,-0.0909041205606326,0.0302516438810669,0.326519567144725
RAB33A,Ras-related protein Rab-33A,Working and living environment,X21100.Water hardness (USGS classification),47686,0.0519846129098352,0.018318689761249,0.0160799809777871,0.0878892448418833,0.00454662687371909
RAB33A,Ras-related protein Rab-33A,Lifestyle factors,X2139.Age first had sexual intercourse,44566,-0.00220504436708608,0.00556412711506509,-0.0131107335126137,0.0087006447784415,0.691890477546782
RAB33A,Ras-related protein Rab-33A,Health and medical history,X2149.Lifetime number of sexual partners,43284,-0.0107460589742905,0.0204670641520201,-0.05086150471225,0.0293693867636689,0.599560492104055
RAB33A,Ras-related protein Rab-33A,Physical activities,X22032.IPAQ activity group,42506,-0.0351871787777352,0.0204313366564134,-0.0752325986243055,0.0048582410688351,0.0850474911516961
RAB33A,Ras-related protein Rab-33A,Physical activities,X22033.Summed days activity,43089,-0.00733125076837304,0.00527672820684687,-0.0176736380537929,0.00301113651704683,0.164741307102787
RAB33A,Ras-related protein Rab-33A,Physical activities,X22034.Summed minutes activity,42506,-0.00288726524855496,0.00530604822772197,-0.01328711977489,0.00751258927778011,0.586347685126107
RAB33A,Ras-related protein Rab-33A,Physical activities,X22037.MET minutes per week for walking,41621,-0.00256639210819137,0.00540246028654384,-0.0131552142698173,0.00802243005343456,0.634763532859801
RAB33A,Ras-related protein Rab-33A,Physical activities,X22038.MET minutes per week for moderate activity,42506,0.000778588431545801,0.0052468726941421,-0.00950528204897271,0.0110624589120643,0.882035897917014
RAB33A,Ras-related protein Rab-33A,Physical activities,X22039.MET minutes per week for vigorous activity,42506,-0.0405490533368119,0.0204529185091292,-0.0806367736147051,-0.000461333058918642,0.0474321966557156
RAB33A,Ras-related protein Rab-33A,Physical activities,X22040.Summed MET minutes per week for all activity,41621,-0.00498299115732625,0.00549953142295565,-0.0157620727463193,0.00579609043166682,0.364908561721698
RAB33A,Ras-related protein Rab-33A,Eye measures,X2217.Age started wearing glasses or contact lenses,44605,-0.00704479697237326,0.00500058840559054,-0.0168459502473307,0.0027563563025842,0.158911634407237
RAB33A,Ras-related protein Rab-33A,Working and living environment,X22501.Year ended full time education,30110,0.019138181158327,0.0236417036147112,-0.027199557926507,0.0654759202431609,0.418256242829953
RAB33A,Ras-related protein Rab-33A,Lifestyle factors,X22506.Tobacco smoking,30080,0.0790538114310569,0.0779113850440377,-0.0736525032552571,0.231760126117371,0.310310058556553
RAB33A,Ras-related protein Rab-33A,Lifestyle factors,X2277.Frequency of solarium or sunlamp use,46316,0.0525452377531563,0.0425770509680443,-0.0309057821442104,0.135996257650523,0.217171040777669
RAB33A,Ras-related protein Rab-33A,Physical measures,X23098.Weight,47454,-0.00607642953953259,0.0109411913746256,-0.0275211646337988,0.0153683055547336,0.578645753629841
RAB33A,Ras-related protein Rab-33A,Physical measures,X23099.Body fat percentage,47455,0.0544032255437704,0.0112170608082714,0.0324177863595585,0.0763886647279823,1.24241301952051e-06
RAB33A,Ras-related protein Rab-33A,Physical measures,X23100.Whole body fat mass,47448,0.036346779183608,0.0107622395627846,0.0152527896405502,0.0574407687266659,0.000733356439730599
RAB33A,Ras-related protein Rab-33A,Physical measures,X23101.Whole body fat-free mass,47454,-0.0357723403999387,0.00897240989197817,-0.0533582637882159,-0.0181864170116615,6.71413881651651e-05
RAB33A,Ras-related protein Rab-33A,Physical measures,X23102.Whole body water mass,47454,-0.0359379293864787,0.00900625290457897,-0.0535901850794535,-0.0182856736935039,6.61855782948514e-05
RAB33A,Ras-related protein Rab-33A,Physical measures,X23104.Body mass index (BMI),47454,0.0688494255601841,0.0176583360250525,0.0342390869510812,0.103459764169287,9.68745610886129e-05
RAB33A,Ras-related protein Rab-33A,Physical measures,X23105.Basal metabolic rate,47452,-0.0343660063263912,0.00978478864732213,-0.0535441920751426,-0.0151878205776398,0.000445287271531155
RAB33A,Ras-related protein Rab-33A,Physical measures,X23106.Impedance of whole body,47448,0.032259435461254,0.00734546181029317,0.0178623303130794,0.0466565406094286,1.12943578450117e-05
RAB33A,Ras-related protein Rab-33A,Physical measures,X23107.Impedance of leg (right),47451,0.0469190530719456,0.00602406206414541,0.0351118914262206,0.0587262147176706,7.06042597462154e-15
RAB33A,Ras-related protein Rab-33A,Physical measures,X23108.Impedance of leg (left),47450,0.0438143730991934,0.00596088214987807,0.0321310440854324,0.0554977021129544,2.0433981832993e-13
RAB33A,Ras-related protein Rab-33A,Physical measures,X23109.Impedance of arm (right),47443,0.0103379266986622,0.00735227371419212,-0.00407252978115439,0.0247483831784787,0.159712202153065
RAB33A,Ras-related protein Rab-33A,Physical measures,X23110.Impedance of arm (left),47449,0.007257963438256,0.00737442277548078,-0.00719590520168634,0.0217118320781983,0.325023770907653
RAB33A,Ras-related protein Rab-33A,Physical measures,X23111.Leg fat percentage (right),47450,0.123516518211672,0.0176631244837944,0.0888967942234344,0.158136242199909,2.76627245175012e-12
RAB33A,Ras-related protein Rab-33A,Physical measures,X23112.Leg fat mass (right),47449,0.0978759250903046,0.0202847560055708,0.0581178033193858,0.137634046861223,1.40831336421728e-06
RAB33A,Ras-related protein Rab-33A,Physical measures,X23113.Leg fat-free mass (right),47449,-0.0576405213845051,0.00913401528515253,-0.0755431913434041,-0.0397378514256062,2.83145014815171e-10
RAB33A,Ras-related protein Rab-33A,Physical measures,X23114.Leg predicted mass (right),47448,-0.0580115806193527,0.00917036454308661,-0.0759854951238024,-0.0400376661149029,2.56258007017824e-10
RAB33A,Ras-related protein Rab-33A,Physical measures,X23115.Leg fat percentage (left),47445,0.118455955145403,0.0182548593420038,0.0826764308350754,0.15423547945573,8.81620888493538e-11
RAB33A,Ras-related protein Rab-33A,Physical measures,X23116.Leg fat mass (left),47445,0.0878527317197952,0.0203877751075187,0.0478926925090585,0.127812770930532,1.6460913716918e-05
RAB33A,Ras-related protein Rab-33A,Physical measures,X23117.Leg fat-free mass (left),47443,-0.0520548197760004,0.00936569430715456,-0.0704115806180233,-0.0336980589339774,2.75860973165956e-08
RAB33A,Ras-related protein Rab-33A,Physical measures,X23118.Leg predicted mass (left),47442,-0.0528136694149506,0.00940298810099845,-0.0712435260929075,-0.0343838127369936,1.96899493214126e-08
RAB33A,Ras-related protein Rab-33A,Physical measures,X23119.Arm fat percentage (right),47442,0.0474355955090799,0.0124294668183539,0.0230738405451063,0.0717973504730536,0.000135777372293896
RAB33A,Ras-related protein Rab-33A,Physical measures,X23120.Arm fat mass (right),47439,0.0335309386430196,0.0112251914757764,0.0115295633504979,0.0555323139355413,0.00281920749822625
RAB33A,Ras-related protein Rab-33A,Physical measures,X23121.Arm fat-free mass (right),47441,-0.0205013996309041,0.00873832542961882,-0.037628517472957,-0.00337428178885121,0.0189770501505915
RAB33A,Ras-related protein Rab-33A,Physical measures,X23122.Arm predicted mass (right),47440,-0.0208626782770358,0.00873091631526423,-0.0379752742549537,-0.00375008229911793,0.0168785239072562
RAB33A,Ras-related protein Rab-33A,Physical measures,X23123.Arm fat percentage (left),47438,0.0453823391541628,0.0139547865561731,0.0180309575040635,0.072733720804262,0.00114721452154555
RAB33A,Ras-related protein Rab-33A,Physical measures,X23124.Arm fat mass (left),47438,0.0337805678315216,0.0115112299668899,0.0112185570964173,0.0563425785666258,0.00334335072510774
RAB33A,Ras-related protein Rab-33A,Physical measures,X23125.Arm fat-free mass (left),47438,-0.0161037732776503,0.00941803382958377,-0.0345631195836345,0.00235557302833385,0.0873002733567304
RAB33A,Ras-related protein Rab-33A,Physical measures,X23126.Arm predicted mass (left),47436,-0.0146302525624786,0.00943363973830093,-0.0331201864495484,0.00385968132459124,0.120949056426401
RAB33A,Ras-related protein Rab-33A,Physical measures,X23127.Trunk fat percentage,47435,0.025083870458564,0.00708377352632751,0.0111996743469621,0.0389680665701659,0.000399353136295364
RAB33A,Ras-related protein Rab-33A,Physical measures,X23128.Trunk fat mass,47431,0.0212140740752515,0.00817545306495848,0.0051901860679329,0.0372379620825701,0.00946923328953886
RAB33A,Ras-related protein Rab-33A,Physical measures,X23129.Trunk fat-free mass,47426,-0.0230450265228183,0.00837361798080575,-0.0394573177651976,-0.00663273528043904,0.00592610381137015
RAB33A,Ras-related protein Rab-33A,Physical measures,X23130.Trunk predicted mass,47423,-0.0224338650690718,0.00839130745291211,-0.0388808276767796,-0.00598690246136407,0.00751252216896187
RAB33A,Ras-related protein Rab-33A,NMR metabolomics,X23400.Total Cholesterol,37562,0.0504591435716992,0.00631482806764389,0.0380820805591172,0.0628362065842812,1.45476127534577e-15
RAB33A,Ras-related protein Rab-33A,NMR metabolomics,X23401.Total Cholesterol Minus HDL-C,37562,0.055224817626623,0.00610228134679716,0.0432643461869006,0.0671852890663454,1.6309669175786e-19
RAB33A,Ras-related protein Rab-33A,NMR metabolomics,"X23402.Remnant Cholesterol (Non-HDL, Non-LDL -Cholesterol)",37562,0.0593519471613302,0.00609278737262777,0.0474100839109798,0.0712938104116806,2.39169486629202e-22
RAB33A,Ras-related protein Rab-33A,NMR metabolomics,X23403.VLDL Cholesterol,37562,0.0701891007203899,0.0059651985740284,0.0584973115152942,0.0818808899254856,8.40086004133698e-32
RAB33A,Ras-related protein Rab-33A,NMR metabolomics,X23404.Clinical LDL Cholesterol,37562,0.0410356355347459,0.00611266619296707,0.0290548097965305,0.0530164612729614,1.98221260211742e-11
RAB33A,Ras-related protein Rab-33A,NMR metabolomics,X23405.LDL Cholesterol,37562,0.049269072415287,0.0061064994018893,0.0373003335875839,0.06123781124299,7.74526462753414e-16
RAB33A,Ras-related protein Rab-33A,NMR metabolomics,X23406.HDL Cholesterol,37562,-0.00330271460823805,0.00706100771111371,-0.0171422897220209,0.0105368605055448,0.639978422730392
RAB33A,Ras-related protein Rab-33A,NMR metabolomics,X23407.Total Triglycerides,37562,0.101452043347529,0.00641812661243805,0.0888725151871505,0.114031571507908,9.09040670053291e-56
RAB33A,Ras-related protein Rab-33A,NMR metabolomics,X23408.Triglycerides in VLDL,37562,0.0980117379783383,0.00642948098613316,0.0854099552455173,0.110613520711159,5.02901774139792e-52
RAB33A,Ras-related protein Rab-33A,NMR metabolomics,X23409.Triglycerides in LDL,37562,0.0936997520642073,0.00640917237121406,0.0811377742166277,0.106261729911787,5.02438328274375e-48
RAB33A,Ras-related protein Rab-33A,NMR metabolomics,X23410.Triglycerides in HDL,37562,0.0947632810692943,0.00603321813239744,0.0829381735297953,0.106588388608793,4.30675529050558e-55
RAB33A,Ras-related protein Rab-33A,NMR metabolomics,X23411.Total Phospholipids in Lipoprotein Particles,37562,0.0739867921598484,0.00641357939174414,0.0614161765520299,0.086557407767667,1.22166352919705e-30
RAB33A,Ras-related protein Rab-33A,NMR metabolomics,X23412.Phospholipids in VLDL,37562,0.0845881545189717,0.00613264271079114,0.072568174805821,0.0966081342321223,5.59571550646374e-43
RAB33A,Ras-related protein Rab-33A,NMR metabolomics,X23413.Phospholipids in LDL,37562,0.0479477997478443,0.00606226607964835,0.0360657582317335,0.059829841263955,2.79666582205749e-15
RAB33A,Ras-related protein Rab-33A,NMR metabolomics,X23414.Phospholipids in HDL,37562,0.0328818329638581,0.00682359997352164,0.0195075770157557,0.0462560889119605,1.46013416117477e-06
RAB33A,Ras-related protein Rab-33A,NMR metabolomics,X23415.Total Esterified Cholesterol,37562,0.0481287149880896,0.00633717711163899,0.0357078478492772,0.0605495821269021,3.29466146288595e-14
RAB33A,Ras-related protein Rab-33A,NMR metabolomics,X23416.Cholesteryl Esters in VLDL,37562,0.0629894012796552,0.0059326312579806,0.0513614440140133,0.0746173585452972,3.15933889953067e-26
RAB33A,Ras-related protein Rab-33A,NMR metabolomics,X23417.Cholesteryl Esters in LDL,37562,0.0554342191640031,0.00608967378857482,0.0434984585383964,0.0673699797896097,1.00434959186785e-19
RAB33A,Ras-related protein Rab-33A,NMR metabolomics,X23418.Cholesteryl Esters in HDL,37562,-0.00810746217933505,0.00701314419983876,-0.021853224811019,0.00563830045234892,0.247686623093967
RAB33A,Ras-related protein Rab-33A,NMR metabolomics,X23419.Total Free Cholesterol,37562,0.0551794152459119,0.00625697987898447,0.0429157346831024,0.0674430958087215,1.30093243078503e-18
RAB33A,Ras-related protein Rab-33A,NMR metabolomics,X23420.Free Cholesterol in VLDL,37562,0.0793650036967739,0.006065455427997,0.0674767110578997,0.091253296335648,7.05006892858415e-39
RAB33A,Ras-related protein Rab-33A,NMR metabolomics,X23421.Free Cholesterol in LDL,37562,0.0310146248080498,0.00616672526430747,0.0189278432900072,0.0431014063260924,4.98649837264092e-07
RAB33A,Ras-related protein Rab-33A,NMR metabolomics,X23422.Free Cholesterol in HDL,37562,0.0129495962777132,0.00709087283771196,-0.000948514484202193,0.0268477070396287,0.0678376851567942
RAB33A,Ras-related protein Rab-33A,NMR metabolomics,X23423.Total Lipids in Lipoprotein Particles,37562,0.0800374131383989,0.00626577659490457,0.0677564910123859,0.0923183352644119,3.82624013910317e-37
RAB33A,Ras-related protein Rab-33A,NMR metabolomics,X23424.Total Lipids in VLDL,37562,0.0920226345329736,0.00624942111722957,0.0797737691432036,0.104271499922744,1.09037671524567e-48
RAB33A,Ras-related protein Rab-33A,NMR metabolomics,X23425.Total Lipids in LDL,37562,0.0528808838399224,0.00609222595016432,0.0409401209776003,0.0648216467022444,4.41859564865109e-18
RAB33A,Ras-related protein Rab-33A,NMR metabolomics,X23426.Total Lipids in HDL,37562,0.0242426488834078,0.0069148178561013,0.0106896058854492,0.0377956918813663,0.000456589712416925
RAB33A,Ras-related protein Rab-33A,NMR metabolomics,X23427.Total Concentration of Lipoprotein Particles,37562,0.0546804911748282,0.00645313732509335,0.0420323420176452,0.0673286403320112,2.63405379550022e-17
RAB33A,Ras-related protein Rab-33A,NMR metabolomics,X23428.Concentration of VLDL Particles,37562,0.077606070366289,0.00604680219134499,0.0657543380712528,0.0894578026613252,1.77235104952629e-37
RAB33A,Ras-related protein Rab-33A,NMR metabolomics,X23429.Concentration of LDL Particles,37562,0.0477262863770438,0.00604574599666864,0.0358766242235733,0.0595759485305143,3.15328311376145e-15
RAB33A,Ras-related protein Rab-33A,NMR metabolomics,X23430.Concentration of HDL Particles,37562,0.0483940545758984,0.00646553257473461,0.0357216107294186,0.0610664984223782,7.61490931875664e-14
RAB33A,Ras-related protein Rab-33A,NMR metabolomics,X23431.Average Diameter for VLDL Particles,37562,0.0940801736225163,0.00679390136020531,0.0807641269565139,0.107396220288519,2.64813058179023e-43
RAB33A,Ras-related protein Rab-33A,NMR metabolomics,X23432.Average Diameter for LDL Particles,37562,-0.0365655232227051,0.0062229140357111,-0.0487624347326988,-0.0243686117127113,4.30637762288737e-09
RAB33A,Ras-related protein Rab-33A,NMR metabolomics,X23433.Average Diameter for HDL Particles,37562,-0.0527238275297859,0.00739661823425898,-0.0672211992689336,-0.0382264557906383,1.07091395605532e-12
RAB33A,Ras-related protein Rab-33A,NMR metabolomics,X23434.Phosphoglycerides,37549,0.0782030353620962,0.00642825348214264,0.0656036585370966,0.0908024121870958,7.22479808232614e-34
RAB33A,Ras-related protein Rab-33A,NMR metabolomics,X23435.Triglycerides to Phosphoglycerides ratio,37549,0.0829852363814985,0.00682524726440634,0.0696077517432621,0.0963627210197349,7.85897895311028e-34
RAB33A,Ras-related protein Rab-33A,NMR metabolomics,X23436.Total Cholines,37549,0.0719794440211386,0.00645456656676399,0.0593284935502812,0.084630394491996,9.46368581198766e-29
RAB33A,Ras-related protein Rab-33A,NMR metabolomics,X23437.Phosphatidylcholines,37549,0.0675607084204695,0.00646036103752377,0.0548984007869229,0.0802230160540161,1.70179016531765e-25
RAB33A,Ras-related protein Rab-33A,NMR metabolomics,X23438.Sphingomyelins,37548,0.0498674031645883,0.00651128929067844,0.0371052761548585,0.062629530174318,2.0112622270386e-14
RAB33A,Ras-related protein Rab-33A,NMR metabolomics,X23439.Apolipoprotein B,37562,0.0507281161717491,0.00604321476043221,0.038883415241302,0.0625728171021962,5.1674183709858e-17
RAB33A,Ras-related protein Rab-33A,NMR metabolomics,X23440.Apolipoprotein A1,37562,0.0380680217087011,0.00668963303658984,0.0249563409569851,0.0511797024604172,1.29304393663011e-08
RAB33A,Ras-related protein Rab-33A,NMR metabolomics,X23441.Apolipoprotein B to Apolipoprotein A1 ratio,37562,0.0248980995663235,0.00609964217930246,0.0129428008948907,0.0368533982377563,4.49348219337691e-05
RAB33A,Ras-related protein Rab-33A,NMR metabolomics,X23442.Total Fatty Acids,37549,0.106835141697183,0.00641653138401901,0.0942587401845058,0.11941154320986,1.29951821141728e-61
RAB33A,Ras-related protein Rab-33A,NMR metabolomics,X23443.Degree of Unsaturation,37549,-0.0639795567729857,0.00673216961971078,-0.0771746092276188,-0.0507845043183525,2.37659089396156e-21
RAB33A,Ras-related protein Rab-33A,NMR metabolomics,X23444.Omega-3 Fatty Acids,37549,0.0320695320975859,0.00631724149034646,0.0196877387765068,0.0444513254186649,3.89708327765306e-07
RAB33A,Ras-related protein Rab-33A,NMR metabolomics,X23445.Omega-6 Fatty Acids,37549,0.0772726875087994,0.00624244040365626,0.0650375043176331,0.0895078706999657,5.35435915499615e-35
RAB33A,Ras-related protein Rab-33A,NMR metabolomics,X23446.Polyunsaturated Fatty Acids,37549,0.0745023416507427,0.00630403656597875,0.0621464299814244,0.0868582533200611,4.5740608011281e-32
RAB33A,Ras-related protein Rab-33A,NMR metabolomics,X23447.Monounsaturated Fatty Acids,37549,0.119387519936332,0.00656462158901633,0.10652086162186,0.132254178250804,5.21157253444137e-73
RAB33A,Ras-related protein Rab-33A,NMR metabolomics,X23448.Saturated Fatty Acids,37549,0.112483343389338,0.00653556315319341,0.0996736396090792,0.125293047169597,1.15711733161521e-65
RAB33A,Ras-related protein Rab-33A,NMR metabolomics,X23449.Linoleic Acid,37549,0.0727253308720998,0.0061825470053059,0.0606075387417002,0.0848431230024994,8.74841824316932e-32
RAB33A,Ras-related protein Rab-33A,NMR metabolomics,X23450.Docosahexaenoic Acid,37549,0.00102761509564482,0.00664472209090278,-0.0119960402025246,0.0140512703938143,0.877098585863348
RAB33A,Ras-related protein Rab-33A,NMR metabolomics,X23451.Omega-3 Fatty Acids to Total Fatty Acids percentage,37549,-0.0193163359509675,0.00629142630045407,-0.0316475314998575,-0.00698514040207752,0.00214307907481338
RAB33A,Ras-related protein Rab-33A,NMR metabolomics,X23452.Omega-6 Fatty Acids to Total Fatty Acids percentage,37549,-0.102617455061591,0.00702756110953021,-0.11639147483627,-0.0888434352869114,6.47386514545733e-48
RAB33A,Ras-related protein Rab-33A,NMR metabolomics,X23453.Polyunsaturated Fatty Acids to Total Fatty Acids percentage,37549,-0.114142242439922,0.00702583237880948,-0.127912873902389,-0.100371610977456,8.93194912913228e-59
RAB33A,Ras-related protein Rab-33A,NMR metabolomics,X23454.Monounsaturated Fatty Acids to Total Fatty Acids percentage,37549,0.103807452013997,0.00694114283891428,0.0902028120497247,0.117412091978269,3.72415317454604e-50
RAB33A,Ras-related protein Rab-33A,NMR metabolomics,X23455.Saturated Fatty Acids to Total Fatty Acids percentage,37549,0.0599020825378057,0.00655580024682013,0.0470527140540382,0.0727514510215732,7.33575247958366e-20
RAB33A,Ras-related protein Rab-33A,NMR metabolomics,X23456.Linoleic Acid to Total Fatty Acids percentage,37549,-0.0441631179743434,0.00679226670235359,-0.0574759607109564,-0.0308502752377303,8.21507064117981e-11
RAB33A,Ras-related protein Rab-33A,NMR metabolomics,X23457.Docosahexaenoic Acid to Total Fatty Acids percentage,37549,-0.0658496241449766,0.00668691281267526,-0.0789559732578201,-0.0527432750321331,8.42905394359005e-23
RAB33A,Ras-related protein Rab-33A,NMR metabolomics,X23458.Polyunsaturated Fatty Acids to Monounsaturated Fatty Acids ratio,37549,-0.113996502195768,0.00700127076722111,-0.127718992899521,-0.100274011492014,5.00641336083914e-59
RAB33A,Ras-related protein Rab-33A,NMR metabolomics,X23459.Omega-6 Fatty Acids to Omega-3 Fatty Acids ratio,37547,-0.00334343204995409,0.00627211050622979,-0.0156367686421645,0.00894990454225631,0.593998795099389
RAB33A,Ras-related protein Rab-33A,NMR metabolomics,X23460.Alanine,37555,0.0570590768907052,0.00606056619145249,0.0451803671554583,0.068937786625952,5.52065878744205e-21
RAB33A,Ras-related protein Rab-33A,NMR metabolomics,X23461.Glutamine,37519,-0.0814869274211851,0.0060875181016577,-0.0934184629004342,-0.069555391941936,1.35283310359914e-40
RAB33A,Ras-related protein Rab-33A,NMR metabolomics,X23462.Glycine,37544,0.00581968721694663,0.00582742829446908,-0.00560207224021277,0.017241446674106,0.317972253586204
RAB33A,Ras-related protein Rab-33A,NMR metabolomics,X23463.Histidine,37545,0.0233391811826702,0.00594721502108185,0.0116826397413498,0.0349957226239906,8.73950235146644e-05
RAB33A,Ras-related protein Rab-33A,NMR metabolomics,X23464.Total Concentration of Branched-Chain Amino Acids (Leucine + Isoleucine + Valine),37552,0.0562506399962744,0.00608630734746397,0.044321477595245,0.0681798023973038,2.78386387625138e-20
RAB33A,Ras-related protein Rab-33A,NMR metabolomics,X23465.Isoleucine,37558,0.0419067737195673,0.00597385401422864,0.0301980198516792,0.0536155275874555,2.41186133800352e-12
RAB33A,Ras-related protein Rab-33A,NMR metabolomics,X23466.Leucine,37559,0.0520834936950417,0.00608180566694811,0.0401631545878234,0.06400383280226,1.21273570404371e-17
RAB33A,Ras-related protein Rab-33A,NMR metabolomics,X23467.Valine,37552,0.0590985986913838,0.00614088631809552,0.0470624615079165,0.071134735874851,7.49395927071159e-22
RAB33A,Ras-related protein Rab-33A,NMR metabolomics,X23468.Phenylalanine,37558,0.0335217870643629,0.0059488377582879,0.0218620650581187,0.0451815090706072,1.78650602560748e-08
RAB33A,Ras-related protein Rab-33A,NMR metabolomics,X23469.Tyrosine,37545,0.0397775858881478,0.00599520938447018,0.0280269754945862,0.0515281962817093,3.3750703976107e-11
RAB33A,Ras-related protein Rab-33A,NMR metabolomics,X23470.Glucose,37538,-0.0216236693739527,0.00634261662660702,-0.0340551979621024,-0.00919214078580289,0.00065334360258766
RAB33A,Ras-related protein Rab-33A,NMR metabolomics,X23471.Lactate,37537,0.130284835801966,0.00586398138507838,0.118791432287212,0.14177823931672,2.20891038019844e-107
RAB33A,Ras-related protein Rab-33A,NMR metabolomics,X23472.Pyruvate,37521,0.0542922819274577,0.00608148249750589,0.0423725762323461,0.0662119876225692,4.9340163957751e-19
RAB33A,Ras-related protein Rab-33A,NMR metabolomics,X23473.Citrate,37560,0.024614553005953,0.00606885121235052,0.012719604629746,0.03650950138216,5.02342461811715e-05
RAB33A,Ras-related protein Rab-33A,NMR metabolomics,X23474.3-Hydroxybutyrate,37401,0.0269999353118277,0.00574018402947427,0.0157491746140581,0.0382506960095972,2.58165417708152e-06
RAB33A,Ras-related protein Rab-33A,NMR metabolomics,X23475.Acetate,37552,-0.0633645474486295,0.00612190637581265,-0.0753634839452223,-0.0513656109520367,5.19952355332941e-25
RAB33A,Ras-related protein Rab-33A,NMR metabolomics,X23476.Acetoacetate,37561,0.0046481012315989,0.00592875074256196,-0.00697225022382254,0.0162684526870203,0.433058170128132
RAB33A,Ras-related protein Rab-33A,NMR metabolomics,X23477.Acetone,37561,-0.0286056934634664,0.00594006924540113,-0.0402482291844526,-0.0169631577424802,1.48311417783941e-06
RAB33A,Ras-related protein Rab-33A,NMR metabolomics,X23478.Creatinine,37173,0.0185025041315625,0.00715419019665019,0.00448029134612814,0.0325247169169969,0.00971373661344766
RAB33A,Ras-related protein Rab-33A,NMR metabolomics,X23479.Albumin,37560,0.0352870947071228,0.00613085748304447,0.0232706140403557,0.04730357537389,8.82393095937416e-09
RAB33A,Ras-related protein Rab-33A,NMR metabolomics,X23480.Glycoprotein Acetyls,37562,0.148930181536704,0.0064273928803038,0.136332491491309,0.1615278715821,1.91427849926874e-116
RAB33A,Ras-related protein Rab-33A,NMR metabolomics,X23481.Concentration of Chylomicrons and Extremely Large VLDL Particles,37562,0.096588528901026,0.00650138902141731,0.0838458064190481,0.109331251383004,1.59315928517427e-49
RAB33A,Ras-related protein Rab-33A,NMR metabolomics,X23482.Total Lipids in Chylomicrons and Extremely Large VLDL,37562,0.0938269257709542,0.00650805639644248,0.0810711352339269,0.106582716307981,9.20792566369659e-47
RAB33A,Ras-related protein Rab-33A,NMR metabolomics,X23483.Phospholipids in Chylomicrons and Extremely Large VLDL,37562,0.0959269294137934,0.00640453531388159,0.0833740401985855,0.108479818629001,2.6646853803663e-50
RAB33A,Ras-related protein Rab-33A,NMR metabolomics,X23484.Cholesterol in Chylomicrons and Extremely Large VLDL,37562,0.0975760451695949,0.0063870001928819,0.0850575247915464,0.110094565547643,3.05160808956459e-52
RAB33A,Ras-related protein Rab-33A,NMR metabolomics,X23485.Cholesteryl Esters in Chylomicrons and Extremely Large VLDL,37562,0.0968095044536372,0.00633707851803409,0.0843888305582903,0.109230178348984,3.07984981203055e-52
RAB33A,Ras-related protein Rab-33A,NMR metabolomics,X23486.Free Cholesterol in Chylomicrons and Extremely Large VLDL,37562,0.0968859116682124,0.00642417578475404,0.0842945271300945,0.10947729620633,5.73709722552576e-51
RAB33A,Ras-related protein Rab-33A,NMR metabolomics,X23487.Triglycerides in Chylomicrons and Extremely Large VLDL,37562,0.087743477774438,0.00656261194377952,0.0748807583646301,0.100606197184246,1.66280364689547e-40
RAB33A,Ras-related protein Rab-33A,NMR metabolomics,X23488.Concentration of Very Large VLDL Particles,37562,0.0954883508080687,0.00637221616767083,0.0829988071194339,0.107977894496704,2.39757156761504e-50
RAB33A,Ras-related protein Rab-33A,NMR metabolomics,X23489.Total Lipids in Very Large VLDL,37562,0.0946802975020473,0.00638503867747668,0.082165621694193,0.107194973309902,2.40680686392158e-49
RAB33A,Ras-related protein Rab-33A,NMR metabolomics,X23490.Phospholipids in Very Large VLDL,37562,0.0919564552664633,0.006344112534954,0.0795219946979535,0.104390915834973,3.03079051882889e-47
RAB33A,Ras-related protein Rab-33A,NMR metabolomics,X23491.Cholesterol in Very Large VLDL,37562,0.0847921803911203,0.00616978020263797,0.0726994111939499,0.0968849495882907,1.10621845405785e-42
RAB33A,Ras-related protein Rab-33A,NMR metabolomics,X23492.Cholesteryl Esters in Very Large VLDL,37562,0.0777412607333272,0.00604797177583416,0.0658872360526922,0.0895952854139621,1.37539609593173e-37
RAB33A,Ras-related protein Rab-33A,NMR metabolomics,X23493.Free Cholesterol in Very Large VLDL,37562,0.0893234576352355,0.00629779272752551,0.0769797838892855,0.101667131381186,2.51458534100759e-45
RAB33A,Ras-related protein Rab-33A,NMR metabolomics,X23494.Triglycerides in Very Large VLDL,37562,0.0957767646847093,0.00645924648712687,0.0831166415699406,0.108436887799478,2.42830211395998e-49
RAB33A,Ras-related protein Rab-33A,NMR metabolomics,X23495.Concentration of Large VLDL Particles,37562,0.0923028448435106,0.00631937853937335,0.0799168629063388,0.104688826780682,6.09014066038397e-48
RAB33A,Ras-related protein Rab-33A,NMR metabolomics,X23496.Total Lipids in Large VLDL,37562,0.0903437454761134,0.00630672513777632,0.0779825642060718,0.102704926746155,3.40812288606813e-46
RAB33A,Ras-related protein Rab-33A,NMR metabolomics,X23497.Phospholipids in Large VLDL,37562,0.0896423635420288,0.00627604831179058,0.0773413088509192,0.101943418233138,6.15231569133736e-46
RAB33A,Ras-related protein Rab-33A,NMR metabolomics,X23498.Cholesterol in Large VLDL,37562,0.0833967885840142,0.00610548779393942,0.0714300325078929,0.0953635446601355,3.4530257997246e-42
RAB33A,Ras-related protein Rab-33A,NMR metabolomics,X23499.Cholesteryl Esters in Large VLDL,37562,0.0751739211670705,0.00596727942279671,0.063478053498389,0.0868697888357521,3.5223663148789e-36
RAB33A,Ras-related protein Rab-33A,NMR metabolomics,X23500.Free Cholesterol in Large VLDL,37562,0.0900885274369582,0.00625189441015951,0.0778348143930455,0.102342240480871,1.02099487749389e-46
RAB33A,Ras-related protein Rab-33A,NMR metabolomics,X23501.Triglycerides in Large VLDL,37562,0.0908007933174119,0.00640328433746984,0.078250356015971,0.103351230618853,2.6208545469955e-45
RAB33A,Ras-related protein Rab-33A,NMR metabolomics,X23502.Concentration of Medium VLDL Particles,37562,0.0693476645302266,0.00601587435823826,0.0575565507880796,0.0811387782723736,1.3473334044431e-30
RAB33A,Ras-related protein Rab-33A,NMR metabolomics,X23503.Total Lipids in Medium VLDL,37562,0.0772385611818798,0.00607291925048652,0.0653356394509262,0.0891414829128334,7.7008173477559e-37
RAB33A,Ras-related protein Rab-33A,NMR metabolomics,X23504.Phospholipids in Medium VLDL,37562,0.0670764121355634,0.00600303619323749,0.0553104611968179,0.0788423630743089,7.40044177808586e-29
RAB33A,Ras-related protein Rab-33A,NMR metabolomics,X23505.Cholesterol in Medium VLDL,37562,0.0412641666192203,0.00605867712669723,0.0293891594508938,0.0531391737875469,1.01321623349997e-11
RAB33A,Ras-related protein Rab-33A,NMR metabolomics,X23506.Cholesteryl Esters in Medium VLDL,37562,0.0258269800514662,0.00616456903047936,0.0137444247517266,0.0379095353512057,2.81296009613865e-05
RAB33A,Ras-related protein Rab-33A,NMR metabolomics,X23507.Free Cholesterol in Medium VLDL,37562,0.0586287715699898,0.0059922917796847,0.0468838796818078,0.0703736634581718,1.5746402152146e-22
RAB33A,Ras-related protein Rab-33A,NMR metabolomics,X23508.Triglycerides in Medium VLDL,37562,0.0923919501631925,0.00628057366100462,0.0800820257876235,0.104701874538762,1.34120984722292e-48
RAB33A,Ras-related protein Rab-33A,NMR metabolomics,X23509.Concentration of Small VLDL Particles,37562,0.0789421270142044,0.00604997329075232,0.0670841793643298,0.0908000746640789,1.1307090787262e-38
RAB33A,Ras-related protein Rab-33A,NMR metabolomics,X23510.Total Lipids in Small VLDL,37562,0.0805765100375495,0.00601409707505224,0.0687888797704471,0.0923641403046519,1.15062513102809e-40
RAB33A,Ras-related protein Rab-33A,NMR metabolomics,X23511.Phospholipids in Small VLDL,37562,0.0681834398553156,0.00595319954389435,0.0565151687492827,0.0798517109613485,3.15358987550184e-30
RAB33A,Ras-related protein Rab-33A,NMR metabolomics,X23512.Cholesterol in Small VLDL,37562,0.0600678418119761,0.00588795609994107,0.0485274478560917,0.0716082357678606,2.39932488382452e-24
RAB33A,Ras-related protein Rab-33A,NMR metabolomics,X23513.Cholesteryl Esters in Small VLDL,37562,0.0615959817072545,0.00585100485318776,0.0501280121950065,0.0730639512195025,8.18604427252195e-26
RAB33A,Ras-related protein Rab-33A,NMR metabolomics,X23514.Free Cholesterol in Small VLDL,37562,0.0558820100451922,0.00597209545269163,0.0441767029579166,0.0675873171324678,9.50315712174498e-21
RAB33A,Ras-related protein Rab-33A,NMR metabolomics,X23515.Triglycerides in Small VLDL,37562,0.0908758141992917,0.00621607884539008,0.0786922996623271,0.103059328736256,5.035858581585e-48
RAB33A,Ras-related protein Rab-33A,NMR metabolomics,X23516.Concentration of Very Small VLDL Particles,37562,0.0595600283542405,0.00609766213504651,0.0476086105695494,0.0715114461389317,1.84840241176093e-22
RAB33A,Ras-related protein Rab-33A,NMR metabolomics,X23517.Total Lipids in Very Small VLDL,37562,0.0609097167844539,0.00609405121161247,0.0489653764096934,0.0728540571592143,1.94538764312373e-23
RAB33A,Ras-related protein Rab-33A,NMR metabolomics,X23518.Phospholipids in Very Small VLDL,37562,0.0583133703311235,0.00608317832008565,0.0463903408237556,0.0702363998384914,1.0785370233291e-21
RAB33A,Ras-related protein Rab-33A,NMR metabolomics,X23519.Cholesterol in Very Small VLDL,37562,0.0443765152672724,0.00620918380542779,0.0322065150086339,0.0565465155259108,9.3444224891892e-13
RAB33A,Ras-related protein Rab-33A,NMR metabolomics,X23520.Cholesteryl Esters in Very Small VLDL,37562,0.0401453982538896,0.00625728263935581,0.0278811242807522,0.052409672227027,1.44911710884509e-10
RAB33A,Ras-related protein Rab-33A,NMR metabolomics,X23521.Free Cholesterol in Very Small VLDL,37562,0.0526629309297005,0.00611284712930168,0.0406817505562692,0.0646441113031318,7.77923504974446e-18
RAB33A,Ras-related protein Rab-33A,NMR metabolomics,X23522.Triglycerides in Very Small VLDL,37562,0.0829897156684452,0.00617876875226239,0.0708793289140109,0.0951001024228794,7.36870921367694e-41
RAB33A,Ras-related protein Rab-33A,NMR metabolomics,X23523.Concentration of IDL Particles,37562,0.0388644480370085,0.00613873571799229,0.0268325260297436,0.0508963700442734,2.51489234032874e-10
RAB33A,Ras-related protein Rab-33A,NMR metabolomics,X23524.Total Lipids in IDL,37562,0.042975038088816,0.00630592959919392,0.0306154160743959,0.0553346601032361,9.83709316824194e-12
RAB33A,Ras-related protein Rab-33A,NMR metabolomics,X23525.Phospholipids in IDL,37562,0.0401843195503068,0.00632202968203438,0.0277931413735194,0.0525754977270942,2.13604116592337e-10
RAB33A,Ras-related protein Rab-33A,NMR metabolomics,X23526.Cholesterol in IDL,37562,0.0356777335855794,0.00631847180898387,0.0232935288399711,0.0480619383311878,1.67073373522089e-08
RAB33A,Ras-related protein Rab-33A,NMR metabolomics,X23527.Cholesteryl Esters in IDL,37562,0.0372033283406795,0.00630821392589028,0.0248392290459346,0.0495674276354245,3.77911283749826e-09
RAB33A,Ras-related protein Rab-33A,NMR metabolomics,X23528.Free Cholesterol in IDL,37562,0.0302001695610482,0.00633860318231508,0.0177765073237106,0.0426238317983857,1.91368441259739e-06
RAB33A,Ras-related protein Rab-33A,NMR metabolomics,X23529.Triglycerides in IDL,37562,0.0818475435559781,0.00627519911911866,0.0695481532825056,0.0941469338294507,1.2114336571512e-38
RAB33A,Ras-related protein Rab-33A,NMR metabolomics,X23530.Concentration of Large LDL Particles,37562,0.0402486893389481,0.00608233459930546,0.0283273135243094,0.0521700651535868,3.80014532944199e-11
RAB33A,Ras-related protein Rab-33A,NMR metabolomics,X23531.Total Lipids in Large LDL,37562,0.0492174646335567,0.00614417844297016,0.0371748748853352,0.0612600543817782,1.23920983114266e-15
RAB33A,Ras-related protein Rab-33A,NMR metabolomics,X23532.Phospholipids in Large LDL,37562,0.0471027970951279,0.00611473869869684,0.0351179092456821,0.0590876849445737,1.42253202267747e-14
RAB33A,Ras-related protein Rab-33A,NMR metabolomics,X23533.Cholesterol in Large LDL,37562,0.0447358204479823,0.00616539983197166,0.0326516367773179,0.0568200041186468,4.21285640745957e-13
RAB33A,Ras-related protein Rab-33A,NMR metabolomics,X23534.Cholesteryl Esters in Large LDL,37562,0.049275315771392,0.00613715666379725,0.0372464887103494,0.0613041428324346,1.06594730541906e-15
RAB33A,Ras-related protein Rab-33A,NMR metabolomics,X23535.Free Cholesterol in Large LDL,37562,0.0308801737518318,0.00623494599563259,0.0186596796003919,0.0431006679032717,7.40807344447162e-07
RAB33A,Ras-related protein Rab-33A,NMR metabolomics,X23536.Triglycerides in Large LDL,37562,0.0882493616831783,0.00636407292722496,0.0757757787458174,0.100722944620539,2.03830254683418e-43
RAB33A,Ras-related protein Rab-33A,NMR metabolomics,X23537.Concentration of Medium LDL Particles,37562,0.0587102310121044,0.00601537805619849,0.0469200900219554,0.0705003720022534,1.99237539641206e-22
RAB33A,Ras-related protein Rab-33A,NMR metabolomics,X23538.Total Lipids in Medium LDL,37562,0.0610322644228654,0.00604539345923963,0.0491832932427558,0.0728812356029751,7.05877935488334e-24
RAB33A,Ras-related protein Rab-33A,NMR metabolomics,X23539.Phospholipids in Medium LDL,37562,0.0558894750825992,0.00600473641033144,0.0441201917183496,0.0676587584468489,1.51321022210283e-20
RAB33A,Ras-related protein Rab-33A,NMR metabolomics,X23540.Cholesterol in Medium LDL,37562,0.0582857043288026,0.00604685018781325,0.0464338779606887,0.0701375306969166,6.46746200402722e-22
RAB33A,Ras-related protein Rab-33A,NMR metabolomics,X23541.Cholesteryl Esters in Medium LDL,37562,0.0656232432757766,0.00606305345763743,0.0537396584988072,0.077506828052746,3.47230416790476e-27
RAB33A,Ras-related protein Rab-33A,NMR metabolomics,X23542.Free Cholesterol in Medium LDL,37562,0.0360465664403957,0.00606332278891312,0.024162453774126,0.0479306791066654,2.8345401078716e-09
RAB33A,Ras-related protein Rab-33A,NMR metabolomics,X23543.Triglycerides in Medium LDL,37562,0.096970950959392,0.00644844534695915,0.084331998079352,0.109609903839432,1.09661736800118e-50
RAB33A,Ras-related protein Rab-33A,NMR metabolomics,X23544.Concentration of Small LDL Particles,37562,0.0522012394037225,0.00600469373561542,0.0404320396819163,0.0639704391255287,3.93165472135513e-18
RAB33A,Ras-related protein Rab-33A,NMR metabolomics,X23545.Total Lipids in Small LDL,37562,0.0484998848925803,0.00606618472303143,0.0366101628354387,0.0603896069497219,1.40238465572186e-15
RAB33A,Ras-related protein Rab-33A,NMR metabolomics,X23546.Phospholipids in Small LDL,37562,0.0277408331647868,0.00604847231167392,0.0158858274339059,0.0395958388956677,4.55086644938157e-06
RAB33A,Ras-related protein Rab-33A,NMR metabolomics,X23547.Cholesterol in Small LDL,37562,0.0486543364181536,0.00604673834250389,0.036802729266846,0.0605059435694612,9.25798098536286e-16
RAB33A,Ras-related protein Rab-33A,NMR metabolomics,X23548.Cholesteryl Esters in Small LDL,37562,0.0604467022069627,0.00607968510866292,0.0485305193939834,0.0723628850199421,3.2884102193554e-23
RAB33A,Ras-related protein Rab-33A,NMR metabolomics,X23549.Free Cholesterol in Small LDL,37562,0.0161078212239799,0.0060273453675791,0.00429422430352485,0.0279214181444349,0.00753911743897197
RAB33A,Ras-related protein Rab-33A,NMR metabolomics,X23550.Triglycerides in Small LDL,37562,0.102896522587484,0.00648949275738375,0.0901771167830114,0.115615928391956,4.24974076142193e-56
RAB33A,Ras-related protein Rab-33A,NMR metabolomics,X23551.Concentration of Very Large HDL Particles,37562,-0.03975944572337,0.00703583666778704,-0.0535496855922326,-0.0259692058545074,1.62848879425423e-08
RAB33A,Ras-related protein Rab-33A,NMR metabolomics,X23552.Total Lipids in Very Large HDL,37562,-0.0536011466848156,0.00706693219932629,-0.0674523337954951,-0.039749959574136,3.5544672473263e-14
RAB33A,Ras-related protein Rab-33A,NMR metabolomics,X23553.Phospholipids in Very Large HDL,37562,-0.0548490601769234,0.00706580398283998,-0.0686980359832897,-0.041000084370557,8.9350460655856e-15
RAB33A,Ras-related protein Rab-33A,NMR metabolomics,X23554.Cholesterol in Very Large HDL,37562,-0.0598486707951997,0.00701913651316972,-0.0736061783610124,-0.0460911632293871,1.67234594120665e-17
RAB33A,Ras-related protein Rab-33A,NMR metabolomics,X23555.Cholesteryl Esters in Very Large HDL,37562,-0.0604849620597116,0.0071350886986247,-0.074469735909016,-0.0465001882104072,2.5533948577994e-17
RAB33A,Ras-related protein Rab-33A,NMR metabolomics,X23556.Free Cholesterol in Very Large HDL,37562,-0.0537208401409102,0.00652867515975942,-0.0665170434540387,-0.0409246368277818,2.07454772062444e-16
RAB33A,Ras-related protein Rab-33A,NMR metabolomics,X23557.Triglycerides in Very Large HDL,37562,0.0710960166061528,0.00630785947130979,0.0587326120423856,0.08345942116992,2.48888836002226e-29
RAB33A,Ras-related protein Rab-33A,NMR metabolomics,X23558.Concentration of Large HDL Particles,37562,-0.0363231543577627,0.00745126166151051,-0.0509276272143232,-0.0217186815012021,1.10213886668359e-06
RAB33A,Ras-related protein Rab-33A,NMR metabolomics,X23559.Total Lipids in Large HDL,37562,-0.0341583605199541,0.00741085692441226,-0.0486836400918021,-0.0196330809481061,4.07973080622821e-06
RAB33A,Ras-related protein Rab-33A,NMR metabolomics,X23560.Phospholipids in Large HDL,37562,-0.0254447247986562,0.00731390339760327,-0.0397799754579586,-0.0111094741393538,0.000505011727361898
RAB33A,Ras-related protein Rab-33A,NMR metabolomics,X23561.Cholesterol in Large HDL,37562,-0.0505358556907676,0.0074087471040188,-0.0650570000146445,-0.0360147113668908,9.43054082611507e-12
RAB33A,Ras-related protein Rab-33A,NMR metabolomics,X23562.Cholesteryl Esters in Large HDL,37562,-0.0537796747935311,0.0073844424795067,-0.0682531820533643,-0.039306167533698,3.45533399997576e-13
RAB33A,Ras-related protein Rab-33A,NMR metabolomics,X23563.Free Cholesterol in Large HDL,37562,-0.0381384121402206,0.00740419286431197,-0.0526506301542721,-0.0236261941261692,2.6297060515707e-07
RAB33A,Ras-related protein Rab-33A,NMR metabolomics,X23564.Triglycerides in Large HDL,37562,0.0656174277106734,0.00621517782544979,0.0534356791727918,0.077799176248555,5.9537649044522e-26
RAB33A,Ras-related protein Rab-33A,NMR metabolomics,X23565.Concentration of Medium HDL Particles,37562,0.0376721819411424,0.00662985780801183,0.0246776606374392,0.0506667032448456,1.35802870405276e-08
RAB33A,Ras-related protein Rab-33A,NMR metabolomics,X23566.Total Lipids in Medium HDL,37562,0.0454328673556646,0.00656439980254327,0.0325666437426798,0.0582990909686494,4.68991696317678e-12
RAB33A,Ras-related protein Rab-33A,NMR metabolomics,X23567.Phospholipids in Medium HDL,37562,0.0540892105700169,0.00651420644606998,0.0413213659357197,0.066857055204314,1.1114874888832e-16
RAB33A,Ras-related protein Rab-33A,NMR metabolomics,X23568.Cholesterol in Medium HDL,37562,0.0216126609088126,0.00666540621556339,0.00854846472630835,0.0346768570913168,0.00118777115644707
RAB33A,Ras-related protein Rab-33A,NMR metabolomics,X23569.Cholesteryl Esters in Medium HDL,37562,0.0183095508268135,0.0066328870399983,0.00530909222841679,0.0313100094252101,0.00578073945047529
RAB33A,Ras-related protein Rab-33A,NMR metabolomics,X23570.Free Cholesterol in Medium HDL,37562,0.0338245657490239,0.00674654829455002,0.0206013310917059,0.0470478004063419,5.41157557040263e-07
RAB33A,Ras-related protein Rab-33A,NMR metabolomics,X23571.Triglycerides in Medium HDL,37562,0.0953304330967558,0.00597374946741688,0.0836218841406187,0.107038982052893,8.54873472242885e-57
RAB33A,Ras-related protein Rab-33A,NMR metabolomics,X23572.Concentration of Small HDL Particles,37562,0.0726529849868807,0.00593308822773901,0.0610241320605122,0.0842818379132491,2.73680495881653e-34
RAB33A,Ras-related protein Rab-33A,NMR metabolomics,X23573.Total Lipids in Small HDL,37562,0.0886955164671609,0.00597418620913598,0.0769861114972544,0.100404921437067,1.84867868220598e-49
RAB33A,Ras-related protein Rab-33A,NMR metabolomics,X23574.Phospholipids in Small HDL,37562,0.0910067928786834,0.00603138362407331,0.0791852809754997,0.102828304781867,5.13684453935023e-51
RAB33A,Ras-related protein Rab-33A,NMR metabolomics,X23575.Cholesterol in Small HDL,37562,0.0648338639087803,0.00595311238406963,0.0531657636360038,0.0765019641815567,1.6732212570117e-27
RAB33A,Ras-related protein Rab-33A,NMR metabolomics,X23576.Cholesteryl Esters in Small HDL,37562,0.055847774938267,0.00589525242616201,0.0442930801829894,0.0674024696935445,3.1686022701679e-21
RAB33A,Ras-related protein Rab-33A,NMR metabolomics,X23577.Free Cholesterol in Small HDL,37562,0.0826428758787487,0.00616293317225504,0.0705635268611289,0.0947222248963686,9.84519939022431e-41
RAB33A,Ras-related protein Rab-33A,NMR metabolomics,X23578.Triglycerides in Small HDL,37562,0.101266431087618,0.00617743884794654,0.0891586509456432,0.113374211229594,8.44102732029158e-60
RAB33A,Ras-related protein Rab-33A,NMR metabolomics,X23579.Phospholipids to Total Lipids in Chylomicrons and Extremely Large VLDL percentage,36847,0.0318696892619692,0.0056853404586929,0.0207264219629311,0.0430129565610073,2.11978774699322e-08
RAB33A,Ras-related protein Rab-33A,NMR metabolomics,X23580.Cholesterol to Total Lipids in Chylomicrons and Extremely Large VLDL percentage,36847,-0.00801854918801096,0.00595380254986041,-0.0196880021857374,0.00365090380971544,0.178071014641368
RAB33A,Ras-related protein Rab-33A,NMR metabolomics,X23581.Cholesteryl Esters to Total Lipids in Chylomicrons and Extremely Large VLDL percentage,36847,0.00193221789967035,0.00580647506473241,-0.00944847322720518,0.0133129090265459,0.739313898168862
RAB33A,Ras-related protein Rab-33A,NMR metabolomics,X23582.Free Cholesterol to Total Lipids in Chylomicrons and Extremely Large VLDL percentage,36847,-0.0224124071451555,0.00606609274123862,-0.0343019489179832,-0.0105228653723278,0.000221091751729342
RAB33A,Ras-related protein Rab-33A,NMR metabolomics,X23583.Triglycerides to Total Lipids in Chylomicrons and Extremely Large VLDL percentage,36847,-0.00549469870014216,0.00576515651720481,-0.0167944054738636,0.00580500807357928,0.34056431654711
RAB33A,Ras-related protein Rab-33A,NMR metabolomics,X23584.Phospholipids to Total Lipids in Very Large VLDL percentage,37362,0.0165601827926323,0.00558640704975199,0.00561082497511841,0.0275095406101462,0.00303856520202765
RAB33A,Ras-related protein Rab-33A,NMR metabolomics,X23585.Cholesterol to Total Lipids in Very Large VLDL percentage,37362,-0.0596306063720903,0.00635569321816163,-0.0720877650796871,-0.0471734476644936,7.52484527018381e-21
RAB33A,Ras-related protein Rab-33A,NMR metabolomics,X23586.Cholesteryl Esters to Total Lipids in Very Large VLDL percentage,37362,-0.060287666954337,0.00637220330961461,-0.0727771854411816,-0.0477981484674924,3.57042116753079e-21
RAB33A,Ras-related protein Rab-33A,NMR metabolomics,X23587.Free Cholesterol to Total Lipids in Very Large VLDL percentage,37362,-0.0439024030395033,0.00601016487552896,-0.0556823261955401,-0.0321224798834666,2.94211584344673e-13
RAB33A,Ras-related protein Rab-33A,NMR metabolomics,X23588.Triglycerides to Total Lipids in Very Large VLDL percentage,37362,0.0435350385300454,0.0061036625042515,0.0315718600217124,0.0554982170383783,1.0373420822148e-12
RAB33A,Ras-related protein Rab-33A,NMR metabolomics,X23589.Phospholipids to Total Lipids in Large VLDL percentage,37557,0.0596367230097542,0.00595994812508736,0.047955224684583,0.0713182213349254,1.73718099537478e-23
RAB33A,Ras-related protein Rab-33A,NMR metabolomics,X23590.Cholesterol to Total Lipids in Large VLDL percentage,37557,-0.0151935238165485,0.00587353332689946,-0.0267056491372715,-0.00368139849582559,0.00969848583122736
RAB33A,Ras-related protein Rab-33A,NMR metabolomics,X23591.Cholesteryl Esters to Total Lipids in Large VLDL percentage,37557,-0.0333842705973023,0.00616308495233868,-0.0454639171038861,-0.0213046240907185,6.17424432993796e-08
RAB33A,Ras-related protein Rab-33A,NMR metabolomics,X23592.Free Cholesterol to Total Lipids in Large VLDL percentage,37557,0.0236817265208981,0.00564530264786583,0.0126169333310811,0.0347465197107151,2.74735860679229e-05
RAB33A,Ras-related protein Rab-33A,NMR metabolomics,X23593.Triglycerides to Total Lipids in Large VLDL percentage,37557,-0.013266582364044,0.00554224735029602,-0.0241293871706242,-0.0024037775574638,0.0166924997318191
RAB33A,Ras-related protein Rab-33A,NMR metabolomics,X23594.Phospholipids to Total Lipids in Medium VLDL percentage,37562,-0.0220969064973562,0.00621590848217673,-0.0342800871224226,-0.00991372587228985,0.000379460004336032
RAB33A,Ras-related protein Rab-33A,NMR metabolomics,X23595.Cholesterol to Total Lipids in Medium VLDL percentage,37562,-0.0573271473006424,0.00648254839297836,-0.07003294215088,-0.0446213524504048,1.04684840675233e-18
RAB33A,Ras-related protein Rab-33A,NMR metabolomics,X23596.Cholesteryl Esters to Total Lipids in Medium VLDL percentage,37562,-0.0624145652373157,0.00653223380020686,-0.0752177434857211,-0.0496113869889102,1.45467415472592e-21
RAB33A,Ras-related protein Rab-33A,NMR metabolomics,X23597.Free Cholesterol to Total Lipids in Medium VLDL percentage,37562,-0.0409853527596134,0.00633995961202886,-0.05341167359919,-0.0285590319200368,1.05159397464193e-10
RAB33A,Ras-related protein Rab-33A,NMR metabolomics,X23598.Triglycerides to Total Lipids in Medium VLDL percentage,37562,0.0501046052570582,0.0064392037745314,0.0374837658589767,0.0627254446551398,7.72134985115692e-15
RAB33A,Ras-related protein Rab-33A,NMR metabolomics,X23599.Phospholipids to Total Lipids in Small VLDL percentage,37562,-0.0452683821748318,0.00631831063008728,-0.0576522710098029,-0.0328844933398607,8.2162199698261e-13
RAB33A,Ras-related protein Rab-33A,NMR metabolomics,X23600.Cholesterol to Total Lipids in Small VLDL percentage,37562,-0.0347648598333698,0.006162215965938,-0.0468428031266083,-0.0226869165401313,1.7194716035434e-08
RAB33A,Ras-related protein Rab-33A,NMR metabolomics,X23601.Cholesteryl Esters to Total Lipids in Small VLDL percentage,37562,-0.0224541441109003,0.0059926046580397,-0.0341996492406581,-0.0107086389811425,0.000179746980913585
RAB33A,Ras-related protein Rab-33A,NMR metabolomics,X23602.Free Cholesterol to Total Lipids in Small VLDL percentage,37562,-0.0476789580298815,0.00633568585977495,-0.0600969023150404,-0.0352610137447226,5.59576145114777e-14
RAB33A,Ras-related protein Rab-33A,NMR metabolomics,X23603.Triglycerides to Total Lipids in Small VLDL percentage,37562,0.0384498388050289,0.00621732071130806,0.0262638902108651,0.0506357873991927,6.42280151169358e-10
RAB33A,Ras-related protein Rab-33A,NMR metabolomics,X23604.Phospholipids to Total Lipids in Very Small VLDL percentage,37562,-0.0118831549438616,0.00634093797953029,-0.024311393383741,0.000545083496017744,0.0609474933196118
RAB33A,Ras-related protein Rab-33A,NMR metabolomics,X23605.Cholesterol to Total Lipids in Very Small VLDL percentage,37562,-0.0416677355037608,0.00656804307888466,-0.0545410999383748,-0.0287943710691469,2.31217661866244e-10
RAB33A,Ras-related protein Rab-33A,NMR metabolomics,X23606.Cholesteryl Esters to Total Lipids in Very Small VLDL percentage,37562,-0.0402169368085096,0.0066163544803863,-0.0531849915900668,-0.0272488820269524,1.24746109365794e-09
RAB33A,Ras-related protein Rab-33A,NMR metabolomics,X23607.Free Cholesterol to Total Lipids in Very Small VLDL percentage,37562,-0.0397334234417535,0.00639307843676366,-0.0522638571778103,-0.0272029897056967,5.28566699030081e-10
RAB33A,Ras-related protein Rab-33A,NMR metabolomics,X23608.Triglycerides to Total Lipids in Very Small VLDL percentage,37562,0.0502035468642583,0.00654628297217709,0.0373728322387912,0.0630342614897254,1.85514615641934e-14
RAB33A,Ras-related protein Rab-33A,NMR metabolomics,X23609.Phospholipids to Total Lipids in IDL percentage,37562,-0.0252489162249757,0.00594846198608964,-0.0369079017177114,-0.01358993073224,2.20478313950116e-05
RAB33A,Ras-related protein Rab-33A,NMR metabolomics,X23610.Cholesterol to Total Lipids in IDL percentage,37562,-0.0203279515525434,0.00629189785156831,-0.0326600713416173,-0.00799583176346952,0.00123742783317383
RAB33A,Ras-related protein Rab-33A,NMR metabolomics,X23611.Cholesteryl Esters to Total Lipids in IDL percentage,37562,-0.00752517772048692,0.00629710248928851,-0.0198674985994924,0.00481714315851856,0.232099946087045
RAB33A,Ras-related protein Rab-33A,NMR metabolomics,X23612.Free Cholesterol to Total Lipids in IDL percentage,37562,-0.0391921429571229,0.00640153637676565,-0.0517391542555835,-0.0266451316586622,9.48660914628236e-10
RAB33A,Ras-related protein Rab-33A,NMR metabolomics,X23613.Triglycerides to Total Lipids in IDL percentage,37562,0.0397870682599153,0.00647465758076925,0.0270967394016076,0.052477397118223,8.2256560376959e-10
RAB33A,Ras-related protein Rab-33A,NMR metabolomics,X23614.Phospholipids to Total Lipids in Large LDL percentage,37562,-0.0189111533829395,0.00593443731903052,-0.0305426505282393,-0.00727965623763966,0.00144253339081307
RAB33A,Ras-related protein Rab-33A,NMR metabolomics,X23615.Cholesterol to Total Lipids in Large LDL percentage,37562,-0.0282742661843472,0.00651468543268358,-0.041043049632407,-0.0155054827362874,1.43496920400135e-05
RAB33A,Ras-related protein Rab-33A,NMR metabolomics,X23616.Cholesteryl Esters to Total Lipids in Large LDL percentage,37562,0.0270823510159211,0.00599686758213939,0.0153284905549279,0.0388362114769143,6.35436597506244e-06
RAB33A,Ras-related protein Rab-33A,NMR metabolomics,X23617.Free Cholesterol to Total Lipids in Large LDL percentage,37562,-0.0687375404719693,0.00646196541005061,-0.0814029926756685,-0.0560720882682701,2.55972244464604e-26
RAB33A,Ras-related protein Rab-33A,NMR metabolomics,X23618.Triglycerides to Total Lipids in Large LDL percentage,37562,0.0354836798776594,0.00645501123444544,0.0228318578581464,0.0481355018971725,3.93361628776454e-08
RAB33A,Ras-related protein Rab-33A,NMR metabolomics,X23619.Phospholipids to Total Lipids in Medium LDL percentage,37562,-0.0510535834640167,0.00584204519750078,-0.0625039920511183,-0.0396031748769152,2.63516300742327e-18
RAB33A,Ras-related protein Rab-33A,NMR metabolomics,X23620.Cholesterol to Total Lipids in Medium LDL percentage,37562,0.00313769334922151,0.00601706958061523,-0.00865576302878435,0.0149311497272274,0.602051439867438
RAB33A,Ras-related protein Rab-33A,NMR metabolomics,X23621.Cholesteryl Esters to Total Lipids in Medium LDL percentage,37562,0.0681259147107782,0.00608928372641174,0.0561909186070112,0.0800609108145452,6.32346971048425e-29
RAB33A,Ras-related protein Rab-33A,NMR metabolomics,X23622.Free Cholesterol to Total Lipids in Medium LDL percentage,37562,-0.0875623886378632,0.00658175909923887,-0.100462636472371,-0.074662140803355,4.00366047357412e-40
RAB33A,Ras-related protein Rab-33A,NMR metabolomics,X23623.Triglycerides to Total Lipids in Medium LDL percentage,37562,0.0297905149799964,0.0062308718839906,0.0175780060873749,0.042003023872618,1.76220269853273e-06
RAB33A,Ras-related protein Rab-33A,NMR metabolomics,X23624.Phospholipids to Total Lipids in Small LDL percentage,37562,-0.0959911055475227,0.00592161065740768,-0.107597462436042,-0.0843847486590036,1.57944505651729e-58
RAB33A,Ras-related protein Rab-33A,NMR metabolomics,X23625.Cholesterol to Total Lipids in Small LDL percentage,37562,0.0348635424746302,0.00603714687884641,0.0230307345920912,0.0466963503571692,7.87743639958414e-09
RAB33A,Ras-related protein Rab-33A,NMR metabolomics,X23626.Cholesteryl Esters to Total Lipids in Small LDL percentage,37562,0.0924946353672277,0.00598584962036415,0.080762370111314,0.104226900623141,2.1533119841158e-53
RAB33A,Ras-related protein Rab-33A,NMR metabolomics,X23627.Free Cholesterol to Total Lipids in Small LDL percentage,37562,-0.0750902283383423,0.00643416721685718,-0.0877011960833824,-0.0624792605933023,2.57473513982534e-31
RAB33A,Ras-related protein Rab-33A,NMR metabolomics,X23628.Triglycerides to Total Lipids in Small LDL percentage,37562,0.0686389648905395,0.00635468697887631,0.0561837784119419,0.081094151369137,4.41145659760015e-27
RAB33A,Ras-related protein Rab-33A,NMR metabolomics,X23629.Phospholipids to Total Lipids in Very Large HDL percentage,37560,-0.052077433677034,0.00687278750226215,-0.0655480971814678,-0.0386067701726002,3.7635235431455e-14
RAB33A,Ras-related protein Rab-33A,NMR metabolomics,X23630.Cholesterol to Total Lipids in Very Large HDL percentage,37560,-0.00882440504866916,0.00687884853715075,-0.0223069481814846,0.00465813808414632,0.199573723559817
RAB33A,Ras-related protein Rab-33A,NMR metabolomics,X23631.Cholesteryl Esters to Total Lipids in Very Large HDL percentage,37560,-0.0252725257408899,0.00688869641566057,-0.0387743707155846,-0.0117706807661952,0.000244757629929687
RAB33A,Ras-related protein Rab-33A,NMR metabolomics,X23632.Free Cholesterol to Total Lipids in Very Large HDL percentage,37560,0.0291839173454561,0.00732295004285081,0.0148309352614685,0.0435368994294437,6.77690181205237e-05
RAB33A,Ras-related protein Rab-33A,NMR metabolomics,X23633.Triglycerides to Total Lipids in Very Large HDL percentage,37560,0.103527784226374,0.006801893067778,0.0901960738135295,0.116859494639219,7.17978667161866e-52
RAB33A,Ras-related protein Rab-33A,NMR metabolomics,X23634.Phospholipids to Total Lipids in Large HDL percentage,37562,0.0827775554567873,0.00709036388512661,0.0688804422419391,0.0966746686716354,2.45444171574919e-31
RAB33A,Ras-related protein Rab-33A,NMR metabolomics,X23635.Cholesterol to Total Lipids in Large HDL percentage,37562,-0.100691048964761,0.00704142574201471,-0.114492243419109,-0.0868898545104118,4.86786873861903e-46
RAB33A,Ras-related protein Rab-33A,NMR metabolomics,X23636.Cholesteryl Esters to Total Lipids in Large HDL percentage,37562,-0.103390956173796,0.00710139308151894,-0.117309686613573,-0.0894722257340192,1.20038639904945e-47
RAB33A,Ras-related protein Rab-33A,NMR metabolomics,X23637.Free Cholesterol to Total Lipids in Large HDL percentage,37562,-0.0437932195326718,0.00688450700409324,-0.0572868532606945,-0.030299585804649,2.06933526835835e-10
RAB33A,Ras-related protein Rab-33A,NMR metabolomics,X23638.Triglycerides to Total Lipids in Large HDL percentage,37562,0.0907100415681377,0.00685827874454614,0.0772678152288272,0.104152267907448,1.10956564884135e-39
RAB33A,Ras-related protein Rab-33A,NMR metabolomics,X23639.Phospholipids to Total Lipids in Medium HDL percentage,37562,0.0540151716279483,0.00670907271890533,0.0408653890988938,0.0671649541570027,8.91189766717936e-16
RAB33A,Ras-related protein Rab-33A,NMR metabolomics,X23640.Cholesterol to Total Lipids in Medium HDL percentage,37562,-0.0727408386020341,0.00653856850475226,-0.0855564328713486,-0.0599252443327197,1.27490322659869e-28
RAB33A,Ras-related protein Rab-33A,NMR metabolomics,X23641.Cholesteryl Esters to Total Lipids in Medium HDL percentage,37562,-0.0795770561419352,0.0064833417713867,-0.0922844060138532,-0.0668697062700173,1.92855945338763e-34
RAB33A,Ras-related protein Rab-33A,NMR metabolomics,X23642.Free Cholesterol to Total Lipids in Medium HDL percentage,37562,-0.0105171074201647,0.00708144953821362,-0.0243967485150634,0.00336253367473397,0.137524672907995
RAB33A,Ras-related protein Rab-33A,NMR metabolomics,X23643.Triglycerides to Total Lipids in Medium HDL percentage,37562,0.0784981681894278,0.00636080217811249,0.0660309959203274,0.0909653404585283,8.50615138507587e-35
RAB33A,Ras-related protein Rab-33A,NMR metabolomics,X23644.Phospholipids to Total Lipids in Small HDL percentage,37562,0.0170292125610888,0.00621273865930434,0.00485224478885225,0.0292061803333252,0.00613326060564701
RAB33A,Ras-related protein Rab-33A,NMR metabolomics,X23645.Cholesterol to Total Lipids in Small HDL percentage,37562,-0.0580889288101814,0.0062189516344325,-0.0702780740136691,-0.0458997836066937,1.11017158665019e-20
RAB33A,Ras-related protein Rab-33A,NMR metabolomics,X23646.Cholesteryl Esters to Total Lipids in Small HDL percentage,37562,-0.0521685243684756,0.00624547196537619,-0.064409649420613,-0.0399273993163383,7.31838864811498e-17
RAB33A,Ras-related protein Rab-33A,NMR metabolomics,X23647.Free Cholesterol to Total Lipids in Small HDL percentage,37562,-0.0194148879426447,0.00641050675707396,-0.0319794811865097,-0.00685029469877976,0.00246164273061347
RAB33A,Ras-related protein Rab-33A,NMR metabolomics,X23648.Triglycerides to Total Lipids in Small HDL percentage,37562,0.0750544785978895,0.00636605078943911,0.0625770190505888,0.0875319381451901,6.38543801134913e-32
RAB33A,Ras-related protein Rab-33A,Working and living environment,X24003.Nitrogen dioxide air pollution; 2010,47544,0.000467033811608418,0.00513620998047744,-0.00959993775012737,0.0105340053733442,0.927549273635639
RAB33A,Ras-related protein Rab-33A,Working and living environment,X24004.Nitrogen oxides air pollution; 2010,47544,-0.00423150356541758,0.0050348389846432,-0.0140997879753183,0.0056367808444831,0.400667816551752
RAB33A,Ras-related protein Rab-33A,Working and living environment,X24005.Particulate matter air pollution (pm10); 2010,45877,-0.000233083513916902,0.00485150581960306,-0.0097420349203389,0.00927586789250509,0.961681990554132
RAB33A,Ras-related protein Rab-33A,Working and living environment,X24006.Particulate matter air pollution (pm2.5); 2010,45877,-0.00717567465676747,0.0053010903352013,-0.017565811713762,0.00321446240022707,0.175871154142745
RAB33A,Ras-related protein Rab-33A,Working and living environment,X24007.Particulate matter air pollution (pm2.5) absorbance; 2010,45877,-0.000967173069970342,0.00518308488833706,-0.011126019451111,0.0091916733111703,0.851974606930388
RAB33A,Ras-related protein Rab-33A,Working and living environment,X24008.Particulate matter air pollution 2.5-10um; 2010,45877,0.00183042961489183,0.00476115879501807,-0.00750144162334359,0.0111623008531272,0.700648434142412
RAB33A,Ras-related protein Rab-33A,Working and living environment,X24009.Traffic intensity on the nearest road,47544,-0.0477146008246854,0.0406949779389191,-0.127476757584967,0.032047555935596,0.241011039573649
RAB33A,Ras-related protein Rab-33A,Working and living environment,X24010.Inverse distance to the nearest road,47544,0.000302500173750889,0.00450458958164076,-0.00852649540626501,0.00913149575376678,0.946459869392306
RAB33A,Ras-related protein Rab-33A,Working and living environment,X24011.Traffic intensity on the nearest major road,47544,0.0022056156167985,0.00450584112628362,-0.00662583299071738,0.0110370642243144,0.624491401168233
RAB33A,Ras-related protein Rab-33A,Working and living environment,X24012.Inverse distance to the nearest major road,47544,-0.00313299682237342,0.00459582107140583,-0.0121408061223289,0.00587481247758201,0.49543198162708
RAB33A,Ras-related protein Rab-33A,Working and living environment,X24013.Total traffic load on major roads,47544,0.00371058146290025,0.0280230575917575,-0.0512146114169445,0.058635774342745,0.894659792949988
RAB33A,Ras-related protein Rab-33A,Working and living environment,X24015.Sum of road length of major roads within 100m,47544,-0.0122845059821256,0.0272062262651612,-0.0656087094618416,0.0410396974975904,0.65160976618479
RAB33A,Ras-related protein Rab-33A,Working and living environment,X24016.Nitrogen dioxide air pollution; 2005,47544,0.0110745306929546,0.00512030362348708,0.00103873559091994,0.0211103257949893,0.0305617157009054
RAB33A,Ras-related protein Rab-33A,Working and living environment,X24017.Nitrogen dioxide air pollution; 2006,47544,0.00811632576535867,0.00511098285626716,-0.00190120063292496,0.0181338521636423,0.112296269928372
RAB33A,Ras-related protein Rab-33A,Working and living environment,X24018.Nitrogen dioxide air pollution; 2007,47544,0.0111446247007152,0.00506495297787252,0.00121731686408509,0.0210719325373454,0.0277925622715275
RAB33A,Ras-related protein Rab-33A,Working and living environment,X24019.Particulate matter air pollution (pm10); 2007,47489,0.030230975394805,0.00497081570509835,0.0204881766128123,0.0399737741767978,1.2079258720559e-09
RAB33A,Ras-related protein Rab-33A,Working and living environment,X24020.Average daytime sound level of noise pollution,47544,-0.00260029442156404,0.0045420531580418,-0.011502718611326,0.00630212976819788,0.566993483621504
RAB33A,Ras-related protein Rab-33A,Working and living environment,X24021.Average evening sound level of noise pollution,47544,-0.00258750912251008,0.0045421841312205,-0.0114901900197023,0.0063151717746821,0.568912595373901
RAB33A,Ras-related protein Rab-33A,Working and living environment,X24022.Average night-time sound level of noise pollution,47544,-0.00260411424873193,0.00454202598178011,-0.0115064851730209,0.00629825667555709,0.566421718728615
RAB33A,Ras-related protein Rab-33A,Working and living environment,X24023.Average 16-hour sound level of noise pollution,47544,-0.00262033905767115,0.00454203199606324,-0.0115227217699551,0.0062820436546128,0.564006565971868
RAB33A,Ras-related protein Rab-33A,Working and living environment,X24024.Average 24-hour sound level of noise pollution,47544,-0.00263732330368784,0.00454216482791109,-0.0115399663663936,0.0062653197590179,0.561494603588423
RAB33A,Ras-related protein Rab-33A,Working and living environment,"X24500.Greenspace percentage, buffer 1000m",44900,0.000515298275823124,0.00532742825951308,-0.00992646111282251,0.0109570576644688,0.922945319693889
RAB33A,Ras-related protein Rab-33A,Working and living environment,"X24501.Domestic garden percentage, buffer 1000m",44900,-0.00806992016836227,0.00486009074810249,-0.0175956980346432,0.00145585769791862,0.096840015442375
RAB33A,Ras-related protein Rab-33A,Working and living environment,"X24502.Water percentage, buffer 1000m",44900,-0.00774029402667009,0.00476130360822124,-0.0170724490987837,0.00159186104544354,0.104035929961482
RAB33A,Ras-related protein Rab-33A,Working and living environment,"X24503.Greenspace percentage, buffer 300m",44900,0.00389088668571849,0.00502355821886015,-0.00595528742324739,0.0137370607946844,0.438627550307889
RAB33A,Ras-related protein Rab-33A,Working and living environment,"X24504.Domestic garden percentage, buffer 300m",44900,-0.00786812031501755,0.00490664707713329,-0.0174851485861988,0.00174890795616369,0.108825739312435
RAB33A,Ras-related protein Rab-33A,Working and living environment,"X24505.Water percentage, buffer 300m",44900,-0.00231678623636999,0.00480481571483688,-0.0117342250374503,0.00710065256471029,0.629683215364318
RAB33A,Ras-related protein Rab-33A,Working and living environment,"X24506.Natural environment percentage, buffer 1000m",47686,-0.00249333129268994,0.00500730937157037,-0.0123076576609679,0.00732099507558798,0.618532219076473
RAB33A,Ras-related protein Rab-33A,Working and living environment,"X24507.Natural environment percentage, buffer 300m",47686,-0.00240348115098624,0.00473018900643511,-0.011674651603599,0.00686768930162657,0.611377347682149
RAB33A,Ras-related protein Rab-33A,Working and living environment,X24508.Distance (Euclidean) to coast,47686,0.0341100381352115,0.00449390607762766,0.0253019822230613,0.0429180940473617,3.31190338846093e-14
RAB33A,Ras-related protein Rab-33A,Health and medical history,X2684.Years since last breast cancer screening  or  mammogram,33920,-0.0174406058157645,0.0305756124880524,-0.0773688062923472,0.0424875946608181,0.568413835771503
RAB33A,Ras-related protein Rab-33A,Health and medical history,X2704.Years since last cervical smear test,42265,-0.00200676989196559,0.0214116810682903,-0.0439736647858145,0.0399601250018833,0.92533014562604
RAB33A,Ras-related protein Rab-33A,Health and medical history,X2714.Age when periods started (menarche),47116,0.0254097359378992,0.0183536815234929,-0.0105634798481468,0.0613829517239452,0.166234646342199
RAB33A,Ras-related protein Rab-33A,Health and medical history,X2734.Number of live births,47824,-0.0164253527002861,0.0175677080617756,-0.0508580605013664,0.0180073551007941,0.349811290713381
RAB33A,Ras-related protein Rab-33A,Health and medical history,X2744.Birth weight of first child,43044,-0.013550718747606,0.0195396667801272,-0.0518484656366553,0.0247470281414433,0.488005783129536
RAB33A,Ras-related protein Rab-33A,Health and medical history,X2754.Age at first live birth,40263,-0.00467047424436512,0.00575898585238645,-0.0159580865150426,0.00661713802631232,0.417384188359351
RAB33A,Ras-related protein Rab-33A,Health and medical history,X2764.Age at last live birth,40215,0.000688995334109691,0.00554718807537744,-0.0101834932936301,0.0115614839618495,0.901153571030204
RAB33A,Ras-related protein Rab-33A,Health and medical history,X2794.Age started oral contraceptive pill,42342,-0.00879549284071387,0.00622597446120049,-0.0209984027846668,0.00340741710323908,0.15775857339805
RAB33A,Ras-related protein Rab-33A,Health and medical history,X2804.Age when last used oral contraceptive pill,40672,-0.00330576231763474,0.00541748532344722,-0.0139240335515913,0.0073125089163218,0.541736316963314
RAB33A,Ras-related protein Rab-33A,Lifestyle factors,X2867.Age started smoking in former smokers,29227,0.00836687828162305,0.0102583415560114,-0.0117394711681594,0.0284732277314055,0.414759875858333
RAB33A,Ras-related protein Rab-33A,Mental health,"X28735.Feeling anxious, nervous or on edge over the last 2 weeks",33612,0.0190545207614115,0.0328244418429268,-0.0452813852507251,0.0833904267735481,0.561593160896881
RAB33A,Ras-related protein Rab-33A,Mental health,X28736.Not being able to stop or control worrying over the last 2 weeks,33606,0.0246855734906603,0.0355053964128598,-0.044905003478545,0.0942761504598656,0.486908412763505
RAB33A,Ras-related protein Rab-33A,Mental health,X28737.Little interest or pleasure in doing things over the last 2 weeks,33635,0.0392575751182155,0.038843025460554,-0.0368747547844704,0.115389905020901,0.312199869062825
RAB33A,Ras-related protein Rab-33A,Mental health,"X28738.Feeling down, depressed or hopeless over the last 2 weeks",33594,0.070455000063862,0.0370586670547594,-0.00217998736346642,0.14308998749119,0.0573105552315364
RAB33A,Ras-related protein Rab-33A,Mental health,X28739.Difficulty with standing for long periods,33650,-0.0236563826498884,0.0331265131253044,-0.088584348375485,0.0412715830757083,0.475169667611328
RAB33A,Ras-related protein Rab-33A,Mental health,X28740.Difficulty with taking care of household responsibilities,33674,0.0239557553524039,0.0357712460723617,-0.046155886949425,0.0940673976542328,0.503070246914715
RAB33A,Ras-related protein Rab-33A,Mental health,X28741.Difficulty learning a new task,33577,0.0282413917222407,0.0396008098529026,-0.0493761955894484,0.10585897903393,0.475770026355348
RAB33A,Ras-related protein Rab-33A,Mental health,X28742.Difficulty with joining in community activities,33344,0.0197485388826803,0.0418217685899969,-0.0622221275537135,0.101719205319074,0.636790516111868
RAB33A,Ras-related protein Rab-33A,Mental health,X28743.Difficulty with being emotionally affected by health problems,33610,0.0588738087822991,0.0348990354695858,-0.00952830073808908,0.127275918302687,0.091642180906267
RAB33A,Ras-related protein Rab-33A,Mental health,X28744.Difficulty with concentrating on doing something for ten minutes,33664,-0.120055682033011,0.0525813091857418,-0.223115048037065,-0.0169963160289572,0.02243898562153
RAB33A,Ras-related protein Rab-33A,Lifestyle factors,X2887.Number of cigarettes previously smoked daily,29206,0.0101720649948308,0.0405260558087776,-0.0692590043903733,0.0896031343800349,0.801824482462414
RAB33A,Ras-related protein Rab-33A,Lifestyle factors,X2897.Age stopped smoking,29234,0.00976035949402106,0.0105788441181194,-0.0109741749774929,0.030494893965535,0.356246566993512
RAB33A,Ras-related protein Rab-33A,Mental health,X29001#0.Mental health conditions experienced by first degree blood relatives_None of the above,32730,-0.0199612902332492,0.0152125821610847,-0.0497779512689752,0.00985537080247679,0.189503681901317
RAB33A,Ras-related protein Rab-33A,Mental health,X29001#1.Mental health conditions experienced by first degree blood relatives_Depression,32730,0.0401536457133442,0.016206092319041,0.00838970476802379,0.0719175866586646,0.0132434619864682
RAB33A,Ras-related protein Rab-33A,Mental health,X29001#3.Mental health conditions experienced by first degree blood relatives_Schizophrenia,32730,-0.0819307541257194,0.0547169657910742,-0.189176007076225,0.0253144988247861,0.134338886503247
RAB33A,Ras-related protein Rab-33A,Mental health,X29001#4.Mental health conditions experienced by first degree blood relatives_Any other type of psychosis or psychotic illness,32730,-0.0449691355685691,0.0583693101268803,-0.159372983417254,0.0694347122801161,0.441070222957105
RAB33A,Ras-related protein Rab-33A,Mental health,X29001#5.Mental health conditions experienced by first degree blood relatives_A personality disorder,32730,0.0756024260358236,0.0597643756142387,-0.0415357501680843,0.192740602239731,0.205903992490971
RAB33A,Ras-related protein Rab-33A,Mental health,X29001#7.Mental health conditions experienced by first degree blood relatives_Attention deficit or attention deficit and hyperactivity disorder,32730,0.0151376167675392,0.0487399314154856,-0.0803926488068126,0.110667882341891,0.75612823837392
RAB33A,Ras-related protein Rab-33A,Mental health,X29001#8.Mental health conditions experienced by first degree blood relatives_An anxiety disorder,32730,-0.00969771367936537,0.0230434342313726,-0.0548628447728557,0.0354674174141249,0.673879207196473
RAB33A,Ras-related protein Rab-33A,Mental health,X29001#9.Mental health conditions experienced by first degree blood relatives_An eating disorder,32730,-0.0087253731268918,0.0399647391372138,-0.0870562618358309,0.0696055155820473,0.827179885890508
RAB33A,Ras-related protein Rab-33A,Mental health,X29002.Recent lack of interest or pleasure in doing things,32676,0.0185963326482781,0.03922324131533,-0.0582812203297687,0.0954738856263249,0.635430390982437
RAB33A,Ras-related protein Rab-33A,Mental health,X29003.Recent feelings of depression,32663,0.00660801623015481,0.037450217326651,-0.0667944097300811,0.0800104421903907,0.859946344331763
RAB33A,Ras-related protein Rab-33A,Mental health,"X29004.Trouble falling or staying asleep, or sleeping too much",32682,0.052306251278014,0.0307127179138397,-0.00789067583311173,0.11250317838914,0.0885906473716951
RAB33A,Ras-related protein Rab-33A,Mental health,X29005.Recent feelings of tiredness or low energy,32690,0.0357043281817317,0.0311680147086616,-0.025384980647245,0.0967936370107084,0.252017218240924
RAB33A,Ras-related protein Rab-33A,Mental health,X29006.Recent poor appetite or overeating,32694,0.021384616235884,0.040432177921429,-0.0578624524901169,0.100631684961885,0.596888427494684
RAB33A,Ras-related protein Rab-33A,Mental health,X29007.Recent feelings of inadequacy,32651,-0.00132023291016661,0.0406672844479386,-0.0810281104281263,0.0783876446077931,0.974102615357839
RAB33A,Ras-related protein Rab-33A,Mental health,X29008.Recent trouble concentrating on things,32692,0.00610134443681914,0.041119561911132,-0.0744929969089996,0.0866956857826379,0.882046057165188
RAB33A,Ras-related protein Rab-33A,Mental health,X29009.Recent changes in speed or amount of moving or speaking,32681,-0.0581019302147014,0.0750489852047396,-0.205197941215991,0.0889940807865882,0.438842607497273
RAB33A,Ras-related protein Rab-33A,Mental health,X29010.Recent thoughts of suicide or self-harm,32623,0.0332128176394432,0.081670169866899,-0.126860715299679,0.193286350578565,0.684260944058554
RAB33A,Ras-related protein Rab-33A,Mental health,X29038#0.Substances taken for depression_None of options listed,31791,-0.0177944861435827,0.0295769026220863,-0.0757652152828718,0.0401762429957064,0.547436017139311
RAB33A,Ras-related protein Rab-33A,Mental health,X29038#1.Substances taken for depression_Drugs or alcohol (more than once),31791,0.01982325172179,0.0581319840321551,-0.0941154369812339,0.133761940424814,0.733110168342147
RAB33A,Ras-related protein Rab-33A,Mental health,X29038#2.Substances taken for depression_Medication prescribed to participant (for at least 2 weeks),31791,-0.00756283466617152,0.0275323843274782,-0.0615263079480289,0.0464006386156859,0.783563150653798
RAB33A,Ras-related protein Rab-33A,Mental health,X29038#3.Substances taken for depression_Unprescribed medication (more than once),31791,-0.0856428318611304,0.0808463626706182,-0.244101702695542,0.0728160389732814,0.289485199063166
RAB33A,Ras-related protein Rab-33A,Mental health,X29039#1.Use of specific medications_Citalopram (sometimes called Cipramil),31791,-0.00782140244411581,0.0506167327936715,-0.107030198719712,0.0913873938314804,0.877202358070299
RAB33A,Ras-related protein Rab-33A,Mental health,X29039#2.Use of specific medications_Fluoxetine (Prozac or Oxactin),31791,0.0430417802604949,0.0526255038339161,-0.0601042072539806,0.14618776777497,0.413447563421901
RAB33A,Ras-related protein Rab-33A,Mental health,X29039#3.Use of specific medications_Sertraline (Lustral),31791,-0.0511271692551964,0.0638010179103661,-0.176177164359514,0.0739228258491211,0.422952967953095
RAB33A,Ras-related protein Rab-33A,Mental health,X29039#5.Use of specific medications_Amitriptyline (Elavil),31791,0.100892910077257,0.0683392590304303,-0.0330520376223868,0.2348378577769,0.139891899998507
RAB33A,Ras-related protein Rab-33A,Mental health,X29039#7.Use of specific medications_Other antidepressant(s),31791,-0.0513327642275887,0.0522020292443877,-0.153648741546589,0.0509832130914112,0.325468579636476
RAB33A,Ras-related protein Rab-33A,Mental health,X29047#0.Activities undertaken to treat depression_None of options listed,31791,0.00333928221219809,0.0295988466743949,-0.0546744572696159,0.0613530216940121,0.91017794578017
RAB33A,Ras-related protein Rab-33A,Mental health,X29051#0.Manifestations of mania or irritability_None of options listed,31791,0.0165253780230514,0.0445172753806399,-0.0707284817230027,0.103779237769106,0.710489829280053
RAB33A,Ras-related protein Rab-33A,Mental health,X29051#1.Manifestations of mania or irritability_More active than usual,31791,0.0296644321844016,0.0705057071288156,-0.108526753788077,0.16785561815688,0.673958708531362
RAB33A,Ras-related protein Rab-33A,Mental health,X29051#2.Manifestations of mania or irritability_More confident than usual,31791,0.00146797532160416,0.0932166279314188,-0.181236615423977,0.184172566067185,0.987435862499098
RAB33A,Ras-related protein Rab-33A,Mental health,X29051#3.Manifestations of mania or irritability_Easily distracted,31791,0.0214175907988091,0.0617926269046966,-0.0996959579343962,0.142531139532014,0.728898544594817
RAB33A,Ras-related protein Rab-33A,Mental health,X29051#4.Manifestations of mania or irritability_More creative or had more ideas than usual,31791,0.0952379635193627,0.104362887808874,-0.10931329658603,0.299789223624755,0.361501118805728
RAB33A,Ras-related protein Rab-33A,Mental health,X29051#5.Manifestations of mania or irritability_Neded less sleep than usual,31791,0.0456049088448792,0.0968022633277384,-0.144127527277488,0.235337344967246,0.637573276630264
RAB33A,Ras-related protein Rab-33A,Mental health,X29051#6.Manifestations of mania or irritability_Thoughts were racing,31791,-0.0483129399526785,0.0518875150894676,-0.150012469528035,0.0533865896226781,0.351827734316707
RAB33A,Ras-related protein Rab-33A,Mental health,X29051#7.Manifestations of mania or irritability_More restless than usual,31791,0.0162640685099145,0.0507137649112173,-0.0831349107160713,0.1156630477359,0.748444425921397
RAB33A,Ras-related protein Rab-33A,Mental health,X29051#8.Manifestations of mania or irritability_More talkative than usual,31791,-0.12467755094404,0.070185433563892,-0.262241000729268,0.0128858988411889,0.0757080849108905
RAB33A,Ras-related protein Rab-33A,Mental health,X29058.Recent feelings or nervousness or anxiety,32557,0.0318644779633805,0.0346988534303896,-0.0361452747601831,0.0998742306869441,0.358481303953451
RAB33A,Ras-related protein Rab-33A,Mental health,X29059.Recent inability to stop or control worrying,32568,0.0425520163628363,0.0355447161109803,-0.0271156272146851,0.112219659940358,0.231286801417673
RAB33A,Ras-related protein Rab-33A,Mental health,X29060.Recent worrying too much about different things,32561,0.0758495736454986,0.0332415736380964,0.0106960893148298,0.141003057976168,0.0225288161259817
RAB33A,Ras-related protein Rab-33A,Mental health,X29061.Recent trouble relaxing,32568,0.0448161221634347,0.035135218118444,-0.0240489053487155,0.113681149675585,0.202157248298631
RAB33A,Ras-related protein Rab-33A,Mental health,X29062.Recent restlessness,32576,0.0501086077791287,0.0506332861238082,-0.0491326330235353,0.149349848581793,0.322380726928093
RAB33A,Ras-related protein Rab-33A,Mental health,X29063.Recent easy annoyance or irritability,32544,0.00655217093291343,0.0371238516373532,-0.0662105782762988,0.0793149201421257,0.859909563356466
RAB33A,Ras-related protein Rab-33A,Mental health,X29064.Recent feelings of foreboding,32533,0.0327902736875995,0.0398962810236424,-0.0454064371187396,0.110986984493939,0.411164910594778
RAB33A,Ras-related protein Rab-33A,Mental health,X29065#1.Symptoms of panic attack_Heart was pounding or racing,31791,-0.0281061508138625,0.0295209859197348,-0.0859672832165427,0.0297549815888176,0.341091019704147
RAB33A,Ras-related protein Rab-33A,Mental health,X29065#11.Symptoms of panic attack_Felt like things weren't real or detached from self,31791,-0.00395966515837146,0.050697226987429,-0.103326230053732,0.0954068997369894,0.937747314328074
RAB33A,Ras-related protein Rab-33A,Mental health,X29065#12.Symptoms of panic attack_Afraid of losing control or 'going crazy',31791,-0.0237274127513621,0.0647638761135087,-0.150664609933839,0.103209784431115,0.714101044222419
RAB33A,Ras-related protein Rab-33A,Mental health,X29065#13.Symptoms of panic attack_Afraid I was going to die,31791,-0.0199958261416422,0.0716246541749537,-0.160380148324551,0.120388496041267,0.780118252190153
RAB33A,Ras-related protein Rab-33A,Mental health,X29065#2.Symptoms of panic attack_Sweating,31791,0.00858121629761684,0.0479839079478957,-0.0854672432802587,0.102629675875492,0.858071967654551
RAB33A,Ras-related protein Rab-33A,Mental health,X29065#3.Symptoms of panic attack_Trembling or shaking,31791,0.010356837583738,0.0480202781358724,-0.083762907562572,0.104476582730048,0.829246042721469
RAB33A,Ras-related protein Rab-33A,Mental health,X29065#6.Symptoms of panic attack_Pain or discomfort in chest,31791,-0.0679135654929909,0.0499318224916883,-0.1657799375767,0.0299528065907181,0.173831859859629
RAB33A,Ras-related protein Rab-33A,Mental health,X29065#7.Symptoms of panic attack_Nauseous or felt sick in the stomach,31791,-0.0218773181121473,0.0438411464852425,-0.107805965223223,0.064051328998928,0.617784924277578
RAB33A,Ras-related protein Rab-33A,Mental health,X29065#9.Symptoms of panic attack_Felt hot or cold,31791,-0.0718360833487047,0.0596325131713511,-0.188715809164553,0.0450436424671435,0.228378739881377
RAB33A,Ras-related protein Rab-33A,Mental health,X29076.Felt loved as a child,32542,0.0599498632761061,0.0329112374901657,-0.00455616220461861,0.124455888756831,0.0685583792149425
RAB33A,Ras-related protein Rab-33A,Mental health,X29077.Physically abused by family as a child,32559,-0.0714906835190943,0.046355486033671,-0.16234743614509,0.0193660691069009,0.123057478684017
RAB33A,Ras-related protein Rab-33A,Mental health,X29078.Felt hated by family member as a child,32538,-0.0113329430985069,0.0430232634933519,-0.0956585395454766,0.0729926533484627,0.792237979607556
RAB33A,Ras-related protein Rab-33A,Mental health,X29079.Sexually molested as a child,32452,0.0111367448408576,0.0539256369032947,-0.0945575034896,0.116830993171315,0.836389678202431
RAB33A,Ras-related protein Rab-33A,Mental health,X29080.Someone to take to doctor when needed as a child,32522,0.0232418902098514,0.046324421425071,-0.0675539757832877,0.114037756202991,0.615878163331785
RAB33A,Ras-related protein Rab-33A,Mental health,X29081.Stopped from seeing friends or family by partner or ex-partner as an adult,32535,-0.0105052070368223,0.0574285170509094,-0.123065100456605,0.10205468638296,0.854860149503421
RAB33A,Ras-related protein Rab-33A,Mental health,X29082.Belittlement by partner or ex-partner as an adult,32472,0.0699514465113957,0.0426026118723494,-0.0135496727584092,0.153452565781201,0.100639150557159
RAB33A,Ras-related protein Rab-33A,Mental health,X29083.Physical violence by partner or ex-partner as an adult,32538,-0.00135415573787827,0.047953169609858,-0.0953423681731999,0.0926340566974434,0.977472126282758
RAB33A,Ras-related protein Rab-33A,Mental health,X29084.Sexual interference by partner or ex-partner without consent as an adult,32500,0.069711172148545,0.0589839035773933,-0.045897278863146,0.185319623160236,0.237293112355031
RAB33A,Ras-related protein Rab-33A,Mental health,X29085.Sexual intercourse by partner or ex-partner without consent as an adult,32508,0.0268599265632286,0.0590803875686294,-0.088937633071285,0.142657486197742,0.649385142393171
RAB33A,Ras-related protein Rab-33A,Mental health,X29086.Experienced a violent or sexual assault,32536,-0.0466741313141055,0.0557737596883176,-0.155990700303208,0.0626424376749969,0.402703034215184
RAB33A,Ras-related protein Rab-33A,Mental health,X29087.Experienced a life-threatening injury or illness,32549,-0.00378900080496776,0.0394415280863839,-0.0810943958542803,0.0735163942443448,0.923470311309699
RAB33A,Ras-related protein Rab-33A,Mental health,X29088.Experienced a marital separation or divorce,32550,-0.00527670293210437,0.0350437563322617,-0.0739624653433374,0.0634090594791287,0.880314974705877
RAB33A,Ras-related protein Rab-33A,Mental health,X29089.Experienced the death of a spouse or partner,32558,-0.0355052611417275,0.0446599023992018,-0.123038669844163,0.052028147560708,0.426628462281453
RAB33A,Ras-related protein Rab-33A,Mental health,X29090.Experienced the death of a close friend or family member due to suicide,32546,0.0753134164435113,0.0442512579217518,-0.0114190490831223,0.162045881970145,0.0888031992505636
RAB33A,Ras-related protein Rab-33A,Lifestyle factors,X29091.Frequency of drinking alcohol,32554,0.00870760041513213,0.0291217666428137,-0.0483710622047827,0.0657862630350469,0.764942681922599
RAB33A,Ras-related protein Rab-33A,Lifestyle factors,X29092.Amount of alcohol drunk on a typical drinking day,31497,-0.0287176822804192,0.0358509354029108,-0.0989855156701244,0.041550151109286,0.423141182594159
RAB33A,Ras-related protein Rab-33A,Lifestyle factors,X29093.Frequency of consuming six or more units of alcohol,31512,-0.0658937774926406,0.0370405345219803,-0.138493225155722,0.00670567017044077,0.0752886976401547
RAB33A,Ras-related protein Rab-33A,Mental health,X29104.Ever used cannabis,32549,-0.0284750280290056,0.0451536628939177,-0.116976207301084,0.060026151243073,0.528303562296348
RAB33A,Ras-related protein Rab-33A,Mental health,X29108.Ever thought that life not worth living,32508,-0.000188953304912356,0.0354878086397437,-0.06974505823881,0.0693671516289853,0.995751850030553
RAB33A,Ras-related protein Rab-33A,Mental health,X29109.Ever contemplated self-harm,32533,0.0338866096931274,0.0467314830758137,-0.0577070971354675,0.125480316521722,0.468390532226383
RAB33A,Ras-related protein Rab-33A,Mental health,X29111.Ever self-harmed,32547,0.0815585621778215,0.0721466731156695,-0.0598489171288906,0.222966041484534,0.258318076480476
RAB33A,Ras-related protein Rab-33A,Diet and food preferences,X29132.Ever had recurrent episodes of excessive overeating or binge eating,32539,-0.0586354036518988,0.0501570511684515,-0.156943223942064,0.0396724166382661,0.242423546873014
RAB33A,Ras-related protein Rab-33A,Diet and food preferences,X29136#1.Actions and feelings during periods of overeating or binge eating_Eaten much more rapidly than normal,32377,0.0846566446308315,0.0628424096150931,-0.0385144782147509,0.207827767476414,0.177978168440245
RAB33A,Ras-related protein Rab-33A,Diet and food preferences,X29136#2.Actions and feelings during periods of overeating or binge eating_Eaten until feeling uncomfortably full,32377,0.0165529034954443,0.0496959993922479,-0.0808512553133616,0.11395706230425,0.739080276473643
RAB33A,Ras-related protein Rab-33A,Diet and food preferences,X29136#3.Actions and feelings during periods of overeating or binge eating_Eaten large amounts of food when not physically hungry,32377,0.0516776855569599,0.0502318881996997,-0.0467768153144516,0.150132186428371,0.303613307587741
RAB33A,Ras-related protein Rab-33A,Diet and food preferences,X29136#4.Actions and feelings during periods of overeating or binge eating_Eaten alone because of feeling embarrassed by overeating,32377,0.019655299125471,0.0642558780732611,-0.106286221898121,0.145596820149063,0.759695622103565
RAB33A,Ras-related protein Rab-33A,Diet and food preferences,X29149.Dependency of self-esteem on body shape or weight currently,32534,-0.0917095852133326,0.0329409258980789,-0.156273799973567,-0.0271453704530981,0.00538075648686479
RAB33A,Ras-related protein Rab-33A,Health and medical history,X29153.Pain or discomfort today,32546,0.0115648595978909,0.0312674384476012,-0.0497193197594075,0.0728490389551892,0.711489699727287
RAB33A,Ras-related protein Rab-33A,Mental health,X29154.Anxiety or depression today,32546,0.0390779917674337,0.0376198590428913,-0.0346569319566333,0.112812915491501,0.298947570323058
RAB33A,Ras-related protein Rab-33A,Mental health,X29166.Frequency of confiding in someone close,32341,0.00705276041689381,0.030359218997443,-0.0524513088180945,0.0665568296518821,0.816303012791777
RAB33A,Ras-related protein Rab-33A,Lifestyle factors,X29167#0.Sports and social activities attended in person at least once a week_None of the above,32519,0.0228229483200939,0.0162799077523559,-0.00908567087452367,0.0547315675147115,0.160980913845085
RAB33A,Ras-related protein Rab-33A,Lifestyle factors,X29167#1.Sports and social activities attended in person at least once a week_Sports club or gym or fitness class,32519,-0.0319090008208085,0.016016347014267,-0.0633010409687718,-0.000516960672845145,0.0463743125969269
RAB33A,Ras-related protein Rab-33A,Lifestyle factors,X29167#2.Sports and social activities attended in person at least once a week_Pub or social club,32519,-0.0205995437521,0.0235261315620897,-0.0667107616137957,0.0255116741095958,0.381272139966728
RAB33A,Ras-related protein Rab-33A,Lifestyle factors,X29167#3.Sports and social activities attended in person at least once a week_Religious group,32519,0.00678719245288313,0.0203557889731895,-0.0331101539345684,0.0466845388403346,0.738819805237709
RAB33A,Ras-related protein Rab-33A,Lifestyle factors,X29167#4.Sports and social activities attended in person at least once a week_Adult education class,32519,-0.0537944527094016,0.0299441029364883,-0.112484894464919,0.00489598904611549,0.0724531113629284
RAB33A,Ras-related protein Rab-33A,Lifestyle factors,X29167#5.Sports and social activities attended in person at least once a week_Other group activity,32519,-0.00713374019755434,0.0159332536056466,-0.0383629172646217,0.024095436869513,0.65436260169903
RAB33A,Ras-related protein Rab-33A,Lifestyle factors,X29168#0.Sports and social activities attended virtually at least once a week_None of the above,32517,0.00852498136592608,0.0176561638368291,-0.0260810997542589,0.0431310624861111,0.629227309743261
RAB33A,Ras-related protein Rab-33A,Lifestyle factors,X29168#1.Sports and social activities attended virtually at least once a week_Sports club or gym or fitness class,32517,-0.0127421001442738,0.0247297737561945,-0.0612124567064149,0.0357282564178673,0.606390076140582
RAB33A,Ras-related protein Rab-33A,Lifestyle factors,X29168#2.Sports and social activities attended virtually at least once a week_Pub or social club,32517,-0.0014832624324449,0.0520745953694327,-0.103549469356533,0.100582944491643,0.977277298466925
RAB33A,Ras-related protein Rab-33A,Lifestyle factors,X29168#3.Sports and social activities attended virtually at least once a week_Religious group,32517,0.0402871471602122,0.0340817886557085,-0.0265131586049765,0.107087452925401,0.237211761648243
RAB33A,Ras-related protein Rab-33A,Lifestyle factors,X29168#4.Sports and social activities attended virtually at least once a week_Adult education class,32517,-0.0179297443901144,0.0476912277576334,-0.111404550795076,0.075545062014847,0.706960412811388
RAB33A,Ras-related protein Rab-33A,Lifestyle factors,X29168#5.Sports and social activities attended virtually at least once a week_Other group activity,32517,-0.0162044410038344,0.0250297106804261,-0.0652626739374697,0.0328537919298008,0.517386189686142
RAB33A,Ras-related protein Rab-33A,Mental health,X29171.Frequency of feeling 'in tune' with people,32428,-0.019805465474553,0.0379210232744722,-0.0941306710925185,0.0545197401434125,0.601488550674284
RAB33A,Ras-related protein Rab-33A,Mental health,X29172.Freuency of feeling that lacks companionship,32496,-0.000615260310403453,0.0339618637033528,-0.0671805131689749,0.0659499925481679,0.985546594418097
RAB33A,Ras-related protein Rab-33A,Mental health,X29173.Frequency of feeling left out,32445,0.0043396271756967,0.0353165141425745,-0.0648807405437493,0.0735599948951427,0.902206694741758
RAB33A,Ras-related protein Rab-33A,Mental health,X29174.Frequency of feeling isolated from others,32472,0.00881410864559934,0.0366926484469382,-0.0631034823103996,0.0807316996015983,0.81017006194494
RAB33A,Ras-related protein Rab-33A,Mental health,X29175.Tendency to bounce back quickly after hard times,32535,0.0144610077170123,0.0309230658786757,-0.0461482014051921,0.0750702168392166,0.64005130875306
RAB33A,Ras-related protein Rab-33A,Mental health,X29176.Ability to make it through stressful events,32535,-0.0116276861074626,0.0302873375505288,-0.070990867706499,0.0477354954915738,0.701053436672998
RAB33A,Ras-related protein Rab-33A,Mental health,X29177.Quick recovery from stressful events,32535,0.00706274358561374,0.0306231011985508,-0.0529585347635457,0.0670840219347732,0.817604603222652
RAB33A,Ras-related protein Rab-33A,Mental health,X29178.Hard to snap back when something bad happens,32535,-0.00491880191946304,0.0303621314646678,-0.0644285795902119,0.0545909757512859,0.87130636119155
RAB33A,Ras-related protein Rab-33A,Mental health,X29179.Comes through difficult times with little trouble,32535,0.0169717823464034,0.0307219321343329,-0.043243204636889,0.0771867693296958,0.580667604322381
RAB33A,Ras-related protein Rab-33A,Mental health,X29180.Tendency to take a long time to get over setbacks,32535,0.0090563140172057,0.0305919383935808,-0.0509038852342126,0.069016513268624,0.767210223070511
RAB33A,Ras-related protein Rab-33A,Mental health,X29181.General happiness,32487,0.0373121073329587,0.0318692539864387,-0.0251516304804611,0.0997758451463785,0.24171915434439
RAB33A,Ras-related protein Rab-33A,Mental health,X29182.Belief that own life is meaningful,32399,-0.0458916778469833,0.0313378511426719,-0.10731386608662,0.0155305103926536,0.14311965231426
RAB33A,Ras-related protein Rab-33A,Lifestyle factors,X2926.Number of unsuccessful stop-smoking attempts,28840,0.0468385304192139,0.0414743621258635,-0.0344512193474786,0.128128280185906,0.258817458467133
RAB33A,Ras-related protein Rab-33A,Health and medical history,X2946.Father's age,29679,-0.00251013301478478,0.0143329958015157,-0.0306028047857555,0.025582538756186,0.860984518055725
RAB33A,Ras-related protein Rab-33A,Health and medical history,X2966.Age high blood pressure diagnosed,29407,-0.00144703077312159,0.0111303111905816,-0.0232624407066616,0.0203683791604184,0.896565283850166
RAB33A,Ras-related protein Rab-33A,Blood and urine assays,X30000.White blood cell (leukocyte) count,47060,0.0733882369375989,0.00472500589588806,0.0641272253816583,0.0826492484935395,4.02051356102308e-54
RAB33A,Ras-related protein Rab-33A,Blood and urine assays,X30010.Red blood cell (erythrocyte) count,47060,0.00373765896029397,0.00559274605086946,-0.00722412329941018,0.0146994412199981,0.503945880846695
RAB33A,Ras-related protein Rab-33A,Blood and urine assays,X30020.Haemoglobin concentration,47060,-0.0293388618639481,0.00608102730923185,-0.0412576753900425,-0.0174200483378537,1.41159157563929e-06
RAB33A,Ras-related protein Rab-33A,Blood and urine assays,X30030.Haematocrit percentage,47060,-0.0189067792207447,0.00590530863415313,-0.0304811841436849,-0.00733237429780458,0.00136828065346939
RAB33A,Ras-related protein Rab-33A,Blood and urine assays,X30040.Mean corpuscular volume,47060,-0.0252146250430475,0.00466799284765933,-0.0343638910244598,-0.0160653590616352,6.67161145766478e-08
RAB33A,Ras-related protein Rab-33A,Blood and urine assays,X30050.Mean corpuscular haemoglobin,47059,-0.0306527235352656,0.00468041331116607,-0.039826333625151,-0.0214791134453801,5.91091337357241e-11
RAB33A,Ras-related protein Rab-33A,Blood and urine assays,X30060.Mean corpuscular haemoglobin concentration,47059,-0.0192185882056171,0.00458679084963759,-0.0282086982709068,-0.0102284781403274,2.80030530474077e-05
RAB33A,Ras-related protein Rab-33A,Blood and urine assays,X30070.Red blood cell (erythrocyte) distribution width,47060,0.00828852279878262,0.00442782115594244,-0.000390006666864567,0.0169670522644298,0.0612307034962258
RAB33A,Ras-related protein Rab-33A,Blood and urine assays,X30080.Platelet count,47060,0.226953855194614,0.0044385545285904,0.218254288318577,0.235653422070651,0
RAB33A,Ras-related protein Rab-33A,Blood and urine assays,X30090.Platelet crit,47060,0.201374058674926,0.00461884489738611,0.192321122676049,0.210426994673803,0
RAB33A,Ras-related protein Rab-33A,Blood and urine assays,X30100.Mean platelet (thrombocyte) volume,47060,-0.109630992587104,0.00447450807840547,-0.118401028420779,-0.10086095675343,7.2867235612119e-131
RAB33A,Ras-related protein Rab-33A,Blood and urine assays,X30110.Platelet distribution width,47060,-0.065995092099863,0.00451878375696563,-0.0748519082635157,-0.0571382759362104,4.34737012723933e-48
RAB33A,Ras-related protein Rab-33A,Blood and urine assays,X30120.Lymphocyte count,47028,0.0470046059662073,0.00470698232746492,0.037778920604376,0.0562302913280385,1.96036855411393e-23
RAB33A,Ras-related protein Rab-33A,Blood and urine assays,X30130.Monocyte count,47028,0.0416963209082579,0.00478290257743822,0.032321831856479,0.0510708099600368,3.02895224442754e-18
RAB33A,Ras-related protein Rab-33A,Blood and urine assays,X30140.Neutrophill count,47028,0.0630559251382575,0.00470524176660405,0.0538336512757136,0.0722781990008015,8.5198673726985e-41
RAB33A,Ras-related protein Rab-33A,Blood and urine assays,X30150.Eosinophill count,47028,0.0388711927472992,0.00464037199645709,0.0297760636342433,0.0479663218603551,5.75450014176517e-17
RAB33A,Ras-related protein Rab-33A,Blood and urine assays,X30160.Basophill count,47028,0.20037131597344,0.020084000538217,0.161006674918534,0.239735957028345,2.15606115784163e-23
RAB33A,Ras-related protein Rab-33A,Blood and urine assays,X30170.Nucleated red blood cell count,47028,-0.0489231020356229,0.088598476426044,-0.222576115830669,0.124729911759423,0.580824352456794
RAB33A,Ras-related protein Rab-33A,Blood and urine assays,X30180.Lymphocyte percentage,47028,-0.0148384790056173,0.00466330428422877,-0.0239785554027057,-0.00569840260852889,0.00146476689708374
RAB33A,Ras-related protein Rab-33A,Blood and urine assays,X30190.Monocyte percentage,47028,-0.0115196528201965,0.00473013959543406,-0.0207907264272472,-0.00224857921314572,0.0148841447424396
RAB33A,Ras-related protein Rab-33A,Blood and urine assays,X30200.Neutrophill percentage,47028,0.0134472644636298,0.00462178054734028,0.0043885745908429,0.0225059543364168,0.00362312020208879
RAB33A,Ras-related protein Rab-33A,Blood and urine assays,X30210.Eosinophill percentage,47028,0.0158149780590907,0.00459008961451129,0.00681840241464859,0.0248115537035329,0.000571121153059069
RAB33A,Ras-related protein Rab-33A,Blood and urine assays,X30220.Basophill percentage,47028,-0.00712737840443367,0.00440054219474359,-0.0157524411061311,0.00149768429726376,0.105319484568737
RAB33A,Ras-related protein Rab-33A,Blood and urine assays,X30230.Nucleated red blood cell percentage,47028,-0.050786071011034,0.0886842124907709,-0.224607127492945,0.123034985470877,0.56687933175096
RAB33A,Ras-related protein Rab-33A,Blood and urine assays,X30240.Reticulocyte percentage,46636,0.0315993346324892,0.00484697388774289,0.0220992658125131,0.0410994034524652,7.21100374694607e-11
RAB33A,Ras-related protein Rab-33A,Blood and urine assays,X30250.Reticulocyte count,46636,0.0326104885139447,0.00500803031515596,0.022794749096239,0.0424262279316504,7.59261451855993e-11
RAB33A,Ras-related protein Rab-33A,Blood and urine assays,X30260.Mean reticulocyte volume,46636,-0.0205722643584576,0.00462705724857677,-0.0296412965656681,-0.0115032321512471,8.78757463657902e-06
RAB33A,Ras-related protein Rab-33A,Blood and urine assays,X30270.Mean sphered cell volume,46636,-0.0108143037638461,0.00468476746026676,-0.019996447985969,-0.00163215954172324,0.020986207616418
RAB33A,Ras-related protein Rab-33A,Blood and urine assays,X30280.Immature reticulocyte fraction,46636,0.00922190902137075,0.00490581315897076,-0.000393484770211935,0.0188373028129534,0.0601495063150778
RAB33A,Ras-related protein Rab-33A,Blood and urine assays,X30290.High light scatter reticulocyte percentage,46636,0.0277338381794071,0.00498395956817241,0.0179652774257892,0.037502398933025,2.65759659779975e-08
RAB33A,Ras-related protein Rab-33A,Blood and urine assays,X30300.High light scatter reticulocyte count,46636,0.0281402707573062,0.00510876363573109,0.0181270940312732,0.0381534474833391,3.66472595891186e-08
RAB33A,Ras-related protein Rab-33A,Blood and urine assays,X30500.Microalbumin in urine,30945,0.0166276922708969,0.0091174335678137,-0.00124247752201792,0.0344978620638118,0.0682395924869619
RAB33A,Ras-related protein Rab-33A,Blood and urine assays,X30510.Creatinine (enzymatic) in urine,47112,-0.00336707226054857,0.00485166223459093,-0.0128763302403468,0.00614218571924965,0.487686910012966
RAB33A,Ras-related protein Rab-33A,Blood and urine assays,X30520.Potassium in urine,47071,-0.000626023547035479,0.00450193176821172,-0.00944980981273045,0.00819776271865949,0.889406622159155
RAB33A,Ras-related protein Rab-33A,Blood and urine assays,X30530.Sodium in urine,47045,0.00309322256028965,0.00474884443807807,-0.00621451253834336,0.0124009576589227,0.514818678199485
RAB33A,Ras-related protein Rab-33A,Blood and urine assays,X30600.Albumin,44720,0.0378013080565932,0.00499782787311165,0.0280055654252944,0.0475970506878921,4.08920221453048e-14
RAB33A,Ras-related protein Rab-33A,Blood and urine assays,X30610.Alkaline phosphatase,46711,0.0344532801689012,0.00473565227637906,0.0251714017071983,0.0437351586306042,3.57109165224731e-13
RAB33A,Ras-related protein Rab-33A,Blood and urine assays,X30620.Alanine aminotransferase,46720,0.00824909651498051,0.00494751483574811,-0.00144803256308578,0.0179462255930468,0.0954646095232216
RAB33A,Ras-related protein Rab-33A,Blood and urine assays,X30630.Apolipoprotein A,44523,0.00445618935897471,0.00550648311721974,-0.00633651755077597,0.0152488962687254,0.418373862152147
RAB33A,Ras-related protein Rab-33A,Blood and urine assays,X30640.Apolipoprotein B,46618,0.0457475413032993,0.00470402602713922,0.0365276502901065,0.0549674323164922,2.60941766252214e-22
RAB33A,Ras-related protein Rab-33A,Blood and urine assays,X30650.Aspartate aminotransferase,46655,-0.000100454706649661,0.00477567449264226,-0.0094607767122285,0.00925986729892918,0.983218193209632
RAB33A,Ras-related protein Rab-33A,Blood and urine assays,X30660.Direct bilirubin,41750,-0.0313297065501639,0.00533853311601142,-0.0417932314575463,-0.0208661816427815,4.47523284092684e-09
RAB33A,Ras-related protein Rab-33A,Blood and urine assays,X30670.Urea,46709,-0.0101018775635365,0.00495903333635218,-0.0198215829027867,-0.000382172224286211,0.0416552479969432
RAB33A,Ras-related protein Rab-33A,Blood and urine assays,X30680.Calcium,44723,0.0580917319707968,0.00478932018016537,0.0487046644176726,0.0674787995239209,9.65516092244467e-34
RAB33A,Ras-related protein Rab-33A,Blood and urine assays,X30690.Cholesterol,46720,0.0507045491400229,0.00484699691103625,0.0412044351943919,0.060204663085654,1.49508676686811e-25
RAB33A,Ras-related protein Rab-33A,Blood and urine assays,X30700.Creatinine,46715,-0.0296545391078763,0.00549709746631925,-0.040428850141862,-0.0188802280738906,6.93839565103323e-08
RAB33A,Ras-related protein Rab-33A,Blood and urine assays,X30710.C-reactive protein,46660,0.0532926572445679,0.00515648958061097,0.0431859376665704,0.0633993768225654,5.57206354935924e-25
RAB33A,Ras-related protein Rab-33A,Blood and urine assays,X30720.Cystatin C,46720,0.00667835012960257,0.0053576927329178,-0.00382272762691631,0.0171794278861215,0.212594950536907
RAB33A,Ras-related protein Rab-33A,Blood and urine assays,X30730.Gamma glutamyltransferase,46716,0.0467332069212942,0.00486037223952637,0.0372068773318225,0.0562595365107659,7.60968846054134e-22
RAB33A,Ras-related protein Rab-33A,Blood and urine assays,X30740.Glucose,44700,0.02584305677663,0.00518743224881215,0.0156756895689582,0.0360104239843018,6.34949529602193e-07
RAB33A,Ras-related protein Rab-33A,Blood and urine assays,X30750.Glycated haemoglobin (HbA1c),46627,0.0302590533151719,0.00527898508776321,0.019912242543156,0.0406058640871878,1.00550885170917e-08
RAB33A,Ras-related protein Rab-33A,Blood and urine assays,X30760.HDL cholesterol,44711,-0.0196580646132956,0.00577517340212732,-0.0309774044814652,-0.00833872474512607,0.0006656175171256
RAB33A,Ras-related protein Rab-33A,Blood and urine assays,X30770.IGF-1,46592,0.00182104973064007,0.00474604289819811,-0.00748119434982822,0.0111232938111084,0.701205579301355
RAB33A,Ras-related protein Rab-33A,Blood and urine assays,X30780.LDL direct,46670,0.0465077462052956,0.00472133657609072,0.0372539265161577,0.0557615658944334,7.5932250434367e-23
RAB33A,Ras-related protein Rab-33A,Blood and urine assays,X30790.Lipoprotein A,42265,-0.00971891464649741,0.00518438377437017,-0.0198803068442629,0.000442477551268125,0.0608569854104478
RAB33A,Ras-related protein Rab-33A,Blood and urine assays,X30810.Phosphate,44681,0.0437470549964652,0.00516770563795435,0.0336183519460747,0.0538757580468558,2.72277607047763e-17
RAB33A,Ras-related protein Rab-33A,Blood and urine assays,X30830.SHBG,44496,-0.0393329497473297,0.00544564150415713,-0.0500064070954776,-0.0286594923991817,5.27390670744753e-13
RAB33A,Ras-related protein Rab-33A,Blood and urine assays,X30840.Total bilirubin,46641,-0.0493703072894565,0.00475696054276756,-0.0586939499532809,-0.0400466646256321,3.54549704592876e-25
RAB33A,Ras-related protein Rab-33A,Blood and urine assays,X30850.Testosterone,42891,-0.00616444719225883,0.00844214831326245,-0.0227110578862532,0.0103821635017356,0.465277907473159
RAB33A,Ras-related protein Rab-33A,Blood and urine assays,X30860.Total protein,44719,0.0815925943637127,0.00486750199178867,0.0720522904598069,0.0911328982676185,1.20831935712291e-62
RAB33A,Ras-related protein Rab-33A,Blood and urine assays,X30870.Triglycerides,46714,0.111940688738234,0.00519665817503271,0.10175523871517,0.122126138761298,7.06893260553512e-102
RAB33A,Ras-related protein Rab-33A,Blood and urine assays,X30880.Urate,46691,0.0242309360675483,0.00581608081700824,0.0128314176662122,0.0356304544688845,3.10892711717921e-05
RAB33A,Ras-related protein Rab-33A,Blood and urine assays,X30890.Vitamin D,45428,-0.0188689980462334,0.0052012773385697,-0.02906350162983,-0.00867449446263674,0.00028656652560734
RAB33A,Ras-related protein Rab-33A,Physical measures,X3137.Number of measurements made,45785,-0.0259806909928853,0.0222096375275406,-0.0695115805468648,0.0175501985610943,0.242097124743839
RAB33A,Ras-related protein Rab-33A,Physical measures,X3143.Ankle spacing width,37667,-0.0127764296440848,0.00815385870943085,-0.0287579927145693,0.00320513342639963,0.117157755363969
RAB33A,Ras-related protein Rab-33A,Physical measures,"X3144.Heel Broadband ultrasound attenuation, direct entry",37666,-0.00526635952896102,0.00661616020063483,-0.0182340335222053,0.00770131446428326,0.42605547008973
RAB33A,Ras-related protein Rab-33A,Physical measures,X3146.Speed of sound through heel,37667,-0.0118131399650759,0.00637709915891442,-0.0243122543165481,0.000685974386396369,0.0639861547217754
RAB33A,Ras-related protein Rab-33A,Physical measures,"X3147.Heel quantitative ultrasound index (QUI), direct entry",37667,-0.0101608045475434,0.00645932446053082,-0.0228210804901839,0.00249947139509697,0.1157324635935
RAB33A,Ras-related protein Rab-33A,Physical measures,X3148.Heel bone mineral density (BMD),37665,-0.0100766079621435,0.00644363056163793,-0.0227061238629538,0.00255290793866683,0.117886360315916
RAB33A,Ras-related protein Rab-33A,Health and medical history,X3526.Mother's age at death,38377,0.00191420989464357,0.00601615492514024,-0.0098774537586313,0.0137058735479184,0.750354470182202
RAB33A,Ras-related protein Rab-33A,Health and medical history,X3581.Age at menopause (last menstrual period),37841,0.000624414783329653,0.00599083397096115,-0.0111176197997542,0.0123664493664135,0.916989691855694
RAB33A,Ras-related protein Rab-33A,Health and medical history,"X3761.Age hay fever, rhinitis or eczema diagnosed",29259,-0.0111144611974924,0.0105352682958492,-0.0317635870573569,0.00953466466237208,0.291489061265241
RAB33A,Ras-related protein Rab-33A,Physical measures,X4100.Ankle spacing width (left),32048,0.00572997695007159,0.0106364987632875,-0.015117560625972,0.0265775145261151,0.590103491995952
RAB33A,Ras-related protein Rab-33A,Physical measures,X4101.Heel broadband ultrasound attenuation (left),32048,-0.0214515045581215,0.00865085220300089,-0.0384071748760033,-0.00449583424023979,0.0131708748746726
RAB33A,Ras-related protein Rab-33A,Physical measures,X4103.Speed of sound through heel (left),32048,-0.0165138855885171,0.00844107081392442,-0.0330583843838089,3.0613206774787e-05,0.0504577856001114
RAB33A,Ras-related protein Rab-33A,Physical measures,"X4104.Heel quantitative ultrasound index (QUI), direct entry (left)",32048,-0.018780719246574,0.00851229744020371,-0.0354648222293733,-0.00209661626377474,0.0273925114504256
RAB33A,Ras-related protein Rab-33A,Physical measures,X4105.Heel bone mineral density (BMD) (left),32046,-0.0182470993426545,0.00848999505689762,-0.0348874896541738,-0.00160670903113515,0.0316463019840795
RAB33A,Ras-related protein Rab-33A,Physical measures,"X4106.Heel bone mineral density (BMD) T-score, automated (left)",32048,-0.0187931209059186,0.0085117284225799,-0.0354761086141752,-0.00211013319766201,0.027280394210302
RAB33A,Ras-related protein Rab-33A,Physical measures,X4119.Ankle spacing width (right),32048,0.0171382934006218,0.0105113420986423,-0.00346393711271722,0.0377405239139607,0.103046363742246
RAB33A,Ras-related protein Rab-33A,Physical measures,X4120.Heel broadband ultrasound attenuation (right),32048,-0.0153101180904611,0.00865789652419676,-0.0322795952778867,0.00165935909696457,0.0770439535698931
RAB33A,Ras-related protein Rab-33A,Physical measures,X4122.Speed of sound through heel (right),32048,-0.0161640054161636,0.00846332136464051,-0.032752115290859,0.00042410445853177,0.0561851155087502
RAB33A,Ras-related protein Rab-33A,Physical measures,"X4123.Heel quantitative ultrasound index (QUI), direct entry (right)",32048,-0.016669115271328,0.0085223890407315,-0.0333729977911618,3.47672485057175e-05,0.05051112362265
RAB33A,Ras-related protein Rab-33A,Physical measures,X4124.Heel bone mineral density (BMD) (right),32045,-0.0171207519796491,0.00850683167671443,-0.0337941420660094,-0.000447361893288787,0.0441931725261361
RAB33A,Ras-related protein Rab-33A,Physical measures,"X4125.Heel bone mineral density (BMD) T-score, automated (right)",32048,-0.0166748045872367,0.00852238955249519,-0.0333786881101273,2.90789356538444e-05,0.0504325203681495
RAB33A,Ras-related protein Rab-33A,Physical measures,X4194.Pulse rate,32284,0.0270112629172159,0.00832640317357873,0.0106915126970016,0.0433310131374302,0.00118337632811826
RAB33A,Ras-related protein Rab-33A,Physical measures,X4195.Pulse wave reflection index,32284,-0.012953397145385,0.00827684018864663,-0.0291760039151324,0.00326920962436242,0.117619280518621
RAB33A,Ras-related protein Rab-33A,Physical measures,X4196.Pulse wave peak to peak time,32282,0.00148640621052806,0.00756119205115041,-0.0133335302097267,0.0163063426307829,0.844158522225197
RAB33A,Ras-related protein Rab-33A,Physical measures,X4198.Position of the pulse wave peak,32284,-0.003464240859071,0.0073067058094852,-0.017785384245662,0.01085690252752,0.635428969328077
RAB33A,Ras-related protein Rab-33A,Physical measures,X4199.Position of pulse wave notch,32284,0.0191087803523255,0.00815066590707902,0.00313347517445065,0.0350840855302004,0.0190803156398595
RAB33A,Ras-related protein Rab-33A,Physical measures,X4200.Position of the shoulder on the pulse waveform,32284,0.00144039102156434,0.00729438602796975,-0.0128566055932564,0.0157373876363851,0.843468247031449
RAB33A,Ras-related protein Rab-33A,Physical measures,X4269.Number of triplets attempted (left),32196,-0.124081754612506,0.0960936422517033,-0.312425293425845,0.064261784200832,0.196652587237077
RAB33A,Ras-related protein Rab-33A,Physical measures,X4270.Volume level set by participant (left),32122,-0.0249422211808421,0.0308751481692386,-0.0854575115925499,0.0355730692308656,0.419206984104983
RAB33A,Ras-related protein Rab-33A,Physical measures,X4276.Number of triplets attempted (right),32194,-0.160735264605838,0.092005945153834,-0.341066917107353,0.0195963878956763,0.0806753997391162
RAB33A,Ras-related protein Rab-33A,Physical measures,X4277.Volume level set by participant (right),32104,0.0269950289765663,0.0308342284311693,-0.0334400587485254,0.0874301167016581,0.381335362875899
RAB33A,Ras-related protein Rab-33A,Cognitive function,X4288.Time to answer,32341,0.0191664484925503,0.00935373204813826,0.000833133678199312,0.0374997633069013,0.0404883114995158
RAB33A,Ras-related protein Rab-33A,Cognitive function,X4290.Duration screen displayed,32341,0.00905937634746989,0.00818322633035225,-0.00697974726002052,0.0250984999549603,0.268298899775968
RAB33A,Ras-related protein Rab-33A,Physical measures,X46.Hand grip strength (left),47761,-0.00972928782787992,0.00685583557252356,-0.0231667255500261,0.00370814989426626,0.155875941026995
RAB33A,Ras-related protein Rab-33A,Physical measures,X47.Hand grip strength (right),47762,-0.00332301750449923,0.00684373984370381,-0.0167367475981587,0.0100907125891602,0.627286711958469
RAB33A,Ras-related protein Rab-33A,Physical measures,X48.Waist circumference,47835,0.0770226130928697,0.00913057112716985,0.0591266936836168,0.0949185325021226,3.4807651754908e-17
RAB33A,Ras-related protein Rab-33A,Health and medical history,X4803.Tinnitus,32191,0.00426047169496186,0.0374780441936998,-0.0691964949246898,0.0777174383146135,0.909495101995008
RAB33A,Ras-related protein Rab-33A,Working and living environment,X4825.Noisy workplace,32321,-0.00165405012992782,0.0536027240123425,-0.106715389194119,0.103407288934263,0.975383906013207
RAB33A,Ras-related protein Rab-33A,Working and living environment,X4836.Loud music exposure frequency,32270,-0.0716998076411147,0.0617196998736684,-0.192670419393505,0.0492708041112753,0.245392606946247
RAB33A,Ras-related protein Rab-33A,Physical measures,X49.Hip circumference,47833,-0.0112879935729848,0.00774672828117029,-0.0264715810040786,0.00389559385810898,0.145093807340647
RAB33A,Ras-related protein Rab-33A,Physical measures,X50.Standing height,47830,-0.0119272511457676,0.00634800891995845,-0.0243693486288862,0.000514846337350952,0.0602710710011414
RAB33A,Ras-related protein Rab-33A,Health and medical history,X5057.Number of older siblings,31409,-0.0408855372704987,0.0330258534477517,-0.105616210028092,0.0238451354870946,0.215763111501054
RAB33A,Ras-related protein Rab-33A,Physical measures,X51.Seated height,47728,-0.0117701116536319,0.00635891004649898,-0.0242335753447699,0.0006933520375061,0.0641874357222798
RAB33A,Ras-related protein Rab-33A,Eye measures,X5181.Ever had eye surgery,29792,-0.0782395646368128,0.0770944472593265,-0.229344681265093,0.072865551991467,0.31022169350256
RAB33A,Ras-related protein Rab-33A,Eye measures,X5186.Duration visual-acuity screen displayed (right),29778,0.00456998118163085,0.00959025038028751,-0.0142269095637327,0.0233668719269944,0.633720906176545
RAB33A,Ras-related protein Rab-33A,Eye measures,X5188.Duration visual-acuity screen displayed (left),29779,0.00827907903997262,0.00954889261426442,-0.0104367504839856,0.0269949085639309,0.385970208367643
RAB33A,Ras-related protein Rab-33A,Eye measures,X5190.Duration at which refractometer first shown (right),29714,0.0015699479988146,0.00961265428985453,-0.0172708544093003,0.0204107504069295,0.870271997800211
RAB33A,Ras-related protein Rab-33A,Eye measures,X5193.Duration at which refractometer first shown (left),29714,0.0105815216128348,0.00966354458187308,-0.00835902576763647,0.029522068993306,0.273569460168046
RAB33A,Ras-related protein Rab-33A,Eye measures,"X5199.logMAR, initial (right)",29760,0.0351908481442351,0.0386392559899283,-0.0405420935960244,0.110923789884495,0.362466488605568
RAB33A,Ras-related protein Rab-33A,Eye measures,X5200.Final number of letters displayed (right),29760,-0.347982528564442,0.258536327000991,-0.854713729486384,0.1587486723575,0.178369210743226
RAB33A,Ras-related protein Rab-33A,Eye measures,"X5201.logMAR, final (right)",29717,0.0019609121817676,0.00997766011442023,-0.0175953016424961,0.0215171260060313,0.844202732137089
RAB33A,Ras-related protein Rab-33A,Eye measures,X5202.Number of rounds to result (right),29760,0.00850515638454082,0.0367289752298167,-0.0634836350658999,0.0804939478349815,0.816884601420532
RAB33A,Ras-related protein Rab-33A,Eye measures,"X5206.logMAR, initial (left)",29759,0.0095808728850861,0.0387097223388693,-0.0662901828990978,0.08545192866927,0.804526537975983
RAB33A,Ras-related protein Rab-33A,Eye measures,X5207.Final number of letters displayed (left),29759,-0.275263456528654,0.213653927200213,-0.694025153841072,0.143498240783763,0.197676402140401
RAB33A,Ras-related protein Rab-33A,Eye measures,"X5208.logMAR, final (left)",29704,-0.000185021000665248,0.00986028784311471,-0.0195111851731701,0.0191411431718396,0.985029878295612
RAB33A,Ras-related protein Rab-33A,Eye measures,X5209.Number of rounds to result (left),29757,0.0378726850334296,0.0370420061812449,-0.0347296470818104,0.11047501714867,0.306626359095146
RAB33A,Ras-related protein Rab-33A,Eye measures,"X5254.Intra-ocular pressure, corneal-compensated (right)",29511,0.0175215513319956,0.0098412400209606,-0.00176727910908722,0.0368103817730783,0.0750670696752895
RAB33A,Ras-related protein Rab-33A,Eye measures,"X5255.Intra-ocular pressure, Goldmann-correlated (right)",29511,0.0217900782950153,0.00987610064562893,0.00243292102958261,0.041147235560448,0.0274046742212743
RAB33A,Ras-related protein Rab-33A,Eye measures,X5256.Corneal hysteresis (right),29511,0.00192508297990945,0.00980364304436396,-0.0172900573870439,0.0211402233468628,0.844333125457319
RAB33A,Ras-related protein Rab-33A,Eye measures,X5257.Corneal resistance factor (right),29511,0.0114488985666701,0.00978868745622646,-0.00773692884753381,0.0306347259808739,0.242215033063955
RAB33A,Ras-related protein Rab-33A,Eye measures,"X5262.Intra-ocular pressure, corneal-compensated (left)",29505,0.0102332639438746,0.00982729520988069,-0.00902823466749155,0.0294947625552408,0.297781366609027
RAB33A,Ras-related protein Rab-33A,Eye measures,"X5263.Intra-ocular pressure, Goldmann-correlated (left)",29505,0.00510287682913371,0.00972744625340504,-0.0139629178275402,0.0241686714858076,0.599894411213303
RAB33A,Ras-related protein Rab-33A,Eye measures,X5264.Corneal hysteresis (left),29505,-0.00253337007091077,0.0099561293188027,-0.0220473835357641,0.0169806433939425,0.79915572370817
RAB33A,Ras-related protein Rab-33A,Eye measures,X5265.Corneal resistance factor (left),29505,0.00175967590719948,0.00981288999394467,-0.0174735884809321,0.020992940295331,0.857691355224768
RAB33A,Ras-related protein Rab-33A,Lifestyle factors,X5364.Average weekly intake of other alcoholic drinks,29102,0.400483427732277,0.155900894222207,0.0949176750567503,0.706049180407803,0.0102350766731299
RAB33A,Ras-related protein Rab-33A,Diet and food preferences,"X6144#1.Never eat eggs, dairy, wheat, sugar_Eggs or foods containing eggs",47759,-0.00295399984561655,0.0263376708901043,-0.054575834790221,0.0486678350989879,0.910698513367469
RAB33A,Ras-related protein Rab-33A,Diet and food preferences,"X6144#2.Never eat eggs, dairy, wheat, sugar_Dairy products",47759,-0.0702503928007319,0.0274449540194943,-0.124042502678941,-0.0164582829225232,0.0104830073879094
RAB33A,Ras-related protein Rab-33A,Diet and food preferences,"X6144#3.Never eat eggs, dairy, wheat, sugar_Wheat products",47759,-0.0314185395832673,0.0703526067331639,-0.169309648780269,0.106472569613734,0.655177638160877
RAB33A,Ras-related protein Rab-33A,Diet and food preferences,"X6144#4.Never eat eggs, dairy, wheat, sugar_Sugar or foods or drinks containing sugar",47759,-0.0378737509577765,0.0115883124406029,-0.0605868433413581,-0.0151606585741948,0.00108363168896414
RAB33A,Ras-related protein Rab-33A,Diet and food preferences,"X6144#5.Never eat eggs, dairy, wheat, sugar_I eat all of the above",47759,0.0321847727397032,0.0105922415410799,0.0114239793191867,0.0529455661602197,0.00238003947611302
RAB33A,Ras-related protein Rab-33A,Mental health,"X6145#3.Illness, injury, bereavement, stress in last 2 years_Death of a close relative",35201,0.00215371313002747,0.0132103573456242,-0.0237385872673959,0.0280460135274508,0.870496175947033
RAB33A,Ras-related protein Rab-33A,Mental health,"X6145#4.Illness, injury, bereavement, stress in last 2 years_Death of a spouse or partner",35201,-0.0140672141073446,0.032527568191918,-0.0778212477635039,0.0496868195488146,0.665408154612209
RAB33A,Ras-related protein Rab-33A,Mental health,"X6145#5.Illness, injury, bereavement, stress in last 2 years_Marital separation or divorce",35201,-0.0221526696649795,0.0257900328776699,-0.0727011341052126,0.0283957947752536,0.390380390816796
RAB33A,Ras-related protein Rab-33A,Mental health,"X6145#6.Illness, injury, bereavement, stress in last 2 years_Financial difficulties",35201,0.000727077533213086,0.0158932415124832,-0.030423675831254,0.0318778308976801,0.96351228013804
RAB33A,Ras-related protein Rab-33A,Eye measures,X6147#1.Reason for glasses or contact lenses_For short-sightedness,47825,0.00101791523507721,0.021516072472842,-0.041153586811693,0.0431894172818474,0.962266938468723
RAB33A,Ras-related protein Rab-33A,Eye measures,X6147#2.Reason for glasses or contact lenses_For long-sightedness,47825,0.00101791523507721,0.021516072472842,-0.041153586811693,0.0431894172818474,0.962266938468723
RAB33A,Ras-related protein Rab-33A,Eye measures,X6147#3.Reason for glasses or contact lenses_For just reading or near work as you are getting older (called 'presbyopia'),47825,-0.0257448244384872,0.0174357571206811,-0.0599189083950222,0.00842925951804771,0.139808894313401
RAB33A,Ras-related protein Rab-33A,Eye measures,X6147#4.Reason for glasses or contact lenses_For 'astigmatism',47825,-0.0494235478458975,0.0269689155885675,-0.10228262239949,0.00343552670769481,0.0668730644475348
RAB33A,Ras-related protein Rab-33A,Eye measures,X6147#5.Reason for glasses or contact lenses_For a 'squint' or 'turn' in an eye since childhood (called 'strabismus'),47825,-0.0314650856864684,0.0687090170330392,-0.166134759071225,0.103204587698288,0.646994802746428
RAB33A,Ras-related protein Rab-33A,Eye measures,X6147#6.Reason for glasses or contact lenses_For a 'lazy' eye or an eye with poor vision since childhood (called 'amblyopia'),47825,0.0145034564044759,0.0470534938388604,-0.0777213915196905,0.106728304328642,0.757907518224385
RAB33A,Ras-related protein Rab-33A,Eye measures,X6147#7.Reason for glasses or contact lenses_Other eye condition,47825,0.0386920633133679,0.0732884694144354,-0.104953336738925,0.182337463365661,0.59754458369787
RAB33A,Ras-related protein Rab-33A,Health and medical history,X6149#1.Mouth or teeth dental problems_Mouth ulcers,47759,-0.000703165939039755,0.0140411648051383,-0.0282238489571107,0.0268175170790312,0.960059951591175
RAB33A,Ras-related protein Rab-33A,Health and medical history,X6149#2.Mouth or teeth dental problems_Painful gums,47759,0.0149682646607409,0.0234277066350661,-0.0309500403439887,0.0608865696654705,0.522885855342267
RAB33A,Ras-related protein Rab-33A,Health and medical history,X6149#3.Mouth or teeth dental problems_Bleeding gums,47759,-0.000142515352352527,0.0124969097545499,-0.0246364584712704,0.0243514277665653,0.99090118140433
RAB33A,Ras-related protein Rab-33A,Health and medical history,X6149#4.Mouth or teeth dental problems_Loose teeth,47759,0.0351498819504391,0.0231390422332538,-0.0102026408267382,0.0805024047276165,0.12875782061496
RAB33A,Ras-related protein Rab-33A,Health and medical history,X6149#5.Mouth or teeth dental problems_Toothache,47759,-0.00198362614790084,0.0224309433145671,-0.0459482750444523,0.0419810227486506,0.929533628870023
RAB33A,Ras-related protein Rab-33A,Health and medical history,X6149#6.Mouth or teeth dental problems_Dentures,47759,0.0234892106174233,0.0125696822526679,-0.00114736659780578,0.0481257878326523,0.0616743804509562
RAB33A,Ras-related protein Rab-33A,Health and medical history,X6150#1.Vascular or heart problems diagnosed by doctor_Heart attack,30643,-0.0767132794438253,0.0478929103504479,-0.170583383730703,0.0171568248430526,0.109258178955726
RAB33A,Ras-related protein Rab-33A,Health and medical history,X6150#2.Vascular or heart problems diagnosed by doctor_Angina,30643,-0.0340918100631319,0.0314717672091062,-0.0957764737929799,0.0275928536667162,0.278739400836034
RAB33A,Ras-related protein Rab-33A,Health and medical history,X6150#3.Vascular or heart problems diagnosed by doctor_Stroke,30643,0.033115372404073,0.0396564881561672,-0.0446113443820146,0.110842089190161,0.403718628279987
RAB33A,Ras-related protein Rab-33A,Health and medical history,X6150#4.Vascular or heart problems diagnosed by doctor_High blood pressure,30643,0.0690502339605536,0.0355678621971059,-0.000662775945774005,0.138763243866881,0.0522592314086527
RAB33A,Ras-related protein Rab-33A,Health and medical history,X6151#1.Fractured bone site(s)_Ankle,47745,0.00182243747960863,0.0339452235299497,-0.0647102006390929,0.0683550755983101,0.957184525158019
RAB33A,Ras-related protein Rab-33A,Health and medical history,X6151#2.Fractured bone site(s)_Leg,47745,-0.0677843080547055,0.0607572143485771,-0.186868448177917,0.0512998320685055,0.264579812162782
RAB33A,Ras-related protein Rab-33A,Health and medical history,X6151#3.Fractured bone site(s)_Hip,47745,-0.0444813754134865,0.0992937687248537,-0.2390971621142,0.150134411287227,0.654173593110591
RAB33A,Ras-related protein Rab-33A,Health and medical history,X6151#4.Fractured bone site(s)_Spine,47745,-0.0834896211980243,0.0901431593260192,-0.260170213477022,0.0931909710809734,0.354357256620678
RAB33A,Ras-related protein Rab-33A,Health and medical history,X6151#5.Fractured bone site(s)_Wrist,47745,-0.0265540492491472,0.0287135227187729,-0.082832553777942,0.0297244552796477,0.355083454895899
RAB33A,Ras-related protein Rab-33A,Health and medical history,X6151#6.Fractured bone site(s)_Arm,47745,0.0394167709107541,0.0414142388177693,-0.0417551371720738,0.120588678993582,0.341224240170763
RAB33A,Ras-related protein Rab-33A,Health and medical history,X6151#7.Fractured bone site(s)_Other bones,47745,-0.00478025821848553,0.0202644084764713,-0.0444984988323693,0.0349379823953982,0.813516774336139
RAB33A,Ras-related protein Rab-33A,Health and medical history,"X6152#5.Blood clot, DVT, bronchitis, emphysema, asthma, rhinitis, eczema, allergy diagnosed by doctor_Blood clot in the leg (DVT)",32456,0.020663523221422,0.0312657828806997,-0.0406174112247494,0.0819444576675934,0.508696137966295
RAB33A,Ras-related protein Rab-33A,Health and medical history,"X6152#6.Blood clot, DVT, bronchitis, emphysema, asthma, rhinitis, eczema, allergy diagnosed by doctor_Emphysema or chronic bronchitis",32456,-0.00794686408016251,0.0359733485011851,-0.0784546271424854,0.0625608989821604,0.825168326139659
RAB33A,Ras-related protein Rab-33A,Health and medical history,"X6152#7.Blood clot, DVT, bronchitis, emphysema, asthma, rhinitis, eczema, allergy diagnosed by doctor_Blood clot in the lung",32456,-0.0455505675281472,0.0465570584472173,-0.136802402084693,0.0457012670283988,0.327915214208494
RAB33A,Ras-related protein Rab-33A,Health and medical history,"X6152#8.Blood clot, DVT, bronchitis, emphysema, asthma, rhinitis, eczema, allergy diagnosed by doctor_Asthma",32456,0.0100881614877069,0.0162288593039649,-0.0217204027480643,0.041896725723478,0.534210363737635
RAB33A,Ras-related protein Rab-33A,Health and medical history,"X6154#1.Medication for pain relief, constipation, heartburn_Aspirin",35427,-0.00153448870029288,0.0162430172641037,-0.0333708025379362,0.0303018251373504,0.924737005920747
RAB33A,Ras-related protein Rab-33A,Health and medical history,"X6154#2.Medication for pain relief, constipation, heartburn_Ibuprofen",35427,0.00137174812378964,0.0141776061229614,-0.0264163598772147,0.029159856124794,0.922923072529999
RAB33A,Ras-related protein Rab-33A,Health and medical history,"X6154#3.Medication for pain relief, constipation, heartburn_Paracetamol",35427,0.0139446432362913,0.0133053049776711,-0.012133754519944,0.0400230409925266,0.294638014698992
RAB33A,Ras-related protein Rab-33A,Health and medical history,"X6154#4.Medication for pain relief, constipation, heartburn_Ranitidine",35427,0.00855824681201324,0.0318067531605749,-0.0537829893827135,0.07089948300674,0.787880783331457
RAB33A,Ras-related protein Rab-33A,Health and medical history,"X6154#5.Medication for pain relief, constipation, heartburn_Omeprazole",35427,0.0113741421583397,0.019008928400218,-0.0258833575060876,0.0486316418227669,0.549613509725503
RAB33A,Ras-related protein Rab-33A,Health and medical history,"X6154#6.Medication for pain relief, constipation, heartburn_Laxatives",35427,-0.0221906626474117,0.0222113318354684,-0.0657248730449297,0.0213435477501063,0.317783084972876
RAB33A,Ras-related protein Rab-33A,Health and medical history,X6155#1.Vitamin and mineral supplements_Vitamin A,47759,-0.0409928773363129,0.0308042741501595,-0.101369254670625,0.0193834999979997,0.183283347010765
RAB33A,Ras-related protein Rab-33A,Health and medical history,X6155#2.Vitamin and mineral supplements_Vitamin B,47759,0.0300582190570483,0.0195524052771326,-0.00826449528613155,0.0683809334002282,0.124229600252961
RAB33A,Ras-related protein Rab-33A,Health and medical history,X6155#3.Vitamin and mineral supplements_Vitamin C,47759,-0.0651799835259423,0.078226076656026,-0.218503093771753,0.0881431267198686,0.404725945687006
RAB33A,Ras-related protein Rab-33A,Health and medical history,X6155#4.Vitamin and mineral supplements_Vitamin D,47759,-0.00895079264794087,0.0193873007330933,-0.0469499020848037,0.029048316788922,0.644312769866326
RAB33A,Ras-related protein Rab-33A,Health and medical history,X6155#5.Vitamin and mineral supplements_Vitamin E,47759,0.00870314689185527,0.0230475543312802,-0.0364700595974539,0.0538763533811644,0.705718618698849
RAB33A,Ras-related protein Rab-33A,Health and medical history,X6155#6.Vitamin and mineral supplements_Folic acid or Folate (Vit B9),47759,-0.0321595592205026,0.0260365290941873,-0.0831911562451097,0.0188720378041046,0.216779412858196
RAB33A,Ras-related protein Rab-33A,Health and medical history,X6155#7.Vitamin and mineral supplements_Multivitamins + or - minerals,47759,-0.00812190356881847,0.00928061562615511,-0.0263119101960825,0.0100681030584455,0.381502907109561
RAB33A,Ras-related protein Rab-33A,Lifestyle factors,X6157#1.Why stopped smoking_Illness or ill health,28141,-0.0589446417229635,0.0309729656883469,-0.119651654472123,0.00176237102619637,0.0571052861281178
RAB33A,Ras-related protein Rab-33A,Lifestyle factors,X6157#2.Why stopped smoking_Doctor's advice,28141,0.0630507069084416,0.0416132670015038,-0.0185112964145059,0.144612710231389,0.129817849510984
RAB33A,Ras-related protein Rab-33A,Lifestyle factors,X6157#3.Why stopped smoking_Health precaution,28141,0.0182814276006751,0.0274051068325731,-0.0354325817911682,0.0719954369925184,0.504762070828468
RAB33A,Ras-related protein Rab-33A,Lifestyle factors,X6157#4.Why stopped smoking_Financial reasons,28141,0.0053737198307821,0.0246482338712032,-0.0429368185567761,0.0536842582183404,0.827428369114099
RAB33A,Ras-related protein Rab-33A,Health and medical history,X6159#1.Pain type(s) experienced in last month_Headache,47860,0.0215686173823526,0.0106019882639139,0.000788720385081435,0.0423485143796237,0.0419231723026349
RAB33A,Ras-related protein Rab-33A,Health and medical history,X6159#2.Pain type(s) experienced in last month_Facial pain,47860,0.0282334319049613,0.0284617722984335,-0.0275516417999684,0.084018505609891,0.321218854896376
RAB33A,Ras-related protein Rab-33A,Health and medical history,X6159#3.Pain type(s) experienced in last month_Neck or shoulder pain,47860,0.0250493298632719,0.0103454353037694,0.00477227666788392,0.0453263830586598,0.0154729586712023
RAB33A,Ras-related protein Rab-33A,Health and medical history,X6159#4.Pain type(s) experienced in last month_Back pain,47860,-0.0197086202280332,0.0103017294504748,-0.0399000099509637,0.000482769494897412,0.0557426971154674
RAB33A,Ras-related protein Rab-33A,Health and medical history,X6159#5.Pain type(s) experienced in last month_Stomach or abdominal pain,47860,0.0317513273075232,0.0148446972293648,0.00265572073796824,0.0608469338770782,0.0324540605470531
RAB33A,Ras-related protein Rab-33A,Health and medical history,X6159#6.Pain type(s) experienced in last month_Hip pain,47860,-0.0160260947985143,0.0131382404493996,-0.0417770460793376,0.00972485648230901,0.222550996845703
RAB33A,Ras-related protein Rab-33A,Health and medical history,X6159#7.Pain type(s) experienced in last month_Knee pain,47860,-0.0141377242242797,0.0110386672852292,-0.0357735121033288,0.0074980636547695,0.20029573723908
RAB33A,Ras-related protein Rab-33A,Health and medical history,X6159#8.Pain type(s) experienced in last month_Pain all over the body,47860,0.0543329990571735,0.0299211135852756,-0.00431238356996677,0.112978381684314,0.0694023523968707
RAB33A,Ras-related protein Rab-33A,Lifestyle factors,X6160#1.Leisure or social activities_Sports club or gym,40611,-0.0188925604065284,0.0110137504298609,-0.0404795112490558,0.00269439043599905,0.0862981910333197
RAB33A,Ras-related protein Rab-33A,Lifestyle factors,X6160#2.Leisure or social activities_Pub or social club,40611,0.0100466485502304,0.0121771136035061,-0.0138204941126415,0.0339137912131023,0.409359068100776
RAB33A,Ras-related protein Rab-33A,Lifestyle factors,X6160#3.Leisure or social activities_Religious group,40611,0.0122581391906778,0.0122559623854152,-0.0117635470847359,0.0362798254660916,0.317239538506446
RAB33A,Ras-related protein Rab-33A,Lifestyle factors,X6160#4.Leisure or social activities_Adult education class,40611,-0.0156762179824556,0.0155893296743324,-0.0462313041441471,0.014878868179236,0.314635797666414
RAB33A,Ras-related protein Rab-33A,Lifestyle factors,X6160#5.Leisure or social activities_Other group activity,40611,0.00694991812137971,0.0110883818921598,-0.0147833103872535,0.0286831466300129,0.530815732059388
RAB33A,Ras-related protein Rab-33A,Physical activities,X6162#1.Types of transport used (excluding work)_Car or motor vehicle,47659,-0.00674659674024725,0.0111360696171957,-0.0285732931899509,0.0150800997094564,0.544631681735052
RAB33A,Ras-related protein Rab-33A,Physical activities,X6162#2.Types of transport used (excluding work)_Walk,47659,0.0101279609623455,0.00899618505194843,-0.00750456173947346,0.0277604836641644,0.260259198903092
RAB33A,Ras-related protein Rab-33A,Physical activities,X6162#3.Types of transport used (excluding work)_Public transport,47659,0.000696463448614691,0.00981356862192349,-0.0185381310503554,0.0199310579475847,0.943422690714456
RAB33A,Ras-related protein Rab-33A,Physical activities,X6162#4.Types of transport used (excluding work)_Cycle,47659,0.00915530933916828,0.0216901605284859,-0.0333574052966641,0.0516680239750006,0.672959552739663
RAB33A,Ras-related protein Rab-33A,Physical activities,X6164#1.Types of physical activity in last 4 weeks_Walking for pleasure (not as a means of transport),47670,0.000196230887425321,0.0101685065008605,-0.0197340418542613,0.020126503629112,0.984603619833751
RAB33A,Ras-related protein Rab-33A,Physical activities,X6164#3.Types of physical activity in last 4 weeks_Strenuous sports,47670,-0.0401824634844377,0.0184855712389101,-0.0764141831127015,-0.00395074385617376,0.0297362087963188
RAB33A,Ras-related protein Rab-33A,Health and medical history,X6179#1.Mineral and other dietary supplements_Fish oil (including cod liver oil),47759,-0.000623451047176455,0.00969499011266918,-0.019625631668008,0.0183787295736551,0.948726715819974
RAB33A,Ras-related protein Rab-33A,Health and medical history,X6179#2.Mineral and other dietary supplements_Glucosamine,47759,0.00668989725258078,0.011013821515095,-0.0148971929170053,0.0282769874221669,0.543585257646645
RAB33A,Ras-related protein Rab-33A,Health and medical history,X6179#3.Mineral and other dietary supplements_Calcium,47759,-0.0183027781047842,0.0143737451023044,-0.0464753185053007,0.0098697622957324,0.202907316725843
RAB33A,Ras-related protein Rab-33A,Health and medical history,X6179#4.Mineral and other dietary supplements_Zinc,47759,0.0270488399129215,0.0209820930229412,-0.0140760624120432,0.0681737422378863,0.19736247011589
RAB33A,Ras-related protein Rab-33A,Health and medical history,X6179#5.Mineral and other dietary supplements_Iron,47759,0.00527607230480712,0.021416600982181,-0.0367004656202677,0.0472526102298819,0.805410128711825
RAB33A,Ras-related protein Rab-33A,Health and medical history,X6179#6.Mineral and other dietary supplements_Selenium,47759,-0.0219107241797455,0.02781847177457,-0.0764349288579028,0.0326134804984118,0.430919882781493
RAB33A,Ras-related protein Rab-33A,Physical measures,"X78.Heel bone mineral density (BMD) T-score, automated",37667,-0.0101627945807224,0.00645931992719691,-0.0228230616380284,0.0024974724765835,0.115660892311161
RAB33A,Ras-related protein Rab-33A,Physical activities,X864.Number of days or week walked 10+ minutes,47325,-0.0187540392362387,0.0179962193888751,-0.054026629238434,0.0165185507659565,0.297371724539344
RAB33A,Ras-related protein Rab-33A,Physical activities,X874.Duration of walks,43888,-0.00261717595206728,0.00500632241864787,-0.0124295678926171,0.00719521598848255,0.601137388731264
RAB33A,Ras-related protein Rab-33A,Physical activities,X884.Number of days or week of moderate physical activity 10+ minutes,46409,0.0036872894596466,0.0173827413536485,-0.0303828835935044,0.0377574625127976,0.832012587606709
RAB33A,Ras-related protein Rab-33A,Physical activities,X894.Duration of moderate activity,41249,-0.00946037533395708,0.0211024766516765,-0.0508212295712431,0.0319004789033289,0.653937865350663
RAB33A,Ras-related protein Rab-33A,Physical activities,X90087.No-wear time bias adjusted average acceleration,29411,0.000383266994846043,0.0105545853997302,-0.0203037203886251,0.0210702543783171,0.971034371618551
RAB33A,Ras-related protein Rab-33A,Physical activities,X904.Number of days or week of vigorous physical activity 10+ minutes,46419,-0.0187406010024532,0.0179614595704533,-0.0539450617605418,0.0164638597556353,0.296784505518717
RAB33A,Ras-related protein Rab-33A,Physical activities,X914.Duration of vigorous activity,35996,-0.00945868564370335,0.00674791524648002,-0.0226845995268042,0.00376722823939749,0.16102585509723
