Protein,Protein_definition,Trait_category,Trait,sample_size,Estimated_effect,se,lowerCI,upperCI,Pvalue
TNFRSF19,Tumor necrosis factor receptor superfamily member 19,Lifestyle factors,X1050.Time spend outdoors in summer,49038,0.0452578425950776,0.0357889274027549,-0.0248884551143219,0.115404140304477,0.206035108567494
TNFRSF19,Tumor necrosis factor receptor superfamily member 19,Lifestyle factors,X1060.Time spent outdoors in winter,45312,0.0650749958072787,0.0408985628915748,-0.0150861874602078,0.145236179074765,0.111595116099844
TNFRSF19,Tumor necrosis factor receptor superfamily member 19,Physical activities,X1070.Time spent watching television (TV),50620,0.160531321833017,0.0366149807861709,0.0887659594921224,0.232296684173912,1.16808882217952e-05
TNFRSF19,Tumor necrosis factor receptor superfamily member 19,Physical activities,X1080.Time spent using computer,45302,-0.135158838828066,0.0376664427678379,-0.208985066653028,-0.0613326110031039,0.000333592168953093
TNFRSF19,Tumor necrosis factor receptor superfamily member 19,Physical activities,X1090.Time spent driving,42677,-0.0808571926847563,0.0420091344556892,-0.163195096217907,0.00148071084839461,0.054275859321983
TNFRSF19,Tumor necrosis factor receptor superfamily member 19,Lifestyle factors,X1160.Sleep duration,52163,0.117994657869544,0.0328875048336539,0.0535351483955824,0.182454167343506,0.000334020623752685
TNFRSF19,Tumor necrosis factor receptor superfamily member 19,Health and medical history,X120039#0.Location of pain during the past week_None of the given areas,34162,0.00885687080048164,0.0105783006608932,-0.011876598494869,0.0295903400958322,0.402462646102267
TNFRSF19,Tumor necrosis factor receptor superfamily member 19,Health and medical history,X120039#1.Location of pain during the past week_Left shoulder,34162,0.0169301000199524,0.00950523163899952,-0.00170015399248668,0.0355603540323915,0.0749216628257912
TNFRSF19,Tumor necrosis factor receptor superfamily member 19,Health and medical history,X120039#10.Location of pain during the past week_Upper right leg,34162,0.020619895315615,0.0113429948486877,-0.00161237458781299,0.042852165219043,0.0691174307541454
TNFRSF19,Tumor necrosis factor receptor superfamily member 19,Health and medical history,X120039#11.Location of pain during the past week_Lower left leg,34162,0.0211590281089839,0.0115853297236174,-0.00154821814930609,0.0438662743672739,0.0678261533627808
TNFRSF19,Tumor necrosis factor receptor superfamily member 19,Health and medical history,X120039#12.Location of pain during the past week_Lower right leg,34162,0.0160587134773513,0.0117381883465441,-0.0069481356818751,0.0390655626365776,0.171320485929398
TNFRSF19,Tumor necrosis factor receptor superfamily member 19,Health and medical history,X120039#13.Location of pain during the past week_Left jaw pain,34162,-0.0170433631557827,0.0225476737180534,-0.0612368036431673,0.0271500773316019,0.449738749926868
TNFRSF19,Tumor necrosis factor receptor superfamily member 19,Health and medical history,X120039#14.Location of pain during the past week_Right jaw pain,34162,0.0252474913419395,0.0225377772215608,-0.0189265520123197,0.0694215346961988,0.2626435232008
TNFRSF19,Tumor necrosis factor receptor superfamily member 19,Health and medical history,X120039#15.Location of pain during the past week_Chest pain,34162,0.0128609931270537,0.0172406674847476,-0.0209307151430516,0.0466527013971589,0.455704562890284
TNFRSF19,Tumor necrosis factor receptor superfamily member 19,Health and medical history,X120039#16.Location of pain during the past week_Abdomen,34162,0.0169437406056673,0.0123635830777649,-0.0072888822267519,0.0411763634380866,0.170576433512398
TNFRSF19,Tumor necrosis factor receptor superfamily member 19,Health and medical history,X120039#17.Location of pain during the past week_Neck pain,34162,0.0114868648921754,0.00853549987964704,-0.00524271487193284,0.0282164446562836,0.17840641537225
TNFRSF19,Tumor necrosis factor receptor superfamily member 19,Health and medical history,X120039#18.Location of pain during the past week_Upper back,34162,0.0293924346612821,0.0118875464799845,0.00609284356051248,0.0526920257620518,0.0134326691212064
TNFRSF19,Tumor necrosis factor receptor superfamily member 19,Health and medical history,X120039#19.Location of pain during the past week_Lower back,34162,0.00196888564102905,0.00728310219754661,-0.0123059946661623,0.0162437659482204,0.786907419714601
TNFRSF19,Tumor necrosis factor receptor superfamily member 19,Health and medical history,X120039#2.Location of pain during the past week_Right shoulder,34162,-0.0147282441657624,0.00908303639729384,-0.0325309955044583,0.00307450717293356,0.104940543329035
TNFRSF19,Tumor necrosis factor receptor superfamily member 19,Health and medical history,X120039#3.Location of pain during the past week_Upper left arm,34162,0.0257989049097965,0.0129894674106621,0.00033954878489878,0.0512582610346942,0.0470458157886694
TNFRSF19,Tumor necrosis factor receptor superfamily member 19,Health and medical history,X120039#4.Location of pain during the past week_Upper right arm,34162,0.0040547859068453,0.0123740205746021,-0.0201982944193748,0.0283078662330653,0.743156606654865
TNFRSF19,Tumor necrosis factor receptor superfamily member 19,Health and medical history,X120039#5.Location of pain during the past week_Lower left arm,34162,0.0300543313789732,0.0174355064852796,-0.00411926133217486,0.0642279240901212,0.0847860892539345
TNFRSF19,Tumor necrosis factor receptor superfamily member 19,Health and medical history,X120039#6.Location of pain during the past week_Lower right arm,34162,0.0163429224269217,0.0161033212492918,-0.0152195872216901,0.0479054320755335,0.310188800851504
TNFRSF19,Tumor necrosis factor receptor superfamily member 19,Health and medical history,X120039#7.Location of pain during the past week_Left hip,34162,0.00892632876102901,0.00969541609791636,-0.0100766867908871,0.0279293443129451,0.3572429214094
TNFRSF19,Tumor necrosis factor receptor superfamily member 19,Health and medical history,X120039#8.Location of pain during the past week_Right hip,34162,0.0142938393175291,0.00905697037534001,-0.00345782261813735,0.0320455012531955,0.11454898207919
TNFRSF19,Tumor necrosis factor receptor superfamily member 19,Health and medical history,X120039#9.Location of pain during the past week_Upper left leg,34162,0.0143876809199449,0.012085157339574,-0.00929922746562004,0.0380745893055098,0.233869247220361
TNFRSF19,Tumor necrosis factor receptor superfamily member 19,Health and medical history,X120040.Fatigue severity over the past week,34168,0.0449749747033913,0.061623529096187,-0.0758071423251353,0.165757091731918,0.465508980167441
TNFRSF19,Tumor necrosis factor receptor superfamily member 19,Health and medical history,X120041.Waking unrefreshed severity over the past week,34165,0.0884282743330207,0.0612829986292604,-0.0316864029803297,0.208542951646371,0.149066941723545
TNFRSF19,Tumor necrosis factor receptor superfamily member 19,Health and medical history,X120042.Cognitive symptoms severity over the past week,34165,0.0440064893703482,0.0653137948937167,-0.0840085486213366,0.172021527362033,0.500473452329187
TNFRSF19,Tumor necrosis factor receptor superfamily member 19,Health and medical history,X120098.Mobility problems today,34172,0.25602821457309,0.072112452463137,0.114687807745341,0.397368621400838,0.000386461695787234
TNFRSF19,Tumor necrosis factor receptor superfamily member 19,Health and medical history,X120099.Self-care problems today,34172,0.109702181076871,0.112095652552754,-0.110005297926527,0.32940966008027,0.327778320086922
TNFRSF19,Tumor necrosis factor receptor superfamily member 19,Health and medical history,X120100.Problems doing usual activities,34172,0.123670529373054,0.0681296476342436,-0.00986357999006349,0.257204638736171,0.0695204014312277
TNFRSF19,Tumor necrosis factor receptor superfamily member 19,Health and medical history,X120101.Pain or discomfort today,34172,0.176532652019693,0.0619637675051398,0.0550836677096185,0.297981636329767,0.00439537714961322
TNFRSF19,Tumor necrosis factor receptor superfamily member 19,Health and medical history,X120102.Anxiety or depression today,34172,0.000932030376520649,0.0717574639355074,-0.139712598937074,0.141576659690115,0.989637139279009
TNFRSF19,Tumor necrosis factor receptor superfamily member 19,Health and medical history,X120103.Scale to indicate how health is today,34132,-0.00660639432100005,0.00314555753370914,-0.01277168708707,-0.000441101554930133,0.0357344207137571
TNFRSF19,Tumor necrosis factor receptor superfamily member 19,Health and medical history,X120104.Little interest or pleasure in doing things over the last two weeks,34147,0.0828063915853126,0.0735646375890753,-0.0613802980892751,0.2269930812599,0.260351020587678
TNFRSF19,Tumor necrosis factor receptor superfamily member 19,Health and medical history,"X120105.Feeling down, depressed, or hopeless over the last two weeks",34124,-0.0435672122064647,0.0743380456669221,-0.189269781713632,0.102135357300703,0.557842933354298
TNFRSF19,Tumor necrosis factor receptor superfamily member 19,Health and medical history,"X120106.Trouble falling or staying asleep, or sleeping too much over the last two weeks",34154,0.0587044254347273,0.0605938193682604,-0.0600594605270631,0.177468311396518,0.332659809060571
TNFRSF19,Tumor necrosis factor receptor superfamily member 19,Health and medical history,X120107.Feeling tired or having little energy over the last two weeks,34149,0.0629756786789414,0.0623035316816012,-0.0591392434169969,0.18509060077488,0.31214300641391
TNFRSF19,Tumor necrosis factor receptor superfamily member 19,Health and medical history,X120108.Poor appetite or overeating over the last two weeks,34157,0.127302336122508,0.0750982648080588,-0.0198902629012874,0.274494935146303,0.0900802857056332
TNFRSF19,Tumor necrosis factor receptor superfamily member 19,Health and medical history,X120109.Feeling bad about self over the last two weeks,34126,-0.0082435413489898,0.0781854093166278,-0.16148694360958,0.144999860911601,0.91603219477525
TNFRSF19,Tumor necrosis factor receptor superfamily member 19,Health and medical history,X120110.Trouble concentrating over the last two weeks,34152,0.0794738880007826,0.0805142340245891,-0.0783340106874121,0.237281786688977,0.323628668807813
TNFRSF19,Tumor necrosis factor receptor superfamily member 19,Health and medical history,X120111.Moving or speaking slower or faster than usual over the last two weeks,34143,0.143726762444818,0.116722889894109,-0.0850501017476356,0.372503626637271,0.218221773031928
TNFRSF19,Tumor necrosis factor receptor superfamily member 19,Health and medical history,X120112.Thoughts of being better off dead or of hurting self over the last two weeks,34106,-0.143953314409555,0.159448309158047,-0.456472000359327,0.168565371540217,0.366643325515799
TNFRSF19,Tumor necrosis factor receptor superfamily member 19,Health and medical history,"X120113.Level of difficultly depression has made to do work, take care of things at home, or get along with other people",31760,0.275177158607542,0.0794386815586529,0.119477342752583,0.430876974462502,0.000535221346135175
TNFRSF19,Tumor necrosis factor receptor superfamily member 19,Lifestyle factors,X1269.Exposure to tobacco smoke at home,49797,0.177434130184854,0.0762529443818995,0.0279783591963311,0.326889901173377,0.0199776210132877
TNFRSF19,Tumor necrosis factor receptor superfamily member 19,Lifestyle factors,X1279.Exposure to tobacco smoke outside home,47926,0.0752713913049825,0.051184883911724,-0.0250509811619966,0.175593763771962,0.141418538056811
TNFRSF19,Tumor necrosis factor receptor superfamily member 19,Diet and food preferences,X1289.Cooked vegetable intake,51621,-0.315841237856211,0.034101093660408,-0.382679381430611,-0.249003094281811,2.15183916179447e-20
TNFRSF19,Tumor necrosis factor receptor superfamily member 19,Diet and food preferences,X1299.Salad  or  raw vegetable intake,51108,-0.189567957201328,0.0367636327786596,-0.261624677447501,-0.117511236955155,2.53542410545167e-07
TNFRSF19,Tumor necrosis factor receptor superfamily member 19,Diet and food preferences,X1309.Fresh fruit intake,51661,-0.0300023141654602,0.0353322983923115,-0.0992536190143909,0.0392489906834704,0.395806987452841
TNFRSF19,Tumor necrosis factor receptor superfamily member 19,Diet and food preferences,X1319.Dried fruit intake,49897,-0.0286779633587547,0.0356859118729569,-0.0986223506297503,0.0412664239122409,0.421623152956392
TNFRSF19,Tumor necrosis factor receptor superfamily member 19,Health and medical history,X134.Number of self-reported cancers,52452,0.224604304467923,0.0563937044833863,0.114072643680486,0.33513596525536,6.82829089881279e-05
TNFRSF19,Tumor necrosis factor receptor superfamily member 19,Health and medical history,X135.Number of self-reported non-cancer illnesses,52452,0.231305710027833,0.0345944779677054,0.163500533211131,0.299110886844536,2.33338599767785e-11
TNFRSF19,Tumor necrosis factor receptor superfamily member 19,Health and medical history,"X136.Number of operations, self-reported",52452,0.119172640681977,0.0345662564997712,0.051422777942425,0.186922503421528,0.00056629977211749
TNFRSF19,Tumor necrosis factor receptor superfamily member 19,Health and medical history,X137.Number of treatments or medications taken,52452,0.187072967300495,0.0337552415587598,0.120912693845326,0.253233240755664,3.01654731564073e-08
TNFRSF19,Tumor necrosis factor receptor superfamily member 19,Diet and food preferences,X1438.Bread intake,51492,0.00812345375463994,0.00225359949925188,0.00370639873610624,0.0125405087731736,0.000313126736680899
TNFRSF19,Tumor necrosis factor receptor superfamily member 19,Diet and food preferences,X1458.Cereal intake,51045,0.193905513271945,0.0338608575865482,0.127538232402311,0.26027279414158,1.0360408762309e-08
TNFRSF19,Tumor necrosis factor receptor superfamily member 19,Diet and food preferences,X1488.Tea intake,51520,0.0129742505654871,0.00210018604653328,0.0088578859142819,0.0170906152166924,6.59818036068141e-10
TNFRSF19,Tumor necrosis factor receptor superfamily member 19,Diet and food preferences,X1498.Coffee intake,50241,-0.294181665712858,0.0342022306884081,-0.361218037862138,-0.227145293563578,8.32651842883832e-18
TNFRSF19,Tumor necrosis factor receptor superfamily member 19,Diet and food preferences,X1528.Water intake,50695,-0.167566925596415,0.0345595398092588,-0.235303623622562,-0.0998302275702674,1.25018842865132e-06
TNFRSF19,Tumor necrosis factor receptor superfamily member 19,Lifestyle factors,X1568.Average weekly red wine intake,41558,-0.319027293170778,0.0437597237676162,-0.404796351755306,-0.233258234586251,3.22454473651133e-13
TNFRSF19,Tumor necrosis factor receptor superfamily member 19,Lifestyle factors,X1578.Average weekly champagne plus white wine intake,41559,-0.265155019593305,0.0442247061801926,-0.351835443706483,-0.178474595480128,2.06770235771808e-09
TNFRSF19,Tumor necrosis factor receptor superfamily member 19,Lifestyle factors,X1588.Average weekly beer plus cider intake,41584,0.00497813246525179,0.0555147637759379,-0.103830804535587,0.11378706946609,0.928548735430942
TNFRSF19,Tumor necrosis factor receptor superfamily member 19,Lifestyle factors,X1598.Average weekly spirits intake,41512,0.0258500942202709,0.0490190168888775,-0.070227178881929,0.121927367322471,0.597958610948203
TNFRSF19,Tumor necrosis factor receptor superfamily member 19,Lifestyle factors,X1608.Average weekly fortified wine intake,41591,0.122726277903364,0.0735376106760638,-0.0214074390217213,0.266859994828449,0.0951571919086136
TNFRSF19,Tumor necrosis factor receptor superfamily member 19,Lifestyle factors,X1737.Childhood sunburn occasions,45785,-0.16303275756037,0.0409259260853519,-0.24324757268766,-0.0828179424330804,6.81027405456327e-05
TNFRSF19,Tumor necrosis factor receptor superfamily member 19,Health and medical history,X1807.Father's age at death,44880,-0.00256636577506631,0.00246583757517876,-0.00739940742241668,0.00226667587228405,0.297995376614843
TNFRSF19,Tumor necrosis factor receptor superfamily member 19,Health and medical history,X1845.Mother's age,35382,0.00169260098946762,0.00526833982344043,-0.00863334506447563,0.0120185470434109,0.748005969485168
TNFRSF19,Tumor necrosis factor receptor superfamily member 19,Health and medical history,X1873.Number of full brothers,51932,0.0416398656206949,0.0328344895861011,-0.0227157339680632,0.105995465209453,0.204746350617432
TNFRSF19,Tumor necrosis factor receptor superfamily member 19,Health and medical history,X1883.Number of full sisters,51938,0.0670906214877908,0.0328414580995881,0.00272136361259816,0.131459879362983,0.0410754547613631
TNFRSF19,Tumor necrosis factor receptor superfamily member 19,Physical measures,X20015.Sitting height,52258,-0.000195009010542003,0.00277661749762936,-0.00563717930589555,0.00524716128481155,0.944009048309555
TNFRSF19,Tumor necrosis factor receptor superfamily member 19,Cognitive function,X20016.Fluid intelligence score,33434,-0.0890405015674647,0.055104557630862,-0.197045434523954,0.0189644313890248,0.106162692283372
TNFRSF19,Tumor necrosis factor receptor superfamily member 19,Cognitive function,X20018.Prospective memory result,33775,0.115491951517954,0.0713799392634676,-0.0244127294384425,0.25539663247435,0.105698815574433
TNFRSF19,Tumor necrosis factor receptor superfamily member 19,Physical measures,X20019.Speech-reception-threshold (SRT) estimate (left),33300,0.00223438699451735,0.00376670405582039,-0.00514835295489061,0.00961712694392532,0.553066356401158
TNFRSF19,Tumor necrosis factor receptor superfamily member 19,Physical measures,X20021.Speech-reception-threshold (SRT) estimate (right),33277,0.00122277016754326,0.00375332963959088,-0.00613375592605487,0.00857929626114138,0.744596431589618
TNFRSF19,Tumor necrosis factor receptor superfamily member 19,Cognitive function,X20023.Mean time to correctly identify matches,52138,0.0108062122575574,0.00227017513557946,0.00635666899182168,0.0152557555232932,1.94494478244572e-06
TNFRSF19,Tumor necrosis factor receptor superfamily member 19,Health and medical history,X20107#1.Illnesses of father_Heart disease,49190,0.00091832664281204,0.00460675261435415,-0.0081109084813221,0.00994756176694618,0.841995615293794
TNFRSF19,Tumor necrosis factor receptor superfamily member 19,Health and medical history,X20107#10.Illnesses of father_Alzheimer's disease or dementia,48755,-0.00196947930379354,0.0100230474009464,-0.0216146522096485,0.0176756936020614,0.844224341590916
TNFRSF19,Tumor necrosis factor receptor superfamily member 19,Health and medical history,X20107#11.Illnesses of father_Parkinson's disease,48725,0.0158286109333215,0.0136094081362404,-0.0108458290137097,0.0425030508803528,0.244815022184335
TNFRSF19,Tumor necrosis factor receptor superfamily member 19,Health and medical history,X20107#12.Illnesses of father_Severe depression,48741,0.000459241525835231,0.0109940878858274,-0.0210891707303865,0.022007653782057,0.966681054383553
TNFRSF19,Tumor necrosis factor receptor superfamily member 19,Health and medical history,X20107#13.Illnesses of father_Prostate cancer,48744,0.00324736827166367,0.0082492122061493,-0.012921087652389,0.0194158241957163,0.693837018361046
TNFRSF19,Tumor necrosis factor receptor superfamily member 19,Health and medical history,X20107#2.Illnesses of father_Stroke,48913,-0.00304695760033303,0.00598041829787628,-0.0147685774641705,0.00867466226350447,0.610414072186988
TNFRSF19,Tumor necrosis factor receptor superfamily member 19,Health and medical history,X20107#3.Illnesses of father_Lung cancer,48845,0.000643313255672688,0.00753115581468163,-0.0141177521411033,0.0154043786524487,0.931927991313121
TNFRSF19,Tumor necrosis factor receptor superfamily member 19,Health and medical history,X20107#4.Illnesses of father_Bowel cancer,48753,-0.0184715864020381,0.00962564914663371,-0.0373378587294401,0.000394685925363993,0.0549964843271861
TNFRSF19,Tumor necrosis factor receptor superfamily member 19,Health and medical history,X20107#6.Illnesses of father_Chronic bronchitis or emphysema,48905,0.000384592152595255,0.0067787051931304,-0.0129016700259403,0.0136708543311308,0.954756484620973
TNFRSF19,Tumor necrosis factor receptor superfamily member 19,Health and medical history,X20107#8.Illnesses of father_High blood pressure,48961,-0.00361617616263298,0.00512825313605333,-0.0136675523092975,0.00643519998403155,0.480724994294725
TNFRSF19,Tumor necrosis factor receptor superfamily member 19,Health and medical history,X20107#9.Illnesses of father_Diabetes,48831,0.00082558113548827,0.00715341453093724,-0.0131951113451487,0.0148462736161253,0.908120487059977
TNFRSF19,Tumor necrosis factor receptor superfamily member 19,Health and medical history,X20110#1.Illnesses of mother_Heart disease,50582,0.00452743848282792,0.00515659998040349,-0.00557949747876293,0.0146343744444188,0.379957716487739
TNFRSF19,Tumor necrosis factor receptor superfamily member 19,Health and medical history,X20110#10.Illnesses of mother_Alzheimer's disease or dementia,50448,-0.00393416232178818,0.00751002981804924,-0.0186538207651647,0.0107854961215883,0.600384264348001
TNFRSF19,Tumor necrosis factor receptor superfamily member 19,Health and medical history,X20110#11.Illnesses of mother_Parkinson's disease,50379,0.017266466707419,0.0160609846736205,-0.0142130632528772,0.0487459966677151,0.282359417044312
TNFRSF19,Tumor necrosis factor receptor superfamily member 19,Health and medical history,X20110#12.Illnesses of mother_Severe depression,50417,0.00717342664961653,0.00809476908539351,-0.00869232075775476,0.0230391740569878,0.375528468057966
TNFRSF19,Tumor necrosis factor receptor superfamily member 19,Health and medical history,X20110#2.Illnesses of mother_Stroke,50512,-8.75495144261873e-05,0.00593658324180131,-0.0117232526683568,0.0115481536395044,0.988233770027849
TNFRSF19,Tumor necrosis factor receptor superfamily member 19,Health and medical history,X20110#3.Illnesses of mother_Lung cancer,50403,-0.00472718920693816,0.0109554876190294,-0.0261999449402359,0.0167455665263596,0.666115318153494
TNFRSF19,Tumor necrosis factor receptor superfamily member 19,Health and medical history,X20110#4.Illnesses of mother_Bowel cancer,50398,-0.00378757392418043,0.00972885745691444,-0.0228561345397327,0.0152809866913719,0.697047569470042
TNFRSF19,Tumor necrosis factor receptor superfamily member 19,Health and medical history,X20110#5.Illnesses of mother_Breast cancer,50426,0.00486864714559285,0.00771997030394829,-0.0102624946501458,0.0199997889413315,0.528270891520729
TNFRSF19,Tumor necrosis factor receptor superfamily member 19,Health and medical history,X20110#6.Illnesses of mother_Chronic bronchitis or emphysema,50444,0.0285960712116513,0.00863860116341445,0.011664412931359,0.0455277294919436,0.000933340565731626
TNFRSF19,Tumor necrosis factor receptor superfamily member 19,Health and medical history,X20110#8.Illnesses of mother_High blood pressure,50608,0.00133564187381741,0.00447634512777639,-0.00743799457662432,0.0101092783242591,0.765417224452984
TNFRSF19,Tumor necrosis factor receptor superfamily member 19,Health and medical history,X20110#9.Illnesses of mother_Diabetes,50459,-0.00304323518524446,0.00705339916121371,-0.0168678975412233,0.0107814271707344,0.666140024097543
TNFRSF19,Tumor necrosis factor receptor superfamily member 19,Health and medical history,X20111#1.Illnesses of siblings_Heart disease,46927,0.0104670283817702,0.00728984943777165,-0.00382107651626223,0.0247551332798027,0.151062925776709
TNFRSF19,Tumor necrosis factor receptor superfamily member 19,Health and medical history,X20111#10.Illnesses of siblings_Alzheimer's disease or dementia,46781,0.0333021701393968,0.0285922098284716,-0.0227385611244076,0.0893429014032012,0.244141232099569
TNFRSF19,Tumor necrosis factor receptor superfamily member 19,Health and medical history,X20111#11.Illnesses of siblings_Parkinson's disease,46778,0.0375679449492159,0.0295207056119761,-0.0202926380502572,0.0954285279486891,0.203174534204247
TNFRSF19,Tumor necrosis factor receptor superfamily member 19,Health and medical history,X20111#12.Illnesses of siblings_Severe depression,46842,0.00662222486105474,0.00805799884682618,-0.00917145287872458,0.0224159026008341,0.411188082600103
TNFRSF19,Tumor necrosis factor receptor superfamily member 19,Health and medical history,X20111#13.Illnesses of siblings_Prostate cancer,46793,0.0300604633596007,0.0169882232937616,-0.00323645429617201,0.0633573810153733,0.0768260507582496
TNFRSF19,Tumor necrosis factor receptor superfamily member 19,Health and medical history,X20111#2.Illnesses of siblings_Stroke,46807,0.0186454443202431,0.0123939632363095,-0.00564672362292349,0.0429376122634097,0.132493236939452
TNFRSF19,Tumor necrosis factor receptor superfamily member 19,Health and medical history,X20111#3.Illnesses of siblings_Lung cancer,46787,0.0211031335659254,0.0150840944983774,-0.00846169165089421,0.0506679587827451,0.161817220628727
TNFRSF19,Tumor necrosis factor receptor superfamily member 19,Health and medical history,X20111#4.Illnesses of siblings_Bowel cancer,46786,-0.0086329910035416,0.0146180697979818,-0.037284407807586,0.0200184258005028,0.554814659948466
TNFRSF19,Tumor necrosis factor receptor superfamily member 19,Health and medical history,X20111#5.Illnesses of siblings_Breast cancer,46805,-0.00485626246769395,0.0106969350045719,-0.0258222550766548,0.0161097301412669,0.649843059906245
TNFRSF19,Tumor necrosis factor receptor superfamily member 19,Health and medical history,X20111#6.Illnesses of siblings_Chronic bronchitis or emphysema,46807,0.0132303134960857,0.0129360643943602,-0.0121243727168604,0.0385849997090317,0.306438826335129
TNFRSF19,Tumor necrosis factor receptor superfamily member 19,Health and medical history,X20111#8.Illnesses of siblings_High blood pressure,46999,-0.000318998066651893,0.00537576209487003,-0.0108554917725972,0.0102174956392934,0.952681776773372
TNFRSF19,Tumor necrosis factor receptor superfamily member 19,Health and medical history,X20111#9.Illnesses of siblings_Diabetes,46880,0.00428098505579795,0.00772508127046466,-0.0108601742343128,0.0194221443459087,0.579470090647625
TNFRSF19,Tumor necrosis factor receptor superfamily member 19,Mental health,X20127.Neuroticism score,46444,0.048770855605874,0.0347200100192595,-0.0192803640318746,0.116822075243623,0.160127570740589
TNFRSF19,Tumor necrosis factor receptor superfamily member 19,Cognitive function,X20128.Number of fluid intelligence questions attempted within time limit,33434,0.00145624791639205,0.0561408310304614,-0.108579780903312,0.111492276736096,0.979306415082376
TNFRSF19,Tumor necrosis factor receptor superfamily member 19,Lifestyle factors,X20161.Pack years of smoking,31915,0.0135713509873755,0.0047141674986867,0.00433158268994959,0.0228111192848015,0.00400270395524402
TNFRSF19,Tumor necrosis factor receptor superfamily member 19,Lifestyle factors,X20162.Pack years adult smoking as proportion of life span exposed to smoking,31915,0.0122712080462771,0.00465085398419562,0.00315553423725363,0.0213868818553005,0.00834502947706826
TNFRSF19,Tumor necrosis factor receptor superfamily member 19,Cognitive function,X20191.Fluid intelligence score,31554,0.0466434777280147,0.0672245322024621,-0.0851166053888111,0.178403560844841,0.487801476410413
TNFRSF19,Tumor necrosis factor receptor superfamily member 19,Cognitive function,X20192.Number of fluid intelligence questions attempted within time limit,31554,0.0584894489652133,0.0683207730018854,-0.0754192661184821,0.192398164048909,0.391971115248732
TNFRSF19,Tumor necrosis factor receptor superfamily member 19,Cognitive function,X20240.Maximum digits remembered correctly,30797,-0.0501199216404668,0.0721499815752025,-0.191533885527864,0.0912940422469301,0.487291996787068
TNFRSF19,Tumor necrosis factor receptor superfamily member 19,Physical measures,X20255.Spirometry QC measure,45996,0.00906898398245064,0.0459917621120072,-0.0810748697570834,0.0992128377219847,0.843682954723285
TNFRSF19,Tumor necrosis factor receptor superfamily member 19,Eye measures,X20261.avMSE,30529,-0.00343804690101637,0.00428203498962202,-0.0118308354806755,0.00495474167864279,0.422063799793443
TNFRSF19,Tumor necrosis factor receptor superfamily member 19,Eye measures,X20262.Myopia diagnosis,30529,0.0644030425011698,0.0846126752820717,-0.101437801051691,0.23024388605403,0.446596278537105
TNFRSF19,Tumor necrosis factor receptor superfamily member 19,NMR metabolomics,X20280.Glucose-lactate,40444,-0.0123075842828434,0.00296340191027724,-0.0181158520269868,-0.00649931653870004,3.29567481342221e-05
TNFRSF19,Tumor necrosis factor receptor superfamily member 19,NMR metabolomics,X20281.Spectrometer-corrected alanine,40482,0.00801155709457389,0.00283634490127572,0.00245232108807348,0.0135707931010743,0.00473972179793695
TNFRSF19,Tumor necrosis factor receptor superfamily member 19,Mental health,X20544#11.Mental health problems ever diagnosed by a professional_Depression,33241,-0.00130790545343604,0.0132915185218451,-0.0273592817562524,0.0247434708493803,0.92161572201995
TNFRSF19,Tumor necrosis factor receptor superfamily member 19,Mental health,X20544#6.Mental health problems ever diagnosed by a professional_Panic attacks,33238,-0.00369633441569041,0.0249792139250578,-0.0526555937088038,0.045262924877423,0.882364780585021
TNFRSF19,Tumor necrosis factor receptor superfamily member 19,Mental health,X20546#1.Substances taken for depression_Unprescribed medication (more than once),33236,-0.0196724591010002,0.0309108786115154,-0.0802577811795704,0.0409128629775701,0.524515966407578
TNFRSF19,Tumor necrosis factor receptor superfamily member 19,Mental health,X20546#3.Substances taken for depression_Medication prescribed to you (for at least two weeks),33236,-0.0131637585582542,0.0124744582764534,-0.0376136967801028,0.0112861796635944,0.291336855858091
TNFRSF19,Tumor necrosis factor receptor superfamily member 19,Mental health,X20546#4.Substances taken for depression_Drugs or alcohol (more than once),33236,-0.0681128502525992,0.0246415524504257,-0.116410293055433,-0.0198154074497648,0.00571909408683153
TNFRSF19,Tumor necrosis factor receptor superfamily member 19,Mental health,X20548#1.Manifestations of mania or irritability_I was more talkative than usual,33243,-0.0272242073100798,0.0301914023163113,-0.08639935585005,0.0319509412298904,0.367230047841964
TNFRSF19,Tumor necrosis factor receptor superfamily member 19,Mental health,X20548#2.Manifestations of mania or irritability_I was more restless than usual,33243,-0.0196196032026022,0.0200349569246493,-0.0588881187749148,0.0196489123697105,0.327474253705084
TNFRSF19,Tumor necrosis factor receptor superfamily member 19,Mental health,X20548#3.Manifestations of mania or irritability_My thoughts were racing,33243,-0.00723163959355608,0.0221804678099868,-0.0507053565011301,0.036242077314018,0.744404585425059
TNFRSF19,Tumor necrosis factor receptor superfamily member 19,Mental health,X20548#5.Manifestations of mania or irritability_I needed less sleep than usual,33243,0.0271476741827863,0.0362485707811753,-0.0438995245483173,0.0981948729138899,0.453918901979387
TNFRSF19,Tumor necrosis factor receptor superfamily member 19,Mental health,X20548#6.Manifestations of mania or irritability_I was more creative or had more ideas than usual,33243,0.0143582412369844,0.0438610574897578,-0.0716094314429408,0.10032591391691,0.743405386201468
TNFRSF19,Tumor necrosis factor receptor superfamily member 19,Mental health,X20548#7.Manifestations of mania or irritability_I was easily distracted,33243,0.0102074462531749,0.0230756152388113,-0.0350207596148952,0.055435652121245,0.658248471942045
TNFRSF19,Tumor necrosis factor receptor superfamily member 19,Mental health,X20548#8.Manifestations of mania or irritability_I was more confident than usual,33243,0.00128421223411554,0.0438786743709791,-0.0847179895330036,0.0872864140012347,0.976652036231645
TNFRSF19,Tumor necrosis factor receptor superfamily member 19,Mental health,X20548#9.Manifestations of mania or irritability_I was more active than usual,33243,-0.0317901384227937,0.0302849477906403,-0.0911486360924486,0.0275683592468612,0.293884483266804
TNFRSF19,Tumor necrosis factor receptor superfamily member 19,Mental health,X20549#1.Substances taken for anxiety_Unprescribed medication (more than once),33243,-0.0322051801143213,0.0356711174026037,-0.102120570223425,0.037710209994782,0.366637512308668
TNFRSF19,Tumor necrosis factor receptor superfamily member 19,Mental health,X20549#3.Substances taken for anxiety_Medication prescribed to you (for at least two weeks),33243,0.00524451759417757,0.0168283830259556,-0.0277391131366954,0.0382281483250506,0.755316087986542
TNFRSF19,Tumor necrosis factor receptor superfamily member 19,Mental health,X20549#4.Substances taken for anxiety_Drugs or alcohol (more than once),33243,-0.0376602605456549,0.0272582549547572,-0.091086440256979,0.0157659191656692,0.16712678471183
TNFRSF19,Tumor necrosis factor receptor superfamily member 19,Mental health,X20553#4.Methods of self-harm used_Ingesting a medication in excess of the normal dose,33244,-0.0430053892487532,0.0402367879510994,-0.121869493632908,0.0358587151354017,0.28518566726317
TNFRSF19,Tumor necrosis factor receptor superfamily member 19,Diet and food preferences,X20600.Liking for adding salt to foods,35111,-0.0903780624970854,0.0540648484034779,-0.196345165367902,0.0155890403737313,0.0946206979600729
TNFRSF19,Tumor necrosis factor receptor superfamily member 19,Diet and food preferences,X20601.Liking for aniseed,35111,-0.0618571124982134,0.0534913461361063,-0.166700150924982,0.042985925928555,0.247545661870506
TNFRSF19,Tumor necrosis factor receptor superfamily member 19,Diet and food preferences,X20602.Liking for apple juice,35111,0.253993929908222,0.053958261174287,0.14823573800662,0.359752121809825,2.54272403473086e-06
TNFRSF19,Tumor necrosis factor receptor superfamily member 19,Diet and food preferences,X20603.Liking for apples,35111,-0.062790932671692,0.0548315225701315,-0.17026071690915,0.0446788515657657,0.252168117219888
TNFRSF19,Tumor necrosis factor receptor superfamily member 19,Diet and food preferences,X20604.Liking for asparagus,35111,-0.22946534958758,0.0551307398594192,-0.337521599712042,-0.121409099463119,3.17670447895555e-05
TNFRSF19,Tumor necrosis factor receptor superfamily member 19,Diet and food preferences,X20605.Liking for aubergine,35111,-0.258071054113602,0.0540675267505726,-0.364043406544724,-0.15209870168248,1.83802837597689e-06
TNFRSF19,Tumor necrosis factor receptor superfamily member 19,Diet and food preferences,X20606.Liking for avocados,35111,-0.267356934115489,0.0554156230007608,-0.375971555196981,-0.158742313033998,1.42246653585561e-06
TNFRSF19,Tumor necrosis factor receptor superfamily member 19,Diet and food preferences,X20607.Liking for bacon,35111,-0.232595803019546,0.0543455466221208,-0.339113074398903,-0.12607853164019,1.88577291428665e-05
TNFRSF19,Tumor necrosis factor receptor superfamily member 19,Diet and food preferences,X20608.Liking for baked or steamed fish,35111,-0.409573433976115,0.055580604194425,-0.518511418197188,-0.300635449755042,1.84656747251374e-13
TNFRSF19,Tumor necrosis factor receptor superfamily member 19,Diet and food preferences,X20609.Liking for bananas,35111,0.106833805728547,0.0566937595020588,-0.00428596289548804,0.217953574352582,0.0595378967778122
TNFRSF19,Tumor necrosis factor receptor superfamily member 19,Diet and food preferences,X20610.Liking for barbequed or grilled meat,35111,-0.421811019640138,0.0541352233510367,-0.52791605740817,-0.315705981872106,7.22096879011847e-15
TNFRSF19,Tumor necrosis factor receptor superfamily member 19,Diet and food preferences,X20611.Liking for beef steak,35111,-0.405519308110454,0.0545924457147221,-0.51252050171131,-0.298518114509599,1.18585723235938e-13
TNFRSF19,Tumor necrosis factor receptor superfamily member 19,Diet and food preferences,X20612.Liking for beetroot,35111,-0.0189777756842349,0.0553419712095262,-0.127448039254906,0.0894924878864365,0.73166667867517
TNFRSF19,Tumor necrosis factor receptor superfamily member 19,Diet and food preferences,X20613.Liking for bell pepper,35111,-0.231546657202924,0.0540281427724926,-0.33744181703701,-0.125651497368838,1.83793402456655e-05
TNFRSF19,Tumor necrosis factor receptor superfamily member 19,Diet and food preferences,X20614.Liking for bicycling,35111,0.0219225308450112,0.0541138166060961,-0.0841405497029373,0.12798561139296,0.685398238122847
TNFRSF19,Tumor necrosis factor receptor superfamily member 19,Diet and food preferences,X20615.Liking for biscuits,35111,0.394176235605334,0.054178927624148,0.287985537462004,0.500366933748664,3.69558878019369e-13
TNFRSF19,Tumor necrosis factor receptor superfamily member 19,Diet and food preferences,X20616.Liking for bitter foods,35111,-0.27842128896956,0.0537505882366346,-0.383772441913364,-0.173070136025757,2.2609342053059e-07
TNFRSF19,Tumor necrosis factor receptor superfamily member 19,Diet and food preferences,X20617.Liking for bitter or ale,35111,-0.215689035082936,0.0559911784650535,-0.325431744874441,-0.105946325291431,0.000117749213163933
TNFRSF19,Tumor necrosis factor receptor superfamily member 19,Diet and food preferences,X20618.Liking for black olives,35111,-0.299832581247456,0.0547179926866839,-0.407079846913356,-0.192585315581555,4.36000209783288e-08
TNFRSF19,Tumor necrosis factor receptor superfamily member 19,Diet and food preferences,X20619.Liking for black pepper,35111,-0.226632810518962,0.0546149593985332,-0.333678130940087,-0.119587490097837,3.3557712331595e-05
TNFRSF19,Tumor necrosis factor receptor superfamily member 19,Diet and food preferences,X20620.Liking for blue cheese,35111,-0.264919429877677,0.0548020728676653,-0.372331492698301,-0.157507367057053,1.3560950686654e-06
TNFRSF19,Tumor necrosis factor receptor superfamily member 19,Diet and food preferences,X20621.Liking for bolognese sauce,35111,-0.282622132773107,0.0545814093660493,-0.389601695130564,-0.17564257041565,2.28379398965766e-07
TNFRSF19,Tumor necrosis factor receptor superfamily member 19,Diet and food preferences,X20622.Liking for broad beans,35111,-0.129741105889705,0.0542392346038416,-0.236050005713234,-0.0234322060661751,0.0167733554971711
TNFRSF19,Tumor necrosis factor receptor superfamily member 19,Diet and food preferences,X20623.Liking for broccoli,35111,-0.141998760742579,0.0567444703807263,-0.253217922688803,-0.0307795987963557,0.0123494562321826
TNFRSF19,Tumor necrosis factor receptor superfamily member 19,Diet and food preferences,X20624.Liking for brown rice,35111,0.0450399742638947,0.0541745671988675,-0.0611421774458856,0.151222125973675,0.405774270219884
TNFRSF19,Tumor necrosis factor receptor superfamily member 19,Diet and food preferences,X20625.Liking for brussel sprouts,35111,-0.079738248911535,0.0547739086497,-0.187095109864947,0.027618612041877,0.145485506627282
TNFRSF19,Tumor necrosis factor receptor superfamily member 19,Diet and food preferences,X20626.Liking for burgers (meat),35111,-0.255438850939287,0.0539946789956602,-0.361268421770781,-0.149609280107793,2.26494809085195e-06
TNFRSF19,Tumor necrosis factor receptor superfamily member 19,Diet and food preferences,X20627.Liking for burn of spicy foods,35111,-0.269946749434991,0.0540981068068696,-0.375979038776456,-0.163914460093527,6.13500210595519e-07
TNFRSF19,Tumor necrosis factor receptor superfamily member 19,Diet and food preferences,X20628.Liking for butter on bread,35111,0.0869222500515956,0.0551600030235539,-0.02119135587457,0.195035855977761,0.115096935157047
TNFRSF19,Tumor necrosis factor receptor superfamily member 19,Diet and food preferences,X20629.Liking for butternut squash,35111,-0.09665161323335,0.0541735455500601,-0.202831762511468,0.00952853604476789,0.0744341075509043
TNFRSF19,Tumor necrosis factor receptor superfamily member 19,Diet and food preferences,X20630.Liking for cabbage,35111,-0.0429724528771895,0.0549183923109821,-0.150612501806714,0.0646675960523355,0.433950902530192
TNFRSF19,Tumor necrosis factor receptor superfamily member 19,Diet and food preferences,X20631.Liking for cake,35111,0.341744364311863,0.054395358005351,0.235129462621375,0.448359266002351,3.45957129372873e-10
TNFRSF19,Tumor necrosis factor receptor superfamily member 19,Diet and food preferences,X20632.Liking for cake icing,35111,0.360627616506239,0.0539221775079876,0.254940148590584,0.466315084421895,2.37698719742478e-11
TNFRSF19,Tumor necrosis factor receptor superfamily member 19,Diet and food preferences,X20633.Liking for capers,35111,-0.374215933683656,0.0537736957197145,-0.479612377294296,-0.268819490073015,3.62618430586237e-12
TNFRSF19,Tumor necrosis factor receptor superfamily member 19,Diet and food preferences,X20634.Liking for cauliflower,35111,-0.077825978080147,0.0554549299837061,-0.186517640848211,0.030865684687917,0.160523903173452
TNFRSF19,Tumor necrosis factor receptor superfamily member 19,Diet and food preferences,X20635.Liking for cereal or granola bar,35111,0.245763106533873,0.0540876768477645,0.139751259912255,0.351774953155491,5.58594380477891e-06
TNFRSF19,Tumor necrosis factor receptor superfamily member 19,Diet and food preferences,X20636.Liking for cheesecake,35111,0.17370582418714,0.0544588062999933,0.0669665638391533,0.280445084535127,0.00142846151906219
TNFRSF19,Tumor necrosis factor receptor superfamily member 19,Diet and food preferences,X20637.Liking for cherries,35111,-0.0972079214763931,0.0592358020137472,-0.213310093423338,0.0188942504705514,0.100820039421571
TNFRSF19,Tumor necrosis factor receptor superfamily member 19,Diet and food preferences,X20638.Liking for chicken,35111,-0.308908085325394,0.0572122789217943,-0.421044152012111,-0.196772018638677,6.83269713496606e-08
TNFRSF19,Tumor necrosis factor receptor superfamily member 19,Diet and food preferences,X20639.Liking for chilli pepper,35111,-0.408189680943372,0.0541577039923004,-0.51433878076828,-0.302040581118463,5.19757419160035e-14
TNFRSF19,Tumor necrosis factor receptor superfamily member 19,Diet and food preferences,X20640.Liking for chips or french fries,35111,0.0368235926846786,0.0547344355161259,-0.070455900926928,0.144103086296285,0.501109309888543
TNFRSF19,Tumor necrosis factor receptor superfamily member 19,Diet and food preferences,X20641.Liking for cigarette smoking,35111,-0.05233030344931,0.0904909477396688,-0.229692561019061,0.125031954120441,0.563078384661334
TNFRSF19,Tumor necrosis factor receptor superfamily member 19,Diet and food preferences,X20642.Liking for cod,35111,-0.43158911497812,0.0561178305407931,-0.541580062838075,-0.321598167118165,1.59163383224642e-14
TNFRSF19,Tumor necrosis factor receptor superfamily member 19,Diet and food preferences,X20643.Liking for coffee with sugar,35111,0.302599070898042,0.061277707887209,0.182494763439112,0.422703378356971,8.00604488503434e-07
TNFRSF19,Tumor necrosis factor receptor superfamily member 19,Diet and food preferences,X20644.Liking for coffee without sugar,35111,-0.253741705427383,0.0556627897988806,-0.362840773433189,-0.144642637421577,5.20815335339063e-06
TNFRSF19,Tumor necrosis factor receptor superfamily member 19,Diet and food preferences,X20645.Liking for coriander,35111,-0.245410525045511,0.0545518270477442,-0.35233210605909,-0.138488944031933,6.91049350579105e-06
TNFRSF19,Tumor necrosis factor receptor superfamily member 19,Diet and food preferences,X20646.Liking for corn flakes,35111,0.213984937368341,0.0543681746235846,0.107423315106115,0.320546559630567,8.34302123781752e-05
TNFRSF19,Tumor necrosis factor receptor superfamily member 19,Diet and food preferences,X20647.Liking for cream,35111,0.0732286513201072,0.053859726796119,-0.032336413200286,0.1787937158405,0.173979639052537
TNFRSF19,Tumor necrosis factor receptor superfamily member 19,Diet and food preferences,X20648.Liking for croissant,35111,0.122778086211565,0.0541883462699153,0.0165689275225305,0.228987244900598,0.0234857312048923
TNFRSF19,Tumor necrosis factor receptor superfamily member 19,Diet and food preferences,X20649.Liking for cucumber,35111,-0.145616446723609,0.0546558505845869,-0.252741913869399,-0.0384909795778182,0.00772781082629394
TNFRSF19,Tumor necrosis factor receptor superfamily member 19,Diet and food preferences,X20650.Liking for curry,35111,-0.292044755098566,0.0545024760768706,-0.398869608209233,-0.1852199019879,8.57250319750119e-08
TNFRSF19,Tumor necrosis factor receptor superfamily member 19,Diet and food preferences,X20651.Liking for dairy products,35111,0.0680235842110778,0.055402932854671,-0.0405661641840773,0.176613332606233,0.219550118000697
TNFRSF19,Tumor necrosis factor receptor superfamily member 19,Diet and food preferences,X20652.Liking for dark chocolate,35111,-0.146695706439556,0.054471923895806,-0.253460677275336,-0.0399307356037763,0.00709121198641752
TNFRSF19,Tumor necrosis factor receptor superfamily member 19,Diet and food preferences,X20653.Liking for diet fizzy drinks,35111,-0.0728865366404133,0.0565555546469757,-0.183735423748486,0.037962350467659,0.19750952958019
TNFRSF19,Tumor necrosis factor receptor superfamily member 19,Diet and food preferences,X20654.Liking for dried fruit,35111,0.0865631790190262,0.0545579439635269,-0.0203703911494865,0.193496749187539,0.112626536940085
TNFRSF19,Tumor necrosis factor receptor superfamily member 19,Diet and food preferences,X20655.Liking for eggs,35111,-0.237653455301294,0.0564915238578402,-0.348376842062661,-0.126930068539927,2.61033547236381e-05
TNFRSF19,Tumor necrosis factor receptor superfamily member 19,Diet and food preferences,X20656.Liking for exercising alone,35111,0.033492474749815,0.0540463372866646,-0.0724383463320477,0.139423295831678,0.535469066124737
TNFRSF19,Tumor necrosis factor receptor superfamily member 19,Diet and food preferences,X20657.Liking for exercising with others,35111,-0.0575687830738422,0.0541055096647577,-0.163615582016767,0.0484780158690829,0.287348462632008
TNFRSF19,Tumor necrosis factor receptor superfamily member 19,Diet and food preferences,X20658.Liking for extra virgin olive oil,35111,-0.268609482693074,0.0550768883479419,-0.37656018385504,-0.160658781531108,1.09274179002107e-06
TNFRSF19,Tumor necrosis factor receptor superfamily member 19,Diet and food preferences,X20659.Liking for fatty foods,35111,-0.00723664396444147,0.0535758434239911,-0.112245297075464,0.0977720091465811,0.892556797576713
TNFRSF19,Tumor necrosis factor receptor superfamily member 19,Diet and food preferences,X20660.Liking for fresh tomatoes,35111,-0.141922337562857,0.0595741924061418,-0.258687754678895,-0.0251569204468188,0.0172233100377971
TNFRSF19,Tumor necrosis factor receptor superfamily member 19,Diet and food preferences,X20661.Liking for fried chicken,35111,-0.112892451550822,0.0538139251845593,-0.218367744912559,-0.00741715818908617,0.035943694920298
TNFRSF19,Tumor necrosis factor receptor superfamily member 19,Diet and food preferences,X20662.Liking for fried or battered fish,35111,-0.12239605023304,0.0541533751164094,-0.228536665461202,-0.0162554350048772,0.0238305625787529
TNFRSF19,Tumor necrosis factor receptor superfamily member 19,Diet and food preferences,X20663.Liking for fruit,35111,0.00202921375499412,0.0627482742802617,-0.120957403834319,0.125015831344307,0.974202348112133
TNFRSF19,Tumor necrosis factor receptor superfamily member 19,Diet and food preferences,X20664.Liking for garlic,35111,-0.336876558017527,0.0550187560121929,-0.444713319801425,-0.229039796233629,9.51034012591956e-10
TNFRSF19,Tumor necrosis factor receptor superfamily member 19,Diet and food preferences,X20665.Liking for gherkins,35111,-0.254492032111535,0.0540876293968391,-0.360503785729339,-0.14848027849373,2.56835174711413e-06
TNFRSF19,Tumor necrosis factor receptor superfamily member 19,Diet and food preferences,X20666.Liking for globe artichoke,35111,-0.148314440302847,0.0540459474372169,-0.254244497279792,-0.0423843833259018,0.00607548474001576
TNFRSF19,Tumor necrosis factor receptor superfamily member 19,Diet and food preferences,X20667.Liking for goat's cheese,35111,-0.292416582027956,0.0544591594859704,-0.399156534620458,-0.185676629435454,8.06309691997028e-08
TNFRSF19,Tumor necrosis factor receptor superfamily member 19,Diet and food preferences,X20668.Liking for going to a cafe,35111,0.15603834003985,0.0546569562100485,0.048910705868155,0.263165974211545,0.00431380231145677
TNFRSF19,Tumor necrosis factor receptor superfamily member 19,Diet and food preferences,X20669.Liking for going to the gym,35111,-0.104225581577137,0.0540122657595165,-0.210089622465789,0.00163845931151582,0.0536748823846855
TNFRSF19,Tumor necrosis factor receptor superfamily member 19,Diet and food preferences,X20670.Liking for going to the pub,35111,-0.293949849913159,0.0544908519128259,-0.400751919662298,-0.18714778016402,7.01936655428688e-08
TNFRSF19,Tumor necrosis factor receptor superfamily member 19,Diet and food preferences,X20671.Liking for grapefruit,35111,-0.140370448553127,0.0541889574237299,-0.246580805103638,-0.0341600920026167,0.00959983064252742
TNFRSF19,Tumor necrosis factor receptor superfamily member 19,Diet and food preferences,X20672.Liking for green olives,35111,-0.273964940123676,0.0546824136689259,-0.381142470914771,-0.166787409332582,5.52720844475042e-07
TNFRSF19,Tumor necrosis factor receptor superfamily member 19,Diet and food preferences,X20673.Liking for haddock,35111,-0.44057253756307,0.0558080011231015,-0.549956219764349,-0.331188855361791,3.20290621479757e-15
TNFRSF19,Tumor necrosis factor receptor superfamily member 19,Diet and food preferences,X20674.Liking for ham,35111,-0.221751194604678,0.0542122221345717,-0.328007149988439,-0.115495239220918,4.33747148968365e-05
TNFRSF19,Tumor necrosis factor receptor superfamily member 19,Diet and food preferences,X20675.Liking for hard cheese,35111,-0.0525391513662517,0.0556517268349309,-0.161616535962716,0.0565382332302128,0.345155059511224
TNFRSF19,Tumor necrosis factor receptor superfamily member 19,Diet and food preferences,X20676.Liking for herring,35111,-0.270675528942864,0.0537294729558813,-0.375985295936391,-0.165365761949336,4.7876723731622e-07
TNFRSF19,Tumor necrosis factor receptor superfamily member 19,Diet and food preferences,X20677.Liking for honey,35111,0.107710396294182,0.0544663871148616,0.000956277549052753,0.21446451503931,0.0480044216130913
TNFRSF19,Tumor necrosis factor receptor superfamily member 19,Diet and food preferences,X20678.Liking for horseradish or wasabi,35111,-0.243312495937549,0.0542505769257727,-0.349643626712064,-0.136981365163035,7.36856863658801e-06
TNFRSF19,Tumor necrosis factor receptor superfamily member 19,Diet and food preferences,X20679.Liking for ice cream,35111,0.144107465017065,0.0543084523255967,0.0376628984588954,0.250552031575234,0.00797800929404723
TNFRSF19,Tumor necrosis factor receptor superfamily member 19,Diet and food preferences,X20680.Liking for jam,35111,0.300982351741927,0.0541894505789504,0.194771028607184,0.40719367487667,2.85482088880364e-08
TNFRSF19,Tumor necrosis factor receptor superfamily member 19,Diet and food preferences,X20681.Liking for kiwi fruit,35111,0.00298799724972398,0.0548381776840031,-0.104494831010922,0.11047082551037,0.956547759701027
TNFRSF19,Tumor necrosis factor receptor superfamily member 19,Diet and food preferences,X20682.Liking for lager,35111,-0.21517651202283,0.0545732986693043,-0.322140177414667,-0.108212846630994,8.10210252862153e-05
TNFRSF19,Tumor necrosis factor receptor superfamily member 19,Diet and food preferences,X20683.Liking for lamb,35111,-0.334919817632424,0.0545598562197988,-0.441857135823229,-0.227982499441618,8.62304124481093e-10
TNFRSF19,Tumor necrosis factor receptor superfamily member 19,Diet and food preferences,X20684.Liking for lemons,35111,-0.239848409333194,0.0543604156912155,-0.346394824087976,-0.133301994578412,1.03336803412088e-05
TNFRSF19,Tumor necrosis factor receptor superfamily member 19,Diet and food preferences,X20685.Liking for lentils or beans,35111,-0.0337219918084786,0.054599221972244,-0.140736466874077,0.0732924832571197,0.536833987354055
TNFRSF19,Tumor necrosis factor receptor superfamily member 19,Diet and food preferences,X20686.Liking for liver,35111,-0.385759622075722,0.054618114545647,-0.49281112658519,-0.278708117566254,1.73301918877027e-12
TNFRSF19,Tumor necrosis factor receptor superfamily member 19,Diet and food preferences,X20687.Liking for mackerel,35111,-0.318349393839711,0.0543847406430678,-0.424943485500124,-0.211755302179298,4.95086061470094e-09
TNFRSF19,Tumor necrosis factor receptor superfamily member 19,Diet and food preferences,X20688.Liking for marzipan,35111,0.164094977970964,0.053745923792835,0.0587529673370071,0.26943698860492,0.00227002768556702
TNFRSF19,Tumor necrosis factor receptor superfamily member 19,Diet and food preferences,X20689.Liking for mayonnaise,35111,-0.0743863108615073,0.0544432390815243,-0.181095059461295,0.0323224377382803,0.171870709687265
TNFRSF19,Tumor necrosis factor receptor superfamily member 19,Diet and food preferences,X20690.Liking for melon,35111,-0.00280115792243817,0.057595998050512,-0.115689314101442,0.110086998256565,0.96121141333803
TNFRSF19,Tumor necrosis factor receptor superfamily member 19,Diet and food preferences,X20691.Liking for milk chocolate,35111,0.283776199883194,0.0547783580893914,0.176410618027987,0.391141781738401,2.25406017870195e-07
TNFRSF19,Tumor necrosis factor receptor superfamily member 19,Diet and food preferences,X20692.Liking for mushrooms,35111,-0.224359683332741,0.0560956214147951,-0.334307101305739,-0.114412265359742,6.38802205257539e-05
TNFRSF19,Tumor necrosis factor receptor superfamily member 19,Diet and food preferences,X20694.Liking for orange juice,35111,0.102000035020021,0.0542453357338907,-0.00432082301840515,0.208320893058446,0.060088118186561
TNFRSF19,Tumor necrosis factor receptor superfamily member 19,Diet and food preferences,X20695.Liking for oranges,35111,-0.103703295469856,0.0553216758913623,-0.212133780216926,0.00472718927721422,0.0608818875347499
TNFRSF19,Tumor necrosis factor receptor superfamily member 19,Diet and food preferences,X20696.Liking for pasta,35111,-0.0147868807523437,0.0549522924087877,-0.122493373873568,0.0929196123688802,0.78786888147682
TNFRSF19,Tumor necrosis factor receptor superfamily member 19,Diet and food preferences,X20697.Liking for pears,35111,0.0995494138242291,0.0555753640949679,-0.00937829980190802,0.208477127450366,0.07328144720314
TNFRSF19,Tumor necrosis factor receptor superfamily member 19,Diet and food preferences,X20698.Liking for pizza,35111,0.00173348174344978,0.0541517653692545,-0.104403978380289,0.107870941867189,0.97446344288073
TNFRSF19,Tumor necrosis factor receptor superfamily member 19,Diet and food preferences,X20699.Liking for plain yogurt,35111,-0.160056676086514,0.0548010797471458,-0.26746679239092,-0.0526465597821088,0.00349995917937632
TNFRSF19,Tumor necrosis factor receptor superfamily member 19,Diet and food preferences,X20700.Liking for plums,35111,-0.0194748265485731,0.0560254650532162,-0.129284738052877,0.0903350849557308,0.728142449554484
TNFRSF19,Tumor necrosis factor receptor superfamily member 19,Diet and food preferences,X20701.Liking for pollock,35111,-0.336549623359255,0.053596512623127,-0.441598788100584,-0.231500458617926,3.53311832426394e-10
TNFRSF19,Tumor necrosis factor receptor superfamily member 19,Diet and food preferences,X20702.Liking for pork chop,35111,-0.318312420647672,0.0540674421589348,-0.424284607279184,-0.21234023401616,4.04355014189565e-09
TNFRSF19,Tumor necrosis factor receptor superfamily member 19,Diet and food preferences,X20703.Liking for porridge,35111,0.123740649601166,0.0558646461162566,0.0142459432133035,0.233235355989029,0.0267805818406822
TNFRSF19,Tumor necrosis factor receptor superfamily member 19,Diet and food preferences,X20704.Liking for potato crisps,35111,0.0665352250439711,0.0544481201545929,-0.040183090459031,0.173253540546973,0.221737296549051
TNFRSF19,Tumor necrosis factor receptor superfamily member 19,Diet and food preferences,X20705.Liking for potatoes,35111,0.166943419971443,0.0552959633790438,0.0585633317485168,0.275323508194369,0.00254136507212577
TNFRSF19,Tumor necrosis factor receptor superfamily member 19,Diet and food preferences,X20706.Liking for prawns,35111,-0.5810777705056,0.0555136177218292,-0.689884461240385,-0.472271079770815,1.62323765047784e-25
TNFRSF19,Tumor necrosis factor receptor superfamily member 19,Diet and food preferences,X20707.Liking for raw carrots,35111,-0.0346252008951063,0.0549255130027928,-0.14227920638058,0.0730288045903676,0.528444561181096
TNFRSF19,Tumor necrosis factor receptor superfamily member 19,Diet and food preferences,X20708.Liking for red meat,35111,-0.382786326923117,0.0541450745723325,-0.488910673084889,-0.276661980761346,1.65066540696574e-12
TNFRSF19,Tumor necrosis factor receptor superfamily member 19,Diet and food preferences,X20709.Liking for red wine,35111,-0.442799631277333,0.0540980099407733,-0.548831730761248,-0.336767531793417,3.03025849774786e-16
TNFRSF19,Tumor necrosis factor receptor superfamily member 19,Diet and food preferences,X20710.Liking for regular (non-diet) fizzy drinks,35111,0.160701787779821,0.0568007903987376,0.0493722385982952,0.272031336961347,0.00467492190700974
TNFRSF19,Tumor necrosis factor receptor superfamily member 19,Diet and food preferences,X20711.Liking for roast chicken,35111,-0.295012022269803,0.0573212952631105,-0.4073617609855,-0.182662283554106,2.69921452368315e-07
TNFRSF19,Tumor necrosis factor receptor superfamily member 19,Diet and food preferences,X20712.Liking for salad dressing,35111,-0.11946791947472,0.0539097619694247,-0.225131052934793,-0.0138047860146479,0.0267076224605994
TNFRSF19,Tumor necrosis factor receptor superfamily member 19,Diet and food preferences,X20713.Liking for salad leaves,35111,-0.13816216300659,0.056081004981987,-0.248080932771285,-0.0282433932418956,0.0137699583465499
TNFRSF19,Tumor necrosis factor receptor superfamily member 19,Diet and food preferences,X20714.Liking for salami,35111,-0.389982373611886,0.0544446905810791,-0.496693967150801,-0.283270780072971,8.42010891747225e-13
TNFRSF19,Tumor necrosis factor receptor superfamily member 19,Diet and food preferences,X20715.Liking for salmon,35111,-0.393906118545589,0.0582389928397683,-0.508054544511535,-0.279757692579643,1.41648068413018e-11
TNFRSF19,Tumor necrosis factor receptor superfamily member 19,Diet and food preferences,X20716.Liking for salty foods,35111,-0.0493272801403542,0.0535742719105226,-0.154332853084979,0.0556782928042701,0.357213816410016
TNFRSF19,Tumor necrosis factor receptor superfamily member 19,Diet and food preferences,X20717.Liking for salty pretzels,35111,-0.0539255623937917,0.0541721134399482,-0.16010290473609,0.0522517799485068,0.319540676532436
TNFRSF19,Tumor necrosis factor receptor superfamily member 19,Diet and food preferences,X20718.Liking for sardines,35111,-0.324791846935361,0.0541895123370149,-0.43100329111591,-0.218580402754812,2.11858509519782e-09
TNFRSF19,Tumor necrosis factor receptor superfamily member 19,Diet and food preferences,X20719.Liking for sausages (meat),35111,-0.220971365138872,0.0538876720517395,-0.326591202360281,-0.115351527917462,4.15156413189197e-05
TNFRSF19,Tumor necrosis factor receptor superfamily member 19,Diet and food preferences,X20720.Liking for savoury biscuits,35111,0.0430539952211838,0.0546598355980243,-0.0640792825509437,0.150187272993311,0.430906404200749
TNFRSF19,Tumor necrosis factor receptor superfamily member 19,Diet and food preferences,X20721.Liking for shellfish (other than prawns),35111,-0.585182768292137,0.0542396519250839,-0.691492486065302,-0.478873050518973,5.35878447150818e-27
TNFRSF19,Tumor necrosis factor receptor superfamily member 19,Diet and food preferences,X20722.Liking for skimmed milk,35111,-0.105192431439538,0.054079571362901,-0.211188391310824,0.000803528431747774,0.0517842034968193
TNFRSF19,Tumor necrosis factor receptor superfamily member 19,Diet and food preferences,X20723.Liking for smoked fish,35111,-0.30452571989157,0.0544546544027191,-0.411256842520899,-0.19779459726224,2.29632497072996e-08
TNFRSF19,Tumor necrosis factor receptor superfamily member 19,Diet and food preferences,X20724.Liking for soft cheese,35111,-0.132393698118117,0.0544720042352618,-0.23915882641923,-0.0256285698170035,0.0150947950335541
TNFRSF19,Tumor necrosis factor receptor superfamily member 19,Diet and food preferences,X20725.Liking for soy sauce,35111,-0.277605095927498,0.0540248571627514,-0.383493815966491,-0.171716375888506,2.81891109002352e-07
TNFRSF19,Tumor necrosis factor receptor superfamily member 19,Diet and food preferences,X20726.Liking for soya milk,35111,0.0623415164349139,0.0542941649130473,-0.0440750467946588,0.168758079664487,0.250904529670685
TNFRSF19,Tumor necrosis factor receptor superfamily member 19,Diet and food preferences,X20727.Liking for spicy foods,35111,-0.362123970334822,0.0542066926627429,-0.468369087953798,-0.255878852715846,2.50131540579578e-11
TNFRSF19,Tumor necrosis factor receptor superfamily member 19,Diet and food preferences,X20728.Liking for spinach,35111,-0.173123642117362,0.0552352354987878,-0.281384703694986,-0.0648625805397382,0.00172734219347112
TNFRSF19,Tumor necrosis factor receptor superfamily member 19,Diet and food preferences,X20729.Liking for spirits,35111,-0.342056618020293,0.0543020930846853,-0.448488720466276,-0.23562451557431,3.11108917657072e-10
TNFRSF19,Tumor necrosis factor receptor superfamily member 19,Diet and food preferences,X20730.Liking for strawberries,35111,-0.0229652068237399,0.0621542595741675,-0.144787555589108,0.0988571419416285,0.711771916490137
TNFRSF19,Tumor necrosis factor receptor superfamily member 19,Diet and food preferences,X20731.Liking for sweet coffee house drinks,35111,0.139582280967391,0.0560776623106347,0.0296700628385475,0.249494499096235,0.0128222464140309
TNFRSF19,Tumor necrosis factor receptor superfamily member 19,Diet and food preferences,X20732.Liking for sweet foods,35111,0.516294439881671,0.0544444317921539,0.40958335356905,0.623005526194293,2.9977021210056e-21
TNFRSF19,Tumor necrosis factor receptor superfamily member 19,Diet and food preferences,X20733.Liking for taking the stairs,35111,-0.150604700353759,0.0555683180773914,-0.259518603785446,-0.0416907969220723,0.00673377500561438
TNFRSF19,Tumor necrosis factor receptor superfamily member 19,Diet and food preferences,X20734.Liking for tea with sugar,35111,0.305386473515373,0.0711824211129954,0.165868928133902,0.444904018896844,1.80092377062575e-05
TNFRSF19,Tumor necrosis factor receptor superfamily member 19,Diet and food preferences,X20735.Liking for tea without sugar,35111,-0.0232518181589071,0.0579911976908046,-0.136914565632884,0.0904109293150699,0.688461838639567
TNFRSF19,Tumor necrosis factor receptor superfamily member 19,Diet and food preferences,X20736.Liking for tomato ketchup,35111,0.0445195903556018,0.0538659654707653,-0.0610577019670982,0.150096882678302,0.408545666477043
TNFRSF19,Tumor necrosis factor receptor superfamily member 19,Diet and food preferences,X20737.Liking for tinned tuna,35111,-0.26681703848655,0.0545954166911764,-0.373824055201256,-0.159810021771844,1.03787560074731e-06
TNFRSF19,Tumor necrosis factor receptor superfamily member 19,Diet and food preferences,X20738.Liking for turnip (white),35111,-0.0130883241976773,0.0537214041436661,-0.118382276319263,0.0922056279239082,0.807519510541552
TNFRSF19,Tumor necrosis factor receptor superfamily member 19,Diet and food preferences,X20739.Liking for vegetables,35111,-0.0849456099975017,0.0626170752343494,-0.207675077456826,0.037783857461823,0.174940723279791
TNFRSF19,Tumor necrosis factor receptor superfamily member 19,Diet and food preferences,X20740.Liking for vinegar,35111,-0.106339107807835,0.0539657084646734,-0.212111896398595,-0.00056631921707527,0.0488076364693978
TNFRSF19,Tumor necrosis factor receptor superfamily member 19,Diet and food preferences,X20741.Liking for watching television,35111,0.0988552772818737,0.0547474402669413,-0.00844970564133116,0.206160260205079,0.0709996484843466
TNFRSF19,Tumor necrosis factor receptor superfamily member 19,Diet and food preferences,X20742.Liking for whisky,35111,-0.279943047822406,0.0575985815700778,-0.392836267699758,-0.167049827945053,1.18915411497852e-06
TNFRSF19,Tumor necrosis factor receptor superfamily member 19,Diet and food preferences,X20743.Liking for white bread,35111,0.0725003338359352,0.0538317797712279,-0.0330099545156714,0.178010622187542,0.178075151174984
TNFRSF19,Tumor necrosis factor receptor superfamily member 19,Diet and food preferences,X20744.Liking for white rice,35111,0.0285966922783642,0.054106021254623,-0.0774511093806969,0.134644493937425,0.597142071327237
TNFRSF19,Tumor necrosis factor receptor superfamily member 19,Diet and food preferences,X20745.Liking for white wine,35111,-0.453562785337224,0.0542082622975882,-0.559810979440497,-0.347314591233952,6.64693937836067e-17
TNFRSF19,Tumor necrosis factor receptor superfamily member 19,Diet and food preferences,X20746.Liking for whole grain breakfast cereal,35111,0.0136723248642718,0.0548549556897928,-0.0938433882877221,0.121188038016266,0.803176058914793
TNFRSF19,Tumor necrosis factor receptor superfamily member 19,Diet and food preferences,X20747.Liking for whole milk,35111,0.00363279880616267,0.0542362094576325,-0.102670171730797,0.109935769343122,0.946598038495781
TNFRSF19,Tumor necrosis factor receptor superfamily member 19,Diet and food preferences,X20748.Liking for wholemeal bread,35111,0.0688019498561174,0.0569045393012568,-0.0427309471743459,0.180334846886581,0.226660239185816
TNFRSF19,Tumor necrosis factor receptor superfamily member 19,Diet and food preferences,X20749.Liking for working up a sweat,35111,-0.0330181378356484,0.053918844058289,-0.138699072189895,0.0726627965185981,0.540307834880497
TNFRSF19,Tumor necrosis factor receptor superfamily member 19,Physical measures,X21001.Body mass index (BMI),52350,-0.0203919652603144,0.00806190977192935,-0.0361933084132959,-0.00459062210733288,0.0114305433627759
TNFRSF19,Tumor necrosis factor receptor superfamily member 19,Physical measures,X21002.Weight,52358,0.0179755366607656,0.00498634373904951,0.00820230293222857,0.0277487703893027,0.000312752664413108
TNFRSF19,Tumor necrosis factor receptor superfamily member 19,Physical measures,X21021.Pulse wave Arterial Stiffness index,33666,-0.00363629562922617,0.00350857577292695,-0.010513104144163,0.00324051288571066,0.300041745368728
TNFRSF19,Tumor necrosis factor receptor superfamily member 19,Health and medical history,X21025.Frequency of discomfort or pain in abdomen in last 3 months,34516,-0.0848484426555707,0.0571316750514769,-0.196826525756465,0.027129640445324,0.137538510628186
TNFRSF19,Tumor necrosis factor receptor superfamily member 19,Health and medical history,X21033.Frequency of hard or lumpy stools in the last 3 months,34531,-0.0207530630776617,0.0593699059412299,-0.137118078722472,0.0956119525671489,0.72667979549342
TNFRSF19,Tumor necrosis factor receptor superfamily member 19,Health and medical history,X21034.Frequency of loose or mushy or watery stools in the last 3 months,34532,0.0929672760404128,0.0593374412992467,-0.0233341089061108,0.209268660986936,0.117203198567901
TNFRSF19,Tumor necrosis factor receptor superfamily member 19,Health and medical history,X21040.Satisfaction with bowel habits,34483,0.00778665316492799,0.054932815316311,-0.0998816648550415,0.115454971184898,0.887281384065143
TNFRSF19,Tumor necrosis factor receptor superfamily member 19,Health and medical history,X21041.Degree to which abdominal pain or discomfort or altered bowel habits affect or interfere with life in general,34464,0.0193182812995884,0.0575973467709731,-0.093572518371519,0.132209080970696,0.737328683609503
TNFRSF19,Tumor necrosis factor receptor superfamily member 19,Health and medical history,X21042.Greatest number of times bowels opened per day,34476,-0.128931838950079,0.0592753599290773,-0.24511154441107,-0.012752133489087,0.0296433875248821
TNFRSF19,Tumor necrosis factor receptor superfamily member 19,Health and medical history,X21043.Least number of times bowels opened per week,34384,-0.103051757635802,0.0586880750967297,-0.218080384825392,0.0119768695537886,0.0791323316875033
TNFRSF19,Tumor necrosis factor receptor superfamily member 19,Health and medical history,X21044.Average number of times bowels opened per day,34437,-0.0645944119819672,0.066949410748257,-0.195815257048551,0.0666264330846166,0.334656255128095
TNFRSF19,Tumor necrosis factor receptor superfamily member 19,Health and medical history,X21048.Degree bothered by back pain in the past 3 months,34535,-0.0797007268654645,0.0597985962709932,-0.196905975556611,0.0375045218256821,0.182621209137081
TNFRSF19,Tumor necrosis factor receptor superfamily member 19,Health and medical history,X21049.Degree bothered by pain in arms or legs or joints in the past 3 months,34529,-0.0532605434800217,0.0606672450073586,-0.172168343694445,0.0656472567344012,0.380012041632049
TNFRSF19,Tumor necrosis factor receptor superfamily member 19,Health and medical history,X21050.Degree bothered by menstrual cramps or other problems with period in the last 3 months,34532,-0.0684914110516547,0.0703679824566919,-0.206412656666771,0.0694298345634615,0.330411670124526
TNFRSF19,Tumor necrosis factor receptor superfamily member 19,Health and medical history,X21051.Degree bothered by headaches in the last 3 months,34532,-0.0457242800087761,0.0627083774703658,-0.168632699850693,0.0771841398331409,0.465922304558727
TNFRSF19,Tumor necrosis factor receptor superfamily member 19,Health and medical history,X21052.Degree bothered by chest pain in the last 3 months,34529,0.0275549285953923,0.0930448628689669,-0.154813002627783,0.209922859818567,0.767124158462769
TNFRSF19,Tumor necrosis factor receptor superfamily member 19,Health and medical history,X21053.Degree bothered by dizziness in the last 3 months,34530,-0.0887837833849198,0.0687586720003563,-0.223550780505618,0.0459832137357785,0.196650915574095
TNFRSF19,Tumor necrosis factor receptor superfamily member 19,Health and medical history,X21054.Degree bothered by fainting spells in the last 3 months,34530,-0.208932748586289,0.17132589147055,-0.544731495868566,0.126865998695988,0.222681194060221
TNFRSF19,Tumor necrosis factor receptor superfamily member 19,Health and medical history,X21055.Degree bothered by feeling heart pound or race in the last 3 months,34534,0.0918287883153185,0.0653174463239256,-0.0361934064795758,0.219850983110213,0.159789231029612
TNFRSF19,Tumor necrosis factor receptor superfamily member 19,Health and medical history,X21056.Degree bothered by shortness of breath in the last 3 months,34533,-0.187606197656367,0.0679193771094134,-0.320728176790817,-0.0544842185219168,0.00575191372032409
TNFRSF19,Tumor necrosis factor receptor superfamily member 19,Health and medical history,X21057.Degree bothered by pain or problems during intercourse in the last 3 months,34265,0.108241969998031,0.0611483431132468,-0.0116087825039324,0.228092722499995,0.0767325793127638
TNFRSF19,Tumor necrosis factor receptor superfamily member 19,Health and medical history,X21058.Degree bothered by urinary frequency or bladder irritability in the last 3 months,34530,-0.0173882403051452,0.0617660892563225,-0.138449775247537,0.103673294637247,0.778319222535485
TNFRSF19,Tumor necrosis factor receptor superfamily member 19,Health and medical history,X21059.Degree bothered by nausea in the last 3 months,34532,-0.0568002585046974,0.0808801289793629,-0.215325311304249,0.101724794294854,0.482522619293388
TNFRSF19,Tumor necrosis factor receptor superfamily member 19,Health and medical history,X21060.Degree bothered by feeling tired all the time in the last 3 months,34534,-0.0959760291100513,0.0602068831104861,-0.213981520006604,0.0220294617865014,0.110944107535404
TNFRSF19,Tumor necrosis factor receptor superfamily member 19,Health and medical history,X21061.Degree bothered by trouble sleeping in the last 3 months,34532,0.0436602881762265,0.0601734442929637,-0.0742796626379824,0.161600238990435,0.468116795702842
TNFRSF19,Tumor necrosis factor receptor superfamily member 19,Working and living environment,X21100.Water hardness (USGS classification),52212,0.0229495888335865,0.0330355721787847,-0.0418001326368315,0.0876993103040044,0.487253376778781
TNFRSF19,Tumor necrosis factor receptor superfamily member 19,Lifestyle factors,X2139.Age first had sexual intercourse,48505,0.000884338407922672,0.00253121962008374,-0.00407685204744145,0.00584552886328679,0.726812769698364
TNFRSF19,Tumor necrosis factor receptor superfamily member 19,Health and medical history,X2149.Lifetime number of sexual partners,46968,-0.0208190858125372,0.0376479509560825,-0.094609069686459,0.0529708980613845,0.580273103217798
TNFRSF19,Tumor necrosis factor receptor superfamily member 19,Physical activities,X22032.IPAQ activity group,46044,-0.113796658640866,0.038303213534802,-0.188870957169078,-0.038722360112654,0.0029721388654175
TNFRSF19,Tumor necrosis factor receptor superfamily member 19,Physical activities,X22033.Summed days activity,46733,-0.00942080029940146,0.00237227209706062,-0.0140704536096403,-0.00477114698916265,7.17318703041639e-05
TNFRSF19,Tumor necrosis factor receptor superfamily member 19,Physical activities,X22034.Summed minutes activity,46044,-0.0085902535358041,0.00238161433711655,-0.0132582176365525,-0.00392228943505566,0.000310571551992471
TNFRSF19,Tumor necrosis factor receptor superfamily member 19,Physical activities,X22037.MET minutes per week for walking,44993,-0.00779128177029666,0.00240710299243538,-0.01250920363547,-0.00307335990512331,0.00121074830469909
TNFRSF19,Tumor necrosis factor receptor superfamily member 19,Physical activities,X22038.MET minutes per week for moderate activity,46044,-0.00331077227318886,0.00235216538893555,-0.00792101643550254,0.00129947188912482,0.159281039818813
TNFRSF19,Tumor necrosis factor receptor superfamily member 19,Physical activities,X22039.MET minutes per week for vigorous activity,46044,-0.134529427509837,0.0384600244610297,-0.209911075453455,-0.0591477795662185,0.000469875096164339
TNFRSF19,Tumor necrosis factor receptor superfamily member 19,Physical activities,X22040.Summed MET minutes per week for all activity,44993,-0.00700624342437817,0.00245113422472594,-0.011810466504841,-0.00220202034391532,0.00426254615774091
TNFRSF19,Tumor necrosis factor receptor superfamily member 19,Eye measures,X2217.Age started wearing glasses or contact lenses,48534,-0.0067591319569029,0.0023064897125586,-0.0112798517935177,-0.00223841212028805,0.00338751856546717
TNFRSF19,Tumor necrosis factor receptor superfamily member 19,Working and living environment,X22501.Year ended full time education,31406,-0.0362737598416023,0.00994059512723907,-0.0557573262909908,-0.0167901933922137,0.00026513725156142
TNFRSF19,Tumor necrosis factor receptor superfamily member 19,Lifestyle factors,X22506.Tobacco smoking,31362,0.299998383444812,0.149131605736935,0.00770043620041833,0.592296330689205,0.0442971693962007
TNFRSF19,Tumor necrosis factor receptor superfamily member 19,Lifestyle factors,X2277.Frequency of solarium or sunlamp use,50544,-0.130999928823155,0.0808971467039753,-0.289558336362947,0.0275584787166365,0.105386365674045
TNFRSF19,Tumor necrosis factor receptor superfamily member 19,Physical measures,X23098.Weight,51926,0.0196641885541819,0.0050040225813504,0.00985630429473514,0.0294720728136287,8.52684743417352e-05
TNFRSF19,Tumor necrosis factor receptor superfamily member 19,Physical measures,X23099.Body fat percentage,51927,-0.0115191593088285,0.00513383679568346,-0.0215814794283681,-0.00145683918928891,0.0248550055904725
TNFRSF19,Tumor necrosis factor receptor superfamily member 19,Physical measures,X23100.Whole body fat mass,51918,0.00152022427018,0.00492205997232079,-0.00812701327556874,0.0111674618159287,0.757430858442363
TNFRSF19,Tumor necrosis factor receptor superfamily member 19,Physical measures,X23101.Whole body fat-free mass,51926,0.0175441898362059,0.00411875552038658,0.0094714290162482,0.0256169506561636,2.0548737726759e-05
TNFRSF19,Tumor necrosis factor receptor superfamily member 19,Physical measures,X23102.Whole body water mass,51926,0.0174811423857192,0.00413298248379983,0.0093804967174715,0.0255817880539668,2.34794030376125e-05
TNFRSF19,Tumor necrosis factor receptor superfamily member 19,Physical measures,X23104.Body mass index (BMI),51926,-0.0165080427432183,0.00813348831610855,-0.0324496798427911,-0.000566405643645587,0.0424028949512099
TNFRSF19,Tumor necrosis factor receptor superfamily member 19,Physical measures,X23105.Basal metabolic rate,51924,0.0204320753487861,0.00448994953838776,0.0116317742535461,0.0292323764440261,5.37157865164833e-06
TNFRSF19,Tumor necrosis factor receptor superfamily member 19,Physical measures,X23106.Impedance of whole body,51920,-0.00921833880363902,0.00336539612261382,-0.0158145152039621,-0.00262216240331593,0.00616372064249022
TNFRSF19,Tumor necrosis factor receptor superfamily member 19,Physical measures,X23107.Impedance of leg (right),51923,-0.0247041235182901,0.00275067192820311,-0.0300954404975682,-0.019312806539012,2.8474658390613e-19
TNFRSF19,Tumor necrosis factor receptor superfamily member 19,Physical measures,X23108.Impedance of leg (left),51922,-0.0262495731655786,0.00272355068630975,-0.0315877325107457,-0.0209114138204115,5.98595998002138e-22
TNFRSF19,Tumor necrosis factor receptor superfamily member 19,Physical measures,X23109.Impedance of arm (right),51913,0.0112671680300502,0.00337321600523344,0.00465566465979264,0.0178786714003077,0.000838338667008453
TNFRSF19,Tumor necrosis factor receptor superfamily member 19,Physical measures,X23110.Impedance of arm (left),51921,0.0106210925742964,0.00338314649900839,0.00399012543623994,0.0172520597123528,0.00169466200273001
TNFRSF19,Tumor necrosis factor receptor superfamily member 19,Physical measures,X23111.Leg fat percentage (right),51922,-0.0669176916852001,0.0080964979264112,-0.082786827620966,-0.0510485557494341,1.45904072129508e-16
TNFRSF19,Tumor necrosis factor receptor superfamily member 19,Physical measures,X23112.Leg fat mass (right),51921,-0.00583271525006685,0.00931337991143423,-0.0240869398764779,0.0124215093763442,0.531141316966948
TNFRSF19,Tumor necrosis factor receptor superfamily member 19,Physical measures,X23113.Leg fat-free mass (right),51921,0.034848935073255,0.00417834795465681,0.0266593730821277,0.0430384970643824,7.74894782001425e-17
TNFRSF19,Tumor necrosis factor receptor superfamily member 19,Physical measures,X23114.Leg predicted mass (right),51920,0.0344063844639285,0.00419412785237253,0.0261858938732784,0.0426268750545787,2.43661838071561e-16
TNFRSF19,Tumor necrosis factor receptor superfamily member 19,Physical measures,X23115.Leg fat percentage (left),51917,-0.0741528299110648,0.00835508606832341,-0.0905287986049787,-0.0577768612171509,7.39793682300671e-19
TNFRSF19,Tumor necrosis factor receptor superfamily member 19,Physical measures,X23116.Leg fat mass (left),51917,-0.0114761581351289,0.00934818312782259,-0.0297985970656612,0.00684628079540339,0.21959448448282
TNFRSF19,Tumor necrosis factor receptor superfamily member 19,Physical measures,X23117.Leg fat-free mass (left),51915,0.0363653380001306,0.00428643644724103,0.0279639225635382,0.044766753436723,2.28727997951511e-17
TNFRSF19,Tumor necrosis factor receptor superfamily member 19,Physical measures,X23118.Leg predicted mass (left),51914,0.0364514410375056,0.0043024394909517,0.0280186596352403,0.0448842224397709,2.52513800738937e-17
TNFRSF19,Tumor necrosis factor receptor superfamily member 19,Physical measures,X23119.Arm fat percentage (right),51914,0.00266749768095881,0.00571110525474432,-0.00852626861834005,0.0138612639802577,0.640452030740986
TNFRSF19,Tumor necrosis factor receptor superfamily member 19,Physical measures,X23120.Arm fat mass (right),51910,0.00479527359037384,0.00514241825436377,-0.00528386618817915,0.0148744133689268,0.351089543195572
TNFRSF19,Tumor necrosis factor receptor superfamily member 19,Physical measures,X23121.Arm fat-free mass (right),51912,0.00276528740720519,0.00401044697160178,-0.00509518865713431,0.0106257634715447,0.490501288972117
TNFRSF19,Tumor necrosis factor receptor superfamily member 19,Physical measures,X23122.Arm predicted mass (right),51911,0.00388564949885013,0.00400828606561853,-0.00397059118976218,0.0117418901874624,0.332352077124635
TNFRSF19,Tumor necrosis factor receptor superfamily member 19,Physical measures,X23123.Arm fat percentage (left),51908,0.0040700337325043,0.00640330654124617,-0.0084804470883382,0.0166205145533468,0.525033090447978
TNFRSF19,Tumor necrosis factor receptor superfamily member 19,Physical measures,X23124.Arm fat mass (left),51907,0.00659652589115848,0.00527228421443912,-0.0037371511691422,0.0169302029514592,0.210882980192633
TNFRSF19,Tumor necrosis factor receptor superfamily member 19,Physical measures,X23125.Arm fat-free mass (left),51907,0.00573288735214643,0.00431962875487025,-0.00273358500739927,0.0141993597116921,0.184463057102919
TNFRSF19,Tumor necrosis factor receptor superfamily member 19,Physical measures,X23126.Arm predicted mass (left),51905,0.00767275892408652,0.00432505785378,-0.000804354469322278,0.0161498723174953,0.0760701669732229
TNFRSF19,Tumor necrosis factor receptor superfamily member 19,Physical measures,X23127.Trunk fat percentage,51903,-0.000459221068523582,0.00324559741398395,-0.00682059199993213,0.00590214986288496,0.887483534931126
TNFRSF19,Tumor necrosis factor receptor superfamily member 19,Physical measures,X23128.Trunk fat mass,51899,0.00400908288377094,0.00374100893916539,-0.00332329463699323,0.0113414604045351,0.283883007500263
TNFRSF19,Tumor necrosis factor receptor superfamily member 19,Physical measures,X23129.Trunk fat-free mass,51893,0.00834926137564858,0.00385012278951074,0.000803020708207531,0.0158955020430896,0.0301238949635155
TNFRSF19,Tumor necrosis factor receptor superfamily member 19,Physical measures,X23130.Trunk predicted mass,51890,0.00854778335132449,0.00385659790369031,0.000988851460091484,0.0161067152425575,0.0266719394313879
TNFRSF19,Tumor necrosis factor receptor superfamily member 19,NMR metabolomics,X23400.Total Cholesterol,40489,-0.0228063471314782,0.00294065687309184,-0.0285700346027382,-0.0170426596602182,9.32408309777987e-15
TNFRSF19,Tumor necrosis factor receptor superfamily member 19,NMR metabolomics,X23401.Total Cholesterol Minus HDL-C,40489,-0.00930618778690362,0.0028513249282452,-0.0148947846462642,-0.00371759092754304,0.00110154330700548
TNFRSF19,Tumor necrosis factor receptor superfamily member 19,NMR metabolomics,"X23402.Remnant Cholesterol (Non-HDL, Non-LDL -Cholesterol)",40489,-0.00362177582037468,0.00284912462612957,-0.00920606008758864,0.00196250844683928,0.203679863979674
TNFRSF19,Tumor necrosis factor receptor superfamily member 19,NMR metabolomics,X23403.VLDL Cholesterol,40489,0.0128539038462582,0.00279357007310418,0.00737850650297402,0.0183293011895424,4.23187056369624e-06
TNFRSF19,Tumor necrosis factor receptor superfamily member 19,NMR metabolomics,X23404.Clinical LDL Cholesterol,40489,-0.0158038279163462,0.00285025651439122,-0.021390330684553,-0.0102173251481394,2.99099972198785e-08
TNFRSF19,Tumor necrosis factor receptor superfamily member 19,NMR metabolomics,X23405.LDL Cholesterol,40489,-0.0141792339843305,0.00285040844888862,-0.0197660345441522,-0.00859243342450884,6.61079007462727e-07
TNFRSF19,Tumor necrosis factor receptor superfamily member 19,NMR metabolomics,X23406.HDL Cholesterol,40489,-0.0499921665554182,0.00325915217341824,-0.0563801048153179,-0.0436042282955184,9.93351467674371e-53
TNFRSF19,Tumor necrosis factor receptor superfamily member 19,NMR metabolomics,X23407.Total Triglycerides,40489,0.027449653727167,0.00301694129601608,0.0215364487869755,0.0333628586673585,1.02133824352288e-19
TNFRSF19,Tumor necrosis factor receptor superfamily member 19,NMR metabolomics,X23408.Triglycerides in VLDL,40489,0.0270748812167514,0.00301796785287371,0.0211596642251189,0.0329900982083839,3.25078118783434e-19
TNFRSF19,Tumor necrosis factor receptor superfamily member 19,NMR metabolomics,X23409.Triglycerides in LDL,40489,0.0194451394861523,0.00300988353591994,0.0135457677557492,0.0253445112165553,1.07413574119031e-10
TNFRSF19,Tumor necrosis factor receptor superfamily member 19,NMR metabolomics,X23410.Triglycerides in HDL,40489,0.0236791470343907,0.00284509520747185,0.0181027604277458,0.0292555336410355,9.2763311995481e-17
TNFRSF19,Tumor necrosis factor receptor superfamily member 19,NMR metabolomics,X23411.Total Phospholipids in Lipoprotein Particles,40489,-0.0242910968564469,0.0029965890798118,-0.0301644114528781,-0.0184177822600158,5.59448372912713e-16
TNFRSF19,Tumor necrosis factor receptor superfamily member 19,NMR metabolomics,X23412.Phospholipids in VLDL,40489,0.0207282154155332,0.00287394720128011,0.0150952789010242,0.0263611519300422,5.74064942328404e-13
TNFRSF19,Tumor necrosis factor receptor superfamily member 19,NMR metabolomics,X23413.Phospholipids in LDL,40489,-0.0130583787518565,0.00282997819495439,-0.0186051360139671,-0.00751162148974587,3.97469298428885e-06
TNFRSF19,Tumor necrosis factor receptor superfamily member 19,NMR metabolomics,X23414.Phospholipids in HDL,40489,-0.0415438207414338,0.00316935373441448,-0.0477557540608862,-0.0353318874219814,4.70574591244926e-39
TNFRSF19,Tumor necrosis factor receptor superfamily member 19,NMR metabolomics,X23415.Total Esterified Cholesterol,40489,-0.0258128119332783,0.00294815389508668,-0.0315911935676482,-0.0200344302989085,2.22991325195109e-18
TNFRSF19,Tumor necrosis factor receptor superfamily member 19,NMR metabolomics,X23416.Cholesteryl Esters in VLDL,40489,0.0100623560806079,0.00277753123296999,0.00461839486398672,0.0155063172972291,0.000292365326380037
TNFRSF19,Tumor necrosis factor receptor superfamily member 19,NMR metabolomics,X23417.Cholesteryl Esters in LDL,40489,-0.0118635640023216,0.00284573142946563,-0.0174411976040743,-0.006285930400569,3.07682858437003e-05
TNFRSF19,Tumor necrosis factor receptor superfamily member 19,NMR metabolomics,X23418.Cholesteryl Esters in HDL,40489,-0.0506497517741362,0.00323591100072372,-0.0569921373355547,-0.0443073662127177,8.14061915550455e-55
TNFRSF19,Tumor necrosis factor receptor superfamily member 19,NMR metabolomics,X23419.Total Free Cholesterol,40489,-0.0149495567183785,0.00291992927585733,-0.0206726180990589,-0.00922649533769816,3.09341113421467e-07
TNFRSF19,Tumor necrosis factor receptor superfamily member 19,NMR metabolomics,X23420.Free Cholesterol in VLDL,40489,0.016673941932873,0.00284207753925973,0.0111034699559239,0.022244413909822,4.52995396983122e-09
TNFRSF19,Tumor necrosis factor receptor superfamily member 19,NMR metabolomics,X23421.Free Cholesterol in LDL,40489,-0.0199194046373172,0.00287087381649624,-0.0255463173176498,-0.0142924919569846,4.11601101346131e-12
TNFRSF19,Tumor necrosis factor receptor superfamily member 19,NMR metabolomics,X23422.Free Cholesterol in HDL,40489,-0.0441919646389815,0.00327943497914501,-0.0506196571981057,-0.0377642720798573,3.65245112736979e-41
TNFRSF19,Tumor necrosis factor receptor superfamily member 19,NMR metabolomics,X23423.Total Lipids in Lipoprotein Particles,40489,-0.012135388129553,0.0029353782243436,-0.0178887294492664,-0.00638204680983952,3.58032522672912e-05
TNFRSF19,Tumor necrosis factor receptor superfamily member 19,NMR metabolomics,X23424.Total Lipids in VLDL,40489,0.0222555394942397,0.00293169877977597,0.0165094098858788,0.0280016691026006,3.33974793980784e-14
TNFRSF19,Tumor necrosis factor receptor superfamily member 19,NMR metabolomics,X23425.Total Lipids in LDL,40489,-0.0123332577756729,0.00284562010256441,-0.0179106731766992,-0.0067558423746467,1.47235770098551e-05
TNFRSF19,Tumor necrosis factor receptor superfamily member 19,NMR metabolomics,X23426.Total Lipids in HDL,40489,-0.0433876355340687,0.00320593553135612,-0.0496712691755267,-0.0371040018926107,1.67538638679286e-41
TNFRSF19,Tumor necrosis factor receptor superfamily member 19,NMR metabolomics,X23427.Total Concentration of Lipoprotein Particles,40489,-0.0415128254541575,0.0029980708069037,-0.0473890442356887,-0.0356366066726263,2.37182610318982e-43
TNFRSF19,Tumor necrosis factor receptor superfamily member 19,NMR metabolomics,X23428.Concentration of VLDL Particles,40489,0.0173881396324309,0.00283276875639391,0.0118359128698988,0.0229403663949629,8.54181864798988e-10
TNFRSF19,Tumor necrosis factor receptor superfamily member 19,NMR metabolomics,X23429.Concentration of LDL Particles,40489,-0.00159427844795326,0.00282593797759354,-0.00713311688403659,0.00394455998813008,0.572653792273849
TNFRSF19,Tumor necrosis factor receptor superfamily member 19,NMR metabolomics,X23430.Concentration of HDL Particles,40489,-0.0431261125260997,0.00300316550341949,-0.0490123169128019,-0.0372399081393975,1.78532000786917e-46
TNFRSF19,Tumor necrosis factor receptor superfamily member 19,NMR metabolomics,X23431.Average Diameter for VLDL Particles,40489,0.0277352967667532,0.00318373825739982,0.0214951697822496,0.0339754237512569,3.2858114480565e-18
TNFRSF19,Tumor necrosis factor receptor superfamily member 19,NMR metabolomics,X23432.Average Diameter for LDL Particles,40489,-0.0140489556648573,0.00291774463333601,-0.0197677351461959,-0.00833017618351869,1.48538950794992e-06
TNFRSF19,Tumor necrosis factor receptor superfamily member 19,NMR metabolomics,X23433.Average Diameter for HDL Particles,40489,-0.0256576357770859,0.00344421748245407,-0.0324083020426959,-0.0189069695114759,9.84737668702641e-14
TNFRSF19,Tumor necrosis factor receptor superfamily member 19,NMR metabolomics,X23434.Phosphoglycerides,40475,-0.0264322578968296,0.00301091547461857,-0.032333652227082,-0.0205308635665772,1.81632911464895e-18
TNFRSF19,Tumor necrosis factor receptor superfamily member 19,NMR metabolomics,X23435.Triglycerides to Phosphoglycerides ratio,40475,0.0453968137555466,0.00317856221301594,0.0391668318180354,0.0516267956930579,5.41356604916215e-46
TNFRSF19,Tumor necrosis factor receptor superfamily member 19,NMR metabolomics,X23436.Total Cholines,40475,-0.0276186720568134,0.00301663877438005,-0.0335312840545983,-0.0217060600590285,6.05398301855667e-20
TNFRSF19,Tumor necrosis factor receptor superfamily member 19,NMR metabolomics,X23437.Phosphatidylcholines,40475,-0.0257174227921183,0.00301992326608518,-0.0316364723936453,-0.0197983731905914,1.79766640637649e-17
TNFRSF19,Tumor necrosis factor receptor superfamily member 19,NMR metabolomics,X23438.Sphingomyelins,40474,-0.0332249958972864,0.00302883830984273,-0.0391615189845782,-0.0272884728099947,6.72838078357101e-28
TNFRSF19,Tumor necrosis factor receptor superfamily member 19,NMR metabolomics,X23439.Apolipoprotein B,40489,-0.000817013327144565,0.00282497272095979,-0.00635395986022575,0.00471993320593662,0.772423614703437
TNFRSF19,Tumor necrosis factor receptor superfamily member 19,NMR metabolomics,X23440.Apolipoprotein A1,40489,-0.041391352519086,0.0031079886236762,-0.0474830102214914,-0.0352996948166807,2.98702163972546e-40
TNFRSF19,Tumor necrosis factor receptor superfamily member 19,NMR metabolomics,X23441.Apolipoprotein B to Apolipoprotein A1 ratio,40489,0.019367088903337,0.00284604860787303,0.0137888336319058,0.0249453441747681,1.04696238882769e-11
TNFRSF19,Tumor necrosis factor receptor superfamily member 19,NMR metabolomics,X23442.Total Fatty Acids,40475,-0.000475167773276369,0.0030283531323011,-0.00641073991258652,0.00546040436603378,0.875320648652271
TNFRSF19,Tumor necrosis factor receptor superfamily member 19,NMR metabolomics,X23443.Degree of Unsaturation,40475,-0.0587477232528552,0.00313840015120572,-0.0648989875492184,-0.052596458956492,2.31489225710309e-77
TNFRSF19,Tumor necrosis factor receptor superfamily member 19,NMR metabolomics,X23444.Omega-3 Fatty Acids,40475,-0.0407802431653018,0.00294831095312594,-0.0465589326334286,-0.0350015536971749,2.90768117422875e-43
TNFRSF19,Tumor necrosis factor receptor superfamily member 19,NMR metabolomics,X23445.Omega-6 Fatty Acids,40475,-0.00613363918137182,0.00292400677216056,-0.0118646924548065,-0.000402585907937127,0.03594878555501
TNFRSF19,Tumor necrosis factor receptor superfamily member 19,NMR metabolomics,X23446.Polyunsaturated Fatty Acids,40475,-0.0159674219421142,0.00294774356704465,-0.0217449993335217,-0.0101898445507067,6.15403474585348e-08
TNFRSF19,Tumor necrosis factor receptor superfamily member 19,NMR metabolomics,X23447.Monounsaturated Fatty Acids,40475,0.0222278417956391,0.00310419765160032,0.0161436143985025,0.0283120691927757,8.38283810079865e-13
TNFRSF19,Tumor necrosis factor receptor superfamily member 19,NMR metabolomics,X23448.Saturated Fatty Acids,40475,-0.00420165049282874,0.00309248559530738,-0.0102629222596312,0.00185962127397373,0.174272042219386
TNFRSF19,Tumor necrosis factor receptor superfamily member 19,NMR metabolomics,X23449.Linoleic Acid,40475,0.00529418256079645,0.00289602292881469,-0.000382022379680345,0.0109703875012732,0.0675550434643921
TNFRSF19,Tumor necrosis factor receptor superfamily member 19,NMR metabolomics,X23450.Docosahexaenoic Acid,40475,-0.0578539576207952,0.00308372574006564,-0.0638980600713239,-0.0518098551702666,1.06820352512291e-77
TNFRSF19,Tumor necrosis factor receptor superfamily member 19,NMR metabolomics,X23451.Omega-3 Fatty Acids to Total Fatty Acids percentage,40475,-0.0489031169703643,0.0029374070262031,-0.0546604347417223,-0.0431457991990062,1.02531693585314e-61
TNFRSF19,Tumor necrosis factor receptor superfamily member 19,NMR metabolomics,X23452.Omega-6 Fatty Acids to Total Fatty Acids percentage,40475,-0.00956581540041465,0.00330894780445737,-0.0160513530971511,-0.00308027770367821,0.00384664455673283
TNFRSF19,Tumor necrosis factor receptor superfamily member 19,NMR metabolomics,X23453.Polyunsaturated Fatty Acids to Total Fatty Acids percentage,40475,-0.0370849416200224,0.00331162433356674,-0.0435757253138132,-0.0305941579262316,5.3191925983578e-29
TNFRSF19,Tumor necrosis factor receptor superfamily member 19,NMR metabolomics,X23454.Monounsaturated Fatty Acids to Total Fatty Acids percentage,40475,0.061425495018129,0.00323679905145389,0.0550813688772794,0.0677696211589786,1.95347471878639e-79
TNFRSF19,Tumor necrosis factor receptor superfamily member 19,NMR metabolomics,X23455.Saturated Fatty Acids to Total Fatty Acids percentage,40475,-0.0151877497363656,0.0030868867738987,-0.0212380478132071,-0.00913745165952419,8.73646482790101e-07
TNFRSF19,Tumor necrosis factor receptor superfamily member 19,NMR metabolomics,X23456.Linoleic Acid to Total Fatty Acids percentage,40475,0.01286838327436,0.00317729353377946,0.00664088794815222,0.0190958786005677,5.1434911181881e-05
TNFRSF19,Tumor necrosis factor receptor superfamily member 19,NMR metabolomics,X23457.Docosahexaenoic Acid to Total Fatty Acids percentage,40475,-0.0610289834628587,0.00312253846112794,-0.0671491588466694,-0.0549088080790479,4.35762198355661e-84
TNFRSF19,Tumor necrosis factor receptor superfamily member 19,NMR metabolomics,X23458.Polyunsaturated Fatty Acids to Monounsaturated Fatty Acids ratio,40475,-0.0533715644363663,0.00328193630461301,-0.0598041595934078,-0.0469389692793248,5.42926873423455e-59
TNFRSF19,Tumor necrosis factor receptor superfamily member 19,NMR metabolomics,X23459.Omega-6 Fatty Acids to Omega-3 Fatty Acids ratio,40473,0.0425077336270677,0.00293057294381716,0.0367638106571861,0.0482516565969493,2.25103189557085e-47
TNFRSF19,Tumor necrosis factor receptor superfamily member 19,NMR metabolomics,X23460.Alanine,40482,0.00728661611230872,0.00282360206685888,0.00175235606126531,0.0128208761633521,0.0098713965648501
TNFRSF19,Tumor necrosis factor receptor superfamily member 19,NMR metabolomics,X23461.Glutamine,40443,0.0152900875604202,0.00285020526677239,0.0097036852375463,0.0208764898832941,8.22774889645866e-08
TNFRSF19,Tumor necrosis factor receptor superfamily member 19,NMR metabolomics,X23462.Glycine,40468,0.0509134603928401,0.00269709842688438,0.0456271474761467,0.0561997733095334,1.25407222334722e-78
TNFRSF19,Tumor necrosis factor receptor superfamily member 19,NMR metabolomics,X23463.Histidine,40469,0.00411766311103559,0.00278169763093635,-0.00133446424559966,0.00956979046767084,0.138820916980059
TNFRSF19,Tumor necrosis factor receptor superfamily member 19,NMR metabolomics,X23464.Total Concentration of Branched-Chain Amino Acids (Leucine + Isoleucine + Valine),40478,-0.00925459518716139,0.00284114790370738,-0.0148232450784279,-0.00368594529589492,0.00112694079900985
TNFRSF19,Tumor necrosis factor receptor superfamily member 19,NMR metabolomics,X23465.Isoleucine,40485,-0.00123996067167697,0.0027872639826555,-0.00670299807768175,0.00422307673432781,0.656422161111781
TNFRSF19,Tumor necrosis factor receptor superfamily member 19,NMR metabolomics,X23466.Leucine,40486,-0.00586462065824016,0.00284113733072344,-0.0114332498264581,-0.000295991490022218,0.0390166411913504
TNFRSF19,Tumor necrosis factor receptor superfamily member 19,NMR metabolomics,X23467.Valine,40478,-0.0142990439016985,0.00286455538855982,-0.0199135724632758,-0.00868451534012127,6.04736182460107e-07
TNFRSF19,Tumor necrosis factor receptor superfamily member 19,NMR metabolomics,X23468.Phenylalanine,40486,0.0248538807133336,0.00277012324361034,0.0194244391558574,0.0302833222708099,3.22475629613571e-19
TNFRSF19,Tumor necrosis factor receptor superfamily member 19,NMR metabolomics,X23469.Tyrosine,40470,-0.0104837194329689,0.00279419243158107,-0.0159603365988678,-0.00500710226706996,0.000176070927408799
TNFRSF19,Tumor necrosis factor receptor superfamily member 19,NMR metabolomics,X23470.Glucose,40456,-0.0184037744889521,0.00294687823444689,-0.024179655828468,-0.0126278931494362,4.34007187826468e-10
TNFRSF19,Tumor necrosis factor receptor superfamily member 19,NMR metabolomics,X23471.Lactate,40456,0.0108563894528734,0.002766160413368,0.00543471504267215,0.0162780638630747,8.7195981832328e-05
TNFRSF19,Tumor necrosis factor receptor superfamily member 19,NMR metabolomics,X23472.Pyruvate,40445,0.00285824479528246,0.00286026666268812,-0.00274787786358626,0.00846436745415118,0.317667836513542
TNFRSF19,Tumor necrosis factor receptor superfamily member 19,NMR metabolomics,X23473.Citrate,40487,0.0550941264162308,0.00280916001072013,0.0495881727952194,0.0606000800372423,1.18942844871405e-84
TNFRSF19,Tumor necrosis factor receptor superfamily member 19,NMR metabolomics,X23474.3-Hydroxybutyrate,40286,-0.00871094126782626,0.00267183617828269,-0.0139477401772603,-0.00347414235839219,0.00111536299277684
TNFRSF19,Tumor necrosis factor receptor superfamily member 19,NMR metabolomics,X23475.Acetate,40475,-0.00883806255532117,0.00288353595499259,-0.0144897930271066,-0.0031863320835357,0.00218025649153126
TNFRSF19,Tumor necrosis factor receptor superfamily member 19,NMR metabolomics,X23476.Acetoacetate,40488,-0.0175652606495514,0.00276401222877266,-0.0229827246179459,-0.012147796681157,2.14070145326921e-10
TNFRSF19,Tumor necrosis factor receptor superfamily member 19,NMR metabolomics,X23477.Acetone,40488,-0.017535774215787,0.00277723565777882,-0.0229791561050335,-0.0120923923265405,2.78867022319794e-10
TNFRSF19,Tumor necrosis factor receptor superfamily member 19,NMR metabolomics,X23478.Creatinine,40005,0.17529674323174,0.00295548634579369,0.169503989993985,0.181089496469496,0
TNFRSF19,Tumor necrosis factor receptor superfamily member 19,NMR metabolomics,X23479.Albumin,40488,-0.0242279192546569,0.00286913687155607,-0.0298514275229067,-0.018604410986407,3.31692773736115e-17
TNFRSF19,Tumor necrosis factor receptor superfamily member 19,NMR metabolomics,X23480.Glycoprotein Acetyls,40489,0.0253696937812954,0.00305405295114594,0.0193837499970494,0.0313556375655415,1.06012808697309e-16
TNFRSF19,Tumor necrosis factor receptor superfamily member 19,NMR metabolomics,X23481.Concentration of Chylomicrons and Extremely Large VLDL Particles,40489,0.0284643676102618,0.00304495508055026,0.0224962556523833,0.0344324795681403,1.00801279125374e-20
TNFRSF19,Tumor necrosis factor receptor superfamily member 19,NMR metabolomics,X23482.Total Lipids in Chylomicrons and Extremely Large VLDL,40489,0.0260447368112902,0.00304560224093611,0.0200753564190554,0.032014117203525,1.32226675842263e-17
TNFRSF19,Tumor necrosis factor receptor superfamily member 19,NMR metabolomics,X23483.Phospholipids in Chylomicrons and Extremely Large VLDL,40489,0.0279971286834008,0.00299940602847429,0.0221182928675912,0.0338759644992104,1.14773815161164e-20
TNFRSF19,Tumor necrosis factor receptor superfamily member 19,NMR metabolomics,X23484.Cholesterol in Chylomicrons and Extremely Large VLDL,40489,0.0278985778806695,0.00299432659218169,0.0220296977599933,0.0337674580013456,1.34713911468956e-20
TNFRSF19,Tumor necrosis factor receptor superfamily member 19,NMR metabolomics,X23485.Cholesteryl Esters in Chylomicrons and Extremely Large VLDL,40489,0.0276627648382326,0.00297672654714014,0.0218283808058379,0.0334971488706273,1.68849782892629e-20
TNFRSF19,Tumor necrosis factor receptor superfamily member 19,NMR metabolomics,X23486.Free Cholesterol in Chylomicrons and Extremely Large VLDL,40489,0.0277267731661326,0.00300877253531736,0.0218295789969105,0.0336239673353546,3.48085313595095e-20
TNFRSF19,Tumor necrosis factor receptor superfamily member 19,NMR metabolomics,X23487.Triglycerides in Chylomicrons and Extremely Large VLDL,40489,0.0236592879365834,0.00306909201997988,0.0176438675774228,0.029674708295744,1.34329680650618e-14
TNFRSF19,Tumor necrosis factor receptor superfamily member 19,NMR metabolomics,X23488.Concentration of Very Large VLDL Particles,40489,0.0288739847197591,0.00298795489817107,0.0230175931193438,0.0347303763201744,4.94986279941956e-22
TNFRSF19,Tumor necrosis factor receptor superfamily member 19,NMR metabolomics,X23489.Total Lipids in Very Large VLDL,40489,0.0274244898267449,0.00299568158435782,0.0215529539214036,0.0332960257320863,6.09655155729278e-20
TNFRSF19,Tumor necrosis factor receptor superfamily member 19,NMR metabolomics,X23490.Phospholipids in Very Large VLDL,40489,0.0279369595866401,0.00296991880789198,0.0221159187231718,0.0337580004501083,5.80070651739736e-21
TNFRSF19,Tumor necrosis factor receptor superfamily member 19,NMR metabolomics,X23491.Cholesterol in Very Large VLDL,40489,0.024466545439929,0.00288817054112265,0.0188057311793286,0.0301273597005294,2.6348641246679e-17
TNFRSF19,Tumor necrosis factor receptor superfamily member 19,NMR metabolomics,X23492.Cholesteryl Esters in Very Large VLDL,40489,0.0216054650862073,0.00283082488185146,0.0160570483177784,0.0271538818546361,2.43694970301427e-14
TNFRSF19,Tumor necrosis factor receptor superfamily member 19,NMR metabolomics,X23493.Free Cholesterol in Very Large VLDL,40489,0.0268354099018709,0.00294874384960186,0.0210558719566513,0.0326149478470905,1.00169798406552e-19
TNFRSF19,Tumor necrosis factor receptor superfamily member 19,NMR metabolomics,X23494.Triglycerides in Very Large VLDL,40489,0.0272344661863906,0.00302933288343264,0.0212969737348627,0.0331719586379186,2.73697281817422e-19
TNFRSF19,Tumor necrosis factor receptor superfamily member 19,NMR metabolomics,X23495.Concentration of Large VLDL Particles,40489,0.0273370600331408,0.00296176903702122,0.0215319927205793,0.0331421273457024,3.03794377407711e-20
TNFRSF19,Tumor necrosis factor receptor superfamily member 19,NMR metabolomics,X23496.Total Lipids in Large VLDL,40489,0.0252113479554337,0.00295748271187637,0.019414681840156,0.0310080140707114,1.66833535671426e-17
TNFRSF19,Tumor necrosis factor receptor superfamily member 19,NMR metabolomics,X23497.Phospholipids in Large VLDL,40489,0.0289474784787623,0.00293962315450774,0.0231858170959271,0.0347091398615975,8.16876166263104e-23
TNFRSF19,Tumor necrosis factor receptor superfamily member 19,NMR metabolomics,X23498.Cholesterol in Large VLDL,40489,0.0247066049449181,0.00285837045441776,0.0191041988542593,0.0303090110355769,5.95434152969343e-18
TNFRSF19,Tumor necrosis factor receptor superfamily member 19,NMR metabolomics,X23499.Cholesteryl Esters in Large VLDL,40489,0.0232219808741428,0.00279084998413011,0.0177519149052477,0.0286920468430378,9.436731933379e-17
TNFRSF19,Tumor necrosis factor receptor superfamily member 19,NMR metabolomics,X23500.Free Cholesterol in Large VLDL,40489,0.0258854623322952,0.00293103458104358,0.0201406345534498,0.0316302901111406,1.1378381300293e-18
TNFRSF19,Tumor necrosis factor receptor superfamily member 19,NMR metabolomics,X23501.Triglycerides in Large VLDL,40489,0.0225616369114988,0.00300487693765104,0.0166720781137027,0.0284511957092948,6.30258015535479e-14
TNFRSF19,Tumor necrosis factor receptor superfamily member 19,NMR metabolomics,X23502.Concentration of Medium VLDL Particles,40489,0.0107924753838345,0.00281670773805762,0.00527172821724154,0.0163132225504274,0.000127802071912651
TNFRSF19,Tumor necrosis factor receptor superfamily member 19,NMR metabolomics,X23503.Total Lipids in Medium VLDL,40489,0.0139615377591578,0.00284606590454572,0.00838324858624823,0.0195398269320674,9.40761071941719e-07
TNFRSF19,Tumor necrosis factor receptor superfamily member 19,NMR metabolomics,X23504.Phospholipids in Medium VLDL,40489,0.0104072229729683,0.00280957333891293,0.00490045922869894,0.0159139867172376,0.000212770320285232
TNFRSF19,Tumor necrosis factor receptor superfamily member 19,NMR metabolomics,X23505.Cholesterol in Medium VLDL,40489,7.93993882684101e-05,0.00283024493118345,-0.00546788067685116,0.00562667945338798,0.977619516769425
TNFRSF19,Tumor necrosis factor receptor superfamily member 19,NMR metabolomics,X23506.Cholesteryl Esters in Medium VLDL,40489,-0.00499530526132547,0.00287727252264139,-0.0106347594057026,0.000644148883051648,0.0825609091483771
TNFRSF19,Tumor necrosis factor receptor superfamily member 19,NMR metabolomics,X23507.Free Cholesterol in Medium VLDL,40489,0.00679860919904763,0.00280242028252555,0.00130586544529756,0.0122913529527977,0.0152781626101087
TNFRSF19,Tumor necrosis factor receptor superfamily member 19,NMR metabolomics,X23508.Triglycerides in Medium VLDL,40489,0.0227173281169446,0.00294897681229781,0.0169373335648409,0.0284973226690483,1.40140644695033e-14
TNFRSF19,Tumor necrosis factor receptor superfamily member 19,NMR metabolomics,X23509.Concentration of Small VLDL Particles,40489,0.0235259705809418,0.00283235781679552,0.0179745492600226,0.0290773919018611,1.06682109533096e-16
TNFRSF19,Tumor necrosis factor receptor superfamily member 19,NMR metabolomics,X23510.Total Lipids in Small VLDL,40489,0.0207149865754851,0.00281837774876804,0.0151909661878997,0.0262390069630705,2.0780710097986e-13
TNFRSF19,Tumor necrosis factor receptor superfamily member 19,NMR metabolomics,X23511.Phospholipids in Small VLDL,40489,0.0128085418638453,0.00278760077379955,0.00734484434719818,0.0182722393804924,4.36408893585352e-06
TNFRSF19,Tumor necrosis factor receptor superfamily member 19,NMR metabolomics,X23512.Cholesterol in Small VLDL,40489,0.0127113719617974,0.00275611561293861,0.00730938536043778,0.0181133585631571,4.01778163936133e-06
TNFRSF19,Tumor necrosis factor receptor superfamily member 19,NMR metabolomics,X23513.Cholesteryl Esters in Small VLDL,40489,0.0161417670518437,0.00273903155227313,0.0107732652093884,0.021510268894299,3.86288877249804e-09
TNFRSF19,Tumor necrosis factor receptor superfamily member 19,NMR metabolomics,X23514.Free Cholesterol in Small VLDL,40489,0.00627171595183288,0.00279326805278501,0.00079691056837426,0.0117465213352915,0.0247626492507095
TNFRSF19,Tumor necrosis factor receptor superfamily member 19,NMR metabolomics,X23515.Triglycerides in Small VLDL,40489,0.029544251903635,0.00291705372652261,0.0238268265996507,0.0352616772076193,4.89679329758771e-24
TNFRSF19,Tumor necrosis factor receptor superfamily member 19,NMR metabolomics,X23516.Concentration of Very Small VLDL Particles,40489,0.00881462480327568,0.00285585757255727,0.00321714396106343,0.0144121056454879,0.00202868266537202
TNFRSF19,Tumor necrosis factor receptor superfamily member 19,NMR metabolomics,X23517.Total Lipids in Very Small VLDL,40489,0.0092653339153753,0.00285452806065521,0.00367045891649108,0.0148602089142595,0.00117345941786047
TNFRSF19,Tumor necrosis factor receptor superfamily member 19,NMR metabolomics,X23518.Phospholipids in Very Small VLDL,40489,0.0137308449332324,0.00284840410529271,0.00814797288685873,0.0193137169796062,1.44482389072993e-06
TNFRSF19,Tumor necrosis factor receptor superfamily member 19,NMR metabolomics,X23519.Cholesterol in Very Small VLDL,40489,-0.00235156201189669,0.00290540194556098,-0.0080461498251962,0.00334302580140282,0.418311028192656
TNFRSF19,Tumor necrosis factor receptor superfamily member 19,NMR metabolomics,X23520.Cholesteryl Esters in Very Small VLDL,40489,-0.00651465177043502,0.00292587765306465,-0.0122493719704417,-0.000779931570428304,0.0259903094042546
TNFRSF19,Tumor necrosis factor receptor superfamily member 19,NMR metabolomics,X23521.Free Cholesterol in Very Small VLDL,40489,0.00703026105726577,0.00286219465121696,0.00142035954088054,0.012640162573651,0.0140501305483049
TNFRSF19,Tumor necrosis factor receptor superfamily member 19,NMR metabolomics,X23522.Triglycerides in Very Small VLDL,40489,0.0284875701570665,0.00289771361384543,0.0228080514739294,0.0341670888402035,9.59529483402129e-23
TNFRSF19,Tumor necrosis factor receptor superfamily member 19,NMR metabolomics,X23523.Concentration of IDL Particles,40489,-0.00818847581537864,0.00286238874173565,-0.0137987577491805,-0.00257819388157678,0.00423234212468016
TNFRSF19,Tumor necrosis factor receptor superfamily member 19,NMR metabolomics,X23524.Total Lipids in IDL,40489,-0.0183546523322603,0.00293654517627811,-0.0241102808777654,-0.0125990237867552,4.19685013378338e-10
TNFRSF19,Tumor necrosis factor receptor superfamily member 19,NMR metabolomics,X23525.Phospholipids in IDL,40489,-0.0144323125622067,0.0029480330268672,-0.0202104572948664,-0.00865416782954694,9.89728895289111e-07
TNFRSF19,Tumor necrosis factor receptor superfamily member 19,NMR metabolomics,X23526.Cholesterol in IDL,40489,-0.0227398374220954,0.00293693250262049,-0.0284962251272316,-0.0169834497169592,1.03098624054836e-14
TNFRSF19,Tumor necrosis factor receptor superfamily member 19,NMR metabolomics,X23527.Cholesteryl Esters in IDL,40489,-0.0228138359777484,0.00292959218421183,-0.0285558366588036,-0.0170718352966932,7.25773497324653e-15
TNFRSF19,Tumor necrosis factor receptor superfamily member 19,NMR metabolomics,X23528.Free Cholesterol in IDL,40489,-0.0220336228390664,0.00295467930240917,-0.0278247942717884,-0.0162424514063444,9.28973646710174e-14
TNFRSF19,Tumor necrosis factor receptor superfamily member 19,NMR metabolomics,X23529.Triglycerides in IDL,40489,0.0209489010995413,0.00294393015354234,0.0151787979985983,0.0267190042004843,1.15836607006287e-12
TNFRSF19,Tumor necrosis factor receptor superfamily member 19,NMR metabolomics,X23530.Concentration of Large LDL Particles,40489,-0.00235134624490403,0.00283914938320172,-0.00791607903597941,0.00321338654617135,0.407577002285676
TNFRSF19,Tumor necrosis factor receptor superfamily member 19,NMR metabolomics,X23531.Total Lipids in Large LDL,40489,-0.0159224465275976,0.0028663131059098,-0.0215404202151808,-0.0103044728400144,2.81982080493952e-08
TNFRSF19,Tumor necrosis factor receptor superfamily member 19,NMR metabolomics,X23532.Phospholipids in Large LDL,40489,-0.017019105440742,0.002852149251869,-0.0226093179744053,-0.0114288929070788,2.4656683795193e-09
TNFRSF19,Tumor necrosis factor receptor superfamily member 19,NMR metabolomics,X23533.Cholesterol in Large LDL,40489,-0.0175973039801969,0.00287383323749931,-0.0232300171256955,-0.0119645908346982,9.38008475008317e-10
TNFRSF19,Tumor necrosis factor receptor superfamily member 19,NMR metabolomics,X23534.Cholesteryl Esters in Large LDL,40489,-0.0158666767735206,0.00286302438927257,-0.0214782045764948,-0.0102551489705463,3.03870979966316e-08
TNFRSF19,Tumor necrosis factor receptor superfamily member 19,NMR metabolomics,X23535.Free Cholesterol in Large LDL,40489,-0.0219053030945,0.00290078958405526,-0.0275908506792483,-0.0162197555097517,4.53402635717208e-14
TNFRSF19,Tumor necrosis factor receptor superfamily member 19,NMR metabolomics,X23536.Triglycerides in Large LDL,40489,0.0163969989124858,0.00298679149966383,0.0105428875731447,0.0222511102518269,4.08412533911266e-08
TNFRSF19,Tumor necrosis factor receptor superfamily member 19,NMR metabolomics,X23537.Concentration of Medium LDL Particles,40489,-0.00233494675017782,0.00282010031987765,-0.00786234337713801,0.00319244987678237,0.407702162699335
TNFRSF19,Tumor necrosis factor receptor superfamily member 19,NMR metabolomics,X23538.Total Lipids in Medium LDL,40489,-0.00686885352792567,0.0028304401031356,-0.0124165161300714,-0.00132119092577989,0.0152444626185219
TNFRSF19,Tumor necrosis factor receptor superfamily member 19,NMR metabolomics,X23539.Phospholipids in Medium LDL,40489,-0.00753680485626166,0.00280983811562801,-0.0130440875628926,-0.00202952214963076,0.00731946365351079
TNFRSF19,Tumor necrosis factor receptor superfamily member 19,NMR metabolomics,X23540.Cholesterol in Medium LDL,40489,-0.00843242329102455,0.00282986249504208,-0.013978953781307,-0.00288589280074209,0.00288869218476289
TNFRSF19,Tumor necrosis factor receptor superfamily member 19,NMR metabolomics,X23541.Cholesteryl Esters in Medium LDL,40489,-0.00529382803091839,0.00284057944828526,-0.0108613637495575,0.000273707687720729,0.0623900167668362
TNFRSF19,Tumor necrosis factor receptor superfamily member 19,NMR metabolomics,X23542.Free Cholesterol in Medium LDL,40489,-0.0163769050523453,0.00282784584664424,-0.021919482911768,-0.0108343271929226,7.11506951993603e-09
TNFRSF19,Tumor necrosis factor receptor superfamily member 19,NMR metabolomics,X23543.Triglycerides in Medium LDL,40489,0.0217103781245599,0.0030286121985005,0.015774298215499,0.0276464580336209,7.91723080972683e-13
TNFRSF19,Tumor necrosis factor receptor superfamily member 19,NMR metabolomics,X23544.Concentration of Small LDL Particles,40489,0.00364270050315632,0.00281049971077365,-0.00186587892996003,0.00915127993627268,0.194958237177846
TNFRSF19,Tumor necrosis factor receptor superfamily member 19,NMR metabolomics,X23545.Total Lipids in Small LDL,40489,-0.00447300439650318,0.00283499649060644,-0.0100295975180918,0.00108358872508544,0.114635589031957
TNFRSF19,Tumor necrosis factor receptor superfamily member 19,NMR metabolomics,X23546.Phospholipids in Small LDL,40489,-0.0065871106957164,0.00281958327540048,-0.0121134939155013,-0.00106072747593145,0.0194930687854505
TNFRSF19,Tumor necrosis factor receptor superfamily member 19,NMR metabolomics,X23547.Cholesterol in Small LDL,40489,-0.00642470781960479,0.00282713244666702,-0.0119658874150721,-0.000883528224137439,0.0230684506782494
TNFRSF19,Tumor necrosis factor receptor superfamily member 19,NMR metabolomics,X23548.Cholesteryl Esters in Small LDL,40489,-0.00265218929144342,0.00284622243919809,-0.00823078527227168,0.00292640668938485,0.351439535064496
TNFRSF19,Tumor necrosis factor receptor superfamily member 19,NMR metabolomics,X23549.Free Cholesterol in Small LDL,40489,-0.0154647121828685,0.00280920934394626,-0.0209707624970031,-0.00995866186873378,3.74822757452172e-08
TNFRSF19,Tumor necrosis factor receptor superfamily member 19,NMR metabolomics,X23550.Triglycerides in Small LDL,40489,0.0287696172918938,0.00304989912490389,0.0227918150070822,0.0347474195767054,4.52029310565311e-21
TNFRSF19,Tumor necrosis factor receptor superfamily member 19,NMR metabolomics,X23551.Concentration of Very Large HDL Particles,40489,-0.0204733910225457,0.00327111253051031,-0.026884771582346,-0.0140620104627455,3.9768935084125e-10
TNFRSF19,Tumor necrosis factor receptor superfamily member 19,NMR metabolomics,X23552.Total Lipids in Very Large HDL,40489,-0.0232757364115454,0.00329193504729088,-0.0297279291042355,-0.0168235437188553,1.60705991252329e-12
TNFRSF19,Tumor necrosis factor receptor superfamily member 19,NMR metabolomics,X23553.Phospholipids in Very Large HDL,40489,-0.0215275966009703,0.00329538837050564,-0.0279865578071613,-0.0150686353947792,6.65639678017876e-11
TNFRSF19,Tumor necrosis factor receptor superfamily member 19,NMR metabolomics,X23554.Cholesterol in Very Large HDL,40489,-0.0276050308393005,0.00326731398420646,-0.0340089662483452,-0.0212010954302558,3.19148813596568e-17
TNFRSF19,Tumor necrosis factor receptor superfamily member 19,NMR metabolomics,X23555.Cholesteryl Esters in Very Large HDL,40489,-0.0303173621458464,0.00331861167915253,-0.0368218410369854,-0.0238128832547074,7.26952944137933e-20
TNFRSF19,Tumor necrosis factor receptor superfamily member 19,NMR metabolomics,X23556.Free Cholesterol in Very Large HDL,40489,-0.0171022822573107,0.00304868049707113,-0.0230776960315701,-0.0111268684830512,2.05987201547162e-08
TNFRSF19,Tumor necrosis factor receptor superfamily member 19,NMR metabolomics,X23557.Triglycerides in Very Large HDL,40489,0.0240398884844355,0.0029511903299394,0.0182555554377543,0.0298242215311168,4.04210710816961e-16
TNFRSF19,Tumor necrosis factor receptor superfamily member 19,NMR metabolomics,X23558.Concentration of Large HDL Particles,40489,-0.037953886262019,0.00345384602685911,-0.0447234244746629,-0.0311843480493752,5.4401641385005e-28
TNFRSF19,Tumor necrosis factor receptor superfamily member 19,NMR metabolomics,X23559.Total Lipids in Large HDL,40489,-0.0396314449369637,0.00343459091825413,-0.0463632431367418,-0.0328996467371856,1.11000908839681e-30
TNFRSF19,Tumor necrosis factor receptor superfamily member 19,NMR metabolomics,X23560.Phospholipids in Large HDL,40489,-0.0403630554149753,0.00338952325434811,-0.0470065209934976,-0.033719589836453,1.47169313964718e-32
TNFRSF19,Tumor necrosis factor receptor superfamily member 19,NMR metabolomics,X23561.Cholesterol in Large HDL,40489,-0.0409540586368287,0.00343259081198456,-0.0476819366283185,-0.034226180645339,1.12250904281005e-32
TNFRSF19,Tumor necrosis factor receptor superfamily member 19,NMR metabolomics,X23562.Cholesteryl Esters in Large HDL,40489,-0.0410556467826638,0.00342286389401506,-0.0477644600149333,-0.0343468335503943,5.25428307874486e-33
TNFRSF19,Tumor necrosis factor receptor superfamily member 19,NMR metabolomics,X23563.Free Cholesterol in Large HDL,40489,-0.039364237582459,0.00342961284528695,-0.0460862787592214,-0.0326421964056966,2.24270315361406e-30
TNFRSF19,Tumor necrosis factor receptor superfamily member 19,NMR metabolomics,X23564.Triglycerides in Large HDL,40489,0.0159712676114643,0.00292078256162732,0.0102465337906748,0.0216960014322539,4.61563970995574e-08
TNFRSF19,Tumor necrosis factor receptor superfamily member 19,NMR metabolomics,X23565.Concentration of Medium HDL Particles,40489,-0.0422102998205124,0.00308141704414354,-0.0482498772270337,-0.036170722413991,1.80116422724989e-42
TNFRSF19,Tumor necrosis factor receptor superfamily member 19,NMR metabolomics,X23566.Total Lipids in Medium HDL,40489,-0.0411484523712872,0.0030551751561774,-0.0471365956773949,-0.0351603090651795,4.0135174728939e-41
TNFRSF19,Tumor necrosis factor receptor superfamily member 19,NMR metabolomics,X23567.Phospholipids in Medium HDL,40489,-0.0387205052259927,0.00303846667463756,-0.0446758999082823,-0.0327651105437031,5.1272996165498e-37
TNFRSF19,Tumor necrosis factor receptor superfamily member 19,NMR metabolomics,X23568.Cholesterol in Medium HDL,40489,-0.0478489467140108,0.00308583092779672,-0.0538971753324924,-0.0418007180955293,7.76703988850934e-54
TNFRSF19,Tumor necrosis factor receptor superfamily member 19,NMR metabolomics,X23569.Cholesteryl Esters in Medium HDL,40489,-0.0481745142810256,0.00306984136428883,-0.0541914033550317,-0.0421576252070195,4.34957830383277e-55
TNFRSF19,Tumor necrosis factor receptor superfamily member 19,NMR metabolomics,X23570.Free Cholesterol in Medium HDL,40489,-0.0448367933117862,0.00312886660185233,-0.0509693718514167,-0.0387042147721556,2.74296348072521e-46
TNFRSF19,Tumor necrosis factor receptor superfamily member 19,NMR metabolomics,X23571.Triglycerides in Medium HDL,40489,0.0195145809769777,0.00282100883875,0.0139854036530277,0.0250437583009277,4.76758297071216e-12
TNFRSF19,Tumor necrosis factor receptor superfamily member 19,NMR metabolomics,X23572.Concentration of Small HDL Particles,40489,-0.0285775795724622,0.00278258402627421,-0.0340314442639597,-0.0231237148809648,1.14522320477989e-24
TNFRSF19,Tumor necrosis factor receptor superfamily member 19,NMR metabolomics,X23573.Total Lipids in Small HDL,40489,-0.0248272721553093,0.00281573983070912,-0.0303461222234991,-0.0193084220871194,1.2908878533944e-18
TNFRSF19,Tumor necrosis factor receptor superfamily member 19,NMR metabolomics,X23574.Phospholipids in Small HDL,40489,-0.0250726868804665,0.00284555362280292,-0.0306499719811602,-0.0194954017797727,1.36320406340189e-18
TNFRSF19,Tumor necrosis factor receptor superfamily member 19,NMR metabolomics,X23575.Cholesterol in Small HDL,40489,-0.0330158677732554,0.00278482683585917,-0.0384741283715393,-0.0275576071749714,2.74485480191006e-32
TNFRSF19,Tumor necrosis factor receptor superfamily member 19,NMR metabolomics,X23576.Cholesteryl Esters in Small HDL,40489,-0.0331624221848177,0.00275350271860689,-0.0385592875132872,-0.0277655568563482,2.91270583239526e-33
TNFRSF19,Tumor necrosis factor receptor superfamily member 19,NMR metabolomics,X23577.Free Cholesterol in Small HDL,40489,-0.0271888350660238,0.00289201058711512,-0.0328571758167694,-0.0215204943152781,6.09767202108796e-21
TNFRSF19,Tumor necrosis factor receptor superfamily member 19,NMR metabolomics,X23578.Triglycerides in Small HDL,40489,0.0290332485034669,0.0029055051570621,0.0233384583956252,0.0347280386113086,1.92502109173681e-23
TNFRSF19,Tumor necrosis factor receptor superfamily member 19,NMR metabolomics,X23579.Phospholipids to Total Lipids in Chylomicrons and Extremely Large VLDL percentage,39601,0.01647628464109,0.00265537089197552,0.0112717576928179,0.021680811589362,5.61587127840107e-10
TNFRSF19,Tumor necrosis factor receptor superfamily member 19,NMR metabolomics,X23580.Cholesterol to Total Lipids in Chylomicrons and Extremely Large VLDL percentage,39601,-0.000671673034133373,0.00278902081614435,-0.00613815383377629,0.00479480776550954,0.809692039583131
TNFRSF19,Tumor necrosis factor receptor superfamily member 19,NMR metabolomics,X23581.Cholesteryl Esters to Total Lipids in Chylomicrons and Extremely Large VLDL percentage,39601,0.000876343849708731,0.00272057566438449,-0.00445598445248486,0.00620867215190232,0.747368455051782
TNFRSF19,Tumor necrosis factor receptor superfamily member 19,NMR metabolomics,X23582.Free Cholesterol to Total Lipids in Chylomicrons and Extremely Large VLDL percentage,39601,-0.00335494282693942,0.00284132049247801,-0.00892393099219631,0.00221404533831747,0.237713086444776
TNFRSF19,Tumor necrosis factor receptor superfamily member 19,NMR metabolomics,X23583.Triglycerides to Total Lipids in Chylomicrons and Extremely Large VLDL percentage,39601,-0.00529675384543934,0.00270155124328132,-0.0105917942822707,-1.7134086079491e-06,0.049940003318108
TNFRSF19,Tumor necrosis factor receptor superfamily member 19,NMR metabolomics,X23584.Phospholipids to Total Lipids in Very Large VLDL percentage,40248,0.0156298111419267,0.00261324019117571,0.0105078603672223,0.0207517619166311,2.26544018422726e-09
TNFRSF19,Tumor necrosis factor receptor superfamily member 19,NMR metabolomics,X23585.Cholesterol to Total Lipids in Very Large VLDL percentage,40248,-0.0195781604040529,0.00296483290670778,-0.0253892329012002,-0.0137670879069057,4.14480195909211e-11
TNFRSF19,Tumor necrosis factor receptor superfamily member 19,NMR metabolomics,X23586.Cholesteryl Esters to Total Lipids in Very Large VLDL percentage,40248,-0.0215576362689475,0.00297090182840393,-0.0273806038526192,-0.0157346686852758,4.16435273952355e-13
TNFRSF19,Tumor necrosis factor receptor superfamily member 19,NMR metabolomics,X23587.Free Cholesterol to Total Lipids in Very Large VLDL percentage,40248,-0.00830300212821038,0.00281200260036294,-0.0138145272249217,-0.00279147703149903,0.00315470778230198
TNFRSF19,Tumor necrosis factor receptor superfamily member 19,NMR metabolomics,X23588.Triglycerides to Total Lipids in Very Large VLDL percentage,40248,0.0124375643493636,0.00284584899248266,0.00685970032409757,0.0180154283746296,1.24797509202893e-05
TNFRSF19,Tumor necrosis factor receptor superfamily member 19,NMR metabolomics,X23589.Phospholipids to Total Lipids in Large VLDL percentage,40484,0.0364420463783266,0.00277101612279167,0.0310108547776549,0.0418732379789983,2.67762398596423e-39
TNFRSF19,Tumor necrosis factor receptor superfamily member 19,NMR metabolomics,X23590.Cholesterol to Total Lipids in Large VLDL percentage,40484,-0.000914404467598447,0.00274832281541518,-0.00630111718581219,0.0044723082506153,0.739354808220844
TNFRSF19,Tumor necrosis factor receptor superfamily member 19,NMR metabolomics,X23591.Cholesteryl Esters to Total Lipids in Large VLDL percentage,40484,-0.00612597844811496,0.00288538809039134,-0.011781339105282,-0.000470617790947927,0.0337604308669179
TNFRSF19,Tumor necrosis factor receptor superfamily member 19,NMR metabolomics,X23592.Free Cholesterol to Total Lipids in Large VLDL percentage,40484,0.0110948699176743,0.00264155816278992,0.0059174159186061,0.0162723239167426,2.68211086990072e-05
TNFRSF19,Tumor necrosis factor receptor superfamily member 19,NMR metabolomics,X23593.Triglycerides to Total Lipids in Large VLDL percentage,40484,-0.0153676616842248,0.00259228855065858,-0.0204485472435156,-0.010286776124934,3.12516910060144e-09
TNFRSF19,Tumor necrosis factor receptor superfamily member 19,NMR metabolomics,X23594.Phospholipids to Total Lipids in Medium VLDL percentage,40489,-0.0147195674773554,0.00289898709727786,-0.02040158218802,-0.00903755276669081,3.86745926363237e-07
TNFRSF19,Tumor necrosis factor receptor superfamily member 19,NMR metabolomics,X23595.Cholesterol to Total Lipids in Medium VLDL percentage,40489,-0.0283213384887523,0.0030247125713433,-0.0342497751285852,-0.0223929018489194,8.7307997123191e-21
TNFRSF19,Tumor necrosis factor receptor superfamily member 19,NMR metabolomics,X23596.Cholesteryl Esters to Total Lipids in Medium VLDL percentage,40489,-0.0302050889105089,0.00304670254863534,-0.0361766259058342,-0.0242335519151836,4.21586723482616e-23
TNFRSF19,Tumor necrosis factor receptor superfamily member 19,NMR metabolomics,X23597.Free Cholesterol to Total Lipids in Medium VLDL percentage,40489,-0.0225556104537224,0.00296095210018237,-0.0283590765700798,-0.0167521443373649,2.72631818850408e-14
TNFRSF19,Tumor necrosis factor receptor superfamily member 19,NMR metabolomics,X23598.Triglycerides to Total Lipids in Medium VLDL percentage,40489,0.0255131078216891,0.00300411277196369,0.0196250467886403,0.0314011688547379,2.1933166905618e-17
TNFRSF19,Tumor necrosis factor receptor superfamily member 19,NMR metabolomics,X23599.Phospholipids to Total Lipids in Small VLDL percentage,40489,-0.032393289855043,0.00294089662317027,-0.0381574472364567,-0.0266291324736293,4.09105488805166e-28
TNFRSF19,Tumor necrosis factor receptor superfamily member 19,NMR metabolomics,X23600.Cholesterol to Total Lipids in Small VLDL percentage,40489,-0.0187855735285115,0.00288562696821034,-0.0244414023862038,-0.0131297446708192,7.73566325798598e-11
TNFRSF19,Tumor necrosis factor receptor superfamily member 19,NMR metabolomics,X23601.Cholesteryl Esters to Total Lipids in Small VLDL percentage,40489,-0.00574798888710193,0.00280999048183883,-0.011255570231506,-0.000240407542697832,0.0408164949378392
TNFRSF19,Tumor necrosis factor receptor superfamily member 19,NMR metabolomics,X23602.Free Cholesterol to Total Lipids in Small VLDL percentage,40489,-0.033607504415069,0.00294990466935545,-0.0393893175670057,-0.0278256912631324,5.92488222330534e-30
TNFRSF19,Tumor necrosis factor receptor superfamily member 19,NMR metabolomics,X23603.Triglycerides to Total Lipids in Small VLDL percentage,40489,0.0233908955495918,0.00290693973211245,0.0176932936746514,0.0290884974245322,9.10627580548341e-16
TNFRSF19,Tumor necrosis factor receptor superfamily member 19,NMR metabolomics,X23604.Phospholipids to Total Lipids in Very Small VLDL percentage,40489,0.0416366628702774,0.00294722239879728,0.0358601069686347,0.0474132187719201,4.79434467212446e-45
TNFRSF19,Tumor necrosis factor receptor superfamily member 19,NMR metabolomics,X23605.Cholesterol to Total Lipids in Very Small VLDL percentage,40489,-0.0385391169535931,0.00306382631717017,-0.0445442165352466,-0.0325340173719396,4.09240902223521e-36
TNFRSF19,Tumor necrosis factor receptor superfamily member 19,NMR metabolomics,X23606.Cholesteryl Esters to Total Lipids in Very Small VLDL percentage,40489,-0.0405192539859734,0.00308157200529338,-0.0465591351163484,-0.0344793728555983,2.75752277360353e-39
TNFRSF19,Tumor necrosis factor receptor superfamily member 19,NMR metabolomics,X23607.Free Cholesterol to Total Lipids in Very Small VLDL percentage,40489,-0.0162175708375498,0.00300518838292643,-0.0221077400680856,-0.0103274016070139,6.89091954259214e-08
TNFRSF19,Tumor necrosis factor receptor superfamily member 19,NMR metabolomics,X23608.Triglycerides to Total Lipids in Very Small VLDL percentage,40489,0.0336444169935885,0.0030621438183873,0.0276426151095493,0.0396462188776276,5.54074531476891e-28
TNFRSF19,Tumor necrosis factor receptor superfamily member 19,NMR metabolomics,X23609.Phospholipids to Total Lipids in IDL percentage,40489,0.0270707537899783,0.00276149651381445,0.0216582206229019,0.0324832869570546,1.26605285485111e-22
TNFRSF19,Tumor necrosis factor receptor superfamily member 19,NMR metabolomics,X23610.Cholesterol to Total Lipids in IDL percentage,40489,-0.0391561580804962,0.00291010824718178,-0.0448599702449725,-0.0334523459160199,4.79029908782995e-41
TNFRSF19,Tumor necrosis factor receptor superfamily member 19,NMR metabolomics,X23611.Cholesteryl Esters to Total Lipids in IDL percentage,40489,-0.0349570923323472,0.00290355714007979,-0.0406480643269036,-0.0292661203377908,3.06788316349894e-33
TNFRSF19,Tumor necrosis factor receptor superfamily member 19,NMR metabolomics,X23612.Free Cholesterol to Total Lipids in IDL percentage,40489,-0.0246834939335308,0.00300561105340749,-0.0305744915982094,-0.0187924962688521,2.33044366639715e-16
TNFRSF19,Tumor necrosis factor receptor superfamily member 19,NMR metabolomics,X23613.Triglycerides to Total Lipids in IDL percentage,40489,0.0391718848819953,0.00300905859250523,0.0332741300406851,0.0450696397233056,1.51607012506237e-38
TNFRSF19,Tumor necrosis factor receptor superfamily member 19,NMR metabolomics,X23614.Phospholipids to Total Lipids in Large LDL percentage,40489,-0.0062542061793828,0.00276063148097061,-0.0116650438820852,-0.000843368476680398,0.02349538925756
TNFRSF19,Tumor necrosis factor receptor superfamily member 19,NMR metabolomics,X23615.Cholesterol to Total Lipids in Large LDL percentage,40489,-0.0330027823149391,0.00302040383559697,-0.0389227738327091,-0.027082790797169,1.07677668617239e-27
TNFRSF19,Tumor necrosis factor receptor superfamily member 19,NMR metabolomics,X23616.Cholesteryl Esters to Total Lipids in Large LDL percentage,40489,-0.00821424639823144,0.00279646889036321,-0.0136953254233433,-0.00273316737311955,0.00331486380652627
TNFRSF19,Tumor necrosis factor receptor superfamily member 19,NMR metabolomics,X23617.Free Cholesterol to Total Lipids in Large LDL percentage,40489,-0.0344552646608343,0.00301614183638861,-0.040366902660156,-0.0285436266615127,4.16648040237878e-30
TNFRSF19,Tumor necrosis factor receptor superfamily member 19,NMR metabolomics,X23618.Triglycerides to Total Lipids in Large LDL percentage,40489,0.0351715311925759,0.00300271481358358,0.0292862101579521,0.0410568522271997,1.46587127744454e-31
TNFRSF19,Tumor necrosis factor receptor superfamily member 19,NMR metabolomics,X23619.Phospholipids to Total Lipids in Medium LDL percentage,40489,-0.0050706516162181,0.00272994284565594,-0.0104213395937037,0.000280036361267537,0.0632696797686792
TNFRSF19,Tumor necrosis factor receptor superfamily member 19,NMR metabolomics,X23620.Cholesterol to Total Lipids in Medium LDL percentage,40489,-0.0248160582710022,0.00280590822968091,-0.0303156384011768,-0.0193164781408276,1.01611690940262e-18
TNFRSF19,Tumor necrosis factor receptor superfamily member 19,NMR metabolomics,X23621.Cholesteryl Esters to Total Lipids in Medium LDL percentage,40489,0.00761769398279067,0.00284843065743859,0.00203476989421103,0.0132006180713703,0.00749506823731859
TNFRSF19,Tumor necrosis factor receptor superfamily member 19,NMR metabolomics,X23622.Free Cholesterol to Total Lipids in Medium LDL percentage,40489,-0.0363592916803096,0.00307207950953816,-0.0423805675190044,-0.0303380158416148,3.48653838120969e-32
TNFRSF19,Tumor necrosis factor receptor superfamily member 19,NMR metabolomics,X23623.Triglycerides to Total Lipids in Medium LDL percentage,40489,0.031923484980131,0.0029023805697403,0.02623481906344,0.037612150896822,4.86311449563999e-28
TNFRSF19,Tumor necrosis factor receptor superfamily member 19,NMR metabolomics,X23624.Phospholipids to Total Lipids in Small LDL percentage,40489,-0.00629689110142996,0.00278915290660408,-0.011763630798374,-0.000830151404485955,0.0239817724609806
TNFRSF19,Tumor necrosis factor receptor superfamily member 19,NMR metabolomics,X23625.Cholesterol to Total Lipids in Small LDL percentage,40489,-0.0196785655699172,0.00282073570933869,-0.0252072075602211,-0.0141499235796134,3.14692367296705e-12
TNFRSF19,Tumor necrosis factor receptor superfamily member 19,NMR metabolomics,X23626.Cholesteryl Esters to Total Lipids in Small LDL percentage,40489,0.0077138484910542,0.00281386394520035,0.00219867515846151,0.0132290218236469,0.00612509363068615
TNFRSF19,Tumor necrosis factor receptor superfamily member 19,NMR metabolomics,X23627.Free Cholesterol to Total Lipids in Small LDL percentage,40489,-0.035872815224068,0.00300475374744812,-0.0417621325690663,-0.0299834978790697,1.02364097723004e-32
TNFRSF19,Tumor necrosis factor receptor superfamily member 19,NMR metabolomics,X23628.Triglycerides to Total Lipids in Small LDL percentage,40489,0.0366129973244623,0.00296859931628237,0.0307945426645489,0.0424314519843758,8.60516279912024e-35
TNFRSF19,Tumor necrosis factor receptor superfamily member 19,NMR metabolomics,X23629.Phospholipids to Total Lipids in Very Large HDL percentage,40487,-0.0129414799632508,0.00320991751598908,-0.0192329182945894,-0.00665004163191219,5.56267763054774e-05
TNFRSF19,Tumor necrosis factor receptor superfamily member 19,NMR metabolomics,X23630.Cholesterol to Total Lipids in Very Large HDL percentage,40487,-0.0100435102310708,0.00320447859689025,-0.0163242882809757,-0.00376273218116589,0.00172627993766576
TNFRSF19,Tumor necrosis factor receptor superfamily member 19,NMR metabolomics,X23631.Cholesteryl Esters to Total Lipids in Very Large HDL percentage,40487,-0.0347183647929159,0.00320105049398567,-0.0409924237611278,-0.028444305824704,2.59384351785931e-27
TNFRSF19,Tumor necrosis factor receptor superfamily member 19,NMR metabolomics,X23632.Free Cholesterol to Total Lipids in Very Large HDL percentage,40487,0.0282387452531248,0.00339871871781453,0.0215772565662083,0.0349002339400413,1.0446840819562e-16
TNFRSF19,Tumor necrosis factor receptor superfamily member 19,NMR metabolomics,X23633.Triglycerides to Total Lipids in Very Large HDL percentage,40487,0.0407843955668135,0.00318493383422622,0.0345419252517302,0.0470268658818969,2.33060876715845e-37
TNFRSF19,Tumor necrosis factor receptor superfamily member 19,NMR metabolomics,X23634.Phospholipids to Total Lipids in Large HDL percentage,40489,0.000783956561291866,0.0033333941213396,-0.00574949591653375,0.00731740903911748,0.814069951586905
TNFRSF19,Tumor necrosis factor receptor superfamily member 19,NMR metabolomics,X23635.Cholesterol to Total Lipids in Large HDL percentage,40489,-0.0304829825973079,0.00330566801841142,-0.0369620919133943,-0.0240038732812215,3.2888162006806e-20
TNFRSF19,Tumor necrosis factor receptor superfamily member 19,NMR metabolomics,X23636.Cholesteryl Esters to Total Lipids in Large HDL percentage,40489,-0.0301558454208819,0.00334114378275985,-0.0367044872350913,-0.0236072036066726,1.98611702613137e-19
TNFRSF19,Tumor necrosis factor receptor superfamily member 19,NMR metabolomics,X23637.Free Cholesterol to Total Lipids in Large HDL percentage,40489,-0.0211237059132018,0.00321078383757858,-0.0274168422348558,-0.0148305695915478,4.88326252352643e-11
TNFRSF19,Tumor necrosis factor receptor superfamily member 19,NMR metabolomics,X23638.Triglycerides to Total Lipids in Large HDL percentage,40489,0.0499952590011569,0.00319290777341979,0.0437371597652541,0.0562533582370597,7.43817279070941e-55
TNFRSF19,Tumor necrosis factor receptor superfamily member 19,NMR metabolomics,X23639.Phospholipids to Total Lipids in Medium HDL percentage,40489,0.0332371225174317,0.00312971550714619,0.0271028801234251,0.0393713649114382,2.94531459354885e-26
TNFRSF19,Tumor necrosis factor receptor superfamily member 19,NMR metabolomics,X23640.Cholesterol to Total Lipids in Medium HDL percentage,40489,-0.0427766382238894,0.00304337063055811,-0.0487416446597833,-0.0368116317879955,1.30798369909626e-44
TNFRSF19,Tumor necrosis factor receptor superfamily member 19,NMR metabolomics,X23641.Cholesteryl Esters to Total Lipids in Medium HDL percentage,40489,-0.038809869862742,0.00302940159648253,-0.0447474969918478,-0.0328722427336363,2.16833164149728e-37
TNFRSF19,Tumor necrosis factor receptor superfamily member 19,NMR metabolomics,X23642.Free Cholesterol to Total Lipids in Medium HDL percentage,40489,-0.043155973964959,0.00327292073930427,-0.0495708986139954,-0.0367410493159227,1.70099240703574e-39
TNFRSF19,Tumor necrosis factor receptor superfamily member 19,NMR metabolomics,X23643.Triglycerides to Total Lipids in Medium HDL percentage,40489,0.045028061444142,0.00296014346876235,0.0392261802453678,0.0508299426429162,6.83539750215916e-52
TNFRSF19,Tumor necrosis factor receptor superfamily member 19,NMR metabolomics,X23644.Phospholipids to Total Lipids in Small HDL percentage,40489,-0.00359476278950927,0.00291876353288599,-0.00931553931396581,0.00212601373494726,0.218114855868911
TNFRSF19,Tumor necrosis factor receptor superfamily member 19,NMR metabolomics,X23645.Cholesterol to Total Lipids in Small HDL percentage,40489,-0.0288237480035484,0.00291475700599354,-0.0345366717352958,-0.0231108242718011,5.41177643691053e-23
TNFRSF19,Tumor necrosis factor receptor superfamily member 19,NMR metabolomics,X23646.Cholesteryl Esters to Total Lipids in Small HDL percentage,40489,-0.0275023865808377,0.00292616384156129,-0.0332376677102978,-0.0217671054513775,6.24791854558818e-21
TNFRSF19,Tumor necrosis factor receptor superfamily member 19,NMR metabolomics,X23647.Free Cholesterol to Total Lipids in Small HDL percentage,40489,-0.00616265122646834,0.00298079478063753,-0.0120050089965179,-0.000320293456418782,0.0387075515806226
TNFRSF19,Tumor necrosis factor receptor superfamily member 19,NMR metabolomics,X23648.Triglycerides to Total Lipids in Small HDL percentage,40489,0.0472646681909011,0.00295475434854218,0.0414733496677584,0.0530559867140438,3.76179183662584e-57
TNFRSF19,Tumor necrosis factor receptor superfamily member 19,Working and living environment,X24003.Nitrogen dioxide air pollution; 2010,52054,-0.00360130638209948,0.00236777095298905,-0.00824213744995801,0.00103952468575906,0.128279054329017
TNFRSF19,Tumor necrosis factor receptor superfamily member 19,Working and living environment,X24004.Nitrogen oxides air pollution; 2010,52054,-0.00339880912877343,0.00232053372832431,-0.00794705523628907,0.00114943697874221,0.143023187138291
TNFRSF19,Tumor necrosis factor receptor superfamily member 19,Working and living environment,X24005.Particulate matter air pollution (pm10); 2010,50163,-0.00156384206422598,0.00222291185306059,-0.00592074929622475,0.00279306516777278,0.48174397021499
TNFRSF19,Tumor necrosis factor receptor superfamily member 19,Working and living environment,X24006.Particulate matter air pollution (pm2.5); 2010,50163,-0.0027315103901855,0.00241784521689897,-0.00747048701530747,0.00200746623493648,0.258600880337052
TNFRSF19,Tumor necrosis factor receptor superfamily member 19,Working and living environment,X24007.Particulate matter air pollution (pm2.5) absorbance; 2010,50163,-0.00446282248941704,0.00237453458835573,-0.00911691028259428,0.000191265303760204,0.0601941760307304
TNFRSF19,Tumor necrosis factor receptor superfamily member 19,Working and living environment,X24008.Particulate matter air pollution 2.5-10um; 2010,50163,-0.00105990281974677,0.00217677298587,-0.00532637787205198,0.00320657223255844,0.626322914187731
TNFRSF19,Tumor necrosis factor receptor superfamily member 19,Working and living environment,X24009.Traffic intensity on the nearest road,52054,-0.071214959617497,0.073241955259331,-0.214769191925786,0.0723392726907918,0.330897577789292
TNFRSF19,Tumor necrosis factor receptor superfamily member 19,Working and living environment,X24010.Inverse distance to the nearest road,52054,0.00279161786546494,0.00207110649482854,-0.001267750864399,0.00685098659532887,0.177705738230204
TNFRSF19,Tumor necrosis factor receptor superfamily member 19,Working and living environment,X24011.Traffic intensity on the nearest major road,52054,0.00170351499313879,0.00207554631501934,-0.00236455578429913,0.00577158577057671,0.411792929876423
TNFRSF19,Tumor necrosis factor receptor superfamily member 19,Working and living environment,X24012.Inverse distance to the nearest major road,52054,-0.00266474442806954,0.00211121106817237,-0.00680271812168739,0.00147322926554831,0.206891954604504
TNFRSF19,Tumor necrosis factor receptor superfamily member 19,Working and living environment,X24013.Total traffic load on major roads,52054,-0.0884664028052342,0.0509962762417273,-0.18841910423902,0.0114862986285512,0.0827941305410818
TNFRSF19,Tumor necrosis factor receptor superfamily member 19,Working and living environment,X24015.Sum of road length of major roads within 100m,52054,-0.072096121275313,0.0493537415643342,-0.168829454741408,0.024637212190782,0.14408074208999
TNFRSF19,Tumor necrosis factor receptor superfamily member 19,Working and living environment,X24016.Nitrogen dioxide air pollution; 2005,52054,-0.00393707161932027,0.00235485830327175,-0.0085525938937329,0.000678450655092352,0.094556715663948
TNFRSF19,Tumor necrosis factor receptor superfamily member 19,Working and living environment,X24017.Nitrogen dioxide air pollution; 2006,52054,-0.00455438318961144,0.00234966482363004,-0.00915972624392632,5.09598647034327e-05,0.0525953695170289
TNFRSF19,Tumor necrosis factor receptor superfamily member 19,Working and living environment,X24018.Nitrogen dioxide air pollution; 2007,52054,-0.00367377073946084,0.00232723146215023,-0.00823514440527529,0.000887602926353607,0.114438982893505
TNFRSF19,Tumor necrosis factor receptor superfamily member 19,Working and living environment,X24019.Particulate matter air pollution (pm10); 2007,51987,-0.000241404773852286,0.00229454658259399,-0.00473871607573651,0.00425590652803193,0.916211488751975
TNFRSF19,Tumor necrosis factor receptor superfamily member 19,Working and living environment,X24020.Average daytime sound level of noise pollution,52054,-0.00339287018669219,0.00208710108211462,-0.00748358830763685,0.00069784793425247,0.104038168378571
TNFRSF19,Tumor necrosis factor receptor superfamily member 19,Working and living environment,X24021.Average evening sound level of noise pollution,52054,-0.00336244354782059,0.0020868923641014,-0.00745275258145934,0.00072786548581816,0.107143127085662
TNFRSF19,Tumor necrosis factor receptor superfamily member 19,Working and living environment,X24022.Average night-time sound level of noise pollution,52054,-0.00339302717389351,0.0020870671219316,-0.00748367873287944,0.000697624385092417,0.104016528771989
TNFRSF19,Tumor necrosis factor receptor superfamily member 19,Working and living environment,X24023.Average 16-hour sound level of noise pollution,52054,-0.00337968520046985,0.00208691304149844,-0.00747003476180678,0.000710664360867086,0.105358410658318
TNFRSF19,Tumor necrosis factor receptor superfamily member 19,Working and living environment,X24024.Average 24-hour sound level of noise pollution,52054,-0.00337510403228626,0.00208690442907209,-0.00746543671326756,0.000715228648695048,0.105829773879088
TNFRSF19,Tumor necrosis factor receptor superfamily member 19,Working and living environment,"X24500.Greenspace percentage, buffer 1000m",49068,0.00368982358800066,0.00242783063413967,-0.0010687244549131,0.00844837163091442,0.128573410150225
TNFRSF19,Tumor necrosis factor receptor superfamily member 19,Working and living environment,"X24501.Domestic garden percentage, buffer 1000m",49068,0.00259911710845498,0.00221383747905374,-0.00174000435049034,0.0069382385674003,0.240393373883727
TNFRSF19,Tumor necrosis factor receptor superfamily member 19,Working and living environment,"X24502.Water percentage, buffer 1000m",49068,-0.00271311342399606,0.00217320910885556,-0.00697260327735295,0.00154637642936083,0.211883148039742
TNFRSF19,Tumor necrosis factor receptor superfamily member 19,Working and living environment,"X24503.Greenspace percentage, buffer 300m",49068,0.000958309497450223,0.00228802667998398,-0.00352622279531837,0.00544284179021882,0.67533915051679
TNFRSF19,Tumor necrosis factor receptor superfamily member 19,Working and living environment,"X24504.Domestic garden percentage, buffer 300m",49068,0.00307057247269335,0.00223128013072856,-0.00130273658353463,0.00744388152892134,0.168788227411692
TNFRSF19,Tumor necrosis factor receptor superfamily member 19,Working and living environment,"X24505.Water percentage, buffer 300m",49068,-0.00126095159602706,0.00218511679766417,-0.00554378051944883,0.0030218773273947,0.563901698516307
TNFRSF19,Tumor necrosis factor receptor superfamily member 19,Working and living environment,"X24506.Natural environment percentage, buffer 1000m",52212,0.00193011708547081,0.00231596565506921,-0.00260917559846484,0.00646940976940645,0.404628460952942
TNFRSF19,Tumor necrosis factor receptor superfamily member 19,Working and living environment,"X24507.Natural environment percentage, buffer 300m",52212,-0.00178271871002301,0.00218437483206841,-0.00606409338087709,0.00249865596083107,0.414436749039339
TNFRSF19,Tumor necrosis factor receptor superfamily member 19,Working and living environment,X24508.Distance (Euclidean) to coast,52212,0.00731121906904179,0.00208762287251228,0.00321947823891772,0.0114029598991659,0.00046220275602961
TNFRSF19,Tumor necrosis factor receptor superfamily member 19,Health and medical history,X2684.Years since last breast cancer screening  or  mammogram,35725,0.0310837971223118,0.053732798419173,-0.0742324877792673,0.136400082023891,0.562946027854402
TNFRSF19,Tumor necrosis factor receptor superfamily member 19,Health and medical history,X2704.Years since last cervical smear test,45688,0.00289389364666842,0.0393499746269081,-0.0742320566220715,0.0800198439154083,0.941375155845106
TNFRSF19,Tumor necrosis factor receptor superfamily member 19,Health and medical history,X2714.Age when periods started (menarche),51547,-0.0197432605361312,0.033379828724189,-0.0851677248355416,0.0456812037632792,0.554208613844173
TNFRSF19,Tumor necrosis factor receptor superfamily member 19,Health and medical history,X2734.Number of live births,52384,-0.127917252802347,0.0320555878934394,-0.190746205073488,-0.0650883005312052,6.61073587615723e-05
TNFRSF19,Tumor necrosis factor receptor superfamily member 19,Health and medical history,X2744.Birth weight of first child,46589,-0.215760584444879,0.0357441715507469,-0.285819160684343,-0.145702008205415,1.60252968284219e-09
TNFRSF19,Tumor necrosis factor receptor superfamily member 19,Health and medical history,X2754.Age at first live birth,43296,-0.0119677880568149,0.00264189816154804,-0.017145908453449,-0.00678966766018072,5.93467476909504e-06
TNFRSF19,Tumor necrosis factor receptor superfamily member 19,Health and medical history,X2764.Age at last live birth,43245,-0.0119599334730739,0.00254767140728246,-0.0169533694313475,-0.00696649751480031,2.69202432527031e-06
TNFRSF19,Tumor necrosis factor receptor superfamily member 19,Health and medical history,X2794.Age started oral contraceptive pill,45880,0.00763634177056134,0.00280765144986367,0.00213334492882855,0.0131393386122941,0.0065367625720079
TNFRSF19,Tumor necrosis factor receptor superfamily member 19,Health and medical history,X2804.Age when last used oral contraceptive pill,43881,-0.00635158800574133,0.00242676557111201,-0.0111080485251209,-0.00159512748636179,0.0088695522520668
TNFRSF19,Tumor necrosis factor receptor superfamily member 19,Lifestyle factors,X2867.Age started smoking in former smokers,30145,-0.0104971044766448,0.00495142436533973,-0.0202018962327106,-0.000792312720578904,0.034047742902604
TNFRSF19,Tumor necrosis factor receptor superfamily member 19,Mental health,"X28735.Feeling anxious, nervous or on edge over the last 2 weeks",35662,-0.0707584783872959,0.0630650016561462,-0.194365881633342,0.0528489248587506,0.261889533251538
TNFRSF19,Tumor necrosis factor receptor superfamily member 19,Mental health,X28736.Not being able to stop or control worrying over the last 2 weeks,35653,-0.0284124038650099,0.0685739669731181,-0.162817379132321,0.105992571402302,0.678638757031867
TNFRSF19,Tumor necrosis factor receptor superfamily member 19,Mental health,X28737.Little interest or pleasure in doing things over the last 2 weeks,35693,0.0428381289044993,0.0743476484840351,-0.102883262124209,0.188559519933208,0.564500507386034
TNFRSF19,Tumor necrosis factor receptor superfamily member 19,Mental health,"X28738.Feeling down, depressed or hopeless over the last 2 weeks",35647,0.0786849938310389,0.0713412087756603,-0.0611437753692554,0.218513763031333,0.270077415637641
TNFRSF19,Tumor necrosis factor receptor superfamily member 19,Mental health,X28739.Difficulty with standing for long periods,35705,0.232847994411082,0.0626185313617854,0.110115672941983,0.355580315880182,0.000201370217076889
TNFRSF19,Tumor necrosis factor receptor superfamily member 19,Mental health,X28740.Difficulty with taking care of household responsibilities,35733,0.223969595800131,0.0672095930802711,0.0922387933628001,0.355700398237463,0.000863757461864331
TNFRSF19,Tumor necrosis factor receptor superfamily member 19,Mental health,X28741.Difficulty learning a new task,35622,-0.0323858486340342,0.075456118364305,-0.180279840628072,0.115508143360004,0.667785166056609
TNFRSF19,Tumor necrosis factor receptor superfamily member 19,Mental health,X28742.Difficulty with joining in community activities,35341,0.23070327145707,0.079274829817928,0.0753246050139312,0.386081937900209,0.0036196348095496
TNFRSF19,Tumor necrosis factor receptor superfamily member 19,Mental health,X28743.Difficulty with being emotionally affected by health problems,35654,0.0482691369408734,0.0666884164912659,-0.0824401593820078,0.178978433263755,0.469203085287766
TNFRSF19,Tumor necrosis factor receptor superfamily member 19,Mental health,X28744.Difficulty with concentrating on doing something for ten minutes,35727,0.0739037324685543,0.0984798018914367,-0.119116679238662,0.26692414417577,0.453002049514563
TNFRSF19,Tumor necrosis factor receptor superfamily member 19,Lifestyle factors,X2887.Number of cigarettes previously smoked daily,30115,0.0958197662812853,0.0708585398119884,-0.0430629717502119,0.234702504312783,0.17634346699813
TNFRSF19,Tumor necrosis factor receptor superfamily member 19,Lifestyle factors,X2897.Age stopped smoking,30155,0.0145791738785036,0.00509520072761786,0.00459258045237263,0.0245657673046346,0.00423370105285519
TNFRSF19,Tumor necrosis factor receptor superfamily member 19,Mental health,X29001#0.Mental health conditions experienced by first degree blood relatives_None of the above,34574,-0.00223261582622762,0.00644443081279944,-0.0148637002193145,0.0103984685668593,0.72901842826812
TNFRSF19,Tumor necrosis factor receptor superfamily member 19,Mental health,X29001#1.Mental health conditions experienced by first degree blood relatives_Depression,34574,-0.00012864996977479,0.00686873791670433,-0.0135913762865153,0.0133340763469657,0.985057038286332
TNFRSF19,Tumor necrosis factor receptor superfamily member 19,Mental health,X29001#3.Mental health conditions experienced by first degree blood relatives_Schizophrenia,34574,-0.0316790137845418,0.022866245782665,-0.0764968555185651,0.0131388279494816,0.165959156005283
TNFRSF19,Tumor necrosis factor receptor superfamily member 19,Mental health,X29001#4.Mental health conditions experienced by first degree blood relatives_Any other type of psychosis or psychotic illness,34574,0.0183662461346933,0.0242570605298068,-0.029177592503728,0.0659100847731145,0.448977310703165
TNFRSF19,Tumor necrosis factor receptor superfamily member 19,Mental health,X29001#5.Mental health conditions experienced by first degree blood relatives_A personality disorder,34574,0.00601366578029983,0.0254827580098294,-0.0439325399189659,0.0559598714795655,0.813445517694181
TNFRSF19,Tumor necrosis factor receptor superfamily member 19,Mental health,X29001#7.Mental health conditions experienced by first degree blood relatives_Attention deficit or attention deficit and hyperactivity disorder,34574,0.0247380732971523,0.0210359193522439,-0.0164923286332458,0.0659684752275504,0.239625722603807
TNFRSF19,Tumor necrosis factor receptor superfamily member 19,Mental health,X29001#8.Mental health conditions experienced by first degree blood relatives_An anxiety disorder,34574,0.000322445874456192,0.00970621401893501,-0.0187017336026564,0.0193466253515688,0.973499356919971
TNFRSF19,Tumor necrosis factor receptor superfamily member 19,Mental health,X29001#9.Mental health conditions experienced by first degree blood relatives_An eating disorder,34574,0.00345597623736557,0.0171955732763058,-0.0302473473841938,0.037159299858925,0.840717799773442
TNFRSF19,Tumor necrosis factor receptor superfamily member 19,Mental health,X29002.Recent lack of interest or pleasure in doing things,34504,-0.0237899273578781,0.0759514475592012,-0.172654764573913,0.125074909858156,0.754115873990467
TNFRSF19,Tumor necrosis factor receptor superfamily member 19,Mental health,X29003.Recent feelings of depression,34490,-0.0747644630970683,0.0726059404600324,-0.217072106398732,0.0675431802045951,0.303161920104314
TNFRSF19,Tumor necrosis factor receptor superfamily member 19,Mental health,"X29004.Trouble falling or staying asleep, or sleeping too much",34507,0.0397863457103696,0.0592749679866911,-0.076392591543545,0.155965282964284,0.502097942218007
TNFRSF19,Tumor necrosis factor receptor superfamily member 19,Mental health,X29005.Recent feelings of tiredness or low energy,34515,0.0860389417421184,0.0607562969867104,-0.033043400351834,0.205121283836071,0.156767792120756
TNFRSF19,Tumor necrosis factor receptor superfamily member 19,Mental health,X29006.Recent poor appetite or overeating,34522,0.128112495917611,0.0778715637419088,-0.0245157690165297,0.280740760851753,0.0999645577536616
TNFRSF19,Tumor necrosis factor receptor superfamily member 19,Mental health,X29007.Recent feelings of inadequacy,34475,0.147480527985393,0.0781136709096688,-0.00562226699755827,0.300583322968344,0.0590515184292586
TNFRSF19,Tumor necrosis factor receptor superfamily member 19,Mental health,X29008.Recent trouble concentrating on things,34522,-0.0826718751600574,0.0797327467868916,-0.238948058862365,0.0736043085422501,0.299824961503408
TNFRSF19,Tumor necrosis factor receptor superfamily member 19,Mental health,X29009.Recent changes in speed or amount of moving or speaking,34509,0.0368635000577539,0.140157921349649,-0.237846025787557,0.311573025903065,0.792545152434737
TNFRSF19,Tumor necrosis factor receptor superfamily member 19,Mental health,X29010.Recent thoughts of suicide or self-harm,34444,0.168927003740069,0.156921959397657,-0.138640036679339,0.476494044159477,0.281728231098502
TNFRSF19,Tumor necrosis factor receptor superfamily member 19,Mental health,X29038#0.Substances taken for depression_None of options listed,33189,0.00997504105381091,0.0133298063417595,-0.0161513793760377,0.0361014614836595,0.454283670601904
TNFRSF19,Tumor necrosis factor receptor superfamily member 19,Mental health,X29038#1.Substances taken for depression_Drugs or alcohol (more than once),33189,-0.0477783923133278,0.0267920638499461,-0.100290837459222,0.00473405283256657,0.0745715483459039
TNFRSF19,Tumor necrosis factor receptor superfamily member 19,Mental health,X29038#2.Substances taken for depression_Medication prescribed to participant (for at least 2 weeks),33189,0.000916898942745053,0.0125284272040012,-0.0236388183770974,0.0254726162625875,0.941660196990515
TNFRSF19,Tumor necrosis factor receptor superfamily member 19,Mental health,X29038#3.Substances taken for depression_Unprescribed medication (more than once),33189,0.0579377948662222,0.0360327811795325,-0.0126864562456615,0.128562045978106,0.107889044285068
TNFRSF19,Tumor necrosis factor receptor superfamily member 19,Mental health,X29039#1.Use of specific medications_Citalopram (sometimes called Cipramil),33189,0.00842536633455869,0.0229311252860418,-0.0365196392260831,0.0533703718952005,0.713314255246569
TNFRSF19,Tumor necrosis factor receptor superfamily member 19,Mental health,X29039#2.Use of specific medications_Fluoxetine (Prozac or Oxactin),33189,0.0248674572387405,0.0238865212610306,-0.0219501244328794,0.0716850389103605,0.297873489780555
TNFRSF19,Tumor necrosis factor receptor superfamily member 19,Mental health,X29039#3.Use of specific medications_Sertraline (Lustral),33189,-0.0164203188817772,0.0273384816014309,-0.0700037428205819,0.0371631050570274,0.548101868870091
TNFRSF19,Tumor necrosis factor receptor superfamily member 19,Mental health,X29039#5.Use of specific medications_Amitriptyline (Elavil),33189,-0.00110728666455261,0.0319087395301138,-0.0636484161435757,0.0614338428144705,0.972318419109012
TNFRSF19,Tumor necrosis factor receptor superfamily member 19,Mental health,X29039#7.Use of specific medications_Other antidepressant(s),33189,0.0164999743558768,0.0244491542391306,-0.0314203679528191,0.0644203166645728,0.499776904923098
TNFRSF19,Tumor necrosis factor receptor superfamily member 19,Mental health,X29047#0.Activities undertaken to treat depression_None of options listed,33189,-0.00961766939287228,0.0134529995072715,-0.0359855484271244,0.0167502096413799,0.474684424314322
TNFRSF19,Tumor necrosis factor receptor superfamily member 19,Mental health,X29051#0.Manifestations of mania or irritability_None of options listed,33189,-0.0135080949617734,0.0203315325102237,-0.0533578986818119,0.0263417087582651,0.506457381399172
TNFRSF19,Tumor necrosis factor receptor superfamily member 19,Mental health,X29051#1.Manifestations of mania or irritability_More active than usual,33189,-0.0021773533585295,0.0315381128108053,-0.063992054467708,0.059637347750649,0.944960317777592
TNFRSF19,Tumor necrosis factor receptor superfamily member 19,Mental health,X29051#2.Manifestations of mania or irritability_More confident than usual,33189,-0.0222630076938372,0.0423610215876751,-0.10529061000568,0.060764594618006,0.599211407059586
TNFRSF19,Tumor necrosis factor receptor superfamily member 19,Mental health,X29051#3.Manifestations of mania or irritability_Easily distracted,33189,-0.0301113669405041,0.0270834158699893,-0.0831948620456831,0.0229721281646749,0.266254344052875
TNFRSF19,Tumor necrosis factor receptor superfamily member 19,Mental health,X29051#4.Manifestations of mania or irritability_More creative or had more ideas than usual,33189,0.0444723023966164,0.0464188011456329,-0.0465085478488241,0.135453152642057,0.338055692577219
TNFRSF19,Tumor necrosis factor receptor superfamily member 19,Mental health,X29051#5.Manifestations of mania or irritability_Neded less sleep than usual,33189,0.0406407626499749,0.0440471490634049,-0.0456916495142987,0.126973174814249,0.356207290665365
TNFRSF19,Tumor necrosis factor receptor superfamily member 19,Mental health,X29051#6.Manifestations of mania or irritability_Thoughts were racing,33189,-0.0244143556879295,0.0231880596928878,-0.0698629526859896,0.0210342413101306,0.292422908705642
TNFRSF19,Tumor necrosis factor receptor superfamily member 19,Mental health,X29051#7.Manifestations of mania or irritability_More restless than usual,33189,-0.0240749939190421,0.0228500031310487,-0.0688610000558975,0.0207110122178133,0.292090602652905
TNFRSF19,Tumor necrosis factor receptor superfamily member 19,Mental health,X29051#8.Manifestations of mania or irritability_More talkative than usual,33189,0.0161981086476207,0.0314128852921339,-0.0453711465249617,0.0777673638202031,0.60611072092786
TNFRSF19,Tumor necrosis factor receptor superfamily member 19,Mental health,X29058.Recent feelings or nervousness or anxiety,34358,0.0402957822776471,0.0676278922208143,-0.0922548864751489,0.172846451030443,0.551291991125479
TNFRSF19,Tumor necrosis factor receptor superfamily member 19,Mental health,X29059.Recent inability to stop or control worrying,34371,-0.00124495022430132,0.0692586919877356,-0.136991986520263,0.13450208607166,0.985658868231791
TNFRSF19,Tumor necrosis factor receptor superfamily member 19,Mental health,X29060.Recent worrying too much about different things,34361,-0.0187276348606557,0.0650234747490015,-0.146173645368699,0.108718375647387,0.77334247297085
TNFRSF19,Tumor necrosis factor receptor superfamily member 19,Mental health,X29061.Recent trouble relaxing,34368,0.0155345621003372,0.0688049997992615,-0.119323237506215,0.15039236170689,0.821379795712251
TNFRSF19,Tumor necrosis factor receptor superfamily member 19,Mental health,X29062.Recent restlessness,34379,0.0204560048569789,0.100100344507427,-0.175740670377577,0.216652680091535,0.838080291191364
TNFRSF19,Tumor necrosis factor receptor superfamily member 19,Mental health,X29063.Recent easy annoyance or irritability,34344,0.00633175742352541,0.0722654802172639,-0.135308583802312,0.147972098649363,0.930182062800523
TNFRSF19,Tumor necrosis factor receptor superfamily member 19,Mental health,X29064.Recent feelings of foreboding,34331,0.00455395011773603,0.0779794957138372,-0.148285861481385,0.157393761716857,0.95343173173829
TNFRSF19,Tumor necrosis factor receptor superfamily member 19,Mental health,X29065#1.Symptoms of panic attack_Heart was pounding or racing,33189,-0.00555239668997537,0.0131377391750667,-0.0313023654731061,0.0201975720931553,0.672575969782076
TNFRSF19,Tumor necrosis factor receptor superfamily member 19,Mental health,X29065#11.Symptoms of panic attack_Felt like things weren't real or detached from self,33189,0.00474518147870252,0.0231433044424962,-0.0406156952285901,0.0501060581859951,0.837549756949456
TNFRSF19,Tumor necrosis factor receptor superfamily member 19,Mental health,X29065#12.Symptoms of panic attack_Afraid of losing control or 'going crazy',33189,-0.0102714201331533,0.0287119573964156,-0.066546856630128,0.0460040163638214,0.720546420121343
TNFRSF19,Tumor necrosis factor receptor superfamily member 19,Mental health,X29065#13.Symptoms of panic attack_Afraid I was going to die,33189,-0.0182717446822645,0.0315344998710814,-0.080079364429584,0.043535875065055,0.562320221408974
TNFRSF19,Tumor necrosis factor receptor superfamily member 19,Mental health,X29065#2.Symptoms of panic attack_Sweating,33189,0.000414043602507154,0.0215135138668891,-0.0417524435765956,0.0425805307816099,0.984645504563399
TNFRSF19,Tumor necrosis factor receptor superfamily member 19,Mental health,X29065#3.Symptoms of panic attack_Trembling or shaking,33189,0.0288344821391567,0.0214073656914101,-0.013123954616007,0.0707929188943204,0.178033815201039
TNFRSF19,Tumor necrosis factor receptor superfamily member 19,Mental health,X29065#6.Symptoms of panic attack_Pain or discomfort in chest,33189,0.0233066160901612,0.0218224598727789,-0.0194654052604855,0.0660786374408079,0.285545287185882
TNFRSF19,Tumor necrosis factor receptor superfamily member 19,Mental health,X29065#7.Symptoms of panic attack_Nauseous or felt sick in the stomach,33189,0.00972057937140617,0.0195942077950202,-0.0286840679068334,0.0481252266496457,0.6198401952471
TNFRSF19,Tumor necrosis factor receptor superfamily member 19,Mental health,X29065#9.Symptoms of panic attack_Felt hot or cold,33189,-0.0315756537132407,0.0264200218679999,-0.0833588965745204,0.020207589148039,0.232064349910549
TNFRSF19,Tumor necrosis factor receptor superfamily member 19,Mental health,X29076.Felt loved as a child,34337,-0.182440794932649,0.0633830816389812,-0.306671634945052,-0.0582099549202463,0.00400576588512694
TNFRSF19,Tumor necrosis factor receptor superfamily member 19,Mental health,X29077.Physically abused by family as a child,34350,0.0771948138418734,0.0884385880088043,-0.096144818655383,0.25053444633913,0.382758673655938
TNFRSF19,Tumor necrosis factor receptor superfamily member 19,Mental health,X29078.Felt hated by family member as a child,34331,0.265656374316819,0.0820386613250157,0.104860598119788,0.42645215051385,0.00120690102524411
TNFRSF19,Tumor necrosis factor receptor superfamily member 19,Mental health,X29079.Sexually molested as a child,34218,0.031301664563236,0.104740805718211,-0.173990314644458,0.23659364377093,0.765061771643953
TNFRSF19,Tumor necrosis factor receptor superfamily member 19,Mental health,X29080.Someone to take to doctor when needed as a child,34304,-0.0918017911010794,0.0882971656508379,-0.264864235776722,0.0812606535745629,0.298508886222974
TNFRSF19,Tumor necrosis factor receptor superfamily member 19,Mental health,X29081.Stopped from seeing friends or family by partner or ex-partner as an adult,34330,-0.116495431175909,0.11065186726763,-0.333373091020464,0.100382228668646,0.292453675094102
TNFRSF19,Tumor necrosis factor receptor superfamily member 19,Mental health,X29082.Belittlement by partner or ex-partner as an adult,34249,0.0434347598867292,0.0826899505086891,-0.118637543110301,0.20550706288376,0.599405635784556
TNFRSF19,Tumor necrosis factor receptor superfamily member 19,Mental health,X29083.Physical violence by partner or ex-partner as an adult,34331,0.05143726406529,0.0924921909878464,-0.129847430270889,0.232721958401469,0.578137674477396
TNFRSF19,Tumor necrosis factor receptor superfamily member 19,Mental health,X29084.Sexual interference by partner or ex-partner without consent as an adult,34289,0.158471430056309,0.112885105695094,-0.062783377106075,0.379726237218693,0.160401228416913
TNFRSF19,Tumor necrosis factor receptor superfamily member 19,Mental health,X29085.Sexual intercourse by partner or ex-partner without consent as an adult,34294,0.0850605131255648,0.113465239565002,-0.13733135642184,0.307452382672969,0.453476566268213
TNFRSF19,Tumor necrosis factor receptor superfamily member 19,Mental health,X29086.Experienced a violent or sexual assault,34326,0.241370782246931,0.106469973441049,0.0326896343024758,0.450051930191387,0.0234098331234079
TNFRSF19,Tumor necrosis factor receptor superfamily member 19,Mental health,X29087.Experienced a life-threatening injury or illness,34336,0.233978664555401,0.0760559578658915,0.0849089871382538,0.383048341972549,0.00210088206749417
TNFRSF19,Tumor necrosis factor receptor superfamily member 19,Mental health,X29088.Experienced a marital separation or divorce,34344,0.00803224579423158,0.0677679054971428,-0.124792848980168,0.140857340568631,0.905653453826902
TNFRSF19,Tumor necrosis factor receptor superfamily member 19,Mental health,X29089.Experienced the death of a spouse or partner,34352,-0.00238655596919946,0.0848947948232005,-0.168780353822673,0.164007241884274,0.977573451023611
TNFRSF19,Tumor necrosis factor receptor superfamily member 19,Mental health,X29090.Experienced the death of a close friend or family member due to suicide,34336,0.0451245627365846,0.0860624238388767,-0.123557787987614,0.213806913460783,0.600065220988677
TNFRSF19,Tumor necrosis factor receptor superfamily member 19,Lifestyle factors,X29091.Frequency of drinking alcohol,34351,-0.693137032363217,0.0580543777936933,-0.806923612838855,-0.579350451887578,1.23444567563046e-32
TNFRSF19,Tumor necrosis factor receptor superfamily member 19,Lifestyle factors,X29092.Amount of alcohol drunk on a typical drinking day,33081,-0.722888751503553,0.0731685181978856,-0.866299047171409,-0.579478455835697,6.73849689196752e-23
TNFRSF19,Tumor necrosis factor receptor superfamily member 19,Lifestyle factors,X29093.Frequency of consuming six or more units of alcohol,33099,-0.719273598373212,0.0750212890849822,-0.866315324979777,-0.572231871766646,1.15532208746941e-21
TNFRSF19,Tumor necrosis factor receptor superfamily member 19,Mental health,X29104.Ever used cannabis,34345,0.00731067634279251,0.0871832619615154,-0.163568517101778,0.178189869787363,0.933174109338924
TNFRSF19,Tumor necrosis factor receptor superfamily member 19,Mental health,X29108.Ever thought that life not worth living,34290,0.136233748384287,0.0686796421012065,0.00162164986592175,0.270845846902651,0.0473268880106626
TNFRSF19,Tumor necrosis factor receptor superfamily member 19,Mental health,X29109.Ever contemplated self-harm,34325,0.10526783957772,0.0915953188445744,-0.0742589853576456,0.284794664513086,0.250472113604088
TNFRSF19,Tumor necrosis factor receptor superfamily member 19,Mental health,X29111.Ever self-harmed,34340,-0.0314105308993742,0.143324042862933,-0.312325654910724,0.249504593111975,0.826531928254104
TNFRSF19,Tumor necrosis factor receptor superfamily member 19,Diet and food preferences,X29132.Ever had recurrent episodes of excessive overeating or binge eating,34333,0.0463781982134866,0.0959794648781362,-0.14174155294766,0.234497949374633,0.628957631677384
TNFRSF19,Tumor necrosis factor receptor superfamily member 19,Diet and food preferences,X29136#1.Actions and feelings during periods of overeating or binge eating_Eaten much more rapidly than normal,33915,-0.0141620202091276,0.0285200673849345,-0.0700613522835992,0.0417373118653439,0.619508537752612
TNFRSF19,Tumor necrosis factor receptor superfamily member 19,Diet and food preferences,X29136#2.Actions and feelings during periods of overeating or binge eating_Eaten until feeling uncomfortably full,33915,-0.0303242185731366,0.0218898474120227,-0.0732283195007011,0.0125798823544278,0.165990432291025
TNFRSF19,Tumor necrosis factor receptor superfamily member 19,Diet and food preferences,X29136#3.Actions and feelings during periods of overeating or binge eating_Eaten large amounts of food when not physically hungry,33915,-0.0208097344280112,0.0221375782321388,-0.0641993877630033,0.0225799189069809,0.347232033718078
TNFRSF19,Tumor necrosis factor receptor superfamily member 19,Diet and food preferences,X29136#4.Actions and feelings during periods of overeating or binge eating_Eaten alone because of feeling embarrassed by overeating,33915,-0.0189379784457206,0.0285723441863525,-0.0749397730509715,0.0370638161595303,0.507469669416644
TNFRSF19,Tumor necrosis factor receptor superfamily member 19,Diet and food preferences,X29149.Dependency of self-esteem on body shape or weight currently,34327,-0.168726442893163,0.0638436340295769,-0.293859965591134,-0.0435929201951928,0.00823515120602226
TNFRSF19,Tumor necrosis factor receptor superfamily member 19,Health and medical history,X29153.Pain or discomfort today,34340,0.143320514945236,0.0612459749941131,0.0232784039567746,0.263362625933698,0.0192993698628478
TNFRSF19,Tumor necrosis factor receptor superfamily member 19,Mental health,X29154.Anxiety or depression today,34340,0.0946500620161175,0.0728843264039952,-0.0482032177357131,0.237503341767948,0.194099868382256
TNFRSF19,Tumor necrosis factor receptor superfamily member 19,Mental health,X29166.Frequency of confiding in someone close,34091,-0.108927423854717,0.0591983665160262,-0.224956222226128,0.00710137451669481,0.0657929521510709
TNFRSF19,Tumor necrosis factor receptor superfamily member 19,Lifestyle factors,X29167#0.Sports and social activities attended in person at least once a week_None of the above,34304,0.00424366819647001,0.00687079693451905,-0.00922309379518733,0.0177104301881274,0.536827985008607
TNFRSF19,Tumor necrosis factor receptor superfamily member 19,Lifestyle factors,X29167#1.Sports and social activities attended in person at least once a week_Sports club or gym or fitness class,34304,-0.0107804520936791,0.00674100017051523,-0.023992812427889,0.00243190824053072,0.109800176191934
TNFRSF19,Tumor necrosis factor receptor superfamily member 19,Lifestyle factors,X29167#2.Sports and social activities attended in person at least once a week_Pub or social club,34304,-0.0430362028634592,0.00984059380352514,-0.0623237667183685,-0.0237486390085499,1.23620604991461e-05
TNFRSF19,Tumor necrosis factor receptor superfamily member 19,Lifestyle factors,X29167#3.Sports and social activities attended in person at least once a week_Religious group,34304,0.0155529082210891,0.00861089648781618,-0.00132444889503066,0.0324302653372088,0.0709192962621729
TNFRSF19,Tumor necrosis factor receptor superfamily member 19,Lifestyle factors,X29167#4.Sports and social activities attended in person at least once a week_Adult education class,34304,0.0078760327930763,0.0128186078617398,-0.0172484386159336,0.0330005042020862,0.538950787304161
TNFRSF19,Tumor necrosis factor receptor superfamily member 19,Lifestyle factors,X29167#5.Sports and social activities attended in person at least once a week_Other group activity,34304,0.00269134655470923,0.00674094526074537,-0.0105209061563517,0.0159035992657702,0.68971501831577
TNFRSF19,Tumor necrosis factor receptor superfamily member 19,Lifestyle factors,X29168#0.Sports and social activities attended virtually at least once a week_None of the above,34306,-0.00214200635187522,0.00749841596046883,-0.0168389016343941,0.0125548889306437,0.775143644304373
TNFRSF19,Tumor necrosis factor receptor superfamily member 19,Lifestyle factors,X29168#1.Sports and social activities attended virtually at least once a week_Sports club or gym or fitness class,34306,0.0011751072739526,0.010497616531715,-0.0194002211282088,0.021750435676114,0.910872952367633
TNFRSF19,Tumor necrosis factor receptor superfamily member 19,Lifestyle factors,X29168#2.Sports and social activities attended virtually at least once a week_Pub or social club,34306,-0.0124288133276831,0.0218777344680615,-0.0553091728850836,0.0304515462297175,0.569977765898836
TNFRSF19,Tumor necrosis factor receptor superfamily member 19,Lifestyle factors,X29168#3.Sports and social activities attended virtually at least once a week_Religious group,34306,0.0223025485478187,0.0144521761640317,-0.00602371673368343,0.0506288138293209,0.122815202925087
TNFRSF19,Tumor necrosis factor receptor superfamily member 19,Lifestyle factors,X29168#4.Sports and social activities attended virtually at least once a week_Adult education class,34306,-0.052598108961499,0.0204551360793604,-0.0926901756770453,-0.0125060422459526,0.0101436826104415
TNFRSF19,Tumor necrosis factor receptor superfamily member 19,Lifestyle factors,X29168#5.Sports and social activities attended virtually at least once a week_Other group activity,34306,0.00951909067498133,0.0106845520607118,-0.0114226313640138,0.0304608127139765,0.372993362134202
TNFRSF19,Tumor necrosis factor receptor superfamily member 19,Mental health,X29171.Frequency of feeling 'in tune' with people,34194,-0.0846132678607716,0.0743054289992359,-0.230251908699274,0.0610253729777308,0.254846896237457
TNFRSF19,Tumor necrosis factor receptor superfamily member 19,Mental health,X29172.Freuency of feeling that lacks companionship,34279,0.142643597476004,0.0659787480125084,0.0133252513714879,0.271961943580521,0.0306451068003181
TNFRSF19,Tumor necrosis factor receptor superfamily member 19,Mental health,X29173.Frequency of feeling left out,34219,0.0708782998006362,0.0687764054992573,-0.0639234549779081,0.20568005457918,0.302772127480178
TNFRSF19,Tumor necrosis factor receptor superfamily member 19,Mental health,X29174.Frequency of feeling isolated from others,34252,0.0953740940560223,0.0714748383337121,-0.0447165890780534,0.235464777190098,0.182112652512994
TNFRSF19,Tumor necrosis factor receptor superfamily member 19,Mental health,X29175.Tendency to bounce back quickly after hard times,34325,0.0505466581405467,0.0601387617373649,-0.0673253148646886,0.168418631145782,0.40064819239731
TNFRSF19,Tumor necrosis factor receptor superfamily member 19,Mental health,X29176.Ability to make it through stressful events,34325,0.00607794505306167,0.0584673757565694,-0.108518111429814,0.120674001535938,0.917207592628982
TNFRSF19,Tumor necrosis factor receptor superfamily member 19,Mental health,X29177.Quick recovery from stressful events,34325,-0.00215744177175983,0.0594972119693322,-0.118771977231651,0.114457093688131,0.971074801111406
TNFRSF19,Tumor necrosis factor receptor superfamily member 19,Mental health,X29178.Hard to snap back when something bad happens,34325,-0.027736865383831,0.0587139786402197,-0.142816263518662,0.0873425327509997,0.636647107603265
TNFRSF19,Tumor necrosis factor receptor superfamily member 19,Mental health,X29179.Comes through difficult times with little trouble,34325,0.0520115149662058,0.0594315706093223,-0.0644743634280659,0.168497393360478,0.381513810243051
TNFRSF19,Tumor necrosis factor receptor superfamily member 19,Mental health,X29180.Tendency to take a long time to get over setbacks,34325,-0.0261274274032898,0.0591695992965327,-0.142099842024494,0.0898449872179142,0.658811202435663
TNFRSF19,Tumor necrosis factor receptor superfamily member 19,Mental health,X29181.General happiness,34266,0.0447101290904711,0.0613610616109783,-0.0755575516670463,0.164977809847989,0.466239245479301
TNFRSF19,Tumor necrosis factor receptor superfamily member 19,Mental health,X29182.Belief that own life is meaningful,34170,-0.0320386184190507,0.0605203082958668,-0.15065842267895,0.0865811858408481,0.596549637934277
TNFRSF19,Tumor necrosis factor receptor superfamily member 19,Lifestyle factors,X2926.Number of unsuccessful stop-smoking attempts,29685,0.16218399868276,0.072233543115995,0.02060625417541,0.30376174319011,0.0247922274440648
TNFRSF19,Tumor necrosis factor receptor superfamily member 19,Health and medical history,X2946.Father's age,30778,0.0018878432974863,0.00605555395093012,-0.00998104244633674,0.0137567290413093,0.755237742900115
TNFRSF19,Tumor necrosis factor receptor superfamily member 19,Health and medical history,X2966.Age high blood pressure diagnosed,30407,-0.0297203767670454,0.00608545005767056,-0.0416478588800797,-0.0177928946540111,1.06756237187807e-06
TNFRSF19,Tumor necrosis factor receptor superfamily member 19,Blood and urine assays,X30000.White blood cell (leukocyte) count,51476,0.00765231499959797,0.00219154422243589,0.00335688832362362,0.0119477416755723,0.000480640913948871
TNFRSF19,Tumor necrosis factor receptor superfamily member 19,Blood and urine assays,X30010.Red blood cell (erythrocyte) count,51476,-0.00910177551717404,0.00256722343301571,-0.0141335334458848,-0.00407001758846325,0.000392713968747683
TNFRSF19,Tumor necrosis factor receptor superfamily member 19,Blood and urine assays,X30020.Haemoglobin concentration,51476,-0.038193510674862,0.00278277865529321,-0.0436477568392367,-0.0327392645104873,1.00135758169971e-42
TNFRSF19,Tumor necrosis factor receptor superfamily member 19,Blood and urine assays,X30030.Haematocrit percentage,51476,-0.029198459061155,0.00270301329949666,-0.0344963651281685,-0.0239005529941416,3.81893526688528e-27
TNFRSF19,Tumor necrosis factor receptor superfamily member 19,Blood and urine assays,X30040.Mean corpuscular volume,51476,-0.0219242249768869,0.00215010892614801,-0.026138438472137,-0.0177100114816368,2.2684768521913e-24
TNFRSF19,Tumor necrosis factor receptor superfamily member 19,Blood and urine assays,X30050.Mean corpuscular haemoglobin,51475,-0.0277595725560833,0.0021517825220438,-0.0319770662992892,-0.0235420788128775,5.7721262776104e-38
TNFRSF19,Tumor necrosis factor receptor superfamily member 19,Blood and urine assays,X30060.Mean corpuscular haemoglobin concentration,51475,-0.0169926125429885,0.00211071926381638,-0.0211296223000686,-0.0128556027859084,8.57319906126177e-16
TNFRSF19,Tumor necrosis factor receptor superfamily member 19,Blood and urine assays,X30070.Red blood cell (erythrocyte) distribution width,51476,0.0269296482369809,0.00203318772217786,0.0229446003015123,0.0309146961724495,6.42094698226776e-40
TNFRSF19,Tumor necrosis factor receptor superfamily member 19,Blood and urine assays,X30080.Platelet count,51476,-0.00123456750821738,0.00216151798420247,-0.00547114275725424,0.00300200774081947,0.567897539940782
TNFRSF19,Tumor necrosis factor receptor superfamily member 19,Blood and urine assays,X30090.Platelet crit,51476,0.00839167343093779,0.00221357967710907,0.00405305726380401,0.0127302895980716,0.000150369856168942
TNFRSF19,Tumor necrosis factor receptor superfamily member 19,Blood and urine assays,X30100.Mean platelet (thrombocyte) volume,51476,0.0154542586197064,0.00209030581966826,0.0113572592131566,0.0195512580262562,1.47384782051234e-13
TNFRSF19,Tumor necrosis factor receptor superfamily member 19,Blood and urine assays,X30110.Platelet distribution width,51476,0.0100279666021165,0.00208920015406568,0.00593313430014781,0.0141227989040853,1.5958711496474e-06
TNFRSF19,Tumor necrosis factor receptor superfamily member 19,Blood and urine assays,X30120.Lymphocyte count,51437,0.000531401940807416,0.00217746356258553,-0.00373642664186023,0.00479923052347506,0.807196811548415
TNFRSF19,Tumor necrosis factor receptor superfamily member 19,Blood and urine assays,X30130.Monocyte count,51437,0.0108420657457096,0.00220876799174036,0.00651288048189853,0.0151712510095207,9.22409582652945e-07
TNFRSF19,Tumor necrosis factor receptor superfamily member 19,Blood and urine assays,X30140.Neutrophill count,51437,0.00361371075174491,0.00217370627478021,-0.0006467535468243,0.00787417505031412,0.0964311757138741
TNFRSF19,Tumor necrosis factor receptor superfamily member 19,Blood and urine assays,X30150.Eosinophill count,51437,0.0370814478468413,0.00212928761513818,0.0329080441211705,0.0412548515725121,1.48863925340519e-67
TNFRSF19,Tumor necrosis factor receptor superfamily member 19,Blood and urine assays,X30160.Basophill count,51437,0.0365102331244675,0.0363641353253718,-0.0347634721132611,0.107783938362196,0.315379116870531
TNFRSF19,Tumor necrosis factor receptor superfamily member 19,Blood and urine assays,X30170.Nucleated red blood cell count,51437,0.179613815324403,0.153392611969437,-0.121035704135694,0.4802633347845,0.241632527194525
TNFRSF19,Tumor necrosis factor receptor superfamily member 19,Blood and urine assays,X30180.Lymphocyte percentage,51437,-0.00500854639071347,0.00214974229408951,-0.00922204128712891,-0.000795051494298022,0.0198221718387063
TNFRSF19,Tumor necrosis factor receptor superfamily member 19,Blood and urine assays,X30190.Monocyte percentage,51437,0.00552951006890304,0.00217935294099159,0.00125797830455953,0.00980104183324655,0.0111790732836805
TNFRSF19,Tumor necrosis factor receptor superfamily member 19,Blood and urine assays,X30200.Neutrophill percentage,51437,-0.00431454969637451,0.00213147768495368,-0.00849224595888372,-0.000136853433865307,0.0429588029423765
TNFRSF19,Tumor necrosis factor receptor superfamily member 19,Blood and urine assays,X30210.Eosinophill percentage,51437,0.0349306327397776,0.00210623818053934,0.0308024059059205,0.0390588595736347,1.82274243459422e-61
TNFRSF19,Tumor necrosis factor receptor superfamily member 19,Blood and urine assays,X30220.Basophill percentage,51437,0.00351396255822615,0.00202486737362446,-0.00045477749407778,0.00748270261053009,0.0826807213916232
TNFRSF19,Tumor necrosis factor receptor superfamily member 19,Blood and urine assays,X30230.Nucleated red blood cell percentage,51437,0.182174087943487,0.153541416496052,-0.118767088388774,0.483115264275748,0.23544255206506
TNFRSF19,Tumor necrosis factor receptor superfamily member 19,Blood and urine assays,X30240.Reticulocyte percentage,50987,0.00184911843823231,0.00222493403166452,-0.00251175226383016,0.00620998914029478,0.405930770796403
TNFRSF19,Tumor necrosis factor receptor superfamily member 19,Blood and urine assays,X30250.Reticulocyte count,50987,-0.000513562171481734,0.00229991530344194,-0.00502139616622793,0.00399427182326447,0.823306763035467
TNFRSF19,Tumor necrosis factor receptor superfamily member 19,Blood and urine assays,X30260.Mean reticulocyte volume,50987,0.00457392728113413,0.00213216419582692,0.000394885457313356,0.0087529691049549,0.0319455842261438
TNFRSF19,Tumor necrosis factor receptor superfamily member 19,Blood and urine assays,X30270.Mean sphered cell volume,50987,-0.0140274118519204,0.00215400689116746,-0.0182492653586087,-0.00980555834523219,7.53612962317265e-11
TNFRSF19,Tumor necrosis factor receptor superfamily member 19,Blood and urine assays,X30280.Immature reticulocyte fraction,50987,0.00230601754133191,0.00224793125575619,-0.00209992771995021,0.00671196280261404,0.304976413585889
TNFRSF19,Tumor necrosis factor receptor superfamily member 19,Blood and urine assays,X30290.High light scatter reticulocyte percentage,50987,0.00226128730132157,0.00228666211754058,-0.00222057044905795,0.0067431450517011,0.322719561225686
TNFRSF19,Tumor necrosis factor receptor superfamily member 19,Blood and urine assays,X30300.High light scatter reticulocyte count,50987,0.000209054617591436,0.00234624073805746,-0.00438957722900118,0.00480768646418405,0.929001562615351
TNFRSF19,Tumor necrosis factor receptor superfamily member 19,Blood and urine assays,X30500.Microalbumin in urine,32241,0.0431027462767164,0.00469863825060474,0.0338934153055312,0.0523120772479017,5.77145529066318e-20
TNFRSF19,Tumor necrosis factor receptor superfamily member 19,Blood and urine assays,X30510.Creatinine (enzymatic) in urine,51530,0.0210502699695649,0.00222422187044165,0.0166907951034993,0.0254097448356305,3.1932068626231e-21
TNFRSF19,Tumor necrosis factor receptor superfamily member 19,Blood and urine assays,X30520.Potassium in urine,51476,0.00114765713369039,0.00207356270201262,-0.00291652576225435,0.00521184002963513,0.579945409151212
TNFRSF19,Tumor necrosis factor receptor superfamily member 19,Blood and urine assays,X30530.Sodium in urine,51447,-0.00854991766679527,0.0021843167852358,-0.0128311785658574,-0.0042686567677331,9.09158060685423e-05
TNFRSF19,Tumor necrosis factor receptor superfamily member 19,Blood and urine assays,X30600.Albumin,48680,-0.0445555965918967,0.00227414495180725,-0.0490129206974389,-0.0400982724863545,8.17142346666091e-85
TNFRSF19,Tumor necrosis factor receptor superfamily member 19,Blood and urine assays,X30610.Alkaline phosphatase,51074,0.0394680134765402,0.00216881596759426,0.0352171341800555,0.043718892773025,1.49697179988779e-73
TNFRSF19,Tumor necrosis factor receptor superfamily member 19,Blood and urine assays,X30620.Alanine aminotransferase,51083,-0.0247878500357028,0.0022699788497158,-0.0292370085811458,-0.0203386914902599,1.06061579324137e-27
TNFRSF19,Tumor necrosis factor receptor superfamily member 19,Blood and urine assays,X30630.Apolipoprotein A,48464,-0.033274906870937,0.00249573897506435,-0.0381665552620631,-0.0283832584798109,2.08053543060679e-40
TNFRSF19,Tumor necrosis factor receptor superfamily member 19,Blood and urine assays,X30640.Apolipoprotein B,50971,-0.00819703197301406,0.00216781723326668,-0.0124459537502168,-0.00394811019581137,0.00015639279413543
TNFRSF19,Tumor necrosis factor receptor superfamily member 19,Blood and urine assays,X30650.Aspartate aminotransferase,51003,-0.00428229928062868,0.00220061031126351,-0.00859549549070515,3.0896929447792e-05,0.0516701008506177
TNFRSF19,Tumor necrosis factor receptor superfamily member 19,Blood and urine assays,X30660.Direct bilirubin,45180,-0.00337960533444615,0.00244746246044534,-0.00817663175691902,0.00141742108802672,0.167336606900824
TNFRSF19,Tumor necrosis factor receptor superfamily member 19,Blood and urine assays,X30670.Urea,51069,0.0815233785655191,0.00221593179996653,0.0771801522375847,0.0858666048934535,4.68715784794889e-289
TNFRSF19,Tumor necrosis factor receptor superfamily member 19,Blood and urine assays,X30680.Calcium,48687,-0.000429120676608359,0.00219971881648489,-0.00474056955691874,0.00388232820370202,0.845332122093958
TNFRSF19,Tumor necrosis factor receptor superfamily member 19,Blood and urine assays,X30690.Cholesterol,51082,-0.0114446183410523,0.00223211589539932,-0.015819565496035,-0.00706967118606964,2.96059837975929e-07
TNFRSF19,Tumor necrosis factor receptor superfamily member 19,Blood and urine assays,X30700.Creatinine,51075,0.183726805153269,0.00220639815200452,0.179402264775341,0.188051345531198,0
TNFRSF19,Tumor necrosis factor receptor superfamily member 19,Blood and urine assays,X30710.C-reactive protein,51016,0.00511901216551726,0.0023853615363335,0.000443703554303588,0.00979432077673092,0.03188113099587
TNFRSF19,Tumor necrosis factor receptor superfamily member 19,Blood and urine assays,X30720.Cystatin C,51079,0.230488176893338,0.0019831984289656,0.226601107972566,0.234375245814111,0
TNFRSF19,Tumor necrosis factor receptor superfamily member 19,Blood and urine assays,X30730.Gamma glutamyltransferase,51078,-0.0230202359087815,0.00222534796956894,-0.0273819179291366,-0.0186585538884263,4.94091907305717e-25
TNFRSF19,Tumor necrosis factor receptor superfamily member 19,Blood and urine assays,X30740.Glucose,48660,-0.0222678324947359,0.00237023209083334,-0.0269134873927692,-0.0176221775967025,6.22355923641853e-21
TNFRSF19,Tumor necrosis factor receptor superfamily member 19,Blood and urine assays,X30750.Glycated haemoglobin (HbA1c),50918,0.00489708524960787,0.00241679518483878,0.000160166687323869,0.00963400381189188,0.0427468927183073
TNFRSF19,Tumor necrosis factor receptor superfamily member 19,Blood and urine assays,X30760.HDL cholesterol,48673,-0.0394641623526083,0.00262959978462616,-0.0446181779304755,-0.034310146774741,1.10566459090912e-50
TNFRSF19,Tumor necrosis factor receptor superfamily member 19,Blood and urine assays,X30770.IGF-1,50934,0.00785576904799546,0.00218283331139636,0.0035774157576586,0.0121341223383323,0.000320165562352332
TNFRSF19,Tumor necrosis factor receptor superfamily member 19,Blood and urine assays,X30780.LDL direct,51025,-0.00426725598304848,0.00217751446375112,-0.00853518433200069,6.72365903721557e-07,0.0500423288246369
TNFRSF19,Tumor necrosis factor receptor superfamily member 19,Blood and urine assays,X30790.Lipoprotein A,45761,0.00377536183148846,0.00236412689437797,-0.00085832688149236,0.00840905054446928,0.11029456780352
TNFRSF19,Tumor necrosis factor receptor superfamily member 19,Blood and urine assays,X30810.Phosphate,48639,0.0308941463168429,0.00236120230013683,0.0262661898085747,0.035522102825111,5.50903370569192e-39
TNFRSF19,Tumor necrosis factor receptor superfamily member 19,Blood and urine assays,X30830.SHBG,48411,0.0135218259743532,0.00249115321743234,0.00863916566818585,0.0184044862805206,5.75619043878058e-08
TNFRSF19,Tumor necrosis factor receptor superfamily member 19,Blood and urine assays,X30840.Total bilirubin,50984,-0.00627975147466694,0.00219171823876926,-0.0105755192226547,-0.0019839837266792,0.00417048977785588
TNFRSF19,Tumor necrosis factor receptor superfamily member 19,Blood and urine assays,X30850.Testosterone,46535,-0.00857154216099689,0.00381205068952718,-0.0160431615124702,-0.00109992280952362,0.0245517011926578
TNFRSF19,Tumor necrosis factor receptor superfamily member 19,Blood and urine assays,X30860.Total protein,48678,-0.0268503150533258,0.00223291607677907,-0.0312268305638127,-0.0224737995428388,3.27396010046887e-33
TNFRSF19,Tumor necrosis factor receptor superfamily member 19,Blood and urine assays,X30870.Triglycerides,51072,0.0324368778198478,0.00241487035850749,0.0277037319171731,0.0371700237225225,5.33125739970799e-41
TNFRSF19,Tumor necrosis factor receptor superfamily member 19,Blood and urine assays,X30880.Urate,51045,0.0813031592075337,0.00261213077249308,0.0761833828934473,0.0864229355216201,6.15972840113414e-209
TNFRSF19,Tumor necrosis factor receptor superfamily member 19,Blood and urine assays,X30890.Vitamin D,49534,0.00247743979827014,0.00237866015063095,-0.00218473409696651,0.0071396136935068,0.29764086745424
TNFRSF19,Tumor necrosis factor receptor superfamily member 19,Physical measures,X3137.Number of measurements made,49960,0.067779181330141,0.0412086920466175,-0.0129898550812293,0.148548217741511,0.100027766815388
TNFRSF19,Tumor necrosis factor receptor superfamily member 19,Physical measures,X3143.Ankle spacing width,40306,0.0171522635530663,0.00373611369704704,0.00982948070685415,0.0244750463992785,4.44649324053516e-06
TNFRSF19,Tumor necrosis factor receptor superfamily member 19,Physical measures,"X3144.Heel Broadband ultrasound attenuation, direct entry",40305,-0.0045807896401542,0.00303229463808282,-0.0105240871307965,0.00136250785048813,0.13089306068112
TNFRSF19,Tumor necrosis factor receptor superfamily member 19,Physical measures,X3146.Speed of sound through heel,40306,-0.0123880815210126,0.00292386584330446,-0.0181188585738893,-0.00665730446813583,2.27922963971422e-05
TNFRSF19,Tumor necrosis factor receptor superfamily member 19,Physical measures,"X3147.Heel quantitative ultrasound index (QUI), direct entry",40306,-0.00995399233094154,0.00296149516741799,-0.0157585228590808,-0.00414946180280228,0.000778054941524326
TNFRSF19,Tumor necrosis factor receptor superfamily member 19,Physical measures,X3148.Heel bone mineral density (BMD),40304,-0.0103264171300443,0.00295304820381391,-0.0161143916095195,-0.004538442650569,0.000472044694871771
TNFRSF19,Tumor necrosis factor receptor superfamily member 19,Health and medical history,X3526.Mother's age at death,41031,-0.00368517086114398,0.00286401505148917,-0.00929864036206274,0.00192829863977479,0.198211641145308
TNFRSF19,Tumor necrosis factor receptor superfamily member 19,Health and medical history,X3581.Age at menopause (last menstrual period),40411,-0.011792189167409,0.00282184175567238,-0.0173229990085269,-0.00626137932629118,2.94484446250474e-05
TNFRSF19,Tumor necrosis factor receptor superfamily member 19,Health and medical history,"X3761.Age hay fever, rhinitis or eczema diagnosed",30219,0.000769597978932746,0.00455717983821949,-0.00816247450397746,0.00970167046184295,0.865900155628858
TNFRSF19,Tumor necrosis factor receptor superfamily member 19,Physical measures,X4100.Ankle spacing width (left),33437,0.0192691529066447,0.00483747779500225,0.00978769642844029,0.0287506093848491,6.84995670715308e-05
TNFRSF19,Tumor necrosis factor receptor superfamily member 19,Physical measures,X4101.Heel broadband ultrasound attenuation (left),33435,0.000765599019923067,0.00396162691618009,-0.0069991897357899,0.00853038777563603,0.846764661747708
TNFRSF19,Tumor necrosis factor receptor superfamily member 19,Physical measures,X4103.Speed of sound through heel (left),33437,-0.0054598597164531,0.00386318693971959,-0.0130317061183035,0.00211198668539731,0.157600835606603
TNFRSF19,Tumor necrosis factor receptor superfamily member 19,Physical measures,"X4104.Heel quantitative ultrasound index (QUI), direct entry (left)",33437,-0.00323864182624214,0.00389493389174718,-0.0108727122540666,0.00439542860158234,0.405712702085356
TNFRSF19,Tumor necrosis factor receptor superfamily member 19,Physical measures,X4105.Heel bone mineral density (BMD) (left),33435,-0.00330663704028913,0.00388409370594428,-0.0109194607039399,0.00430618662336166,0.394609966371617
TNFRSF19,Tumor necrosis factor receptor superfamily member 19,Physical measures,"X4106.Heel bone mineral density (BMD) T-score, automated (left)",33437,-0.00323397820311191,0.00389471388940344,-0.0108676174263426,0.00439966102011883,0.406362621946004
TNFRSF19,Tumor necrosis factor receptor superfamily member 19,Physical measures,X4119.Ankle spacing width (right),33441,0.0167873789169362,0.00477260748565382,0.00743306824505475,0.0261416895888177,0.000437875572071169
TNFRSF19,Tumor necrosis factor receptor superfamily member 19,Physical measures,X4120.Heel broadband ultrasound attenuation (right),33441,0.00046555602585756,0.00396226562365647,-0.00730048459650913,0.00823159664822425,0.906468505993032
TNFRSF19,Tumor necrosis factor receptor superfamily member 19,Physical measures,X4122.Speed of sound through heel (right),33441,-0.00559408919395324,0.00387731780816013,-0.0131936320979471,0.00200545371004061,0.149119288980064
TNFRSF19,Tumor necrosis factor receptor superfamily member 19,Physical measures,"X4123.Heel quantitative ultrasound index (QUI), direct entry (right)",33441,-0.00345364352469408,0.00390349253430079,-0.0111044888919236,0.00419720184253546,0.376311207340532
TNFRSF19,Tumor necrosis factor receptor superfamily member 19,Physical measures,X4124.Heel bone mineral density (BMD) (right),33438,-0.00354208222450516,0.00389580023687082,-0.011177850688772,0.00409368623976165,0.363266151468908
TNFRSF19,Tumor necrosis factor receptor superfamily member 19,Physical measures,"X4125.Heel bone mineral density (BMD) T-score, automated (right)",33441,-0.00345174129630963,0.00390350350977848,-0.0111026081754754,0.00419912558285619,0.376575477512495
TNFRSF19,Tumor necrosis factor receptor superfamily member 19,Physical measures,X4194.Pulse rate,33702,-0.0209440111201576,0.00378166705047097,-0.0283560785390807,-0.0135319437012345,3.13780033011128e-08
TNFRSF19,Tumor necrosis factor receptor superfamily member 19,Physical measures,X4195.Pulse wave reflection index,33702,0.00430670938902071,0.00379839774026465,-0.003138150181898,0.0117515689599394,0.256898332126112
TNFRSF19,Tumor necrosis factor receptor superfamily member 19,Physical measures,X4196.Pulse wave peak to peak time,33699,0.00491523008609927,0.0034583066489384,-0.00186305094581999,0.0116935111180185,0.155268424309521
TNFRSF19,Tumor necrosis factor receptor superfamily member 19,Physical measures,X4198.Position of the pulse wave peak,33702,-0.0130788685894335,0.00334866908187349,-0.0196422599899055,-0.00651547718896142,9.4624676792932e-05
TNFRSF19,Tumor necrosis factor receptor superfamily member 19,Physical measures,X4199.Position of pulse wave notch,33702,-0.0180958509953471,0.00372786830025256,-0.0254024728638421,-0.0107892291268521,1.22846395465756e-06
TNFRSF19,Tumor necrosis factor receptor superfamily member 19,Physical measures,X4200.Position of the shoulder on the pulse waveform,33702,-0.012903627963839,0.00334497232244353,-0.0194597737158284,-0.00634748221184972,0.000115274270628758
TNFRSF19,Tumor necrosis factor receptor superfamily member 19,Physical measures,X4269.Number of triplets attempted (left),33599,0.0830953488826699,0.179109518567209,-0.267959307509059,0.434150005274399,0.642704675425975
TNFRSF19,Tumor necrosis factor receptor superfamily member 19,Physical measures,X4270.Volume level set by participant (left),33509,-0.0040274385024113,0.0569050230004251,-0.115561283583245,0.107506406578422,0.943578594960376
TNFRSF19,Tumor necrosis factor receptor superfamily member 19,Physical measures,X4276.Number of triplets attempted (right),33601,-0.00102958562782847,0.171239483797739,-0.336658973871397,0.334599802615741,0.995202840903814
TNFRSF19,Tumor necrosis factor receptor superfamily member 19,Physical measures,X4277.Volume level set by participant (right),33493,-0.0396176884788143,0.0571926770597961,-0.151715335516015,0.0724799585583861,0.488512113055681
TNFRSF19,Tumor necrosis factor receptor superfamily member 19,Cognitive function,X4288.Time to answer,33775,0.000656592934233429,0.00423786506923575,-0.00764962260146863,0.00896280846993549,0.876876043151568
TNFRSF19,Tumor necrosis factor receptor superfamily member 19,Cognitive function,X4290.Duration screen displayed,33775,0.00544294413168475,0.00377671375130833,-0.00195941482087958,0.0128453030842491,0.149565940798221
TNFRSF19,Tumor necrosis factor receptor superfamily member 19,Physical measures,X46.Hand grip strength (left),52298,-0.0315053584956769,0.0031499044025514,-0.0376791711246777,-0.0253315458666762,1.63639501262902e-23
TNFRSF19,Tumor necrosis factor receptor superfamily member 19,Physical measures,X47.Hand grip strength (right),52304,-0.0332566274345051,0.00313752345597214,-0.0394061734082106,-0.0271070814607997,3.35577762770286e-26
TNFRSF19,Tumor necrosis factor receptor superfamily member 19,Physical measures,X48.Waist circumference,52391,0.00246561187291864,0.00420705529434574,-0.00578021650399901,0.0107114402498363,0.557835928867706
TNFRSF19,Tumor necrosis factor receptor superfamily member 19,Health and medical history,X4803.Tinnitus,33609,0.0460699743028068,0.0679293405273256,-0.0870715331307514,0.179211481736365,0.497659277082608
TNFRSF19,Tumor necrosis factor receptor superfamily member 19,Working and living environment,X4825.Noisy workplace,33748,0.0519984873170198,0.0970101897089619,-0.138141484512546,0.242138459146585,0.591964071003838
TNFRSF19,Tumor necrosis factor receptor superfamily member 19,Working and living environment,X4836.Loud music exposure frequency,33690,0.120705048845262,0.112611882454797,-0.100014240766141,0.341424338456664,0.28380742890003
TNFRSF19,Tumor necrosis factor receptor superfamily member 19,Physical measures,X49.Hip circumference,52388,0.0187811333224458,0.00356456598243497,0.0117945839968733,0.0257676826480184,1.3830458070017e-07
TNFRSF19,Tumor necrosis factor receptor superfamily member 19,Physical measures,X50.Standing height,52386,0.0140606187292333,0.00291860084579975,0.00834016107146585,0.0197810763870008,1.46064900536194e-06
TNFRSF19,Tumor necrosis factor receptor superfamily member 19,Health and medical history,X5057.Number of older siblings,32669,0.00487061538802942,0.0602847303131162,-0.113287456025678,0.123028686801737,0.935608131715353
TNFRSF19,Tumor necrosis factor receptor superfamily member 19,Physical measures,X51.Seated height,52258,0.00523117050877106,0.0029296131186618,-0.000510871203806083,0.0109732122213482,0.0741719926408076
TNFRSF19,Tumor necrosis factor receptor superfamily member 19,Eye measures,X5181.Ever had eye surgery,30722,0.162166713589588,0.136229213497175,-0.104842544864875,0.429175972044051,0.233935858332234
TNFRSF19,Tumor necrosis factor receptor superfamily member 19,Eye measures,X5186.Duration visual-acuity screen displayed (right),30704,0.000307293751187262,0.00430538082196626,-0.0081312526598666,0.00874584016224112,0.94310210741036
TNFRSF19,Tumor necrosis factor receptor superfamily member 19,Eye measures,X5188.Duration visual-acuity screen displayed (left),30706,0.00365619026104286,0.00426744118307635,-0.00470799445778679,0.0120203749798725,0.391608115513972
TNFRSF19,Tumor necrosis factor receptor superfamily member 19,Eye measures,X5190.Duration at which refractometer first shown (right),30631,0.00281412536176757,0.00430131415511687,-0.0056164503822615,0.0112447011057966,0.512976513733598
TNFRSF19,Tumor necrosis factor receptor superfamily member 19,Eye measures,X5193.Duration at which refractometer first shown (left),30632,0.0023235465596765,0.00432316822352272,-0.00614986315842804,0.010796956277781,0.59096661290006
TNFRSF19,Tumor necrosis factor receptor superfamily member 19,Eye measures,"X5199.logMAR, initial (right)",30685,0.154968026245654,0.0733498416652758,0.0112023365817134,0.298733715909595,0.0346639947528452
TNFRSF19,Tumor necrosis factor receptor superfamily member 19,Eye measures,X5200.Final number of letters displayed (right),30685,-0.115425717851486,0.516965837258025,-1.12867875887722,0.897827323174244,0.823328545629182
TNFRSF19,Tumor necrosis factor receptor superfamily member 19,Eye measures,"X5201.logMAR, final (right)",30633,0.0114783112785722,0.00449569151065496,0.00266675591768852,0.020289866639456,0.0106982281110072
TNFRSF19,Tumor necrosis factor receptor superfamily member 19,Eye measures,X5202.Number of rounds to result (right),30685,0.00363837732011531,0.068472833431785,-0.130568376206183,0.137845130846414,0.957625197606845
TNFRSF19,Tumor necrosis factor receptor superfamily member 19,Eye measures,"X5206.logMAR, initial (left)",30684,0.0867195763605789,0.0728750613941491,-0.0561155439719534,0.229554696693111,0.234101150143827
TNFRSF19,Tumor necrosis factor receptor superfamily member 19,Eye measures,X5207.Final number of letters displayed (left),30684,-0.46343409983435,0.413948160983571,-1.27477249536215,0.34790429569345,0.262950343348482
TNFRSF19,Tumor necrosis factor receptor superfamily member 19,Eye measures,"X5208.logMAR, final (left)",30620,0.00732154277792251,0.00444431130438888,-0.0013893073786797,0.0160323929345247,0.0995275171773519
TNFRSF19,Tumor necrosis factor receptor superfamily member 19,Eye measures,X5209.Number of rounds to result (left),30682,0.0496959883439935,0.0690000168145868,-0.0855440446125967,0.184936021300584,0.47140951603929
TNFRSF19,Tumor necrosis factor receptor superfamily member 19,Eye measures,"X5254.Intra-ocular pressure, corneal-compensated (right)",30385,-0.0100243567263858,0.00438990706721528,-0.0186285745781278,-0.00142013887464388,0.0224360699727169
TNFRSF19,Tumor necrosis factor receptor superfamily member 19,Eye measures,"X5255.Intra-ocular pressure, Goldmann-correlated (right)",30385,-0.0113251989836374,0.00442124763500776,-0.0199908443482526,-0.00265955361902219,0.0104454459531505
TNFRSF19,Tumor necrosis factor receptor superfamily member 19,Eye measures,X5256.Corneal hysteresis (right),30385,0.00175447674814829,0.00439638318568386,-0.00686243429579208,0.0103713877920887,0.689853959945608
TNFRSF19,Tumor necrosis factor receptor superfamily member 19,Eye measures,X5257.Corneal resistance factor (right),30385,-0.00477612420583106,0.00440075260331069,-0.01340159930832,0.00384935089665789,0.27783416871234
TNFRSF19,Tumor necrosis factor receptor superfamily member 19,Eye measures,"X5262.Intra-ocular pressure, corneal-compensated (left)",30384,-0.00972592475590963,0.00437659236615614,-0.0183040457935757,-0.00114780371824361,0.0263033329892351
TNFRSF19,Tumor necrosis factor receptor superfamily member 19,Eye measures,"X5263.Intra-ocular pressure, Goldmann-correlated (left)",30384,-0.00831171364047451,0.00435467106114759,-0.0168468689203238,0.000223441639374763,0.0563504085938885
TNFRSF19,Tumor necrosis factor receptor superfamily member 19,Eye measures,X5264.Corneal hysteresis (left),30384,0.00394340393336023,0.0044661717126115,-0.00481029262335831,0.0126971004900788,0.377299354293492
TNFRSF19,Tumor necrosis factor receptor superfamily member 19,Eye measures,X5265.Corneal resistance factor (left),30384,-0.0017589971734029,0.00441516523646965,-0.0104127210368834,0.00689472669007762,0.690350473634111
TNFRSF19,Tumor necrosis factor receptor superfamily member 19,Lifestyle factors,X5364.Average weekly intake of other alcoholic drinks,29965,0.321549801474678,0.320488397918604,-0.306607458445785,0.949707061395141,0.315754471376038
TNFRSF19,Tumor necrosis factor receptor superfamily member 19,Diet and food preferences,"X6144#1.Never eat eggs, dairy, wheat, sugar_Eggs or foods containing eggs",52297,0.043033488879819,0.0123038283203273,0.0189179853719775,0.0671489923876605,0.000470251020473738
TNFRSF19,Tumor necrosis factor receptor superfamily member 19,Diet and food preferences,"X6144#2.Never eat eggs, dairy, wheat, sugar_Dairy products",52297,0.0285861200023256,0.0126481700700661,0.0037957066649961,0.0533765333396551,0.0238227811786111
TNFRSF19,Tumor necrosis factor receptor superfamily member 19,Diet and food preferences,"X6144#3.Never eat eggs, dairy, wheat, sugar_Wheat products",52297,0.0408288810857462,0.0323147431632269,-0.0225080155141786,0.104165777685671,0.206428981942374
TNFRSF19,Tumor necrosis factor receptor superfamily member 19,Diet and food preferences,"X6144#4.Never eat eggs, dairy, wheat, sugar_Sugar or foods or drinks containing sugar",52297,-0.0255073119404696,0.00535138431922199,-0.0359960252061447,-0.0150185986747945,1.88410290083541e-06
TNFRSF19,Tumor necrosis factor receptor superfamily member 19,Diet and food preferences,"X6144#5.Never eat eggs, dairy, wheat, sugar_I eat all of the above",52297,0.0118313285791191,0.00489273688359326,0.00224156428727632,0.0214210928709619,0.0156063966965883
TNFRSF19,Tumor necrosis factor receptor superfamily member 19,Mental health,"X6145#3.Illness, injury, bereavement, stress in last 2 years_Death of a close relative",37352,-0.0131579294033626,0.0062773818040276,-0.0254615977392566,-0.000854261067468469,0.0360940343906842
TNFRSF19,Tumor necrosis factor receptor superfamily member 19,Mental health,"X6145#4.Illness, injury, bereavement, stress in last 2 years_Death of a spouse or partner",37352,-0.00488417736913225,0.0156554262590827,-0.0355688128369344,0.0258004580986699,0.755060887216332
TNFRSF19,Tumor necrosis factor receptor superfamily member 19,Mental health,"X6145#5.Illness, injury, bereavement, stress in last 2 years_Marital separation or divorce",37352,-0.00678741309205104,0.012269756817144,-0.0308361364536534,0.0172613102695513,0.580148127733384
TNFRSF19,Tumor necrosis factor receptor superfamily member 19,Mental health,"X6145#6.Illness, injury, bereavement, stress in last 2 years_Financial difficulties",37352,0.00920146161310798,0.0075467411632673,-0.00559015106689593,0.0239930742931119,0.222766713453096
TNFRSF19,Tumor necrosis factor receptor superfamily member 19,Eye measures,X6147#1.Reason for glasses or contact lenses_For short-sightedness,52382,0.00871375139629769,0.0100741621826552,-0.0110316064817066,0.028459109274302,0.387067950589319
TNFRSF19,Tumor necrosis factor receptor superfamily member 19,Eye measures,X6147#2.Reason for glasses or contact lenses_For long-sightedness,52382,0.00871375139629769,0.0100741621826552,-0.0110316064817066,0.028459109274302,0.387067950589319
TNFRSF19,Tumor necrosis factor receptor superfamily member 19,Eye measures,X6147#3.Reason for glasses or contact lenses_For just reading or near work as you are getting older (called 'presbyopia'),52382,-0.00297052733484899,0.0080475468336197,-0.0187437191287436,0.0128026644590456,0.712039519849011
TNFRSF19,Tumor necrosis factor receptor superfamily member 19,Eye measures,X6147#4.Reason for glasses or contact lenses_For 'astigmatism',52382,-0.00217575068648702,0.0125946794268371,-0.0268613223630877,0.0225098209901136,0.862847955266385
TNFRSF19,Tumor necrosis factor receptor superfamily member 19,Eye measures,X6147#5.Reason for glasses or contact lenses_For a 'squint' or 'turn' in an eye since childhood (called 'strabismus'),52382,0.0347187349545046,0.0315172162017704,-0.0270550088009654,0.0964924787099746,0.270653800904707
TNFRSF19,Tumor necrosis factor receptor superfamily member 19,Eye measures,X6147#6.Reason for glasses or contact lenses_For a 'lazy' eye or an eye with poor vision since childhood (called 'amblyopia'),52382,0.0297514023717037,0.0214298376265993,-0.012251079376431,0.0717538841198383,0.165051688608695
TNFRSF19,Tumor necrosis factor receptor superfamily member 19,Eye measures,X6147#7.Reason for glasses or contact lenses_Other eye condition,52382,0.0451952741953074,0.0348908605205177,-0.0231908124249073,0.113581360815522,0.19521617332098
TNFRSF19,Tumor necrosis factor receptor superfamily member 19,Health and medical history,X6149#1.Mouth or teeth dental problems_Mouth ulcers,52297,0.00446537210287347,0.00648636550994362,-0.00824790429661602,0.017178648502363,0.491191315609927
TNFRSF19,Tumor necrosis factor receptor superfamily member 19,Health and medical history,X6149#2.Mouth or teeth dental problems_Painful gums,52297,0.00844428502079954,0.0108153427979254,-0.0127537868631342,0.0296423569047333,0.434944972393666
TNFRSF19,Tumor necrosis factor receptor superfamily member 19,Health and medical history,X6149#3.Mouth or teeth dental problems_Bleeding gums,52297,-0.00778895142828194,0.00574050830159851,-0.019040347699415,0.00346244484285113,0.174843045914757
TNFRSF19,Tumor necrosis factor receptor superfamily member 19,Health and medical history,X6149#4.Mouth or teeth dental problems_Loose teeth,52297,0.0211279605043861,0.0106513988395052,0.000251218778956022,0.0420047022298162,0.0473118698837537
TNFRSF19,Tumor necrosis factor receptor superfamily member 19,Health and medical history,X6149#5.Mouth or teeth dental problems_Toothache,52297,0.0123880154249822,0.0103784806964499,-0.00795380674005955,0.0327298375900239,0.232634806375347
TNFRSF19,Tumor necrosis factor receptor superfamily member 19,Health and medical history,X6149#6.Mouth or teeth dental problems_Dentures,52297,0.0446806853709554,0.00581531916777101,0.0332826598021242,0.0560787109397866,1.60164354126589e-14
TNFRSF19,Tumor necrosis factor receptor superfamily member 19,Health and medical history,X6150#1.Vascular or heart problems diagnosed by doctor_Heart attack,31911,0.122939584337128,0.0259837688215866,0.0720113974468186,0.173867771227438,2.27081163604585e-06
TNFRSF19,Tumor necrosis factor receptor superfamily member 19,Health and medical history,X6150#2.Vascular or heart problems diagnosed by doctor_Angina,31911,0.0601125958938304,0.0170301151295481,0.026733570239916,0.0934916215477448,0.000418409823430587
TNFRSF19,Tumor necrosis factor receptor superfamily member 19,Health and medical history,X6150#3.Vascular or heart problems diagnosed by doctor_Stroke,31911,0.156614018918295,0.0217803384842571,0.113924555489151,0.199303482347439,7.07594867453682e-13
TNFRSF19,Tumor necrosis factor receptor superfamily member 19,Health and medical history,X6150#4.Vascular or heart problems diagnosed by doctor_High blood pressure,31911,-0.0491191873971902,0.0194423218113,-0.0872261381473381,-0.0110122366470422,0.011544156267704
TNFRSF19,Tumor necrosis factor receptor superfamily member 19,Health and medical history,X6151#1.Fractured bone site(s)_Ankle,52292,0.0139109191636491,0.0157917470636502,-0.0170409050811053,0.0448627434084035,0.378380608553874
TNFRSF19,Tumor necrosis factor receptor superfamily member 19,Health and medical history,X6151#2.Fractured bone site(s)_Leg,52292,0.00384545249877554,0.0271522895992408,-0.0493730351157363,0.0570639401132874,0.887376967663231
TNFRSF19,Tumor necrosis factor receptor superfamily member 19,Health and medical history,X6151#3.Fractured bone site(s)_Hip,52292,0.0146244127139611,0.0431893101158112,-0.0700266351130288,0.099275460540951,0.734904699067994
TNFRSF19,Tumor necrosis factor receptor superfamily member 19,Health and medical history,X6151#4.Fractured bone site(s)_Spine,52292,0.000440768281043765,0.0421796825750947,-0.0822314095661418,0.0831129461282293,0.991662510804781
TNFRSF19,Tumor necrosis factor receptor superfamily member 19,Health and medical history,X6151#5.Fractured bone site(s)_Wrist,52292,0.0150081618925752,0.0132071042051741,-0.0108777623495661,0.0408940861347164,0.25581137250034
TNFRSF19,Tumor necrosis factor receptor superfamily member 19,Health and medical history,X6151#6.Fractured bone site(s)_Arm,52292,0.00621992333604193,0.0187792746165786,-0.030587454912452,0.0430273015845359,0.740486759728522
TNFRSF19,Tumor necrosis factor receptor superfamily member 19,Health and medical history,X6151#7.Fractured bone site(s)_Other bones,52292,0.0111351834991772,0.00934892334458635,-0.00718870625621203,0.0294590732545665,0.233637882368615
TNFRSF19,Tumor necrosis factor receptor superfamily member 19,Health and medical history,"X6152#5.Blood clot, DVT, bronchitis, emphysema, asthma, rhinitis, eczema, allergy diagnosed by doctor_Blood clot in the leg (DVT)",34018,0.0794865581427634,0.0143079608552149,0.0514429548665422,0.107530161418984,2.84381824102719e-08
TNFRSF19,Tumor necrosis factor receptor superfamily member 19,Health and medical history,"X6152#6.Blood clot, DVT, bronchitis, emphysema, asthma, rhinitis, eczema, allergy diagnosed by doctor_Emphysema or chronic bronchitis",34018,0.0312657723998018,0.0167002185132477,-0.00146665588616379,0.0639982006857674,0.0612125442152199
TNFRSF19,Tumor necrosis factor receptor superfamily member 19,Health and medical history,"X6152#7.Blood clot, DVT, bronchitis, emphysema, asthma, rhinitis, eczema, allergy diagnosed by doctor_Blood clot in the lung",34018,0.103210397608356,0.0216011463174844,0.0608721508260866,0.145548644390625,1.79677072090022e-06
TNFRSF19,Tumor necrosis factor receptor superfamily member 19,Health and medical history,"X6152#8.Blood clot, DVT, bronchitis, emphysema, asthma, rhinitis, eczema, allergy diagnosed by doctor_Asthma",34018,-0.000560469866153429,0.00749520502494012,-0.0152510717150361,0.0141301319827292,0.940393607830287
TNFRSF19,Tumor necrosis factor receptor superfamily member 19,Health and medical history,"X6154#1.Medication for pain relief, constipation, heartburn_Aspirin",37625,0.0340476326356614,0.00775312980262061,0.018851498222525,0.0492437670487978,1.13465309229951e-05
TNFRSF19,Tumor necrosis factor receptor superfamily member 19,Health and medical history,"X6154#2.Medication for pain relief, constipation, heartburn_Ibuprofen",37625,-0.0263294969474258,0.0067674895357852,-0.0395937764375648,-0.0130652174572868,0.000100494521693055
TNFRSF19,Tumor necrosis factor receptor superfamily member 19,Health and medical history,"X6154#3.Medication for pain relief, constipation, heartburn_Paracetamol",37625,-0.00412695520936472,0.00635166087487651,-0.0165762105241227,0.00832230010539324,0.51586875725865
TNFRSF19,Tumor necrosis factor receptor superfamily member 19,Health and medical history,"X6154#4.Medication for pain relief, constipation, heartburn_Ranitidine",37625,0.0218476840508235,0.0152661329633774,-0.00807393655739621,0.0517693046590432,0.152419250948958
TNFRSF19,Tumor necrosis factor receptor superfamily member 19,Health and medical history,"X6154#5.Medication for pain relief, constipation, heartburn_Omeprazole",37625,0.034443323501734,0.00914506607670234,0.0165189939913974,0.0523676530120706,0.000166386680220494
TNFRSF19,Tumor necrosis factor receptor superfamily member 19,Health and medical history,"X6154#6.Medication for pain relief, constipation, heartburn_Laxatives",37625,-0.00533562894644902,0.0106263481866072,-0.0261632713921991,0.015492013499301,0.615596337328119
TNFRSF19,Tumor necrosis factor receptor superfamily member 19,Health and medical history,X6155#1.Vitamin and mineral supplements_Vitamin A,52297,-0.025183765043674,0.0141274600502092,-0.052873586742084,0.00250605665473598,0.074660547165105
TNFRSF19,Tumor necrosis factor receptor superfamily member 19,Health and medical history,X6155#2.Vitamin and mineral supplements_Vitamin B,52297,-0.0206151908079244,0.009065918886129,-0.0383843918247373,-0.00284598979111161,0.0229782635926466
TNFRSF19,Tumor necrosis factor receptor superfamily member 19,Health and medical history,X6155#3.Vitamin and mineral supplements_Vitamin C,52297,0.00492836635618738,0.0354279875756358,-0.0645104892920587,0.0743672220044335,0.889364700522803
TNFRSF19,Tumor necrosis factor receptor superfamily member 19,Health and medical history,X6155#4.Vitamin and mineral supplements_Vitamin D,52297,-0.0167621211950189,0.00893797707701127,-0.034280556265961,0.000756313875923162,0.0607506475767182
TNFRSF19,Tumor necrosis factor receptor superfamily member 19,Health and medical history,X6155#5.Vitamin and mineral supplements_Vitamin E,52297,-0.0191693893922924,0.0107483795780312,-0.0402362133652336,0.00189743458064887,0.0745210656590948
TNFRSF19,Tumor necrosis factor receptor superfamily member 19,Health and medical history,X6155#6.Vitamin and mineral supplements_Folic acid or Folate (Vit B9),52297,-0.00764468218249242,0.0120675243670192,-0.0312970299418501,0.0160076655768652,0.52641749638476
TNFRSF19,Tumor necrosis factor receptor superfamily member 19,Health and medical history,X6155#7.Vitamin and mineral supplements_Multivitamins + or - minerals,52297,0.017480324424363,0.00427559996160958,0.00910014849960821,0.0258605003491178,4.35594153013824e-05
TNFRSF19,Tumor necrosis factor receptor superfamily member 19,Lifestyle factors,X6157#1.Why stopped smoking_Illness or ill health,28861,0.0485969290559032,0.0150855153651302,0.0190293189402479,0.0781645391715584,0.00128479502052671
TNFRSF19,Tumor necrosis factor receptor superfamily member 19,Lifestyle factors,X6157#2.Why stopped smoking_Doctor's advice,28861,0.0276002975238913,0.0198761849578315,-0.0113570249934584,0.0665576200412411,0.165021069425755
TNFRSF19,Tumor necrosis factor receptor superfamily member 19,Lifestyle factors,X6157#3.Why stopped smoking_Health precaution,28861,-0.0528390150740208,0.0132120075561032,-0.0787345498839829,-0.0269434802640586,6.45654714553271e-05
TNFRSF19,Tumor necrosis factor receptor superfamily member 19,Lifestyle factors,X6157#4.Why stopped smoking_Financial reasons,28861,0.00128903677963255,0.0119773979910406,-0.0221866632828071,0.0247647368420722,0.914300092696082
TNFRSF19,Tumor necrosis factor receptor superfamily member 19,Health and medical history,X6159#1.Pain type(s) experienced in last month_Headache,52424,0.000862205553893112,0.00487871146137614,-0.00870006891040412,0.0104244800181903,0.859723223508613
TNFRSF19,Tumor necrosis factor receptor superfamily member 19,Health and medical history,X6159#2.Pain type(s) experienced in last month_Facial pain,52424,0.00099765442362446,0.0130771665151123,-0.0246335919459957,0.0266289007932446,0.939189085878215
TNFRSF19,Tumor necrosis factor receptor superfamily member 19,Health and medical history,X6159#3.Pain type(s) experienced in last month_Neck or shoulder pain,52424,0.0118637517399078,0.00476649016776901,0.00252143101108053,0.0212060724687351,0.0128163840247931
TNFRSF19,Tumor necrosis factor receptor superfamily member 19,Health and medical history,X6159#4.Pain type(s) experienced in last month_Back pain,52424,0.0178865951392074,0.00475081442336586,0.00857499886941029,0.0271981914090044,0.000166920763893233
TNFRSF19,Tumor necrosis factor receptor superfamily member 19,Health and medical history,X6159#5.Pain type(s) experienced in last month_Stomach or abdominal pain,52424,0.00782807385957119,0.00685877190061689,-0.00561511906563792,0.0212712667847803,0.253745320867579
TNFRSF19,Tumor necrosis factor receptor superfamily member 19,Health and medical history,X6159#6.Pain type(s) experienced in last month_Hip pain,52424,0.0182629425125748,0.00607567959517428,0.00635461050603324,0.0301712745191164,0.0026502268803739
TNFRSF19,Tumor necrosis factor receptor superfamily member 19,Health and medical history,X6159#7.Pain type(s) experienced in last month_Knee pain,52424,0.0175510717548665,0.00509774124590462,0.00755949891289346,0.0275426445968396,0.000576329711080955
TNFRSF19,Tumor necrosis factor receptor superfamily member 19,Health and medical history,X6159#8.Pain type(s) experienced in last month_Pain all over the body,52424,0.109840380569524,0.0138568107133412,0.0826810315713753,0.136999729567673,2.3315983773033e-15
TNFRSF19,Tumor necrosis factor receptor superfamily member 19,Lifestyle factors,X6160#1.Leisure or social activities_Sports club or gym,43687,-0.012526293910186,0.00497155633985463,-0.0222705443363011,-0.00278204348407093,0.0117571233200514
TNFRSF19,Tumor necrosis factor receptor superfamily member 19,Lifestyle factors,X6160#2.Leisure or social activities_Pub or social club,43687,-0.0193482639255574,0.0055098315736552,-0.0301475338099216,-0.00854899404119322,0.000446456718630477
TNFRSF19,Tumor necrosis factor receptor superfamily member 19,Lifestyle factors,X6160#3.Leisure or social activities_Religious group,43687,0.0216083764748017,0.00552974149966932,0.0107700831354498,0.0324466698141535,9.3511464731036e-05
TNFRSF19,Tumor necrosis factor receptor superfamily member 19,Lifestyle factors,X6160#4.Leisure or social activities_Adult education class,43687,-0.0087419638539952,0.00706861335959209,-0.0225964460387957,0.00511251833080529,0.216202560078366
TNFRSF19,Tumor necrosis factor receptor superfamily member 19,Lifestyle factors,X6160#5.Leisure or social activities_Other group activity,43687,0.00452008032714092,0.00500921349612969,-0.00529797812527326,0.0143381387795551,0.366880519565712
TNFRSF19,Tumor necrosis factor receptor superfamily member 19,Physical activities,X6162#1.Types of transport used (excluding work)_Car or motor vehicle,52173,-0.0143886972218587,0.00514355495208324,-0.0244700649279418,-0.00430732951577554,0.00515476060036125
TNFRSF19,Tumor necrosis factor receptor superfamily member 19,Physical activities,X6162#2.Types of transport used (excluding work)_Walk,52173,-0.00857741447489524,0.00413291063430961,-0.0166779193181421,-0.000476909631648407,0.037959310360627
TNFRSF19,Tumor necrosis factor receptor superfamily member 19,Physical activities,X6162#3.Types of transport used (excluding work)_Public transport,52173,-0.00362500404429354,0.00452152207261775,-0.0124871873066243,0.00523717921803726,0.422720617381341
TNFRSF19,Tumor necrosis factor receptor superfamily member 19,Physical activities,X6162#4.Types of transport used (excluding work)_Cycle,52173,-0.00476570784748079,0.00992187373250796,-0.0242125803631964,0.0146811646682348,0.631001262554894
TNFRSF19,Tumor necrosis factor receptor superfamily member 19,Physical activities,X6164#1.Types of physical activity in last 4 weeks_Walking for pleasure (not as a means of transport),52185,-0.031083317898238,0.00466198611521401,-0.0402208106840574,-0.0219458251124185,2.65263212488649e-11
TNFRSF19,Tumor necrosis factor receptor superfamily member 19,Physical activities,X6164#3.Types of physical activity in last 4 weeks_Strenuous sports,52185,-0.014635930204055,0.00839027030568818,-0.0310808600032038,0.0018089995950938,0.0811016334335921
TNFRSF19,Tumor necrosis factor receptor superfamily member 19,Health and medical history,X6179#1.Mineral and other dietary supplements_Fish oil (including cod liver oil),52297,-0.030568020725916,0.00446878719291151,-0.0393268436240225,-0.0218091978278094,8.06394303827714e-12
TNFRSF19,Tumor necrosis factor receptor superfamily member 19,Health and medical history,X6179#2.Mineral and other dietary supplements_Glucosamine,52297,-0.0288505225266015,0.00507072622748527,-0.0387891459324726,-0.0189118991207304,1.28596250735067e-08
TNFRSF19,Tumor necrosis factor receptor superfamily member 19,Health and medical history,X6179#3.Mineral and other dietary supplements_Calcium,52297,0.00288362570593995,0.00662622261495052,-0.0101037706193631,0.015871022031243,0.663432287245349
TNFRSF19,Tumor necrosis factor receptor superfamily member 19,Health and medical history,X6179#4.Mineral and other dietary supplements_Zinc,52297,-0.02140588824152,0.00955818843029062,-0.0401399375648896,-0.00267183891815041,0.0251290507642417
TNFRSF19,Tumor necrosis factor receptor superfamily member 19,Health and medical history,X6179#5.Mineral and other dietary supplements_Iron,52297,0.0364932795605931,0.00986972915714125,0.0171486104125962,0.0558379487085899,0.000218154939584569
TNFRSF19,Tumor necrosis factor receptor superfamily member 19,Health and medical history,X6179#6.Mineral and other dietary supplements_Selenium,52297,-0.0232987999565195,0.0127844254830656,-0.048356273903328,0.00175867399028903,0.0683995441141689
TNFRSF19,Tumor necrosis factor receptor superfamily member 19,Physical measures,"X78.Heel bone mineral density (BMD) T-score, automated",40306,-0.00995273180041342,0.00296148708442821,-0.0157572464858927,-0.00414821711493412,0.000779228139373332
TNFRSF19,Tumor necrosis factor receptor superfamily member 19,Physical activities,X864.Number of days or week walked 10+ minutes,51782,-0.0848801751947771,0.033032669098052,-0.149624206626959,-0.0201361437625952,0.0101873618587544
TNFRSF19,Tumor necrosis factor receptor superfamily member 19,Physical activities,X874.Duration of walks,47676,-0.00497512558998641,0.00224554782507953,-0.00937639932714229,-0.000573851852830524,0.0267319333358958
TNFRSF19,Tumor necrosis factor receptor superfamily member 19,Physical activities,X884.Number of days or week of moderate physical activity 10+ minutes,50697,-0.0423523903295975,0.0323667147008757,-0.105791151143314,0.0210863704841188,0.190709537293323
TNFRSF19,Tumor necrosis factor receptor superfamily member 19,Physical activities,X894.Duration of moderate activity,44458,-0.0916099919472369,0.0400755858616461,-0.170158140236063,-0.0130618436584106,0.022268749040566
TNFRSF19,Tumor necrosis factor receptor superfamily member 19,Physical activities,X90087.No-wear time bias adjusted average acceleration,30512,-0.0040289566326379,0.00441776380107176,-0.0126877736827386,0.00462986041746275,0.361810232333519
TNFRSF19,Tumor necrosis factor receptor superfamily member 19,Physical activities,X904.Number of days or week of vigorous physical activity 10+ minutes,50686,-0.144091588989933,0.0334831633946143,-0.209718589243377,-0.0784645887364889,1.6880244996627e-05
TNFRSF19,Tumor necrosis factor receptor superfamily member 19,Physical activities,X914.Duration of vigorous activity,38255,0.00272145592887136,0.00289792913602072,-0.00295848517772925,0.00840139703547196,0.347693945412618
