Protein,Protein_definition,Trait_category,Trait,sample_size,Estimated_effect,se,lowerCI,upperCI,Pvalue
ADAMTS1,A disintegrin and metalloproteinase with thrombospondin motifs 1,Lifestyle factors,X1050.Time spend outdoors in summer,38887,0.0132134610350515,0.0303388746897241,-0.0462507333568077,0.0726776554269107,0.6631808815187
ADAMTS1,A disintegrin and metalloproteinase with thrombospondin motifs 1,Lifestyle factors,X1060.Time spent outdoors in winter,33953,-0.012599785565445,0.0340816251326861,-0.0793997708255097,0.0542001996946197,0.711612520014468
ADAMTS1,A disintegrin and metalloproteinase with thrombospondin motifs 1,Physical activities,X1070.Time spent watching television (TV),40935,0.133592264259411,0.0306637952901326,0.0734912254907512,0.193693303028071,1.32372671227155e-05
ADAMTS1,A disintegrin and metalloproteinase with thrombospondin motifs 1,Physical activities,X1080.Time spent using computer,33888,-0.0511513393677131,0.0313523882635364,-0.112602020364244,0.0102993416288183,0.102794708033614
ADAMTS1,A disintegrin and metalloproteinase with thrombospondin motifs 1,Physical activities,X1090.Time spent driving,29485,-0.138922905430747,0.0343465447927152,-0.206242133224469,-0.0716036776370249,5.25141177784296e-05
ADAMTS1,A disintegrin and metalloproteinase with thrombospondin motifs 1,Lifestyle factors,X1160.Sleep duration,43100,0.0759446678217213,0.0277510851547911,0.0215525409183308,0.130336794725112,0.00620960323740907
ADAMTS1,A disintegrin and metalloproteinase with thrombospondin motifs 1,Health and medical history,X120039#0.Location of pain during the past week_None of the given areas,14051,0.0043893476989416,0.00891093169431933,-0.0130760784219243,0.0218547738198075,0.622317010330659
ADAMTS1,A disintegrin and metalloproteinase with thrombospondin motifs 1,Health and medical history,X120039#1.Location of pain during the past week_Left shoulder,14051,-0.00222553270546489,0.00868917031045208,-0.019256306513951,0.0148052411030212,0.797856386905201
ADAMTS1,A disintegrin and metalloproteinase with thrombospondin motifs 1,Health and medical history,X120039#10.Location of pain during the past week_Upper right leg,14051,-0.00654801712678171,0.00985373409852411,-0.025861335959889,0.0127653017063255,0.50636757620625
ADAMTS1,A disintegrin and metalloproteinase with thrombospondin motifs 1,Health and medical history,X120039#11.Location of pain during the past week_Lower left leg,14051,-0.00998133498748946,0.0100735974630942,-0.029725586015154,0.00976291604017512,0.321780227003288
ADAMTS1,A disintegrin and metalloproteinase with thrombospondin motifs 1,Health and medical history,X120039#12.Location of pain during the past week_Lower right leg,14051,-0.00704166513945218,0.0102366738658143,-0.0271055459164482,0.0130222156375439,0.491535909066151
ADAMTS1,A disintegrin and metalloproteinase with thrombospondin motifs 1,Health and medical history,X120039#13.Location of pain during the past week_Left jaw pain,14051,-0.0313325104249328,0.0218162213195683,-0.0740923042112867,0.0114272833614211,0.150967028096533
ADAMTS1,A disintegrin and metalloproteinase with thrombospondin motifs 1,Health and medical history,X120039#14.Location of pain during the past week_Right jaw pain,14051,-0.0259170600161925,0.0220903190208696,-0.069214085297097,0.0173799652647119,0.240722856366722
ADAMTS1,A disintegrin and metalloproteinase with thrombospondin motifs 1,Health and medical history,X120039#15.Location of pain during the past week_Chest pain,14051,-0.0122163399372744,0.0157958566324538,-0.0431762189368838,0.018743539062335,0.439305289938037
ADAMTS1,A disintegrin and metalloproteinase with thrombospondin motifs 1,Health and medical history,X120039#16.Location of pain during the past week_Abdomen,14051,-0.00209241417244163,0.0115485052473404,-0.0247274844572288,0.0205426561123455,0.856225102915636
ADAMTS1,A disintegrin and metalloproteinase with thrombospondin motifs 1,Health and medical history,X120039#17.Location of pain during the past week_Neck pain,14051,-0.0069103838393948,0.00783751457073731,-0.0222719123980399,0.00845114471925033,0.377950897759817
ADAMTS1,A disintegrin and metalloproteinase with thrombospondin motifs 1,Health and medical history,X120039#18.Location of pain during the past week_Upper back,14051,-0.00603286424409358,0.0113517127905927,-0.0282822213136552,0.016216492825468,0.595115605159906
ADAMTS1,A disintegrin and metalloproteinase with thrombospondin motifs 1,Health and medical history,X120039#19.Location of pain during the past week_Lower back,14051,0.00793784227872632,0.00634597855664417,-0.00450027569229624,0.0203759602497489,0.211011494673146
ADAMTS1,A disintegrin and metalloproteinase with thrombospondin motifs 1,Health and medical history,X120039#2.Location of pain during the past week_Right shoulder,14051,-0.0067931424544974,0.00817203252416017,-0.0228103262018513,0.00922404129285654,0.405836848809132
ADAMTS1,A disintegrin and metalloproteinase with thrombospondin motifs 1,Health and medical history,X120039#3.Location of pain during the past week_Upper left arm,14051,-0.00339457332309469,0.012192310683113,-0.0272915022619962,0.0205023556158068,0.780694687504671
ADAMTS1,A disintegrin and metalloproteinase with thrombospondin motifs 1,Health and medical history,X120039#4.Location of pain during the past week_Upper right arm,14051,-0.0144163468239817,0.0113286110381673,-0.0366204244587896,0.00778773081082634,0.203194998579803
ADAMTS1,A disintegrin and metalloproteinase with thrombospondin motifs 1,Health and medical history,X120039#5.Location of pain during the past week_Lower left arm,14051,0.0244366142809335,0.0150676941957618,-0.00509606634275968,0.0539692949046267,0.104871084598196
ADAMTS1,A disintegrin and metalloproteinase with thrombospondin motifs 1,Health and medical history,X120039#6.Location of pain during the past week_Lower right arm,14051,-0.00299619873952845,0.0146581644394178,-0.0317262010407873,0.0257338035617304,0.838040165937937
ADAMTS1,A disintegrin and metalloproteinase with thrombospondin motifs 1,Health and medical history,X120039#7.Location of pain during the past week_Left hip,14051,0.00432877640414507,0.00886370875064618,-0.0130440927471214,0.0217016455554116,0.625294860010792
ADAMTS1,A disintegrin and metalloproteinase with thrombospondin motifs 1,Health and medical history,X120039#8.Location of pain during the past week_Right hip,14051,-0.00298962548953529,0.00838199600969098,-0.0194183376685296,0.013439086689459,0.721342533206525
ADAMTS1,A disintegrin and metalloproteinase with thrombospondin motifs 1,Health and medical history,X120039#9.Location of pain during the past week_Upper left leg,14051,-0.00614229975297389,0.0104661469727352,-0.0266559478195348,0.014371348313587,0.557298399036909
ADAMTS1,A disintegrin and metalloproteinase with thrombospondin motifs 1,Health and medical history,X120040.Fatigue severity over the past week,14066,0.0633132005307646,0.0502889257772985,-0.0352530939927404,0.16187949505427,0.208055249563429
ADAMTS1,A disintegrin and metalloproteinase with thrombospondin motifs 1,Health and medical history,X120041.Waking unrefreshed severity over the past week,14069,-0.00886385729215558,0.0494955268849694,-0.105875089986696,0.0881473754023845,0.857874321143778
ADAMTS1,A disintegrin and metalloproteinase with thrombospondin motifs 1,Health and medical history,X120042.Cognitive symptoms severity over the past week,14065,-0.00645897437807651,0.0545906285262826,-0.11345660628959,0.100538657533437,0.905818542562182
ADAMTS1,A disintegrin and metalloproteinase with thrombospondin motifs 1,Health and medical history,X120098.Mobility problems today,14073,0.0511356196268653,0.0584079020143084,-0.0633438683211792,0.16561510757491,0.381321512938093
ADAMTS1,A disintegrin and metalloproteinase with thrombospondin motifs 1,Health and medical history,X120099.Self-care problems today,14073,0.00413297520871722,0.091910539411415,-0.176011682037656,0.184277632455091,0.964133956586467
ADAMTS1,A disintegrin and metalloproteinase with thrombospondin motifs 1,Health and medical history,X120100.Problems doing usual activities,14073,0.0539720160345364,0.0551397503666598,-0.0541018946841169,0.16204592675319,0.32768464646558
ADAMTS1,A disintegrin and metalloproteinase with thrombospondin motifs 1,Health and medical history,X120101.Pain or discomfort today,14073,0.023739377698295,0.0497492848131722,-0.0737692205355224,0.121247975932112,0.633241170586428
ADAMTS1,A disintegrin and metalloproteinase with thrombospondin motifs 1,Health and medical history,X120102.Anxiety or depression today,14073,-0.0148369937115251,0.0611973684073732,-0.134783835789977,0.105109848366926,0.808438935301078
ADAMTS1,A disintegrin and metalloproteinase with thrombospondin motifs 1,Health and medical history,X120103.Scale to indicate how health is today,14023,-0.00268071300749869,0.00274893827725631,-0.00806863203092107,0.00270720601592368,0.329487209959328
ADAMTS1,A disintegrin and metalloproteinase with thrombospondin motifs 1,Health and medical history,X120104.Little interest or pleasure in doing things over the last two weeks,14036,0.0245612375079896,0.0612581174615535,-0.0955046727166552,0.144627147732634,0.688465506784784
ADAMTS1,A disintegrin and metalloproteinase with thrombospondin motifs 1,Health and medical history,"X120105.Feeling down, depressed, or hopeless over the last two weeks",14014,-0.115178655701947,0.0641972101502101,-0.241005187596359,0.0106478761924651,0.0728127135538423
ADAMTS1,A disintegrin and metalloproteinase with thrombospondin motifs 1,Health and medical history,"X120106.Trouble falling or staying asleep, or sleeping too much over the last two weeks",14045,0.0452053041616796,0.0495874438839106,-0.0519860858507852,0.142396694174144,0.361980221766123
ADAMTS1,A disintegrin and metalloproteinase with thrombospondin motifs 1,Health and medical history,X120107.Feeling tired or having little energy over the last two weeks,14051,-0.00508561385549357,0.0509890798825824,-0.105024210425355,0.0948529827143679,0.92055274364513
ADAMTS1,A disintegrin and metalloproteinase with thrombospondin motifs 1,Health and medical history,X120108.Poor appetite or overeating over the last two weeks,14053,-0.0594544373805549,0.0667130047143644,-0.190211926620709,0.0713030518595993,0.372838706673416
ADAMTS1,A disintegrin and metalloproteinase with thrombospondin motifs 1,Health and medical history,X120109.Feeling bad about self over the last two weeks,14016,-0.011407719465039,0.0665584548643385,-0.141862290999142,0.119046852069064,0.863916453465317
ADAMTS1,A disintegrin and metalloproteinase with thrombospondin motifs 1,Health and medical history,X120110.Trouble concentrating over the last two weeks,14054,-0.141563150803017,0.0681500023401817,-0.275137155389773,-0.00798914621626057,0.0377985814107698
ADAMTS1,A disintegrin and metalloproteinase with thrombospondin motifs 1,Health and medical history,X120111.Moving or speaking slower or faster than usual over the last two weeks,14039,-0.172904848417139,0.102473775282067,-0.373753447969991,0.0279437511357134,0.0915663317772859
ADAMTS1,A disintegrin and metalloproteinase with thrombospondin motifs 1,Health and medical history,X120112.Thoughts of being better off dead or of hurting self over the last two weeks,13975,-0.0406724945946772,0.136500746861788,-0.308213958443782,0.226868969254428,0.765734034340947
ADAMTS1,A disintegrin and metalloproteinase with thrombospondin motifs 1,Health and medical history,"X120113.Level of difficultly depression has made to do work, take care of things at home, or get along with other people",9762,-0.0106924894974897,0.0677014388648088,-0.143387309672515,0.122002330677535,0.874510559775991
ADAMTS1,A disintegrin and metalloproteinase with thrombospondin motifs 1,Lifestyle factors,X1269.Exposure to tobacco smoke at home,38928,0.0107706229734131,0.0670669477620927,-0.120680594640289,0.142221840587115,0.872413150526553
ADAMTS1,A disintegrin and metalloproteinase with thrombospondin motifs 1,Lifestyle factors,X1279.Exposure to tobacco smoke outside home,36314,-0.0440991017474294,0.0415268815552138,-0.125491789595649,0.0372935861007897,0.288269496017341
ADAMTS1,A disintegrin and metalloproteinase with thrombospondin motifs 1,Diet and food preferences,X1289.Cooked vegetable intake,41850,-0.0677392818054029,0.0286026260143858,-0.123800428793599,-0.0116781348172067,0.017875093545003
ADAMTS1,A disintegrin and metalloproteinase with thrombospondin motifs 1,Diet and food preferences,X1299.Salad  or  raw vegetable intake,40722,-0.0909518580102344,0.0304280764119002,-0.150590887777559,-0.03131282824291,0.00279988814811042
ADAMTS1,A disintegrin and metalloproteinase with thrombospondin motifs 1,Diet and food preferences,X1309.Fresh fruit intake,41782,-0.0206934478854895,0.0301272399090616,-0.0797428381072502,0.0383559423362712,0.49216949996936
ADAMTS1,A disintegrin and metalloproteinase with thrombospondin motifs 1,Diet and food preferences,X1319.Dried fruit intake,39500,-0.0278645893105826,0.0312157679727774,-0.0890474945372263,0.0333183159160612,0.372052922400742
ADAMTS1,A disintegrin and metalloproteinase with thrombospondin motifs 1,Health and medical history,X134.Number of self-reported cancers,43477,0.0311736726124467,0.0534143085431846,-0.0735183721321952,0.135865717357089,0.559478855387636
ADAMTS1,A disintegrin and metalloproteinase with thrombospondin motifs 1,Health and medical history,X135.Number of self-reported non-cancer illnesses,43478,0.16909907650443,0.0291086500795706,0.112046122348472,0.226152030660388,6.31942954043995e-09
ADAMTS1,A disintegrin and metalloproteinase with thrombospondin motifs 1,Health and medical history,"X136.Number of operations, self-reported",43478,-0.0360417114842555,0.0283386417947165,-0.0915854494018998,0.0195020264333888,0.203443132876164
ADAMTS1,A disintegrin and metalloproteinase with thrombospondin motifs 1,Health and medical history,X137.Number of treatments or medications taken,43478,0.146726578503227,0.0283411190807569,0.0911779851049439,0.202275171901511,2.26287224161846e-07
ADAMTS1,A disintegrin and metalloproteinase with thrombospondin motifs 1,Diet and food preferences,X1438.Bread intake,42199,0.00311511873849311,0.0016563551136565,-0.000131337284273628,0.00636157476125985,0.0600186628930596
ADAMTS1,A disintegrin and metalloproteinase with thrombospondin motifs 1,Diet and food preferences,X1458.Cereal intake,41272,0.0648015006168801,0.0285977292927083,0.00874995120317191,0.120853050030588,0.0234585836016608
ADAMTS1,A disintegrin and metalloproteinase with thrombospondin motifs 1,Diet and food preferences,X1488.Tea intake,41926,0.00112023907226348,0.0015837471758225,-0.00198390539234863,0.00422438353687559,0.479362541726283
ADAMTS1,A disintegrin and metalloproteinase with thrombospondin motifs 1,Diet and food preferences,X1498.Coffee intake,40071,-0.120496432562571,0.0291520750845216,-0.177634499728234,-0.0633583653969091,3.58202632899785e-05
ADAMTS1,A disintegrin and metalloproteinase with thrombospondin motifs 1,Diet and food preferences,X1528.Water intake,40247,0.0157065016759463,0.0291736811794322,-0.0414739134357407,0.0728869167876333,0.590318296253037
ADAMTS1,A disintegrin and metalloproteinase with thrombospondin motifs 1,Lifestyle factors,X1568.Average weekly red wine intake,29560,-0.122525291149717,0.0341397878075236,-0.189439275252463,-0.0556113070469707,0.000332575714729219
ADAMTS1,A disintegrin and metalloproteinase with thrombospondin motifs 1,Lifestyle factors,X1578.Average weekly champagne plus white wine intake,29558,-0.113739580050901,0.0348668328285984,-0.182078572394954,-0.045400587706848,0.00110710109408438
ADAMTS1,A disintegrin and metalloproteinase with thrombospondin motifs 1,Lifestyle factors,X1588.Average weekly beer plus cider intake,29637,-0.0518717439432425,0.0386479066033964,-0.127621640885899,0.0238781529994144,0.179553825635598
ADAMTS1,A disintegrin and metalloproteinase with thrombospondin motifs 1,Lifestyle factors,X1598.Average weekly spirits intake,29515,-0.000241349388711079,0.0375770077802809,-0.0738922846380616,0.0734095858606394,0.994875430311162
ADAMTS1,A disintegrin and metalloproteinase with thrombospondin motifs 1,Lifestyle factors,X1608.Average weekly fortified wine intake,29613,0.0259513786138137,0.0616867951545968,-0.0949547398891959,0.146857497116823,0.673980247603205
ADAMTS1,A disintegrin and metalloproteinase with thrombospondin motifs 1,Lifestyle factors,X1737.Childhood sunburn occasions,32632,-0.0489478070616847,0.0341011859151745,-0.115786131455427,0.0178905173320574,0.151191380715865
ADAMTS1,A disintegrin and metalloproteinase with thrombospondin motifs 1,Health and medical history,X1807.Father's age at death,32091,-0.00239963904830198,0.00179414142628627,-0.00591615624382306,0.0011168781472191,0.181073530693694
ADAMTS1,A disintegrin and metalloproteinase with thrombospondin motifs 1,Health and medical history,X1845.Mother's age,16496,0.00447546990217324,0.00417164468444985,-0.00370095367934847,0.0126518934836949,0.28336263872874
ADAMTS1,A disintegrin and metalloproteinase with thrombospondin motifs 1,Health and medical history,X1873.Number of full brothers,42700,-0.0206526090623639,0.0279234255509898,-0.0753825231423039,0.0340773050175761,0.459537168489832
ADAMTS1,A disintegrin and metalloproteinase with thrombospondin motifs 1,Health and medical history,X1883.Number of full sisters,42704,-0.0102521946467193,0.0277325235311159,-0.0646079407677064,0.0441035514742679,0.711621819401286
ADAMTS1,A disintegrin and metalloproteinase with thrombospondin motifs 1,Physical measures,X20015.Sitting height,43136,-0.00377175207919321,0.00208323573092528,-0.00785489411180676,0.000311389953420343,0.0702212410196082
ADAMTS1,A disintegrin and metalloproteinase with thrombospondin motifs 1,Cognitive function,X20016.Fluid intelligence score,14104,0.0551308600716172,0.0453957183804929,-0.0338447479541488,0.144106468097383,0.224596051142156
ADAMTS1,A disintegrin and metalloproteinase with thrombospondin motifs 1,Cognitive function,X20018.Prospective memory result,14678,0.012403890053248,0.0591035241259397,-0.103439017233594,0.12824679734009,0.833774252556085
ADAMTS1,A disintegrin and metalloproteinase with thrombospondin motifs 1,Physical measures,X20019.Speech-reception-threshold (SRT) estimate (left),13898,0.00143694876839478,0.00294629585399251,-0.00433779110543054,0.00721168864222011,0.625760367593033
ADAMTS1,A disintegrin and metalloproteinase with thrombospondin motifs 1,Physical measures,X20021.Speech-reception-threshold (SRT) estimate (right),13885,0.00102568535655192,0.00293811256532992,-0.00473301527149472,0.00678438598459857,0.727022024222534
ADAMTS1,A disintegrin and metalloproteinase with thrombospondin motifs 1,Cognitive function,X20023.Mean time to correctly identify matches,42955,0.00539761979709983,0.00167558974741984,0.00211346389215695,0.00868177570204271,0.00127694213011886
ADAMTS1,A disintegrin and metalloproteinase with thrombospondin motifs 1,Health and medical history,X20107#1.Illnesses of father_Heart disease,37820,0.00472341218678824,0.00359473530713192,-0.00232226901519032,0.0117690933887668,0.188860730694692
ADAMTS1,A disintegrin and metalloproteinase with thrombospondin motifs 1,Health and medical history,X20107#10.Illnesses of father_Alzheimer's disease or dementia,37087,-0.00799497688214516,0.00790389317229619,-0.0234866074998457,0.00749665373555537,0.311772347531026
ADAMTS1,A disintegrin and metalloproteinase with thrombospondin motifs 1,Health and medical history,X20107#11.Illnesses of father_Parkinson's disease,37025,0.0100571276913423,0.0106040678896784,-0.0107268453724273,0.030841100755112,0.342921028452188
ADAMTS1,A disintegrin and metalloproteinase with thrombospondin motifs 1,Health and medical history,X20107#12.Illnesses of father_Severe depression,37065,-0.00981058737597823,0.00889859150985847,-0.0272518267353008,0.00763065198334436,0.27025687926419
ADAMTS1,A disintegrin and metalloproteinase with thrombospondin motifs 1,Health and medical history,X20107#13.Illnesses of father_Prostate cancer,37089,-0.00271027716005521,0.00638898892598965,-0.0152326954549949,0.00981214113488451,0.67141465413937
ADAMTS1,A disintegrin and metalloproteinase with thrombospondin motifs 1,Health and medical history,X20107#2.Illnesses of father_Stroke,37359,0.00110026989779007,0.00464299392459189,-0.00799999819441003,0.0102005379899902,0.812678084261844
ADAMTS1,A disintegrin and metalloproteinase with thrombospondin motifs 1,Health and medical history,X20107#3.Illnesses of father_Lung cancer,37276,-0.00175497865145047,0.00585611978740493,-0.0132329734347641,0.00972301613186319,0.764420755115958
ADAMTS1,A disintegrin and metalloproteinase with thrombospondin motifs 1,Health and medical history,X20107#4.Illnesses of father_Bowel cancer,37098,-0.00152958560164853,0.00728793572919065,-0.0158139396308622,0.0127547684275651,0.833763165201757
ADAMTS1,A disintegrin and metalloproteinase with thrombospondin motifs 1,Health and medical history,X20107#6.Illnesses of father_Chronic bronchitis or emphysema,37350,-0.00527181108384741,0.00535061620157223,-0.015759018838929,0.00521539667123416,0.324496981183827
ADAMTS1,A disintegrin and metalloproteinase with thrombospondin motifs 1,Health and medical history,X20107#8.Illnesses of father_High blood pressure,37461,0.00282335766606829,0.00404885547212983,-0.00511239905930617,0.0107591143914427,0.485605374026651
ADAMTS1,A disintegrin and metalloproteinase with thrombospondin motifs 1,Health and medical history,X20107#9.Illnesses of father_Diabetes,37223,0.00792695636053141,0.00558878744398897,-0.00302706702968697,0.0188809797507498,0.156091775670214
ADAMTS1,A disintegrin and metalloproteinase with thrombospondin motifs 1,Health and medical history,X20110#1.Illnesses of mother_Heart disease,39640,-0.00786755387900138,0.00411041990268696,-0.0159239768882678,0.000188869130265055,0.0556208174846842
ADAMTS1,A disintegrin and metalloproteinase with thrombospondin motifs 1,Health and medical history,X20110#10.Illnesses of mother_Alzheimer's disease or dementia,39393,-0.00569158173393848,0.00591594917964946,-0.0172868421260514,0.00590367865817445,0.336018269236806
ADAMTS1,A disintegrin and metalloproteinase with thrombospondin motifs 1,Health and medical history,X20110#11.Illnesses of mother_Parkinson's disease,39272,-0.0097490494713543,0.0128748732027502,-0.0349838009487446,0.015485702006036,0.448925499863339
ADAMTS1,A disintegrin and metalloproteinase with thrombospondin motifs 1,Health and medical history,X20110#12.Illnesses of mother_Severe depression,39332,-0.0039931286338549,0.00661902236727117,-0.0169664124737064,0.00898015520599659,0.546325431175133
ADAMTS1,A disintegrin and metalloproteinase with thrombospondin motifs 1,Health and medical history,X20110#2.Illnesses of mother_Stroke,39534,-0.000352789255788028,0.00467904016670533,-0.00952370798253047,0.00881812947095441,0.939898604624344
ADAMTS1,A disintegrin and metalloproteinase with thrombospondin motifs 1,Health and medical history,X20110#3.Illnesses of mother_Lung cancer,39353,0.00174743215075049,0.00832489118392969,-0.0145693545697517,0.0180642188712527,0.833743294253964
ADAMTS1,A disintegrin and metalloproteinase with thrombospondin motifs 1,Health and medical history,X20110#4.Illnesses of mother_Bowel cancer,39321,0.00753271156532738,0.0074088192601645,-0.00698857418459504,0.0220539973152498,0.309291824533024
ADAMTS1,A disintegrin and metalloproteinase with thrombospondin motifs 1,Health and medical history,X20110#5.Illnesses of mother_Breast cancer,39353,-0.000399081906460276,0.00604487168363843,-0.0122470304063916,0.011448866593471,0.947362306741144
ADAMTS1,A disintegrin and metalloproteinase with thrombospondin motifs 1,Health and medical history,X20110#6.Illnesses of mother_Chronic bronchitis or emphysema,39403,-0.00767408782035772,0.00693805584543538,-0.0212726772774111,0.00592450163669561,0.268695966879907
ADAMTS1,A disintegrin and metalloproteinase with thrombospondin motifs 1,Health and medical history,X20110#8.Illnesses of mother_High blood pressure,39721,0.000555712146635129,0.00354963232590324,-0.00640156721213523,0.00751299150540549,0.875596486209838
ADAMTS1,A disintegrin and metalloproteinase with thrombospondin motifs 1,Health and medical history,X20110#9.Illnesses of mother_Diabetes,39459,0.00261955696245582,0.00549084664441839,-0.00814250246060421,0.0133816163855159,0.633309893835219
ADAMTS1,A disintegrin and metalloproteinase with thrombospondin motifs 1,Health and medical history,X20111#1.Illnesses of siblings_Heart disease,34061,-0.00748732852311539,0.0057062338119808,-0.0186715467945978,0.00369688974836698,0.189484651349889
ADAMTS1,A disintegrin and metalloproteinase with thrombospondin motifs 1,Health and medical history,X20111#10.Illnesses of siblings_Alzheimer's disease or dementia,33803,0.031686608919894,0.0231905448878205,-0.0137668590602342,0.0771400769000221,0.17183541426959
ADAMTS1,A disintegrin and metalloproteinase with thrombospondin motifs 1,Health and medical history,X20111#11.Illnesses of siblings_Parkinson's disease,33796,-0.00242190039872977,0.0229466616656383,-0.0473973572633809,0.0425535564659214,0.915944164299964
ADAMTS1,A disintegrin and metalloproteinase with thrombospondin motifs 1,Health and medical history,X20111#12.Illnesses of siblings_Severe depression,33901,-0.00375008278950009,0.00677691311152473,-0.0170328324880886,0.00953266690908839,0.580019548622801
ADAMTS1,A disintegrin and metalloproteinase with thrombospondin motifs 1,Health and medical history,X20111#13.Illnesses of siblings_Prostate cancer,33821,0.00533886900549941,0.0134530855537463,-0.0210291786798433,0.0317069166908421,0.691479924156999
ADAMTS1,A disintegrin and metalloproteinase with thrombospondin motifs 1,Health and medical history,X20111#2.Illnesses of siblings_Stroke,33868,0.00992296074424746,0.00960863749183023,-0.00890996873973978,0.0287558902282347,0.301745805278365
ADAMTS1,A disintegrin and metalloproteinase with thrombospondin motifs 1,Health and medical history,X20111#3.Illnesses of siblings_Lung cancer,33821,-0.00625472664494686,0.0113776225997726,-0.0285548669405011,0.0160454136506074,0.582501807033464
ADAMTS1,A disintegrin and metalloproteinase with thrombospondin motifs 1,Health and medical history,X20111#4.Illnesses of siblings_Bowel cancer,33826,-0.0166347189604585,0.0111617660920335,-0.0385117805008443,0.00524234257992722,0.136146719559283
ADAMTS1,A disintegrin and metalloproteinase with thrombospondin motifs 1,Health and medical history,X20111#5.Illnesses of siblings_Breast cancer,33847,0.00469585513386291,0.00834782805453966,-0.0116658878530348,0.0210575981207607,0.57376266072274
ADAMTS1,A disintegrin and metalloproteinase with thrombospondin motifs 1,Health and medical history,X20111#6.Illnesses of siblings_Chronic bronchitis or emphysema,33870,-0.00522923152612202,0.0103874703675214,-0.0255886734464639,0.0151302103942198,0.614674237620944
ADAMTS1,A disintegrin and metalloproteinase with thrombospondin motifs 1,Health and medical history,X20111#8.Illnesses of siblings_High blood pressure,34163,0.000606790172694793,0.00427253544692112,-0.0077673793032706,0.00898095964866019,0.887064179122239
ADAMTS1,A disintegrin and metalloproteinase with thrombospondin motifs 1,Health and medical history,X20111#9.Illnesses of siblings_Diabetes,33982,-0.00365526240038867,0.00604731005701203,-0.0155079901121323,0.00819746531135492,0.545552294086309
ADAMTS1,A disintegrin and metalloproteinase with thrombospondin motifs 1,Mental health,X20127.Neuroticism score,34546,0.0946447137609922,0.0292053288964613,0.037402269123928,0.151887158398056,0.00119363797861352
ADAMTS1,A disintegrin and metalloproteinase with thrombospondin motifs 1,Cognitive function,X20128.Number of fluid intelligence questions attempted within time limit,14104,0.0466807589352198,0.0452847956605322,-0.0420774405594233,0.135438958429863,0.302639984304095
ADAMTS1,A disintegrin and metalloproteinase with thrombospondin motifs 1,Lifestyle factors,X20161.Pack years of smoking,13353,0.00661345213189275,0.00299182783711157,0.000749469571154072,0.0124774346926314,0.0270870009365031
ADAMTS1,A disintegrin and metalloproteinase with thrombospondin motifs 1,Lifestyle factors,X20162.Pack years adult smoking as proportion of life span exposed to smoking,13353,0.00630923034066372,0.00295091866393356,0.000525429759353937,0.0120930309219735,0.0325302896428536
ADAMTS1,A disintegrin and metalloproteinase with thrombospondin motifs 1,Cognitive function,X20191.Fluid intelligence score,10462,0.0179117126506225,0.0541064278204437,-0.0881368858774471,0.123960311178692,0.740616439955599
ADAMTS1,A disintegrin and metalloproteinase with thrombospondin motifs 1,Cognitive function,X20192.Number of fluid intelligence questions attempted within time limit,10463,-0.0329320913227957,0.055823215503541,-0.142345593709736,0.0764814110641447,0.555246726669696
ADAMTS1,A disintegrin and metalloproteinase with thrombospondin motifs 1,Cognitive function,X20240.Maximum digits remembered correctly,9389,0.0428091953132567,0.0587415225782457,-0.0723241889401049,0.157942579566618,0.466159169652248
ADAMTS1,A disintegrin and metalloproteinase with thrombospondin motifs 1,Physical measures,X20255.Spirometry QC measure,32241,0.0345560116642002,0.0372238501116793,-0.0384027345546913,0.107514757883092,0.353243440390916
ADAMTS1,A disintegrin and metalloproteinase with thrombospondin motifs 1,Eye measures,X20261.avMSE,9661,-0.00339362143036478,0.00354038802455742,-0.0103327819584973,0.00354553909776776,0.337812005862931
ADAMTS1,A disintegrin and metalloproteinase with thrombospondin motifs 1,Eye measures,X20262.Myopia diagnosis,9661,0.0736724143603198,0.0649913253602699,-0.0537105833458093,0.201055412066449,0.257001858876744
ADAMTS1,A disintegrin and metalloproteinase with thrombospondin motifs 1,NMR metabolomics,X20280.Glucose-lactate,24168,0.00721291158008912,0.00211941501373636,0.00305885815316585,0.0113669650070124,0.000666959663469709
ADAMTS1,A disintegrin and metalloproteinase with thrombospondin motifs 1,NMR metabolomics,X20281.Spectrometer-corrected alanine,24219,0.011572940454527,0.002124092047315,0.0074097200417896,0.0157361608672644,5.13152240102643e-08
ADAMTS1,A disintegrin and metalloproteinase with thrombospondin motifs 1,Mental health,X20544#11.Mental health problems ever diagnosed by a professional_Depression,13542,-0.0123375784044783,0.0110284802811971,-0.0339533997556247,0.00927824294666814,0.263287331386852
ADAMTS1,A disintegrin and metalloproteinase with thrombospondin motifs 1,Mental health,X20544#6.Mental health problems ever diagnosed by a professional_Panic attacks,13540,-0.0203965436978706,0.0218180073431212,-0.0631598380903882,0.022366750694647,0.349882780107662
ADAMTS1,A disintegrin and metalloproteinase with thrombospondin motifs 1,Mental health,X20546#1.Substances taken for depression_Unprescribed medication (more than once),13542,-0.0104887978638542,0.027279264620962,-0.0639561565209397,0.0429785607932313,0.700616096150097
ADAMTS1,A disintegrin and metalloproteinase with thrombospondin motifs 1,Mental health,X20546#3.Substances taken for depression_Medication prescribed to you (for at least two weeks),13542,-0.00874648470633667,0.0105055380157805,-0.0293373392172665,0.0118443698045931,0.40510794683281
ADAMTS1,A disintegrin and metalloproteinase with thrombospondin motifs 1,Mental health,X20546#4.Substances taken for depression_Drugs or alcohol (more than once),13542,-0.0134595428921017,0.0181627595480704,-0.0490585516063197,0.0221394658221163,0.458674988139519
ADAMTS1,A disintegrin and metalloproteinase with thrombospondin motifs 1,Mental health,X20548#1.Manifestations of mania or irritability_I was more talkative than usual,13548,-0.0141683555474264,0.023004158471992,-0.0592565061525307,0.0309197950576778,0.537968172246877
ADAMTS1,A disintegrin and metalloproteinase with thrombospondin motifs 1,Mental health,X20548#2.Manifestations of mania or irritability_I was more restless than usual,13548,-0.0125495943719988,0.0154632514092988,-0.0428575671342244,0.0177583783902267,0.417049587194428
ADAMTS1,A disintegrin and metalloproteinase with thrombospondin motifs 1,Mental health,X20548#3.Manifestations of mania or irritability_My thoughts were racing,13548,0.0029755936933719,0.0169754247928773,-0.0302962389006676,0.0362474262874114,0.860855711216959
ADAMTS1,A disintegrin and metalloproteinase with thrombospondin motifs 1,Mental health,X20548#5.Manifestations of mania or irritability_I needed less sleep than usual,13548,0.0171502513838351,0.0262551187565084,-0.0343097813789213,0.0686102841465916,0.513628434289182
ADAMTS1,A disintegrin and metalloproteinase with thrombospondin motifs 1,Mental health,X20548#6.Manifestations of mania or irritability_I was more creative or had more ideas than usual,13548,-0.0148688835336562,0.0296937858601227,-0.0730687038194966,0.0433309367521842,0.616561852380245
ADAMTS1,A disintegrin and metalloproteinase with thrombospondin motifs 1,Mental health,X20548#7.Manifestations of mania or irritability_I was easily distracted,13548,0.0114749066315491,0.0179551344723773,-0.0237171569343104,0.0466669701974087,0.522776659177297
ADAMTS1,A disintegrin and metalloproteinase with thrombospondin motifs 1,Mental health,X20548#8.Manifestations of mania or irritability_I was more confident than usual,13548,0.0346804821132677,0.0298175330647214,-0.0237618826935862,0.0931228469201216,0.244813392113991
ADAMTS1,A disintegrin and metalloproteinase with thrombospondin motifs 1,Mental health,X20548#9.Manifestations of mania or irritability_I was more active than usual,13548,-0.00546869162842945,0.0222953101696604,-0.0491674995609639,0.038230116304105,0.806239954073125
ADAMTS1,A disintegrin and metalloproteinase with thrombospondin motifs 1,Mental health,X20549#1.Substances taken for anxiety_Unprescribed medication (more than once),13551,-0.0542149826957183,0.0311596353306491,-0.115287867943791,0.00685790255235397,0.0818974271956771
ADAMTS1,A disintegrin and metalloproteinase with thrombospondin motifs 1,Mental health,X20549#3.Substances taken for anxiety_Medication prescribed to you (for at least two weeks),13551,-0.0225911724131221,0.0141534980946819,-0.0503320286786985,0.00514968385245438,0.110477602625751
ADAMTS1,A disintegrin and metalloproteinase with thrombospondin motifs 1,Mental health,X20549#4.Substances taken for anxiety_Drugs or alcohol (more than once),13551,-0.00321869222662323,0.0211752397033495,-0.0447221620451882,0.0382847775919417,0.879187122767194
ADAMTS1,A disintegrin and metalloproteinase with thrombospondin motifs 1,Mental health,X20553#4.Methods of self-harm used_Ingesting a medication in excess of the normal dose,13552,-0.0079903534180732,0.0352441612445376,-0.0770689094573668,0.0610882026212204,0.820649372368843
ADAMTS1,A disintegrin and metalloproteinase with thrombospondin motifs 1,Diet and food preferences,X20600.Liking for adding salt to foods,15317,-0.0999684394275906,0.0446836503172746,-0.187548394049449,-0.0123884848057324,0.0252844356813027
ADAMTS1,A disintegrin and metalloproteinase with thrombospondin motifs 1,Diet and food preferences,X20601.Liking for aniseed,15317,-0.0281135765182323,0.0443338518459053,-0.115007926136207,0.0587807730997421,0.526003246692398
ADAMTS1,A disintegrin and metalloproteinase with thrombospondin motifs 1,Diet and food preferences,X20602.Liking for apple juice,15317,0.0756210813893069,0.0440760315449311,-0.0107679404387582,0.162010103217372,0.0862379074684646
ADAMTS1,A disintegrin and metalloproteinase with thrombospondin motifs 1,Diet and food preferences,X20603.Liking for apples,15317,-0.0319716702608258,0.0455211210515466,-0.121193067521857,0.0572497270002055,0.482472828152445
ADAMTS1,A disintegrin and metalloproteinase with thrombospondin motifs 1,Diet and food preferences,X20604.Liking for asparagus,15317,-0.0822417985498047,0.0451785789281621,-0.170791813249002,0.00630821614939295,0.0687219806416558
ADAMTS1,A disintegrin and metalloproteinase with thrombospondin motifs 1,Diet and food preferences,X20605.Liking for aubergine,15317,-0.157957890655971,0.0449597483867954,-0.24607899749409,-0.0698367838178516,0.000443825212269433
ADAMTS1,A disintegrin and metalloproteinase with thrombospondin motifs 1,Diet and food preferences,X20606.Liking for avocados,15317,-0.101457478486718,0.0449862141378946,-0.189630458196992,-0.0132844987764449,0.0241284829169673
ADAMTS1,A disintegrin and metalloproteinase with thrombospondin motifs 1,Diet and food preferences,X20607.Liking for bacon,15317,-0.0473925339174801,0.0449689741567949,-0.135531723264798,0.0407466554298379,0.291948080258923
ADAMTS1,A disintegrin and metalloproteinase with thrombospondin motifs 1,Diet and food preferences,X20608.Liking for baked or steamed fish,15317,0.013130898629139,0.0459989050173645,-0.0770269552048953,0.103288752463173,0.775294758408745
ADAMTS1,A disintegrin and metalloproteinase with thrombospondin motifs 1,Diet and food preferences,X20609.Liking for bananas,15317,0.00376550340049221,0.04602013403086,-0.0864339592999933,0.0939649661009777,0.934788571773309
ADAMTS1,A disintegrin and metalloproteinase with thrombospondin motifs 1,Diet and food preferences,X20610.Liking for barbequed or grilled meat,15317,-0.0780723259144591,0.0444014023370085,-0.165099074494996,0.0089544226660775,0.0787113437843971
ADAMTS1,A disintegrin and metalloproteinase with thrombospondin motifs 1,Diet and food preferences,X20611.Liking for beef steak,15317,-0.0323821375482931,0.0449633923544545,-0.120510386563024,0.0557461114664377,0.471419683316619
ADAMTS1,A disintegrin and metalloproteinase with thrombospondin motifs 1,Diet and food preferences,X20612.Liking for beetroot,15317,-0.0635655921933683,0.0459816099591315,-0.153689547713266,0.0265583633265295,0.166865000872001
ADAMTS1,A disintegrin and metalloproteinase with thrombospondin motifs 1,Diet and food preferences,X20613.Liking for bell pepper,15317,-0.0460660323201081,0.0448295262237521,-0.133931903718662,0.041799839078446,0.304162555998314
ADAMTS1,A disintegrin and metalloproteinase with thrombospondin motifs 1,Diet and food preferences,X20614.Liking for bicycling,15317,-0.112448449979123,0.0447955284708382,-0.200247685781966,-0.0246492141762799,0.012074447644634
ADAMTS1,A disintegrin and metalloproteinase with thrombospondin motifs 1,Diet and food preferences,X20615.Liking for biscuits,15317,0.0620830629737506,0.0442093870498728,-0.024567335644,0.148733461591501,0.160251048048636
ADAMTS1,A disintegrin and metalloproteinase with thrombospondin motifs 1,Diet and food preferences,X20616.Liking for bitter foods,15317,-0.092926031341769,0.0444944232930327,-0.180135100996113,-0.00571696168742493,0.0367704089846341
ADAMTS1,A disintegrin and metalloproteinase with thrombospondin motifs 1,Diet and food preferences,X20617.Liking for bitter or ale,15317,-0.115337872518227,0.0458876157287239,-0.205277599346526,-0.0253981456899284,0.0119646487521875
ADAMTS1,A disintegrin and metalloproteinase with thrombospondin motifs 1,Diet and food preferences,X20618.Liking for black olives,15317,-0.129187751356591,0.044913708052822,-0.217218619140122,-0.0411568835730598,0.00402853431355907
ADAMTS1,A disintegrin and metalloproteinase with thrombospondin motifs 1,Diet and food preferences,X20619.Liking for black pepper,15317,-0.0658734244953705,0.0450778540999176,-0.154226018531209,0.0224791695404681,0.143946637871727
ADAMTS1,A disintegrin and metalloproteinase with thrombospondin motifs 1,Diet and food preferences,X20620.Liking for blue cheese,15317,-0.14206919421827,0.0446685913693276,-0.229619633302153,-0.0545187551343882,0.00147306132411907
ADAMTS1,A disintegrin and metalloproteinase with thrombospondin motifs 1,Diet and food preferences,X20621.Liking for bolognese sauce,15317,-0.0549123996718592,0.0455892082779677,-0.144267247896676,0.0344424485529574,0.228413341145232
ADAMTS1,A disintegrin and metalloproteinase with thrombospondin motifs 1,Diet and food preferences,X20622.Liking for broad beans,15317,-0.0541016409879554,0.0442482806520969,-0.140828271066065,0.0326249890901545,0.221468116584583
ADAMTS1,A disintegrin and metalloproteinase with thrombospondin motifs 1,Diet and food preferences,X20623.Liking for broccoli,15317,-0.0712220059886356,0.0462832234205142,-0.161937123892843,0.0194931119155723,0.123866526970973
ADAMTS1,A disintegrin and metalloproteinase with thrombospondin motifs 1,Diet and food preferences,X20624.Liking for brown rice,15317,0.0142741497719444,0.0452638516078034,-0.0744429993793503,0.102991298923239,0.752496971602438
ADAMTS1,A disintegrin and metalloproteinase with thrombospondin motifs 1,Diet and food preferences,X20625.Liking for brussel sprouts,15317,-0.0084541246822533,0.0450514690874572,-0.0967550040936695,0.0798467547291628,0.851149749949613
ADAMTS1,A disintegrin and metalloproteinase with thrombospondin motifs 1,Diet and food preferences,X20626.Liking for burgers (meat),15317,-0.0337146085588514,0.0445316164157225,-0.120996576733667,0.0535673596159647,0.449005360155608
ADAMTS1,A disintegrin and metalloproteinase with thrombospondin motifs 1,Diet and food preferences,X20627.Liking for burn of spicy foods,15317,-0.0483934384057428,0.0443203014341967,-0.135261229216768,0.0384743524052828,0.274893253404478
ADAMTS1,A disintegrin and metalloproteinase with thrombospondin motifs 1,Diet and food preferences,X20628.Liking for butter on bread,15317,0.0139932658752915,0.0454992346016789,-0.0751852339439992,0.103171765694582,0.758429355930272
ADAMTS1,A disintegrin and metalloproteinase with thrombospondin motifs 1,Diet and food preferences,X20629.Liking for butternut squash,15317,-0.125067048794488,0.045168018192526,-0.213596364451839,-0.0365377331371374,0.00563085715749514
ADAMTS1,A disintegrin and metalloproteinase with thrombospondin motifs 1,Diet and food preferences,X20630.Liking for cabbage,15317,-0.0140380817085215,0.0455099923052625,-0.103237666626836,0.0751615032097931,0.75773537223036
ADAMTS1,A disintegrin and metalloproteinase with thrombospondin motifs 1,Diet and food preferences,X20631.Liking for cake,15317,0.0156980019514168,0.0447602314417245,-0.0720320516743631,0.103428055577197,0.725808386368946
ADAMTS1,A disintegrin and metalloproteinase with thrombospondin motifs 1,Diet and food preferences,X20632.Liking for cake icing,15317,0.000236078675271316,0.0443458650168769,-0.0866818167578075,0.0871539741083501,0.9957524887318
ADAMTS1,A disintegrin and metalloproteinase with thrombospondin motifs 1,Diet and food preferences,X20633.Liking for capers,15317,-0.124367605929038,0.0448683757552875,-0.212309622409401,-0.0364255894486743,0.00558091589166499
ADAMTS1,A disintegrin and metalloproteinase with thrombospondin motifs 1,Diet and food preferences,X20634.Liking for cauliflower,15317,-0.0449848893432436,0.0459402775011921,-0.13502783324558,0.0450580545590929,0.327494833427543
ADAMTS1,A disintegrin and metalloproteinase with thrombospondin motifs 1,Diet and food preferences,X20635.Liking for cereal or granola bar,15317,0.014809211481148,0.0444054796250931,-0.0722255285840345,0.10184395154633,0.7387617328754
ADAMTS1,A disintegrin and metalloproteinase with thrombospondin motifs 1,Diet and food preferences,X20636.Liking for cheesecake,15317,-0.0297091471884307,0.0447714575773572,-0.117461204040051,0.0580429096631894,0.506973405111393
ADAMTS1,A disintegrin and metalloproteinase with thrombospondin motifs 1,Diet and food preferences,X20637.Liking for cherries,15317,-0.0577573255883151,0.0475132353806875,-0.150883266934463,0.0353686157578324,0.224154199342488
ADAMTS1,A disintegrin and metalloproteinase with thrombospondin motifs 1,Diet and food preferences,X20638.Liking for chicken,15317,-0.027055448677729,0.0469406966874522,-0.119059214185135,0.0649483168296773,0.564370153998136
ADAMTS1,A disintegrin and metalloproteinase with thrombospondin motifs 1,Diet and food preferences,X20639.Liking for chilli pepper,15317,-0.0874182874742941,0.0441683486756835,-0.173988250878634,-0.000848324069954512,0.0478106540194385
ADAMTS1,A disintegrin and metalloproteinase with thrombospondin motifs 1,Diet and food preferences,X20640.Liking for chips or french fries,15317,0.0326020149473495,0.0451160835144436,-0.05582550874096,0.121029538635659,0.469921284733638
ADAMTS1,A disintegrin and metalloproteinase with thrombospondin motifs 1,Diet and food preferences,X20641.Liking for cigarette smoking,15317,-0.123449112077148,0.0726717250982264,-0.265885693269671,0.0189874691153761,0.0893917755897491
ADAMTS1,A disintegrin and metalloproteinase with thrombospondin motifs 1,Diet and food preferences,X20642.Liking for cod,15317,-0.0207715402503709,0.0459796778165248,-0.11089170877076,0.0693486282700177,0.651452039929458
ADAMTS1,A disintegrin and metalloproteinase with thrombospondin motifs 1,Diet and food preferences,X20643.Liking for coffee with sugar,15317,-0.0243323118394259,0.0489275006107156,-0.120230213036428,0.0715655893575766,0.618975066567905
ADAMTS1,A disintegrin and metalloproteinase with thrombospondin motifs 1,Diet and food preferences,X20644.Liking for coffee without sugar,15317,0.0111523653218814,0.0452211973604836,-0.0774811815046664,0.0997859121484292,0.805207112989314
ADAMTS1,A disintegrin and metalloproteinase with thrombospondin motifs 1,Diet and food preferences,X20645.Liking for coriander,15317,-0.11387075510433,0.0448562503886071,-0.201789005865999,-0.0259525043426597,0.0111404649798783
ADAMTS1,A disintegrin and metalloproteinase with thrombospondin motifs 1,Diet and food preferences,X20646.Liking for corn flakes,15317,0.0296087427812987,0.0442494446374477,-0.0571201687080988,0.116337654270696,0.503421041749592
ADAMTS1,A disintegrin and metalloproteinase with thrombospondin motifs 1,Diet and food preferences,X20647.Liking for cream,15317,0.0728219238948064,0.0450176016614538,-0.015412575361643,0.161056423151256,0.105762498616949
ADAMTS1,A disintegrin and metalloproteinase with thrombospondin motifs 1,Diet and food preferences,X20648.Liking for croissant,15317,-0.00830213846526727,0.0448417310740418,-0.0961919313703892,0.0795876544398547,0.853119228172319
ADAMTS1,A disintegrin and metalloproteinase with thrombospondin motifs 1,Diet and food preferences,X20649.Liking for cucumber,15317,-0.0679299599450268,0.0449213732396859,-0.155975851494811,0.0201159316047576,0.130504449217931
ADAMTS1,A disintegrin and metalloproteinase with thrombospondin motifs 1,Diet and food preferences,X20650.Liking for curry,15317,-0.0250055213676517,0.0447974430138891,-0.112808509674874,0.0627974669395709,0.576722261002417
ADAMTS1,A disintegrin and metalloproteinase with thrombospondin motifs 1,Diet and food preferences,X20651.Liking for dairy products,15317,0.0411504720434922,0.0459408049896375,-0.0488935057361974,0.131194449823182,0.370412072011177
ADAMTS1,A disintegrin and metalloproteinase with thrombospondin motifs 1,Diet and food preferences,X20652.Liking for dark chocolate,15317,-0.0751370747499622,0.0445508337902274,-0.162456708978808,0.0121825594788836,0.091710886968016
ADAMTS1,A disintegrin and metalloproteinase with thrombospondin motifs 1,Diet and food preferences,X20653.Liking for diet fizzy drinks,15317,-0.0243035330904998,0.0460356384015281,-0.114533384357495,0.0659263181764953,0.597556507966881
ADAMTS1,A disintegrin and metalloproteinase with thrombospondin motifs 1,Diet and food preferences,X20654.Liking for dried fruit,15317,-0.0438184772444473,0.0448405573447207,-0.1317059696401,0.0440690151512052,0.328482462808957
ADAMTS1,A disintegrin and metalloproteinase with thrombospondin motifs 1,Diet and food preferences,X20655.Liking for eggs,15317,-0.00406753541378616,0.0467000986259788,-0.0955997287207045,0.0874646578931322,0.930593900537702
ADAMTS1,A disintegrin and metalloproteinase with thrombospondin motifs 1,Diet and food preferences,X20656.Liking for exercising alone,15317,0.00206639679614976,0.0447030798286509,-0.0855516396680061,0.0896844332603056,0.963131574891998
ADAMTS1,A disintegrin and metalloproteinase with thrombospondin motifs 1,Diet and food preferences,X20657.Liking for exercising with others,15317,-0.0380837028679797,0.0443964591444793,-0.125100762791159,0.0489333570551997,0.391011124562126
ADAMTS1,A disintegrin and metalloproteinase with thrombospondin motifs 1,Diet and food preferences,X20658.Liking for extra virgin olive oil,15317,-0.05423607279824,0.0454633290932695,-0.143344197821048,0.0348720522245682,0.232902341818129
ADAMTS1,A disintegrin and metalloproteinase with thrombospondin motifs 1,Diet and food preferences,X20659.Liking for fatty foods,15317,-0.0367333106566199,0.0444419402211396,-0.123839513490053,0.0503728921768137,0.408507294633247
ADAMTS1,A disintegrin and metalloproteinase with thrombospondin motifs 1,Diet and food preferences,X20660.Liking for fresh tomatoes,15317,-0.0416836082125419,0.0473644029677727,-0.134517838029376,0.0511506216042926,0.37883958562437
ADAMTS1,A disintegrin and metalloproteinase with thrombospondin motifs 1,Diet and food preferences,X20661.Liking for fried chicken,15317,-0.040071823962937,0.0445549978634231,-0.127399619775246,0.0472559718493723,0.368465046035451
ADAMTS1,A disintegrin and metalloproteinase with thrombospondin motifs 1,Diet and food preferences,X20662.Liking for fried or battered fish,15317,-0.00624303042024102,0.0452093126592695,-0.0948532832324092,0.0823672223919272,0.890169770692975
ADAMTS1,A disintegrin and metalloproteinase with thrombospondin motifs 1,Diet and food preferences,X20663.Liking for fruit,15317,-0.0795079166398151,0.0493843802270323,-0.176301301884798,0.0172854686051682,0.107422629749545
ADAMTS1,A disintegrin and metalloproteinase with thrombospondin motifs 1,Diet and food preferences,X20664.Liking for garlic,15317,-0.0980132667751472,0.0455245153724397,-0.187241316905129,-0.00878521664516535,0.0313360187445505
ADAMTS1,A disintegrin and metalloproteinase with thrombospondin motifs 1,Diet and food preferences,X20665.Liking for gherkins,15317,-0.0744751386630991,0.0446272489168075,-0.161944546540042,0.0129942692138436,0.0951722239992354
ADAMTS1,A disintegrin and metalloproteinase with thrombospondin motifs 1,Diet and food preferences,X20666.Liking for globe artichoke,15317,-0.0815724825006926,0.0449887648036763,-0.169750461515898,0.00660549651451298,0.0698245007876459
ADAMTS1,A disintegrin and metalloproteinase with thrombospondin motifs 1,Diet and food preferences,X20667.Liking for goat's cheese,15317,-0.143554388499729,0.0448727109531377,-0.231504901967879,-0.0556038750315791,0.00138116038428065
ADAMTS1,A disintegrin and metalloproteinase with thrombospondin motifs 1,Diet and food preferences,X20668.Liking for going to a cafe,15317,-0.0127113540045443,0.045120903729974,-0.101148325315293,0.0757256173062048,0.778163847568884
ADAMTS1,A disintegrin and metalloproteinase with thrombospondin motifs 1,Diet and food preferences,X20669.Liking for going to the gym,15317,-0.0747261979508756,0.0440729120639133,-0.161109105596146,0.0116567096943946,0.0899984894149819
ADAMTS1,A disintegrin and metalloproteinase with thrombospondin motifs 1,Diet and food preferences,X20670.Liking for going to the pub,15317,-0.0832015394251288,0.0446311840223972,-0.170678660109027,0.00427558125876969,0.0623124964066179
ADAMTS1,A disintegrin and metalloproteinase with thrombospondin motifs 1,Diet and food preferences,X20671.Liking for grapefruit,15317,-0.0556249551085483,0.0447942122273738,-0.143421611074201,0.0321717008571043,0.21433350552521
ADAMTS1,A disintegrin and metalloproteinase with thrombospondin motifs 1,Diet and food preferences,X20672.Liking for green olives,15317,-0.148211820304255,0.0448881803286642,-0.236192653748437,-0.0602309868600735,0.000962864849981829
ADAMTS1,A disintegrin and metalloproteinase with thrombospondin motifs 1,Diet and food preferences,X20673.Liking for haddock,15317,-0.0353822346153695,0.0460822413450411,-0.12570342765165,0.054938958420911,0.442614132775078
ADAMTS1,A disintegrin and metalloproteinase with thrombospondin motifs 1,Diet and food preferences,X20674.Liking for ham,15317,-0.000950759231841982,0.0446130568569992,-0.0883923506715605,0.0864908322078765,0.982997661564131
ADAMTS1,A disintegrin and metalloproteinase with thrombospondin motifs 1,Diet and food preferences,X20675.Liking for hard cheese,15317,-0.0246717132440567,0.0457684348074423,-0.114377845466644,0.0650344189785301,0.589856606121439
ADAMTS1,A disintegrin and metalloproteinase with thrombospondin motifs 1,Diet and food preferences,X20676.Liking for herring,15317,-0.0689615295222278,0.0443132637075668,-0.155815526389059,0.0178924673446031,0.11967464248618
ADAMTS1,A disintegrin and metalloproteinase with thrombospondin motifs 1,Diet and food preferences,X20677.Liking for honey,15317,-0.0322616245581277,0.0451416063492957,-0.120739173002747,0.0562159238864918,0.474820153111222
ADAMTS1,A disintegrin and metalloproteinase with thrombospondin motifs 1,Diet and food preferences,X20678.Liking for horseradish or wasabi,15317,-0.115860134033327,0.0442165889230605,-0.202524648322525,-0.0291956197441284,0.00879427284404586
ADAMTS1,A disintegrin and metalloproteinase with thrombospondin motifs 1,Diet and food preferences,X20679.Liking for ice cream,15317,-0.0668268209488399,0.0453420505515487,-0.155697240029875,0.0220435981321956,0.140545891639762
ADAMTS1,A disintegrin and metalloproteinase with thrombospondin motifs 1,Diet and food preferences,X20680.Liking for jam,15317,-0.0225650972519084,0.0444734416074175,-0.109733042802447,0.0646028482986299,0.611892969585357
ADAMTS1,A disintegrin and metalloproteinase with thrombospondin motifs 1,Diet and food preferences,X20681.Liking for kiwi fruit,15317,-0.000137230773546178,0.0456351640528836,-0.0895821523171979,0.0893076907701056,0.99760070193871
ADAMTS1,A disintegrin and metalloproteinase with thrombospondin motifs 1,Diet and food preferences,X20682.Liking for lager,15317,-0.0795826788166358,0.0452992667102865,-0.168369241568797,0.00920388393552578,0.0789684245348299
ADAMTS1,A disintegrin and metalloproteinase with thrombospondin motifs 1,Diet and food preferences,X20683.Liking for lamb,15317,-0.0341109137751208,0.045279655879156,-0.122859039298267,0.054637211748025,0.451258049271464
ADAMTS1,A disintegrin and metalloproteinase with thrombospondin motifs 1,Diet and food preferences,X20684.Liking for lemons,15317,-0.102863719748711,0.0450904327775326,-0.191240967992675,-0.0144864715047477,0.0225458060794136
ADAMTS1,A disintegrin and metalloproteinase with thrombospondin motifs 1,Diet and food preferences,X20685.Liking for lentils or beans,15317,-0.0405481546353383,0.0448548113884148,-0.128463584956631,0.0473672756859546,0.366016672104042
ADAMTS1,A disintegrin and metalloproteinase with thrombospondin motifs 1,Diet and food preferences,X20686.Liking for liver,15317,-0.0335604622307199,0.0451660990588436,-0.122086016386053,0.0549650919246135,0.457465606234353
ADAMTS1,A disintegrin and metalloproteinase with thrombospondin motifs 1,Diet and food preferences,X20687.Liking for mackerel,15317,-0.110142010755281,0.0449823145859236,-0.198307347343691,-0.0219766741668702,0.0143539019062897
ADAMTS1,A disintegrin and metalloproteinase with thrombospondin motifs 1,Diet and food preferences,X20688.Liking for marzipan,15317,-0.0362452947079257,0.0444904047911452,-0.12344648809857,0.0509558986827189,0.415270097565009
ADAMTS1,A disintegrin and metalloproteinase with thrombospondin motifs 1,Diet and food preferences,X20689.Liking for mayonnaise,15317,-0.120130566730671,0.044196207405283,-0.206755133245025,-0.0335060002163161,0.00657281251612024
ADAMTS1,A disintegrin and metalloproteinase with thrombospondin motifs 1,Diet and food preferences,X20690.Liking for melon,15317,-0.059798436256525,0.0466009197791883,-0.151136239023734,0.031539366510684,0.199440437588309
ADAMTS1,A disintegrin and metalloproteinase with thrombospondin motifs 1,Diet and food preferences,X20691.Liking for milk chocolate,15317,0.0623623578423667,0.0450198969927443,-0.0258766402634121,0.150601355948145,0.166006115001092
ADAMTS1,A disintegrin and metalloproteinase with thrombospondin motifs 1,Diet and food preferences,X20692.Liking for mushrooms,15317,-0.0416079321195493,0.0461554766749157,-0.132072666402384,0.0488568021632855,0.367350893501324
ADAMTS1,A disintegrin and metalloproteinase with thrombospondin motifs 1,Diet and food preferences,X20694.Liking for orange juice,15317,0.0073845471023891,0.04492269232897,-0.0806639298623921,0.0954330240671703,0.869431464466156
ADAMTS1,A disintegrin and metalloproteinase with thrombospondin motifs 1,Diet and food preferences,X20695.Liking for oranges,15317,-0.0488892559227152,0.0454139791333017,-0.137900655023987,0.0401221431785562,0.281709782223855
ADAMTS1,A disintegrin and metalloproteinase with thrombospondin motifs 1,Diet and food preferences,X20696.Liking for pasta,15317,-0.0258686210738947,0.045862370855238,-0.115758867950161,0.0640216258023719,0.572729105655332
ADAMTS1,A disintegrin and metalloproteinase with thrombospondin motifs 1,Diet and food preferences,X20697.Liking for pears,15317,0.0055141025906297,0.0458181503718538,-0.0842894721382037,0.0953176773194631,0.90420941146481
ADAMTS1,A disintegrin and metalloproteinase with thrombospondin motifs 1,Diet and food preferences,X20698.Liking for pizza,15317,0.031926508919416,0.0451781751785442,-0.0566227144305307,0.120475732269363,0.479776180864094
ADAMTS1,A disintegrin and metalloproteinase with thrombospondin motifs 1,Diet and food preferences,X20699.Liking for plain yogurt,15317,-0.0411588483031738,0.0450208745219302,-0.129399762366157,0.0470820657598095,0.360617251776518
ADAMTS1,A disintegrin and metalloproteinase with thrombospondin motifs 1,Diet and food preferences,X20700.Liking for plums,15317,-0.0407843148577387,0.0463116682753191,-0.131555184677364,0.0499865549618867,0.378521777745629
ADAMTS1,A disintegrin and metalloproteinase with thrombospondin motifs 1,Diet and food preferences,X20701.Liking for pollock,15317,-0.00983801349945812,0.044233575482912,-0.0965358214459656,0.0768597944470494,0.823997275840634
ADAMTS1,A disintegrin and metalloproteinase with thrombospondin motifs 1,Diet and food preferences,X20702.Liking for pork chop,15317,-0.0565637246879518,0.0443491727827205,-0.143488103342084,0.0303606539661803,0.202180771566722
ADAMTS1,A disintegrin and metalloproteinase with thrombospondin motifs 1,Diet and food preferences,X20703.Liking for porridge,15317,0.00984629436105087,0.0453540565730193,-0.079047656522067,0.0987402452441687,0.82813453531443
ADAMTS1,A disintegrin and metalloproteinase with thrombospondin motifs 1,Diet and food preferences,X20704.Liking for potato crisps,15317,-0.0831485029600841,0.0452222609825636,-0.171784134485909,0.00548712856574066,0.0659841303870542
ADAMTS1,A disintegrin and metalloproteinase with thrombospondin motifs 1,Diet and food preferences,X20705.Liking for potatoes,15317,0.0713300821675755,0.0451772065218711,-0.0172172426152918,0.159877406950443,0.114380737812239
ADAMTS1,A disintegrin and metalloproteinase with thrombospondin motifs 1,Diet and food preferences,X20706.Liking for prawns,15317,-0.11232125606073,0.0457163859377747,-0.201925372498769,-0.0227171396226916,0.0140246243282574
ADAMTS1,A disintegrin and metalloproteinase with thrombospondin motifs 1,Diet and food preferences,X20707.Liking for raw carrots,15317,0.0120207850483496,0.0450419751485318,-0.0762614862427727,0.100303056339472,0.789565449580097
ADAMTS1,A disintegrin and metalloproteinase with thrombospondin motifs 1,Diet and food preferences,X20708.Liking for red meat,15317,-0.0722145734965461,0.0443773329618825,-0.159194146101836,0.0147649991087436,0.103697156959225
ADAMTS1,A disintegrin and metalloproteinase with thrombospondin motifs 1,Diet and food preferences,X20709.Liking for red wine,15317,-0.0888214858652662,0.0448501842545538,-0.176727847004192,-0.000915124726340741,0.0476760371304088
ADAMTS1,A disintegrin and metalloproteinase with thrombospondin motifs 1,Diet and food preferences,X20710.Liking for regular (non-diet) fizzy drinks,15317,-0.00309081403837163,0.0462574086888187,-0.0937553350684563,0.0875737069917131,0.946727699163207
ADAMTS1,A disintegrin and metalloproteinase with thrombospondin motifs 1,Diet and food preferences,X20711.Liking for roast chicken,15317,-0.049043647218946,0.0469033405573986,-0.140974194711447,0.0428869002735552,0.295747362390463
ADAMTS1,A disintegrin and metalloproteinase with thrombospondin motifs 1,Diet and food preferences,X20712.Liking for salad dressing,15317,-0.0272531875857596,0.0449674294239856,-0.115389349256771,0.0608829740852521,0.544480549381982
ADAMTS1,A disintegrin and metalloproteinase with thrombospondin motifs 1,Diet and food preferences,X20713.Liking for salad leaves,15317,-0.0986851576752171,0.0459448925848404,-0.188737147141504,-0.00863316820892981,0.0317371490847898
ADAMTS1,A disintegrin and metalloproteinase with thrombospondin motifs 1,Diet and food preferences,X20714.Liking for salami,15317,-0.0559891500648447,0.0448176239338071,-0.143831692975107,0.0318533928454173,0.211586785357056
ADAMTS1,A disintegrin and metalloproteinase with thrombospondin motifs 1,Diet and food preferences,X20715.Liking for salmon,15317,-0.0483758285036798,0.0469261725794334,-0.140351126759369,0.0435994697520097,0.302607644545576
ADAMTS1,A disintegrin and metalloproteinase with thrombospondin motifs 1,Diet and food preferences,X20716.Liking for salty foods,15317,-0.12648131102326,0.0449468012250426,-0.214577041424343,-0.0383855806221762,0.00489882590247513
ADAMTS1,A disintegrin and metalloproteinase with thrombospondin motifs 1,Diet and food preferences,X20717.Liking for salty pretzels,15317,-0.110513542065918,0.0450189908128975,-0.198750764059197,-0.0222763200726386,0.0141065507260673
ADAMTS1,A disintegrin and metalloproteinase with thrombospondin motifs 1,Diet and food preferences,X20718.Liking for sardines,15317,-0.0703416637291567,0.0449161754172504,-0.158377367546968,0.0176940400886541,0.117354019607273
ADAMTS1,A disintegrin and metalloproteinase with thrombospondin motifs 1,Diet and food preferences,X20719.Liking for sausages (meat),15317,-0.0322656808496648,0.0448320755554564,-0.120136548938359,0.0556051872390298,0.471720228225833
ADAMTS1,A disintegrin and metalloproteinase with thrombospondin motifs 1,Diet and food preferences,X20720.Liking for savoury biscuits,15317,0.00706153932539989,0.045208479000757,-0.0815470795160839,0.0956701581668837,0.875877875864735
ADAMTS1,A disintegrin and metalloproteinase with thrombospondin motifs 1,Diet and food preferences,X20721.Liking for shellfish (other than prawns),15317,-0.194537433115178,0.0446824343668872,-0.282115004474277,-0.106959861756079,1.34680184134296e-05
ADAMTS1,A disintegrin and metalloproteinase with thrombospondin motifs 1,Diet and food preferences,X20722.Liking for skimmed milk,15317,-0.0658436554803741,0.0445141683283988,-0.153091425404036,0.0214041144432876,0.139117683256818
ADAMTS1,A disintegrin and metalloproteinase with thrombospondin motifs 1,Diet and food preferences,X20723.Liking for smoked fish,15317,-0.0766624319071202,0.0457056613900445,-0.166245528231607,0.0129206644173669,0.0935028728035505
ADAMTS1,A disintegrin and metalloproteinase with thrombospondin motifs 1,Diet and food preferences,X20724.Liking for soft cheese,15317,-0.0870341969099883,0.0447857530677842,-0.174814272922845,0.00074587910286876,0.0519927348464722
ADAMTS1,A disintegrin and metalloproteinase with thrombospondin motifs 1,Diet and food preferences,X20725.Liking for soy sauce,15317,-0.112805056444034,0.0445589009100061,-0.200140502227646,-0.0254696106604222,0.0113644591676301
ADAMTS1,A disintegrin and metalloproteinase with thrombospondin motifs 1,Diet and food preferences,X20726.Liking for soya milk,15317,-0.0588940552492215,0.0448686885131464,-0.146836684734988,0.0290485742365454,0.189341864042747
ADAMTS1,A disintegrin and metalloproteinase with thrombospondin motifs 1,Diet and food preferences,X20727.Liking for spicy foods,15317,-0.1068883217814,0.0445808781668728,-0.194266842988471,-0.0195098005743297,0.0165135702898106
ADAMTS1,A disintegrin and metalloproteinase with thrombospondin motifs 1,Diet and food preferences,X20728.Liking for spinach,15317,-0.065818017628863,0.0448756609757724,-0.153774313141377,0.022138277883651,0.142485001739774
ADAMTS1,A disintegrin and metalloproteinase with thrombospondin motifs 1,Diet and food preferences,X20729.Liking for spirits,15317,-0.141856710058245,0.0449275521966394,-0.229914712363658,-0.0537987077528321,0.00159462193791687
ADAMTS1,A disintegrin and metalloproteinase with thrombospondin motifs 1,Diet and food preferences,X20730.Liking for strawberries,15317,-0.0939681577257293,0.0488880628986892,-0.18978876100716,0.00185244555570152,0.0546106718096331
ADAMTS1,A disintegrin and metalloproteinase with thrombospondin motifs 1,Diet and food preferences,X20731.Liking for sweet coffee house drinks,15317,-0.0151204299581968,0.0457406491521986,-0.104772102296506,0.0745312423801123,0.740974770134809
ADAMTS1,A disintegrin and metalloproteinase with thrombospondin motifs 1,Diet and food preferences,X20732.Liking for sweet foods,15317,-0.0199779204704659,0.0444010728431643,-0.107004023243068,0.067048182302136,0.65275842889524
ADAMTS1,A disintegrin and metalloproteinase with thrombospondin motifs 1,Diet and food preferences,X20733.Liking for taking the stairs,15317,-0.0167661228669186,0.046111877962334,-0.107145403673093,0.0736131579392561,0.716164278420807
ADAMTS1,A disintegrin and metalloproteinase with thrombospondin motifs 1,Diet and food preferences,X20734.Liking for tea with sugar,15317,0.0948803553993672,0.0540171197843118,-0.010993199377884,0.200753910176618,0.079025342251893
ADAMTS1,A disintegrin and metalloproteinase with thrombospondin motifs 1,Diet and food preferences,X20735.Liking for tea without sugar,15317,-0.000175890711144838,0.0465437703491608,-0.0914016805955,0.0910498991732103,0.996984819801237
ADAMTS1,A disintegrin and metalloproteinase with thrombospondin motifs 1,Diet and food preferences,X20736.Liking for tomato ketchup,15317,-0.0630655996365865,0.0448322656336796,-0.150936840278598,0.0248056410054255,0.159536343591481
ADAMTS1,A disintegrin and metalloproteinase with thrombospondin motifs 1,Diet and food preferences,X20737.Liking for tinned tuna,15317,-0.050167514061306,0.0448642808555001,-0.138101504538086,0.0377664764154743,0.263496528561352
ADAMTS1,A disintegrin and metalloproteinase with thrombospondin motifs 1,Diet and food preferences,X20738.Liking for turnip (white),15317,0.000332161857684988,0.044710844721897,-0.0873010937972332,0.0879654175126031,0.994072577929664
ADAMTS1,A disintegrin and metalloproteinase with thrombospondin motifs 1,Diet and food preferences,X20739.Liking for vegetables,15317,-0.0790834874941429,0.0496344375916765,-0.176366985173829,0.018200010185543,0.111109333801726
ADAMTS1,A disintegrin and metalloproteinase with thrombospondin motifs 1,Diet and food preferences,X20740.Liking for vinegar,15317,-0.0499925147067107,0.0445765120680089,-0.137362478360008,0.0373774489465867,0.262093115365584
ADAMTS1,A disintegrin and metalloproteinase with thrombospondin motifs 1,Diet and food preferences,X20741.Liking for watching television,15317,0.012884703509923,0.0452191444281991,-0.0757448195693472,0.101514226589193,0.775694637550864
ADAMTS1,A disintegrin and metalloproteinase with thrombospondin motifs 1,Diet and food preferences,X20742.Liking for whisky,15317,-0.0688890335147858,0.04654848451737,-0.160124063168831,0.0223459961392595,0.138909459690518
ADAMTS1,A disintegrin and metalloproteinase with thrombospondin motifs 1,Diet and food preferences,X20743.Liking for white bread,15317,0.00451436259986637,0.0442277627159992,-0.0821720523234921,0.0912007775232248,0.918701825664232
ADAMTS1,A disintegrin and metalloproteinase with thrombospondin motifs 1,Diet and food preferences,X20744.Liking for white rice,15317,-0.0325135240560339,0.0443265661007329,-0.11939359361347,0.0543665455014025,0.463264938448273
ADAMTS1,A disintegrin and metalloproteinase with thrombospondin motifs 1,Diet and food preferences,X20745.Liking for white wine,15317,-0.0715051622111719,0.0451500760184416,-0.159999311207318,0.0169889867849737,0.113277705026462
ADAMTS1,A disintegrin and metalloproteinase with thrombospondin motifs 1,Diet and food preferences,X20746.Liking for whole grain breakfast cereal,15317,0.0371165735959554,0.0454324570415556,-0.0519310422054936,0.126164189397404,0.413963088346792
ADAMTS1,A disintegrin and metalloproteinase with thrombospondin motifs 1,Diet and food preferences,X20747.Liking for whole milk,15317,0.0462373102701709,0.0443481421035958,-0.0406850482528769,0.133159668793219,0.297150724010699
ADAMTS1,A disintegrin and metalloproteinase with thrombospondin motifs 1,Diet and food preferences,X20748.Liking for wholemeal bread,15317,-0.0407188595052278,0.0469225604455531,-0.132687077978512,0.0512493589680563,0.385523728833393
ADAMTS1,A disintegrin and metalloproteinase with thrombospondin motifs 1,Diet and food preferences,X20749.Liking for working up a sweat,15317,-0.0306331193412305,0.0448058605569173,-0.118452606032788,0.0571863673503274,0.494184108856093
ADAMTS1,A disintegrin and metalloproteinase with thrombospondin motifs 1,Physical measures,X21001.Body mass index (BMI),43274,-0.0206985549340824,0.00684065268348867,-0.0341062341937202,-0.00729087567444462,0.00248108964450896
ADAMTS1,A disintegrin and metalloproteinase with thrombospondin motifs 1,Physical measures,X21002.Weight,43306,-0.00703331248648084,0.00387488818679632,-0.0146280933326016,0.00056146835963995,0.0695153431561458
ADAMTS1,A disintegrin and metalloproteinase with thrombospondin motifs 1,Physical measures,X21021.Pulse wave Arterial Stiffness index,14577,0.00478953774157556,0.00288726941285946,-0.000869510307628977,0.0104485857907801,0.0971681932772595
ADAMTS1,A disintegrin and metalloproteinase with thrombospondin motifs 1,Health and medical history,X21025.Frequency of discomfort or pain in abdomen in last 3 months,14700,0.0353778891470697,0.0480905326631054,-0.0588795548726168,0.129635333166756,0.461954354084855
ADAMTS1,A disintegrin and metalloproteinase with thrombospondin motifs 1,Health and medical history,X21033.Frequency of hard or lumpy stools in the last 3 months,14716,0.00986566740655725,0.0492544155566881,-0.0866729870845515,0.106404321897666,0.841248607025399
ADAMTS1,A disintegrin and metalloproteinase with thrombospondin motifs 1,Health and medical history,X21034.Frequency of loose or mushy or watery stools in the last 3 months,14719,0.0488525366472025,0.0487996948013387,-0.0467948651634213,0.144499938457826,0.316803240428534
ADAMTS1,A disintegrin and metalloproteinase with thrombospondin motifs 1,Health and medical history,X21040.Satisfaction with bowel habits,14646,0.034518476116847,0.0456312397349476,-0.0549187537636502,0.123955705997344,0.449382106039336
ADAMTS1,A disintegrin and metalloproteinase with thrombospondin motifs 1,Health and medical history,X21041.Degree to which abdominal pain or discomfort or altered bowel habits affect or interfere with life in general,14627,-0.023523426732002,0.0482804771255488,-0.118153161898078,0.0711063084340737,0.626106625263818
ADAMTS1,A disintegrin and metalloproteinase with thrombospondin motifs 1,Health and medical history,X21042.Greatest number of times bowels opened per day,14642,0.000561474733284837,0.0486570642755416,-0.0948063712467767,0.0959293207133464,0.990793229551788
ADAMTS1,A disintegrin and metalloproteinase with thrombospondin motifs 1,Health and medical history,X21043.Least number of times bowels opened per week,14534,0.00314116632691775,0.0486907064468178,-0.0922926183088452,0.0985749509626807,0.948562925880857
ADAMTS1,A disintegrin and metalloproteinase with thrombospondin motifs 1,Health and medical history,X21044.Average number of times bowels opened per day,14593,-0.0190149733021475,0.0545180887650135,-0.125870427281574,0.0878404806772791,0.727257393830115
ADAMTS1,A disintegrin and metalloproteinase with thrombospondin motifs 1,Health and medical history,X21048.Degree bothered by back pain in the past 3 months,14722,-0.0400700166134661,0.0496588004317438,-0.137401265459684,0.0572612322327517,0.41973331213135
ADAMTS1,A disintegrin and metalloproteinase with thrombospondin motifs 1,Health and medical history,X21049.Degree bothered by pain in arms or legs or joints in the past 3 months,14712,-0.0571766402171234,0.0495658615134145,-0.154325728783416,0.039972448349169,0.248703957350261
ADAMTS1,A disintegrin and metalloproteinase with thrombospondin motifs 1,Health and medical history,X21050.Degree bothered by menstrual cramps or other problems with period in the last 3 months,8289,0.140386240164587,0.0773728009050458,-0.0112644496093027,0.292036929938477,0.0696503172216789
ADAMTS1,A disintegrin and metalloproteinase with thrombospondin motifs 1,Health and medical history,X21051.Degree bothered by headaches in the last 3 months,14719,-0.0330663298767972,0.0532703103276259,-0.137476138118944,0.0713434783653495,0.534788759276327
ADAMTS1,A disintegrin and metalloproteinase with thrombospondin motifs 1,Health and medical history,X21052.Degree bothered by chest pain in the last 3 months,14716,-0.0315965042946666,0.0739719979930307,-0.176581620361007,0.113388611771674,0.669282580949583
ADAMTS1,A disintegrin and metalloproteinase with thrombospondin motifs 1,Health and medical history,X21053.Degree bothered by dizziness in the last 3 months,14716,-0.0710594892080662,0.0572882234575426,-0.18334440718485,0.0412254287687172,0.21485258902815
ADAMTS1,A disintegrin and metalloproteinase with thrombospondin motifs 1,Health and medical history,X21054.Degree bothered by fainting spells in the last 3 months,14713,-0.00215080078969784,0.142766020611405,-0.281972201188051,0.277670599608655,0.987980356727191
ADAMTS1,A disintegrin and metalloproteinase with thrombospondin motifs 1,Health and medical history,X21055.Degree bothered by feeling heart pound or race in the last 3 months,14722,0.015634597325911,0.0564385263750384,-0.0949849143691643,0.126254109020986,0.781768686564078
ADAMTS1,A disintegrin and metalloproteinase with thrombospondin motifs 1,Health and medical history,X21056.Degree bothered by shortness of breath in the last 3 months,14718,-0.110170248901107,0.0560007546113015,-0.219931727939258,-0.000408769862955918,0.0491674795710427
ADAMTS1,A disintegrin and metalloproteinase with thrombospondin motifs 1,Health and medical history,X21057.Degree bothered by pain or problems during intercourse in the last 3 months,14367,0.0641243777933519,0.0508853167688684,-0.0356108430736302,0.163859598660334,0.207626915982532
ADAMTS1,A disintegrin and metalloproteinase with thrombospondin motifs 1,Health and medical history,X21058.Degree bothered by urinary frequency or bladder irritability in the last 3 months,14714,0.0576709840768677,0.0505596515313838,-0.0414259329246446,0.15676790107838,0.254033217532559
ADAMTS1,A disintegrin and metalloproteinase with thrombospondin motifs 1,Health and medical history,X21059.Degree bothered by nausea in the last 3 months,14718,-0.0742196525885426,0.0714863470973137,-0.214332892899278,0.0658935877221922,0.29917757243325
ADAMTS1,A disintegrin and metalloproteinase with thrombospondin motifs 1,Health and medical history,X21060.Degree bothered by feeling tired all the time in the last 3 months,14722,-0.0077271411252714,0.0492531907775943,-0.104263395049356,0.0888091127988133,0.875336766539454
ADAMTS1,A disintegrin and metalloproteinase with thrombospondin motifs 1,Health and medical history,X21061.Degree bothered by trouble sleeping in the last 3 months,14720,-0.00278728509080749,0.0492283704521025,-0.0992748911769283,0.0937003209953134,0.954849080159108
ADAMTS1,A disintegrin and metalloproteinase with thrombospondin motifs 1,Working and living environment,X21100.Water hardness (USGS classification),43048,0.0465410720715832,0.0281599321919973,-0.00865239502473154,0.101734539167898,0.0983908988977513
ADAMTS1,A disintegrin and metalloproteinase with thrombospondin motifs 1,Lifestyle factors,X2139.Age first had sexual intercourse,37538,0.00320210394640808,0.00178073487340749,-0.0002881364054706,0.00669234429828676,0.0721545553635321
ADAMTS1,A disintegrin and metalloproteinase with thrombospondin motifs 1,Health and medical history,X2149.Lifetime number of sexual partners,34829,-0.0791890878181732,0.031763721401473,-0.14144598176506,-0.0169321938712862,0.0126690999870723
ADAMTS1,A disintegrin and metalloproteinase with thrombospondin motifs 1,Physical activities,X22032.IPAQ activity group,34768,-0.0943949921188777,0.0307205147640521,-0.15460720105642,-0.0341827831813355,0.00212294177800264
ADAMTS1,A disintegrin and metalloproteinase with thrombospondin motifs 1,Physical activities,X22033.Summed days activity,35688,-0.00472964607256697,0.00174133296125936,-0.00814265867663532,-0.00131663346849862,0.00660864498976474
ADAMTS1,A disintegrin and metalloproteinase with thrombospondin motifs 1,Physical activities,X22034.Summed minutes activity,34768,-0.00717170743436286,0.00175724404321836,-0.0106159057590708,-0.00372750910965488,4.48990643036536e-05
ADAMTS1,A disintegrin and metalloproteinase with thrombospondin motifs 1,Physical activities,X22037.MET minutes per week for walking,33291,-0.00699183917389712,0.00179008474501392,-0.0105004052741244,-0.00348327307366983,9.4072144100177e-05
ADAMTS1,A disintegrin and metalloproteinase with thrombospondin motifs 1,Physical activities,X22038.MET minutes per week for moderate activity,34768,-0.00388178816403722,0.00175925778106025,-0.00732993341491531,-0.000433642913159128,0.0273560870900846
ADAMTS1,A disintegrin and metalloproteinase with thrombospondin motifs 1,Physical activities,X22039.MET minutes per week for vigorous activity,34768,-0.093979627116356,0.0308234038561678,-0.154393498674445,-0.0335657555582671,0.00229800220437362
ADAMTS1,A disintegrin and metalloproteinase with thrombospondin motifs 1,Physical activities,X22040.Summed MET minutes per week for all activity,33291,-0.00555288147973755,0.00179405618490722,-0.0090692316021557,-0.00203653135731939,0.00196873457409449
ADAMTS1,A disintegrin and metalloproteinase with thrombospondin motifs 1,Eye measures,X2217.Age started wearing glasses or contact lenses,36928,-0.0042159909526863,0.00173596169418567,-0.00761847587329022,-0.000813506032082391,0.0151611594115569
ADAMTS1,A disintegrin and metalloproteinase with thrombospondin motifs 1,Working and living environment,X22501.Year ended full time education,10278,-0.0043058152130941,0.0077883774797662,-0.0195710350734359,0.0109594046472477,0.580377224446931
ADAMTS1,A disintegrin and metalloproteinase with thrombospondin motifs 1,Lifestyle factors,X22506.Tobacco smoking,10216,-0.132967708075837,0.118012146835208,-0.364271515872845,0.0983360997211704,0.259883584030445
ADAMTS1,A disintegrin and metalloproteinase with thrombospondin motifs 1,Lifestyle factors,X2277.Frequency of solarium or sunlamp use,40624,-0.0429089448817914,0.0740175665992551,-0.187983375416331,0.102165485652749,0.562111397646718
ADAMTS1,A disintegrin and metalloproteinase with thrombospondin motifs 1,Physical measures,X23098.Weight,42575,-0.00676539812348834,0.00390688571309913,-0.0144228941211626,0.000892097874185953,0.0833413437983975
ADAMTS1,A disintegrin and metalloproteinase with thrombospondin motifs 1,Physical measures,X23099.Body fat percentage,42545,0.00263841202062476,0.0037554057486024,-0.00472218324663594,0.00999900728788546,0.482331492604189
ADAMTS1,A disintegrin and metalloproteinase with thrombospondin motifs 1,Physical measures,X23100.Whole body fat mass,42499,-0.0007216337558579,0.0036287524093575,-0.0078339884781986,0.0063907209664828,0.842368888907328
ADAMTS1,A disintegrin and metalloproteinase with thrombospondin motifs 1,Physical measures,X23101.Whole body fat-free mass,42570,-0.00594821708521334,0.00326645199282243,-0.0123504629911453,0.000454028820718618,0.0686135028164772
ADAMTS1,A disintegrin and metalloproteinase with thrombospondin motifs 1,Physical measures,X23102.Whole body water mass,42575,-0.00552500109657003,0.00327086905027364,-0.0119359044351064,0.000885902241966301,0.0911972723374399
ADAMTS1,A disintegrin and metalloproteinase with thrombospondin motifs 1,Physical measures,X23104.Body mass index (BMI),42575,-0.0200669808976752,0.00686412679382394,-0.0335206694135701,-0.00661329238178029,0.00346350118074159
ADAMTS1,A disintegrin and metalloproteinase with thrombospondin motifs 1,Physical measures,X23105.Basal metabolic rate,42573,-0.00706391074516808,0.00349391788655281,-0.0139119898028116,-0.000215831687524579,0.0432059971847116
ADAMTS1,A disintegrin and metalloproteinase with thrombospondin motifs 1,Physical measures,X23106.Impedance of whole body,42569,0.00597748208548362,0.00267480106165518,0.000734872004639468,0.0112200921663278,0.0254396621025392
ADAMTS1,A disintegrin and metalloproteinase with thrombospondin motifs 1,Physical measures,X23107.Impedance of leg (right),42572,0.00165835920211334,0.00218917959936428,-0.00263243281264064,0.00594915121686733,0.448739334873759
ADAMTS1,A disintegrin and metalloproteinase with thrombospondin motifs 1,Physical measures,X23108.Impedance of leg (left),42571,0.000844874938679507,0.00217042674225544,-0.00340916147614115,0.00509891135350016,0.69708078643136
ADAMTS1,A disintegrin and metalloproteinase with thrombospondin motifs 1,Physical measures,X23109.Impedance of arm (right),42564,0.00854651658476365,0.0026649895596886,0.00332313704777399,0.0137698961217533,0.00134244525486051
ADAMTS1,A disintegrin and metalloproteinase with thrombospondin motifs 1,Physical measures,X23110.Impedance of arm (left),42570,0.00781099846707805,0.00266868471227257,0.00258037643102382,0.0130416205031323,0.00342529645429263
ADAMTS1,A disintegrin and metalloproteinase with thrombospondin motifs 1,Physical measures,X23111.Leg fat percentage (right),42571,-0.0034574440759381,0.00454369733585262,-0.0123630908542092,0.00544820270233303,0.446701982308454
ADAMTS1,A disintegrin and metalloproteinase with thrombospondin motifs 1,Physical measures,X23112.Leg fat mass (right),42570,-0.0086249025335109,0.00482400321112017,-0.0180799488273064,0.000830143760284624,0.0737970079066064
ADAMTS1,A disintegrin and metalloproteinase with thrombospondin motifs 1,Physical measures,X23113.Leg fat-free mass (right),42569,-0.00383009975490948,0.00342122187245575,-0.0105356946249227,0.00287549511510379,0.262927991598514
ADAMTS1,A disintegrin and metalloproteinase with thrombospondin motifs 1,Physical measures,X23114.Leg predicted mass (right),42568,-0.00350603858467569,0.00343942002290164,-0.0102473018295629,0.00323522466021153,0.308033552717565
ADAMTS1,A disintegrin and metalloproteinase with thrombospondin motifs 1,Physical measures,X23115.Leg fat percentage (left),42565,-0.00630751581945087,0.0047294906168731,-0.0155773174285221,0.0029622857896204,0.18232360156235
ADAMTS1,A disintegrin and metalloproteinase with thrombospondin motifs 1,Physical measures,X23116.Leg fat mass (left),42565,-0.0116160867061579,0.00502899630377313,-0.0214729194615533,-0.00175925395076258,0.0209027683127139
ADAMTS1,A disintegrin and metalloproteinase with thrombospondin motifs 1,Physical measures,X23117.Leg fat-free mass (left),42562,-0.00402934280302829,0.00356899163461484,-0.0110245664068734,0.0029658808008168,0.258909961414064
ADAMTS1,A disintegrin and metalloproteinase with thrombospondin motifs 1,Physical measures,X23118.Leg predicted mass (left),42561,-0.00366211543472327,0.00358814055615101,-0.0106948709247793,0.00337064005533271,0.3074419748906
ADAMTS1,A disintegrin and metalloproteinase with thrombospondin motifs 1,Physical measures,X23119.Arm fat percentage (right),42561,0.00563472977920658,0.0041636757107633,-0.00252607461388948,0.0137955341723026,0.175964894532817
ADAMTS1,A disintegrin and metalloproteinase with thrombospondin motifs 1,Physical measures,X23120.Arm fat mass (right),42558,-0.00183680994721027,0.00412627796502826,-0.00992431475866567,0.00625069486424512,0.656214093085589
ADAMTS1,A disintegrin and metalloproteinase with thrombospondin motifs 1,Physical measures,X23121.Arm fat-free mass (right),42559,-0.00676220036244566,0.00329054586941443,-0.013211670266498,-0.000312730458393373,0.0398813217568593
ADAMTS1,A disintegrin and metalloproteinase with thrombospondin motifs 1,Physical measures,X23122.Arm predicted mass (right),42558,-0.00581225997125799,0.00329522359317455,-0.0122708982138801,0.00064637827136413,0.0777654434123533
ADAMTS1,A disintegrin and metalloproteinase with thrombospondin motifs 1,Physical measures,X23123.Arm fat percentage (left),42554,0.00674180706290458,0.00427526497019101,-0.0016377122786698,0.015121326404479,0.114818343296506
ADAMTS1,A disintegrin and metalloproteinase with thrombospondin motifs 1,Physical measures,X23124.Arm fat mass (left),42554,-0.000916195943518296,0.00411516571676473,-0.00898192074837717,0.00714952886134058,0.823817631999764
ADAMTS1,A disintegrin and metalloproteinase with thrombospondin motifs 1,Physical measures,X23125.Arm fat-free mass (left),42550,-0.00680294673130342,0.00335465742072767,-0.0133780752759297,-0.000227818186677178,0.0425755510327329
ADAMTS1,A disintegrin and metalloproteinase with thrombospondin motifs 1,Physical measures,X23126.Arm predicted mass (left),42547,-0.00640963393404808,0.00336668312111605,-0.0130083328514355,0.000189064983339385,0.0569374599953874
ADAMTS1,A disintegrin and metalloproteinase with thrombospondin motifs 1,Physical measures,X23127.Trunk fat percentage,42545,0.00298915917276869,0.00268767632436669,-0.00227868642299002,0.00825700476852739,0.266070359572716
ADAMTS1,A disintegrin and metalloproteinase with thrombospondin motifs 1,Physical measures,X23128.Trunk fat mass,42541,0.0008232305173246,0.00295944717530631,-0.00497728594627577,0.00662374698092497,0.780882930832628
ADAMTS1,A disintegrin and metalloproteinase with thrombospondin motifs 1,Physical measures,X23129.Trunk fat-free mass,42535,-0.00564406814692447,0.00296071993591818,-0.0114470792213241,0.000158942927475154,0.0566159383776595
ADAMTS1,A disintegrin and metalloproteinase with thrombospondin motifs 1,Physical measures,X23130.Trunk predicted mass,42530,-0.00565906679941284,0.00296445152283471,-0.0114693917841689,0.000151258185343185,0.0562719135985853
ADAMTS1,A disintegrin and metalloproteinase with thrombospondin motifs 1,NMR metabolomics,X23400.Total Cholesterol,24229,0.00253798720936067,0.00214685906758904,-0.00166985656311385,0.00674583098183518,0.237143426849135
ADAMTS1,A disintegrin and metalloproteinase with thrombospondin motifs 1,NMR metabolomics,X23401.Total Cholesterol Minus HDL-C,24229,0.00333335303280341,0.0020761922088349,-0.000735983696512988,0.00740268976211981,0.108394052596036
ADAMTS1,A disintegrin and metalloproteinase with thrombospondin motifs 1,NMR metabolomics,"X23402.Remnant Cholesterol (Non-HDL, Non-LDL -Cholesterol)",24229,0.00645824737215975,0.00207946124567467,0.00238250333063739,0.0105339914136821,0.00190028423530555
ADAMTS1,A disintegrin and metalloproteinase with thrombospondin motifs 1,NMR metabolomics,X23403.VLDL Cholesterol,24229,0.010483062843249,0.00207854575301194,0.00640911316734563,0.0145570125191525,4.6048793116259e-07
ADAMTS1,A disintegrin and metalloproteinase with thrombospondin motifs 1,NMR metabolomics,X23404.Clinical LDL Cholesterol,24229,-0.000845728929962868,0.00207831131616438,-0.00491921910964506,0.00322776124971932,0.684062395078
ADAMTS1,A disintegrin and metalloproteinase with thrombospondin motifs 1,NMR metabolomics,X23405.LDL Cholesterol,24229,0.000350930895136128,0.00207212586851792,-0.00371043580715899,0.00441229759743124,0.8655165470852
ADAMTS1,A disintegrin and metalloproteinase with thrombospondin motifs 1,NMR metabolomics,X23406.HDL Cholesterol,24229,-0.00429349128041031,0.0024150907772843,-0.00902706920388754,0.000440086643066925,0.0754531399209697
ADAMTS1,A disintegrin and metalloproteinase with thrombospondin motifs 1,NMR metabolomics,X23407.Total Triglycerides,24229,0.0158401668937137,0.00219507155647947,0.0115378266430139,0.0201425071444134,5.50177750823703e-13
ADAMTS1,A disintegrin and metalloproteinase with thrombospondin motifs 1,NMR metabolomics,X23408.Triglycerides in VLDL,24229,0.0140285921919526,0.00221183889467743,0.00969338795838485,0.0183637964255204,2.30056747755286e-10
ADAMTS1,A disintegrin and metalloproteinase with thrombospondin motifs 1,NMR metabolomics,X23409.Triglycerides in LDL,24229,0.0190903666827269,0.0021316955573359,0.0149122433903485,0.0232684899751052,3.62012866629291e-19
ADAMTS1,A disintegrin and metalloproteinase with thrombospondin motifs 1,NMR metabolomics,X23410.Triglycerides in HDL,24229,0.0179162244764651,0.00211143742328117,0.013777807126834,0.0220546418260962,2.27262335209275e-17
ADAMTS1,A disintegrin and metalloproteinase with thrombospondin motifs 1,NMR metabolomics,X23411.Total Phospholipids in Lipoprotein Particles,24229,0.00888870750581864,0.00217742662459875,0.0046209513216051,0.0131564636900322,4.47530273313932e-05
ADAMTS1,A disintegrin and metalloproteinase with thrombospondin motifs 1,NMR metabolomics,X23412.Phospholipids in VLDL,24229,0.0134776850338554,0.00212445783706121,0.00931374767321545,0.0176416223944954,2.27746474569163e-10
ADAMTS1,A disintegrin and metalloproteinase with thrombospondin motifs 1,NMR metabolomics,X23413.Phospholipids in LDL,24229,0.000602465136425696,0.00206740173693066,-0.00344964226795839,0.00465457254080979,0.770738933225144
ADAMTS1,A disintegrin and metalloproteinase with thrombospondin motifs 1,NMR metabolomics,X23414.Phospholipids in HDL,24229,0.00352656187964595,0.00232184560217386,-0.00102425550061482,0.00807737925990672,0.128810418672123
ADAMTS1,A disintegrin and metalloproteinase with thrombospondin motifs 1,NMR metabolomics,X23415.Total Esterified Cholesterol,24229,0.00158559698751562,0.00215825747531414,-0.00264458766410009,0.00581578163913133,0.462550440848007
ADAMTS1,A disintegrin and metalloproteinase with thrombospondin motifs 1,NMR metabolomics,X23416.Cholesteryl Esters in VLDL,24229,0.00913422162113663,0.00206740507703824,0.00508210767014168,0.0131863355721316,9.99551461321502e-06
ADAMTS1,A disintegrin and metalloproteinase with thrombospondin motifs 1,NMR metabolomics,X23417.Cholesteryl Esters in LDL,24229,0.00153731491071833,0.00206738845916497,-0.00251476646924501,0.00558939629068168,0.457124297534668
ADAMTS1,A disintegrin and metalloproteinase with thrombospondin motifs 1,NMR metabolomics,X23418.Cholesteryl Esters in HDL,24229,-0.00612265469564827,0.00240645125970856,-0.010839299164677,-0.0014060102266195,0.0109568875774414
ADAMTS1,A disintegrin and metalloproteinase with thrombospondin motifs 1,NMR metabolomics,X23419.Total Free Cholesterol,24229,0.00480365856751164,0.00211980415441235,0.000648842424863436,0.00895847471015985,0.0234549037325087
ADAMTS1,A disintegrin and metalloproteinase with thrombospondin motifs 1,NMR metabolomics,X23420.Free Cholesterol in VLDL,24229,0.0120014844596457,0.00210515193534355,0.00787538666637232,0.016127582252919,1.20486863808861e-08
ADAMTS1,A disintegrin and metalloproteinase with thrombospondin motifs 1,NMR metabolomics,X23421.Free Cholesterol in LDL,24229,-0.00289844416192078,0.00209337396668865,-0.00700145713663053,0.00120456881278897,0.166193624505586
ADAMTS1,A disintegrin and metalloproteinase with thrombospondin motifs 1,NMR metabolomics,X23422.Free Cholesterol in HDL,24229,0.00249857478923469,0.00241210695866652,-0.00222915484975168,0.00722630442822106,0.300283671064454
ADAMTS1,A disintegrin and metalloproteinase with thrombospondin motifs 1,NMR metabolomics,X23423.Total Lipids in Lipoprotein Particles,24229,0.00902057126811135,0.00210075261384359,0.00490309614497791,0.0131380463912448,1.76187786702497e-05
ADAMTS1,A disintegrin and metalloproteinase with thrombospondin motifs 1,NMR metabolomics,X23424.Total Lipids in VLDL,24229,0.0137213095392014,0.00215051831280277,0.00950629364610793,0.0179363254322948,1.79742396434206e-10
ADAMTS1,A disintegrin and metalloproteinase with thrombospondin motifs 1,NMR metabolomics,X23425.Total Lipids in LDL,24229,0.00163722227612976,0.00206926550770692,-0.00241853811897581,0.00569298267123533,0.428829569090454
ADAMTS1,A disintegrin and metalloproteinase with thrombospondin motifs 1,NMR metabolomics,X23426.Total Lipids in HDL,24229,0.00175367744092935,0.00235739821719132,-0.00286682306476563,0.00637417794662433,0.456941907462515
ADAMTS1,A disintegrin and metalloproteinase with thrombospondin motifs 1,NMR metabolomics,X23427.Total Concentration of Lipoprotein Particles,24229,-0.000600841706711995,0.00221735984494648,-0.0049468670028071,0.00374518358938311,0.786415128810588
ADAMTS1,A disintegrin and metalloproteinase with thrombospondin motifs 1,NMR metabolomics,X23428.Concentration of VLDL Particles,24229,0.0125568548069547,0.00209477907344423,0.00845108782300403,0.0166626217909054,2.07181901834717e-09
ADAMTS1,A disintegrin and metalloproteinase with thrombospondin motifs 1,NMR metabolomics,X23429.Concentration of LDL Particles,24229,0.00396588954054657,0.00206118357111672,-7.40302588421978e-05,0.00800580933993535,0.0543558095042532
ADAMTS1,A disintegrin and metalloproteinase with thrombospondin motifs 1,NMR metabolomics,X23430.Concentration of HDL Particles,24229,-0.00172125924288994,0.00222334878618993,-0.00607902286382221,0.00263650437804233,0.438835348179003
ADAMTS1,A disintegrin and metalloproteinase with thrombospondin motifs 1,NMR metabolomics,X23431.Average Diameter for VLDL Particles,24229,0.00883394329797341,0.00229720551622756,0.0043314204861674,0.0133364661097794,0.000120606243632271
ADAMTS1,A disintegrin and metalloproteinase with thrombospondin motifs 1,NMR metabolomics,X23432.Average Diameter for LDL Particles,24229,-0.00598406893985364,0.0021503254290984,-0.0101987067808865,-0.00176943109882077,0.00539226738112744
ADAMTS1,A disintegrin and metalloproteinase with thrombospondin motifs 1,NMR metabolomics,X23433.Average Diameter for HDL Particles,24229,0.00280622351028975,0.00245510931965409,-0.00200579075623227,0.00761823777681177,0.253044216404895
ADAMTS1,A disintegrin and metalloproteinase with thrombospondin motifs 1,NMR metabolomics,X23434.Phosphoglycerides,24206,0.00913849899983687,0.00219026183857273,0.00484558579623432,0.0134314122034394,3.02550139453611e-05
ADAMTS1,A disintegrin and metalloproteinase with thrombospondin motifs 1,NMR metabolomics,X23435.Triglycerides to Phosphoglycerides ratio,24206,0.015107554860802,0.00233396644301085,0.0105329806325007,0.0196821290891033,9.79749073027921e-11
ADAMTS1,A disintegrin and metalloproteinase with thrombospondin motifs 1,NMR metabolomics,X23436.Total Cholines,24206,0.00790956303256731,0.00221216476288664,0.00357372009730949,0.0122454059678251,0.000350259579941434
ADAMTS1,A disintegrin and metalloproteinase with thrombospondin motifs 1,NMR metabolomics,X23437.Phosphatidylcholines,24206,0.00775981201328196,0.00221873197008685,0.00341109735191173,0.0121085266746522,0.000470644639216965
ADAMTS1,A disintegrin and metalloproteinase with thrombospondin motifs 1,NMR metabolomics,X23438.Sphingomyelins,24205,0.00333770507949159,0.00222912678288733,-0.00103138341496759,0.00770679357395076,0.134324347692849
ADAMTS1,A disintegrin and metalloproteinase with thrombospondin motifs 1,NMR metabolomics,X23439.Apolipoprotein B,24229,0.00494102906885796,0.00206442270329093,0.00089476057040774,0.00898729756730817,0.0166997201385677
ADAMTS1,A disintegrin and metalloproteinase with thrombospondin motifs 1,NMR metabolomics,X23440.Apolipoprotein A1,24229,0.00115780470584155,0.00229504398898047,-0.00334048151256018,0.00565609092424327,0.613928423522101
ADAMTS1,A disintegrin and metalloproteinase with thrombospondin motifs 1,NMR metabolomics,X23441.Apolipoprotein B to Apolipoprotein A1 ratio,24229,0.00393247188945483,0.00210107765840787,-0.000185640321024604,0.00805058409993426,0.0612677535334635
ADAMTS1,A disintegrin and metalloproteinase with thrombospondin motifs 1,NMR metabolomics,X23442.Total Fatty Acids,24206,0.0142435642318336,0.00210274603311682,0.0101221820069246,0.0183649464567426,1.28326184567892e-11
ADAMTS1,A disintegrin and metalloproteinase with thrombospondin motifs 1,NMR metabolomics,X23443.Degree of Unsaturation,24206,-0.0208587632490902,0.00225110313918386,-0.0252709254018906,-0.0164466010962898,2.08849547001208e-20
ADAMTS1,A disintegrin and metalloproteinase with thrombospondin motifs 1,NMR metabolomics,X23444.Omega-3 Fatty Acids,24206,-0.00408502172749868,0.00213469908908013,-0.00826903194209574,9.8988487098382e-05,0.0556793865333562
ADAMTS1,A disintegrin and metalloproteinase with thrombospondin motifs 1,NMR metabolomics,X23445.Omega-6 Fatty Acids,24206,0.00807591457136569,0.00211004896881338,0.00394021859249147,0.0122116105502399,0.00012985148807634
ADAMTS1,A disintegrin and metalloproteinase with thrombospondin motifs 1,NMR metabolomics,X23446.Polyunsaturated Fatty Acids,24206,0.00603750312766243,0.00212056317851347,0.00188119929777602,0.0101938069575488,0.00441535212315989
ADAMTS1,A disintegrin and metalloproteinase with thrombospondin motifs 1,NMR metabolomics,X23447.Monounsaturated Fatty Acids,24206,0.0191922927425891,0.00214938667122767,0.0149794948669828,0.0234050906181953,4.58940590159205e-19
ADAMTS1,A disintegrin and metalloproteinase with thrombospondin motifs 1,NMR metabolomics,X23448.Saturated Fatty Acids,24206,0.015250693325743,0.00211031853809821,0.0111144689910705,0.0193869176604155,5.09445914908282e-13
ADAMTS1,A disintegrin and metalloproteinase with thrombospondin motifs 1,NMR metabolomics,X23449.Linoleic Acid,24206,0.00901535764037989,0.00210068628079978,0.00489801253001233,0.0131327027507475,1.78059379249491e-05
ADAMTS1,A disintegrin and metalloproteinase with thrombospondin motifs 1,NMR metabolomics,X23450.Docosahexaenoic Acid,24206,-0.0105331404792654,0.00219369127532212,-0.0148327753788968,-0.00623350557963408,1.58375043268433e-06
ADAMTS1,A disintegrin and metalloproteinase with thrombospondin motifs 1,NMR metabolomics,X23451.Omega-3 Fatty Acids to Total Fatty Acids percentage,24206,-0.0135811240957176,0.00214347136554341,-0.0177823279721826,-0.00937992021925247,2.39894371670661e-10
ADAMTS1,A disintegrin and metalloproteinase with thrombospondin motifs 1,NMR metabolomics,X23452.Omega-6 Fatty Acids to Total Fatty Acids percentage,24206,-0.0170308942917363,0.00223906246417744,-0.0214194567215241,-0.0126423318619486,2.92398725261971e-14
ADAMTS1,A disintegrin and metalloproteinase with thrombospondin motifs 1,NMR metabolomics,X23453.Polyunsaturated Fatty Acids to Total Fatty Acids percentage,24206,-0.0231605339609003,0.00227447114739658,-0.0276184974097976,-0.018702570512003,2.64882991147047e-24
ADAMTS1,A disintegrin and metalloproteinase with thrombospondin motifs 1,NMR metabolomics,X23454.Monounsaturated Fatty Acids to Total Fatty Acids percentage,24206,0.0243047785863104,0.00232422673052113,0.019749294194489,0.0288602629781318,1.54048851591189e-25
ADAMTS1,A disintegrin and metalloproteinase with thrombospondin motifs 1,NMR metabolomics,X23455.Saturated Fatty Acids to Total Fatty Acids percentage,24206,0.0106016343920272,0.00210056431683092,0.00648452833103861,0.0147187404530158,4.51955788780379e-07
ADAMTS1,A disintegrin and metalloproteinase with thrombospondin motifs 1,NMR metabolomics,X23456.Linoleic Acid to Total Fatty Acids percentage,24206,-0.00797857755014536,0.0022367582171407,-0.0123626236557411,-0.0035945314445496,0.000361751102477624
ADAMTS1,A disintegrin and metalloproteinase with thrombospondin motifs 1,NMR metabolomics,X23457.Docosahexaenoic Acid to Total Fatty Acids percentage,24206,-0.0198903037838523,0.0021955903651993,-0.024193660899643,-0.0155869466680617,1.41091699149181e-19
ADAMTS1,A disintegrin and metalloproteinase with thrombospondin motifs 1,NMR metabolomics,X23458.Polyunsaturated Fatty Acids to Monounsaturated Fatty Acids ratio,24206,-0.0248085173591259,0.00231937174211894,-0.0293544859736791,-0.0202625487445728,1.21600480240069e-26
ADAMTS1,A disintegrin and metalloproteinase with thrombospondin motifs 1,NMR metabolomics,X23459.Omega-6 Fatty Acids to Omega-3 Fatty Acids ratio,24204,0.00806098441569159,0.00212522927452494,0.00389553503762271,0.0122264337937605,0.000149203015848445
ADAMTS1,A disintegrin and metalloproteinase with thrombospondin motifs 1,NMR metabolomics,X23460.Alanine,24219,0.00793365388134404,0.0020985424460343,0.00382051068711682,0.0120467970755713,0.000156855159309483
ADAMTS1,A disintegrin and metalloproteinase with thrombospondin motifs 1,NMR metabolomics,X23461.Glutamine,24148,-0.00561164183927561,0.00208125571251302,-0.00969090303580112,-0.0015323806427501,0.00701679714126622
ADAMTS1,A disintegrin and metalloproteinase with thrombospondin motifs 1,NMR metabolomics,X23462.Glycine,24199,0.000642284640718151,0.00218831128147971,-0.00364680547098209,0.00493137475241839,0.769137181674438
ADAMTS1,A disintegrin and metalloproteinase with thrombospondin motifs 1,NMR metabolomics,X23463.Histidine,24195,-0.00464717870580893,0.00206474094783316,-0.00869407096356192,-0.000600286448055939,0.024411456839913
ADAMTS1,A disintegrin and metalloproteinase with thrombospondin motifs 1,NMR metabolomics,X23464.Total Concentration of Branched-Chain Amino Acids (Leucine + Isoleucine + Valine),24211,-0.00220264606590538,0.00219154786690659,-0.0064980798850423,0.00209278775323155,0.314876039824015
ADAMTS1,A disintegrin and metalloproteinase with thrombospondin motifs 1,NMR metabolomics,X23465.Isoleucine,24223,-0.000849301736690278,0.00213775054320224,-0.00503929280136667,0.00334068932798611,0.69115890872005
ADAMTS1,A disintegrin and metalloproteinase with thrombospondin motifs 1,NMR metabolomics,X23466.Leucine,24224,-0.00560272898331975,0.00218181425975482,-0.00987908493243921,-0.0013263730342003,0.0102369595406561
ADAMTS1,A disintegrin and metalloproteinase with thrombospondin motifs 1,NMR metabolomics,X23467.Valine,24211,-0.000401263120372279,0.00219846986067867,-0.00471026404730248,0.00390773780655792,0.855176759886603
ADAMTS1,A disintegrin and metalloproteinase with thrombospondin motifs 1,NMR metabolomics,X23468.Phenylalanine,24220,0.00844536170260587,0.00208285192086221,0.00436297193771593,0.0125277514674958,5.03534222338432e-05
ADAMTS1,A disintegrin and metalloproteinase with thrombospondin motifs 1,NMR metabolomics,X23469.Tyrosine,24197,0.00865941330755169,0.00212741006963114,0.00448968957107465,0.0128291370440287,4.70812724950261e-05
ADAMTS1,A disintegrin and metalloproteinase with thrombospondin motifs 1,NMR metabolomics,X23470.Glucose,24183,-3.84577924111322e-05,0.00211176369867467,-0.00417751464181349,0.00410059905699122,0.985470502517956
ADAMTS1,A disintegrin and metalloproteinase with thrombospondin motifs 1,NMR metabolomics,X23471.Lactate,24182,0.0151888813351622,0.0020925060900172,0.0110875693987285,0.0192901932715959,4.02621528578545e-13
ADAMTS1,A disintegrin and metalloproteinase with thrombospondin motifs 1,NMR metabolomics,X23472.Pyruvate,24146,0.0113882690133037,0.00207680571878977,0.00731772980447572,0.0154588082221316,4.21051741044297e-08
ADAMTS1,A disintegrin and metalloproteinase with thrombospondin motifs 1,NMR metabolomics,X23473.Citrate,24226,0.0181613938862214,0.00209995400179482,0.0140454840427036,0.0222773037297393,5.53754537465211e-18
ADAMTS1,A disintegrin and metalloproteinase with thrombospondin motifs 1,NMR metabolomics,X23474.3-Hydroxybutyrate,23844,0.00557664304487279,0.00212676420296288,0.00140818520706554,0.00974510088268003,0.00874387561034186
ADAMTS1,A disintegrin and metalloproteinase with thrombospondin motifs 1,NMR metabolomics,X23475.Acetate,24207,-0.0100925783621878,0.00206295737320883,-0.0141359748136771,-0.00604918191069851,1.00311437107817e-06
ADAMTS1,A disintegrin and metalloproteinase with thrombospondin motifs 1,NMR metabolomics,X23476.Acetoacetate,24227,0.00090606415018348,0.00208464957532654,-0.00317984901745654,0.0049919773178235,0.66383039480638
ADAMTS1,A disintegrin and metalloproteinase with thrombospondin motifs 1,NMR metabolomics,X23477.Acetone,24227,-0.00208146692823691,0.00208078643781623,-0.00615980834635672,0.0019968744898829,0.317162264437176
ADAMTS1,A disintegrin and metalloproteinase with thrombospondin motifs 1,NMR metabolomics,X23478.Creatinine,23629,0.0297365348956446,0.00252486367055327,0.0247878021013602,0.034685267689929,6.26472671562342e-32
ADAMTS1,A disintegrin and metalloproteinase with thrombospondin motifs 1,NMR metabolomics,X23479.Albumin,24225,-0.0019138235692068,0.00210511043830225,-0.00603984002827921,0.00221219288986561,0.363289426011593
ADAMTS1,A disintegrin and metalloproteinase with thrombospondin motifs 1,NMR metabolomics,X23480.Glycoprotein Acetyls,24229,0.0209487220717415,0.00221358523152262,0.0166100950179572,0.0252873491255259,3.23404189175217e-21
ADAMTS1,A disintegrin and metalloproteinase with thrombospondin motifs 1,NMR metabolomics,X23481.Concentration of Chylomicrons and Extremely Large VLDL Particles,24229,0.0172958481216269,0.00222175246281413,0.0129412132945112,0.0216504829487426,7.2620434757461e-15
ADAMTS1,A disintegrin and metalloproteinase with thrombospondin motifs 1,NMR metabolomics,X23482.Total Lipids in Chylomicrons and Extremely Large VLDL,24229,0.0168400829589935,0.00221583786559937,0.0124970407424187,0.0211831251755683,3.07158274490427e-14
ADAMTS1,A disintegrin and metalloproteinase with thrombospondin motifs 1,NMR metabolomics,X23483.Phospholipids in Chylomicrons and Extremely Large VLDL,24229,0.0175511765280247,0.00223269481878617,0.0131750946832038,0.0219272583728455,3.96931021206417e-15
ADAMTS1,A disintegrin and metalloproteinase with thrombospondin motifs 1,NMR metabolomics,X23484.Cholesterol in Chylomicrons and Extremely Large VLDL,24229,0.0171971525675273,0.00220872460526871,0.0128680523412006,0.021526252793854,7.1917353013271e-15
ADAMTS1,A disintegrin and metalloproteinase with thrombospondin motifs 1,NMR metabolomics,X23485.Cholesteryl Esters in Chylomicrons and Extremely Large VLDL,24229,0.0165164399287958,0.00219737363783514,0.0122095875986389,0.0208232922589526,5.82354169188275e-14
ADAMTS1,A disintegrin and metalloproteinase with thrombospondin motifs 1,NMR metabolomics,X23486.Free Cholesterol in Chylomicrons and Extremely Large VLDL,24229,0.0174056526352353,0.00221173962990256,0.0130706429606263,0.0217406623098443,3.70396491973195e-15
ADAMTS1,A disintegrin and metalloproteinase with thrombospondin motifs 1,NMR metabolomics,X23487.Triglycerides in Chylomicrons and Extremely Large VLDL,24229,0.0158772222333219,0.00220685459264039,0.0115517872317467,0.020202657234897,6.45125628585817e-13
ADAMTS1,A disintegrin and metalloproteinase with thrombospondin motifs 1,NMR metabolomics,X23488.Concentration of Very Large VLDL Particles,24229,0.0139397431802568,0.00222887619479019,0.00957114583846803,0.0183083405220456,4.06347490780609e-10
ADAMTS1,A disintegrin and metalloproteinase with thrombospondin motifs 1,NMR metabolomics,X23489.Total Lipids in Very Large VLDL,24229,0.0137124541050099,0.00222563740905355,0.00935020478326495,0.0180747034267549,7.33632175059045e-10
ADAMTS1,A disintegrin and metalloproteinase with thrombospondin motifs 1,NMR metabolomics,X23490.Phospholipids in Very Large VLDL,24229,0.0142750002060539,0.00221518370718365,0.00993324013997398,0.0186167602721339,1.18427831955281e-10
ADAMTS1,A disintegrin and metalloproteinase with thrombospondin motifs 1,NMR metabolomics,X23491.Cholesterol in Very Large VLDL,24229,0.0123638125907156,0.00216919369045232,0.00811219295742907,0.0166154322240022,1.21393037375698e-08
ADAMTS1,A disintegrin and metalloproteinase with thrombospondin motifs 1,NMR metabolomics,X23492.Cholesteryl Esters in Very Large VLDL,24229,0.0103183428351753,0.00213999816213834,0.00612394643738414,0.0145127392329664,1.43232448462721e-06
ADAMTS1,A disintegrin and metalloproteinase with thrombospondin motifs 1,NMR metabolomics,X23493.Free Cholesterol in Very Large VLDL,24229,0.0141088365776446,0.00219657213219296,0.00980355519854642,0.0184141179567428,1.35991820795223e-10
ADAMTS1,A disintegrin and metalloproteinase with thrombospondin motifs 1,NMR metabolomics,X23494.Triglycerides in Very Large VLDL,24229,0.0135315127195032,0.00224557979948343,0.00913017631251566,0.0179328491264907,1.70659457853418e-09
ADAMTS1,A disintegrin and metalloproteinase with thrombospondin motifs 1,NMR metabolomics,X23495.Concentration of Large VLDL Particles,24229,0.0126370966482688,0.00220191262801652,0.00832134789735644,0.0169528453991812,9.6290965326274e-09
ADAMTS1,A disintegrin and metalloproteinase with thrombospondin motifs 1,NMR metabolomics,X23496.Total Lipids in Large VLDL,24229,0.0113880005477618,0.00219668968920586,0.0070824887569183,0.0156935123386053,2.18727914057429e-07
ADAMTS1,A disintegrin and metalloproteinase with thrombospondin motifs 1,NMR metabolomics,X23497.Phospholipids in Large VLDL,24229,0.0128423252106607,0.00221007688399673,0.00851057451802708,0.0171740759032942,6.29520263170504e-09
ADAMTS1,A disintegrin and metalloproteinase with thrombospondin motifs 1,NMR metabolomics,X23498.Cholesterol in Large VLDL,24229,0.0113850020729685,0.00215771880487774,0.00715587321540813,0.0156141309305289,1.32874391769762e-07
ADAMTS1,A disintegrin and metalloproteinase with thrombospondin motifs 1,NMR metabolomics,X23499.Cholesteryl Esters in Large VLDL,24229,0.0102989430792298,0.00211956646651403,0.00614459280486227,0.0144532933535972,1.18726128042159e-06
ADAMTS1,A disintegrin and metalloproteinase with thrombospondin motifs 1,NMR metabolomics,X23500.Free Cholesterol in Large VLDL,24229,0.012103220529914,0.00219922954475815,0.00779273062218802,0.01641371043764,3.76328642842955e-08
ADAMTS1,A disintegrin and metalloproteinase with thrombospondin motifs 1,NMR metabolomics,X23501.Triglycerides in Large VLDL,24229,0.0100443007773979,0.00220358324272125,0.00572527762166424,0.0143633239331315,5.18541652426376e-06
ADAMTS1,A disintegrin and metalloproteinase with thrombospondin motifs 1,NMR metabolomics,X23502.Concentration of Medium VLDL Particles,24229,0.00760906156824758,0.00207632457518443,0.00353946540088609,0.0116786577356091,0.000248178306380118
ADAMTS1,A disintegrin and metalloproteinase with thrombospondin motifs 1,NMR metabolomics,X23503.Total Lipids in Medium VLDL,24229,0.00857038539715578,0.00209282467965931,0.00446844902502354,0.012672321769288,4.23304704362022e-05
ADAMTS1,A disintegrin and metalloproteinase with thrombospondin motifs 1,NMR metabolomics,X23504.Phospholipids in Medium VLDL,24229,0.00766780277506759,0.00207234573654329,0.00360600513144274,0.0117296004186924,0.000216025823583859
ADAMTS1,A disintegrin and metalloproteinase with thrombospondin motifs 1,NMR metabolomics,X23505.Cholesterol in Medium VLDL,24229,0.00290175360341082,0.00206897730571138,-0.00115344191578349,0.00695694912260513,0.16077694517646
ADAMTS1,A disintegrin and metalloproteinase with thrombospondin motifs 1,NMR metabolomics,X23506.Cholesteryl Esters in Medium VLDL,24229,0.000235401372474143,0.00209005700538349,-0.00386111035807749,0.00433191310302578,0.910325496524212
ADAMTS1,A disintegrin and metalloproteinase with thrombospondin motifs 1,NMR metabolomics,X23507.Free Cholesterol in Medium VLDL,24229,0.00614582889170097,0.00206502858806935,0.00209837285908506,0.0101932849243169,0.00292183166115507
ADAMTS1,A disintegrin and metalloproteinase with thrombospondin motifs 1,NMR metabolomics,X23508.Triglycerides in Medium VLDL,24229,0.0105214751956189,0.00216648551624039,0.00627516358378773,0.0147677868074501,1.20241346976972e-06
ADAMTS1,A disintegrin and metalloproteinase with thrombospondin motifs 1,NMR metabolomics,X23509.Concentration of Small VLDL Particles,24229,0.0121624896967348,0.00211814755416876,0.00801092049056401,0.0163140589029056,9.46606688405724e-09
ADAMTS1,A disintegrin and metalloproteinase with thrombospondin motifs 1,NMR metabolomics,X23510.Total Lipids in Small VLDL,24229,0.0118111541506195,0.00211101353809461,0.00767356761595411,0.015948740685285,2.22985074191034e-08
ADAMTS1,A disintegrin and metalloproteinase with thrombospondin motifs 1,NMR metabolomics,X23511.Phospholipids in Small VLDL,24229,0.0085694139396777,0.0020771304735211,0.00449823821157635,0.0126405896677791,3.71000835530072e-05
ADAMTS1,A disintegrin and metalloproteinase with thrombospondin motifs 1,NMR metabolomics,X23512.Cholesterol in Small VLDL,24229,0.00792306787301837,0.00207065727897016,0.00386457960623686,0.0119815561397999,0.000130381762819588
ADAMTS1,A disintegrin and metalloproteinase with thrombospondin motifs 1,NMR metabolomics,X23513.Cholesteryl Esters in Small VLDL,24229,0.00905711575928486,0.00207857676122293,0.00498310530728791,0.0131311262112818,1.32179604715799e-05
ADAMTS1,A disintegrin and metalloproteinase with thrombospondin motifs 1,NMR metabolomics,X23514.Free Cholesterol in Small VLDL,24229,0.005792701470336,0.00206314884271329,0.00174892973861795,0.00983647320205406,0.0049936702281114
ADAMTS1,A disintegrin and metalloproteinase with thrombospondin motifs 1,NMR metabolomics,X23515.Triglycerides in Small VLDL,24229,0.0144037998722093,0.0021737898834488,0.0101431717006496,0.0186644280437689,3.51851530280548e-11
ADAMTS1,A disintegrin and metalloproteinase with thrombospondin motifs 1,NMR metabolomics,X23516.Concentration of Very Small VLDL Particles,24229,0.013640372642642,0.0020912913313611,0.00954144163317425,0.0177393036521098,7.05257982775371e-11
ADAMTS1,A disintegrin and metalloproteinase with thrombospondin motifs 1,NMR metabolomics,X23517.Total Lipids in Very Small VLDL,24229,0.0144242649084675,0.00209702606300536,0.010314093824977,0.018534435991958,6.19849709099272e-12
ADAMTS1,A disintegrin and metalloproteinase with thrombospondin motifs 1,NMR metabolomics,X23518.Phospholipids in Very Small VLDL,24229,0.015614041648596,0.00209185788675606,0.0115140001905542,0.0197140831066379,8.66322147904818e-14
ADAMTS1,A disintegrin and metalloproteinase with thrombospondin motifs 1,NMR metabolomics,X23519.Cholesterol in Very Small VLDL,24229,0.00910445869724821,0.00212668607020292,0.00493615399965049,0.0132727633948459,1.86725037716757e-05
ADAMTS1,A disintegrin and metalloproteinase with thrombospondin motifs 1,NMR metabolomics,X23520.Cholesteryl Esters in Very Small VLDL,24229,0.00740916327540966,0.00214443543100229,0.00320606983064518,0.0116122567201741,0.000551102877532507
ADAMTS1,A disintegrin and metalloproteinase with thrombospondin motifs 1,NMR metabolomics,X23521.Free Cholesterol in Very Small VLDL,24229,0.0126113536739314,0.0020969194120005,0.00850139162641037,0.0167213157214523,1.83335525654082e-09
ADAMTS1,A disintegrin and metalloproteinase with thrombospondin motifs 1,NMR metabolomics,X23522.Triglycerides in Very Small VLDL,24229,0.0190421583914661,0.00213887234546885,0.0148499685943472,0.0232343481885851,5.81401530161599e-19
ADAMTS1,A disintegrin and metalloproteinase with thrombospondin motifs 1,NMR metabolomics,X23523.Concentration of IDL Particles,24229,0.00337183878508711,0.00209142228212015,-0.000727348887868375,0.0074710264580426,0.106926487345579
ADAMTS1,A disintegrin and metalloproteinase with thrombospondin motifs 1,NMR metabolomics,X23524.Total Lipids in IDL,24229,0.00325852397898036,0.00214801773202867,-0.000951590775795836,0.00746863873375656,0.129281961920428
ADAMTS1,A disintegrin and metalloproteinase with thrombospondin motifs 1,NMR metabolomics,X23525.Phospholipids in IDL,24229,0.00476227832382806,0.00214860991004565,0.000551002900138593,0.00897355374751753,0.0266702142913321
ADAMTS1,A disintegrin and metalloproteinase with thrombospondin motifs 1,NMR metabolomics,X23526.Cholesterol in IDL,24229,0.000366253608212099,0.00215749195583182,-0.00386243062521827,0.00459493784164247,0.865201115245511
ADAMTS1,A disintegrin and metalloproteinase with thrombospondin motifs 1,NMR metabolomics,X23527.Cholesteryl Esters in IDL,24229,0.00021690248962928,0.00215770299035569,-0.00401219537146788,0.00444600035072644,0.919928590483056
ADAMTS1,A disintegrin and metalloproteinase with thrombospondin motifs 1,NMR metabolomics,X23528.Free Cholesterol in IDL,24229,0.000808586438283502,0.00215210785567296,-0.00340954495883549,0.00502671783540249,0.707129576719277
ADAMTS1,A disintegrin and metalloproteinase with thrombospondin motifs 1,NMR metabolomics,X23529.Triglycerides in IDL,24229,0.0198071863144232,0.00212114844094497,0.0156497353701711,0.0239646372586754,1.06404098657474e-20
ADAMTS1,A disintegrin and metalloproteinase with thrombospondin motifs 1,NMR metabolomics,X23530.Concentration of Large LDL Particles,24229,0.0031014250219849,0.00206605929595225,-0.000948051198081506,0.00715090124205131,0.133334800189168
ADAMTS1,A disintegrin and metalloproteinase with thrombospondin motifs 1,NMR metabolomics,X23531.Total Lipids in Large LDL,24229,0.000993146552082214,0.00208614890360937,-0.00309570529899215,0.00508199840315658,0.634030974604226
ADAMTS1,A disintegrin and metalloproteinase with thrombospondin motifs 1,NMR metabolomics,X23532.Phospholipids in Large LDL,24229,1.18029071400752e-05,0.00208316757910725,-0.00407120554791013,0.00409481136219028,0.995479379642284
ADAMTS1,A disintegrin and metalloproteinase with thrombospondin motifs 1,NMR metabolomics,X23533.Cholesterol in Large LDL,24229,-0.000341951943901778,0.00209140293355463,-0.00444110169366885,0.00375719780586529,0.870123290147163
ADAMTS1,A disintegrin and metalloproteinase with thrombospondin motifs 1,NMR metabolomics,X23534.Cholesteryl Esters in Large LDL,24229,0.000378605259427327,0.00208368258133956,-0.00370541259999821,0.00446262311885287,0.855819636199413
ADAMTS1,A disintegrin and metalloproteinase with thrombospondin motifs 1,NMR metabolomics,X23535.Free Cholesterol in Large LDL,24229,-0.00236932124436351,0.00211604449626775,-0.0065167684570483,0.00177812596832129,0.262855506448924
ADAMTS1,A disintegrin and metalloproteinase with thrombospondin motifs 1,NMR metabolomics,X23536.Triglycerides in Large LDL,24229,0.0190621305116439,0.00212303360300104,0.0149009846497619,0.023223276373526,2.93379337643996e-19
ADAMTS1,A disintegrin and metalloproteinase with thrombospondin motifs 1,NMR metabolomics,X23537.Concentration of Medium LDL Particles,24229,0.00445484162814099,0.00206035586939381,0.000416544124129115,0.00849313913215287,0.0306147623436639
ADAMTS1,A disintegrin and metalloproteinase with thrombospondin motifs 1,NMR metabolomics,X23538.Total Lipids in Medium LDL,24229,0.00242093199619413,0.00206139361338332,-0.00161939948603718,0.00646126347842544,0.240240308440735
ADAMTS1,A disintegrin and metalloproteinase with thrombospondin motifs 1,NMR metabolomics,X23539.Phospholipids in Medium LDL,24229,0.0013002178580805,0.00205899243482578,-0.00273540731417803,0.00533584303033903,0.527730995686753
ADAMTS1,A disintegrin and metalloproteinase with thrombospondin motifs 1,NMR metabolomics,X23540.Cholesterol in Medium LDL,24229,0.00139614369120081,0.002059777721083,-0.00264102064212188,0.0054333080245235,0.497896874521496
ADAMTS1,A disintegrin and metalloproteinase with thrombospondin motifs 1,NMR metabolomics,X23541.Cholesteryl Esters in Medium LDL,24229,0.00311415338372244,0.00206491395648308,-0.000933077970984393,0.00716138473842927,0.131534961436089
ADAMTS1,A disintegrin and metalloproteinase with thrombospondin motifs 1,NMR metabolomics,X23542.Free Cholesterol in Medium LDL,24229,-0.0032291831686181,0.00206493533751625,-0.00727645643014996,0.000818090092913761,0.117873369919789
ADAMTS1,A disintegrin and metalloproteinase with thrombospondin motifs 1,NMR metabolomics,X23543.Triglycerides in Medium LDL,24229,0.0184287230014145,0.00214346082693693,0.0142275397806181,0.0226299062222109,8.62085843653522e-18
ADAMTS1,A disintegrin and metalloproteinase with thrombospondin motifs 1,NMR metabolomics,X23544.Concentration of Small LDL Particles,24229,0.00596016503734144,0.00206017209033655,0.00192222774028179,0.00999810233440108,0.00381869920074114
ADAMTS1,A disintegrin and metalloproteinase with thrombospondin motifs 1,NMR metabolomics,X23545.Total Lipids in Small LDL,24229,0.00314198919633112,0.0020606630652545,-0.000896910411567702,0.00718088880422994,0.12733534977751
ADAMTS1,A disintegrin and metalloproteinase with thrombospondin motifs 1,NMR metabolomics,X23546.Phospholipids in Small LDL,24229,0.0015013076868402,0.00206095695823794,-0.00253816795130616,0.00554078332498655,0.466344143596504
ADAMTS1,A disintegrin and metalloproteinase with thrombospondin motifs 1,NMR metabolomics,X23547.Cholesterol in Small LDL,24229,0.00183730520752664,0.00205843268280544,-0.00219722285077203,0.0058718332658253,0.372093771465453
ADAMTS1,A disintegrin and metalloproteinase with thrombospondin motifs 1,NMR metabolomics,X23548.Cholesteryl Esters in Small LDL,24229,0.00440370632309198,0.00206290724915581,0.00036040811474659,0.00844700453143737,0.0327948115942541
ADAMTS1,A disintegrin and metalloproteinase with thrombospondin motifs 1,NMR metabolomics,X23549.Free Cholesterol in Small LDL,24229,-0.00480656697305687,0.00206423139851963,-0.00885246051415534,-0.000760673431958399,0.0198936509282239
ADAMTS1,A disintegrin and metalloproteinase with thrombospondin motifs 1,NMR metabolomics,X23550.Triglycerides in Small LDL,24229,0.0185740743687593,0.00216462729962051,0.0143314048615031,0.0228167438760155,9.98422457600324e-18
ADAMTS1,A disintegrin and metalloproteinase with thrombospondin motifs 1,NMR metabolomics,X23551.Concentration of Very Large HDL Particles,24229,0.00678001654850742,0.00241747424961841,0.00204176701925532,0.0115182660777595,0.00504212363760739
ADAMTS1,A disintegrin and metalloproteinase with thrombospondin motifs 1,NMR metabolomics,X23552.Total Lipids in Very Large HDL,24229,0.0049222960135299,0.00242469259193628,0.000169898533334784,0.00967469349372502,0.042360319840305
ADAMTS1,A disintegrin and metalloproteinase with thrombospondin motifs 1,NMR metabolomics,X23553.Phospholipids in Very Large HDL,24229,0.00536399147039542,0.00241557832962776,0.000629457944325003,0.0100985249964658,0.0263884565172061
ADAMTS1,A disintegrin and metalloproteinase with thrombospondin motifs 1,NMR metabolomics,X23554.Cholesterol in Very Large HDL,24229,0.00154861280770264,0.0024330252356736,-0.00322011665421761,0.00631734226962289,0.524458674093637
ADAMTS1,A disintegrin and metalloproteinase with thrombospondin motifs 1,NMR metabolomics,X23555.Cholesteryl Esters in Very Large HDL,24229,0.000474045311783601,0.0024614688252841,-0.00435043358577324,0.00529852420934044,0.847284546158564
ADAMTS1,A disintegrin and metalloproteinase with thrombospondin motifs 1,NMR metabolomics,X23556.Free Cholesterol in Very Large HDL,24229,0.00454904088057019,0.00230550099221139,3.02589358358576e-05,0.00906782282530452,0.0484927144402767
ADAMTS1,A disintegrin and metalloproteinase with thrombospondin motifs 1,NMR metabolomics,X23557.Triglycerides in Very Large HDL,24229,0.0200145801654909,0.00208814516672676,0.0159218156387065,0.0241073446922754,1.01180104110301e-21
ADAMTS1,A disintegrin and metalloproteinase with thrombospondin motifs 1,NMR metabolomics,X23558.Concentration of Large HDL Particles,24229,1.62692768053267e-05,0.00250584864556109,-0.0048951940684944,0.00492773262210505,0.9948198070207
ADAMTS1,A disintegrin and metalloproteinase with thrombospondin motifs 1,NMR metabolomics,X23559.Total Lipids in Large HDL,24229,0.000257797919794011,0.00248725291767218,-0.00461721779884346,0.00513281363843148,0.917449830409081
ADAMTS1,A disintegrin and metalloproteinase with thrombospondin motifs 1,NMR metabolomics,X23560.Phospholipids in Large HDL,24229,0.00117187283801457,0.0024572236437188,-0.00364428550367427,0.00598803117970342,0.633431004240199
ADAMTS1,A disintegrin and metalloproteinase with thrombospondin motifs 1,NMR metabolomics,X23561.Cholesterol in Large HDL,24229,-0.00316136864985011,0.00250599137669347,-0.00807311174816931,0.00175037444846908,0.20713221551419
ADAMTS1,A disintegrin and metalloproteinase with thrombospondin motifs 1,NMR metabolomics,X23562.Cholesteryl Esters in Large HDL,24229,-0.00452050576923227,0.00250596651584906,-0.00943220014029642,0.000391188601831881,0.0712598596489293
ADAMTS1,A disintegrin and metalloproteinase with thrombospondin motifs 1,NMR metabolomics,X23563.Free Cholesterol in Large HDL,24229,0.00138195205685397,0.00248988848813497,-0.00349822937989057,0.00626213349359851,0.578882220729483
ADAMTS1,A disintegrin and metalloproteinase with thrombospondin motifs 1,NMR metabolomics,X23564.Triglycerides in Large HDL,24229,0.0177802355119368,0.00212871028770787,0.0136079633480294,0.0219525076758442,7.0319829530694e-17
ADAMTS1,A disintegrin and metalloproteinase with thrombospondin motifs 1,NMR metabolomics,X23565.Concentration of Medium HDL Particles,24229,0.000157430336422758,0.00227235045531283,-0.00429637655599038,0.0046112372288359,0.944766652782474
ADAMTS1,A disintegrin and metalloproteinase with thrombospondin motifs 1,NMR metabolomics,X23566.Total Lipids in Medium HDL,24229,0.00142115691885377,0.00224317637218561,-0.00297546877063001,0.00581778260833756,0.526382698408193
ADAMTS1,A disintegrin and metalloproteinase with thrombospondin motifs 1,NMR metabolomics,X23567.Phospholipids in Medium HDL,24229,0.00338150842934479,0.00221597548652127,-0.000961803524236902,0.00772482038292648,0.127030810255231
ADAMTS1,A disintegrin and metalloproteinase with thrombospondin motifs 1,NMR metabolomics,X23568.Cholesterol in Medium HDL,24229,-0.00370685689148001,0.00229046101648899,-0.00819616048379843,0.000782446700838406,0.105591817051022
ADAMTS1,A disintegrin and metalloproteinase with thrombospondin motifs 1,NMR metabolomics,X23569.Cholesteryl Esters in Medium HDL,24229,-0.00476304007170566,0.00228230221891977,-0.0092363524207884,-0.000289727722622919,0.036903503873991
ADAMTS1,A disintegrin and metalloproteinase with thrombospondin motifs 1,NMR metabolomics,X23570.Free Cholesterol in Medium HDL,24229,0.000766555144834493,0.00231075326795479,-0.00376252126035689,0.00529563155002587,0.74009308721432
ADAMTS1,A disintegrin and metalloproteinase with thrombospondin motifs 1,NMR metabolomics,X23571.Triglycerides in Medium HDL,24229,0.0168294892055002,0.00211238267611575,0.0126892191603134,0.0209697592506871,1.69597098330202e-15
ADAMTS1,A disintegrin and metalloproteinase with thrombospondin motifs 1,NMR metabolomics,X23572.Concentration of Small HDL Particles,24229,-0.00351347714158093,0.00206572610578042,-0.00756230030891055,0.000535346025748694,0.0889851887584333
ADAMTS1,A disintegrin and metalloproteinase with thrombospondin motifs 1,NMR metabolomics,X23573.Total Lipids in Small HDL,24229,0.00162797093379608,0.00207990940054456,-0.00244865149127126,0.00570459335886343,0.433803657504972
ADAMTS1,A disintegrin and metalloproteinase with thrombospondin motifs 1,NMR metabolomics,X23574.Phospholipids in Small HDL,24229,0.00328838345886743,0.00208934167433263,-0.000806726222824531,0.00738349314055938,0.115527109517018
ADAMTS1,A disintegrin and metalloproteinase with thrombospondin motifs 1,NMR metabolomics,X23575.Cholesterol in Small HDL,24229,-0.00495559919877133,0.00206674452353295,-0.00900641846489591,-0.000904779932646751,0.0165022815569871
ADAMTS1,A disintegrin and metalloproteinase with thrombospondin motifs 1,NMR metabolomics,X23576.Cholesteryl Esters in Small HDL,24229,-0.00756529589976612,0.00205814242746206,-0.0115992550575918,-0.00353133674194049,0.000237627992048052
ADAMTS1,A disintegrin and metalloproteinase with thrombospondin motifs 1,NMR metabolomics,X23577.Free Cholesterol in Small HDL,24229,0.0037271418178685,0.00210512912249061,-0.0003989112622131,0.0078531948979501,0.0766556169405173
ADAMTS1,A disintegrin and metalloproteinase with thrombospondin motifs 1,NMR metabolomics,X23578.Triglycerides in Small HDL,24229,0.016082281806069,0.0022159599744237,0.0117390002561986,0.0204255633559395,4.06252191841191e-13
ADAMTS1,A disintegrin and metalloproteinase with thrombospondin motifs 1,NMR metabolomics,X23579.Phospholipids to Total Lipids in Chylomicrons and Extremely Large VLDL percentage,23188,0.00528686500545672,0.00211719581218314,0.00113716121357776,0.00943656879733568,0.0125279915610751
ADAMTS1,A disintegrin and metalloproteinase with thrombospondin motifs 1,NMR metabolomics,X23580.Cholesterol to Total Lipids in Chylomicrons and Extremely Large VLDL percentage,23188,-0.00682824211344085,0.00213924467609566,-0.0110211616785884,-0.00263532254829334,0.00141531812908343
ADAMTS1,A disintegrin and metalloproteinase with thrombospondin motifs 1,NMR metabolomics,X23581.Cholesteryl Esters to Total Lipids in Chylomicrons and Extremely Large VLDL percentage,23188,-0.00590822608749315,0.00211830423308195,-0.0100601023843338,-0.00175634979065251,0.00528929475813131
ADAMTS1,A disintegrin and metalloproteinase with thrombospondin motifs 1,NMR metabolomics,X23582.Free Cholesterol to Total Lipids in Chylomicrons and Extremely Large VLDL percentage,23188,-0.00663653120125417,0.00216129518611528,-0.0108726697660401,-0.00240039263646822,0.00213857071109824
ADAMTS1,A disintegrin and metalloproteinase with thrombospondin motifs 1,NMR metabolomics,X23583.Triglycerides to Total Lipids in Chylomicrons and Extremely Large VLDL percentage,23188,0.00463247654037951,0.00210951069632478,0.000497835575582929,0.00876711750517608,0.028102120304434
ADAMTS1,A disintegrin and metalloproteinase with thrombospondin motifs 1,NMR metabolomics,X23584.Phospholipids to Total Lipids in Very Large VLDL percentage,23974,0.00921953366036107,0.00205886273017412,0.0051841627092198,0.0132549046115023,7.57025287045828e-06
ADAMTS1,A disintegrin and metalloproteinase with thrombospondin motifs 1,NMR metabolomics,X23585.Cholesterol to Total Lipids in Very Large VLDL percentage,23974,-0.00910869365240319,0.00225420365721631,-0.0135269328205472,-0.00469045448425922,5.34446673145161e-05
ADAMTS1,A disintegrin and metalloproteinase with thrombospondin motifs 1,NMR metabolomics,X23586.Cholesteryl Esters to Total Lipids in Very Large VLDL percentage,23974,-0.0110577985454031,0.00225177541694568,-0.0154712783626166,-0.00664431872818952,9.13479902339345e-07
ADAMTS1,A disintegrin and metalloproteinase with thrombospondin motifs 1,NMR metabolomics,X23587.Free Cholesterol to Total Lipids in Very Large VLDL percentage,23974,-0.000234670627113617,0.00218381942866359,-0.00451495670729425,0.00404561545306702,0.91442590425281
ADAMTS1,A disintegrin and metalloproteinase with thrombospondin motifs 1,NMR metabolomics,X23588.Triglycerides to Total Lipids in Very Large VLDL percentage,23974,0.00492771948877444,0.00219809200892482,0.000619459151281803,0.00923597982626708,0.0249823318820029
ADAMTS1,A disintegrin and metalloproteinase with thrombospondin motifs 1,NMR metabolomics,X23589.Phospholipids to Total Lipids in Large VLDL percentage,24224,0.0157961019454209,0.00218679491373705,0.0115099839144963,0.0200822199763455,5.22015273804376e-13
ADAMTS1,A disintegrin and metalloproteinase with thrombospondin motifs 1,NMR metabolomics,X23590.Cholesterol to Total Lipids in Large VLDL percentage,24224,-0.000907848827128023,0.00211388413899611,-0.0050510617395604,0.00323536408530435,0.667585385561458
ADAMTS1,A disintegrin and metalloproteinase with thrombospondin motifs 1,NMR metabolomics,X23591.Cholesteryl Esters to Total Lipids in Large VLDL percentage,24224,-0.00321466979340635,0.00219263104481989,-0.00751222664125333,0.00108288705444063,0.14262739740949
ADAMTS1,A disintegrin and metalloproteinase with thrombospondin motifs 1,NMR metabolomics,X23592.Free Cholesterol to Total Lipids in Large VLDL percentage,24224,0.00486797548992964,0.00206862549565122,0.000813469518453243,0.00892248146140604,0.01861849221279
ADAMTS1,A disintegrin and metalloproteinase with thrombospondin motifs 1,NMR metabolomics,X23593.Triglycerides to Total Lipids in Large VLDL percentage,24224,-0.00491204242556415,0.0020479487134768,-0.00892602190397868,-0.000898062947149623,0.0164690732595236
ADAMTS1,A disintegrin and metalloproteinase with thrombospondin motifs 1,NMR metabolomics,X23594.Phospholipids to Total Lipids in Medium VLDL percentage,24229,-0.000589534572241596,0.00216680690311275,-0.00483647610234258,0.00365740695785939,0.785566464187918
ADAMTS1,A disintegrin and metalloproteinase with thrombospondin motifs 1,NMR metabolomics,X23595.Cholesterol to Total Lipids in Medium VLDL percentage,24229,-0.007516681,0.002262088,-0.01195037,-0.003082989,0.0008922033
ADAMTS1,A disintegrin and metalloproteinase with thrombospondin motifs 1,NMR metabolomics,X23596.Cholesteryl Esters to Total Lipids in Medium VLDL percentage,24229,-0.00878393143756336,0.00227817392471113,-0.0132491523299972,-0.00431871054512954,0.000115702107616052
ADAMTS1,A disintegrin and metalloproteinase with thrombospondin motifs 1,NMR metabolomics,X23597.Free Cholesterol to Total Lipids in Medium VLDL percentage,24229,-0.00418375871742996,0.00220808658862439,-0.00851160843113376,0.000144090996273839,0.0581382327201164
ADAMTS1,A disintegrin and metalloproteinase with thrombospondin motifs 1,NMR metabolomics,X23598.Triglycerides to Total Lipids in Medium VLDL percentage,24229,0.00598450691304783,0.00224301492676283,0.00158819765659269,0.010380816169503,0.00763405588999848
ADAMTS1,A disintegrin and metalloproteinase with thrombospondin motifs 1,NMR metabolomics,X23599.Phospholipids to Total Lipids in Small VLDL percentage,24229,-0.0111001091255885,0.0022048934366849,-0.0154217002614909,-0.00677851798968605,4.83019593777647e-07
ADAMTS1,A disintegrin and metalloproteinase with thrombospondin motifs 1,NMR metabolomics,X23600.Cholesterol to Total Lipids in Small VLDL percentage,24229,-0.00696178502538054,0.00213713187383141,-0.0111505634980901,-0.00277300655267097,0.00112538512851434
ADAMTS1,A disintegrin and metalloproteinase with thrombospondin motifs 1,NMR metabolomics,X23601.Cholesteryl Esters to Total Lipids in Small VLDL percentage,24229,-0.00359436491882268,0.00208479763322883,-0.0076805682799512,0.000491838442305827,0.0847055576376681
ADAMTS1,A disintegrin and metalloproteinase with thrombospondin motifs 1,NMR metabolomics,X23602.Free Cholesterol to Total Lipids in Small VLDL percentage,24229,-0.0110671246096501,0.00221807369510489,-0.0154145490520557,-0.00671970016724449,6.09484041140201e-07
ADAMTS1,A disintegrin and metalloproteinase with thrombospondin motifs 1,NMR metabolomics,X23603.Triglycerides to Total Lipids in Small VLDL percentage,24229,0.0082878999273151,0.00215877236136503,0.00405670609903963,0.0125190937555906,0.000123763487780845
ADAMTS1,A disintegrin and metalloproteinase with thrombospondin motifs 1,NMR metabolomics,X23604.Phospholipids to Total Lipids in Very Small VLDL percentage,24229,0.0126317966391556,0.00215679346707844,0.00840448144368191,0.0168591118346294,4.78114985131335e-09
ADAMTS1,A disintegrin and metalloproteinase with thrombospondin motifs 1,NMR metabolomics,X23605.Cholesterol to Total Lipids in Very Small VLDL percentage,24229,-0.011579577720606,0.00225067626226849,-0.0159909031946523,-0.00716825224655977,2.69703528223805e-07
ADAMTS1,A disintegrin and metalloproteinase with thrombospondin motifs 1,NMR metabolomics,X23606.Cholesteryl Esters to Total Lipids in Very Small VLDL percentage,24229,-0.0120640198063551,0.00227319140943781,-0.0165194749688532,-0.00760856464385701,1.12372023751283e-07
ADAMTS1,A disintegrin and metalloproteinase with thrombospondin motifs 1,NMR metabolomics,X23607.Free Cholesterol to Total Lipids in Very Small VLDL percentage,24229,-0.00618636189627683,0.00208531644356121,-0.0102735821256568,-0.00209914166689685,0.00301377245269826
ADAMTS1,A disintegrin and metalloproteinase with thrombospondin motifs 1,NMR metabolomics,X23608.Triglycerides to Total Lipids in Very Small VLDL percentage,24229,0.0101166420408014,0.00223480651255317,0.00573642127619714,0.0144968628054056,6.01533381164295e-06
ADAMTS1,A disintegrin and metalloproteinase with thrombospondin motifs 1,NMR metabolomics,X23609.Phospholipids to Total Lipids in IDL percentage,24229,0.00814925570970872,0.00206017766961476,0.00411130747726379,0.0121872039421537,7.65575069956161e-05
ADAMTS1,A disintegrin and metalloproteinase with thrombospondin motifs 1,NMR metabolomics,X23610.Cholesterol to Total Lipids in IDL percentage,24229,-0.015464379423892,0.00216591769049409,-0.0197095780972604,-0.0112191807505236,9.60532605516025e-13
ADAMTS1,A disintegrin and metalloproteinase with thrombospondin motifs 1,NMR metabolomics,X23611.Cholesteryl Esters to Total Lipids in IDL percentage,24229,-0.0150044841713483,0.00215402638008498,-0.0192263758763148,-0.0107825924663817,3.34934815725409e-12
ADAMTS1,A disintegrin and metalloproteinase with thrombospondin motifs 1,NMR metabolomics,X23612.Free Cholesterol to Total Lipids in IDL percentage,24229,-0.00877417856683737,0.00210044463821844,-0.0128910500577455,-0.00465730707592922,2.9602819947119e-05
ADAMTS1,A disintegrin and metalloproteinase with thrombospondin motifs 1,NMR metabolomics,X23613.Triglycerides to Total Lipids in IDL percentage,24229,0.0161317425813944,0.00220942038172447,0.0118012786332144,0.0204622065295743,2.93693668010074e-13
ADAMTS1,A disintegrin and metalloproteinase with thrombospondin motifs 1,NMR metabolomics,X23614.Phospholipids to Total Lipids in Large LDL percentage,24229,-0.00680702867592815,0.00207186191459974,-0.0108678780285436,-0.00274617932331266,0.00101959031642257
ADAMTS1,A disintegrin and metalloproteinase with thrombospondin motifs 1,NMR metabolomics,X23615.Cholesterol to Total Lipids in Large LDL percentage,24229,-0.0162099163378083,0.0022032854168503,-0.0205283557548349,-0.0118914769207817,1.93843880973729e-13
ADAMTS1,A disintegrin and metalloproteinase with thrombospondin motifs 1,NMR metabolomics,X23616.Cholesteryl Esters to Total Lipids in Large LDL percentage,24229,-0.00700164336897796,0.00205667604499602,-0.0110327284171702,-0.00297055832078577,0.000664294187850383
ADAMTS1,A disintegrin and metalloproteinase with thrombospondin motifs 1,NMR metabolomics,X23617.Free Cholesterol to Total Lipids in Large LDL percentage,24229,-0.0142041347042834,0.00226823951449949,-0.0186498841527024,-0.00975838525586442,3.8599847638023e-10
ADAMTS1,A disintegrin and metalloproteinase with thrombospondin motifs 1,NMR metabolomics,X23618.Triglycerides to Total Lipids in Large LDL percentage,24229,0.0184667417775944,0.00217240596215508,0.0142088260917704,0.0227246574634183,1.99343408103624e-17
ADAMTS1,A disintegrin and metalloproteinase with thrombospondin motifs 1,NMR metabolomics,X23619.Phospholipids to Total Lipids in Medium LDL percentage,24229,-0.0104887716426969,0.00207136114522654,-0.0145486394873409,-0.00642890379805283,4.14189876206577e-07
ADAMTS1,A disintegrin and metalloproteinase with thrombospondin motifs 1,NMR metabolomics,X23620.Cholesterol to Total Lipids in Medium LDL percentage,24229,-0.010016311235096,0.00209255857258326,-0.0141177260373591,-0.00591489643283278,1.70602491339869e-06
ADAMTS1,A disintegrin and metalloproteinase with thrombospondin motifs 1,NMR metabolomics,X23621.Cholesteryl Esters to Total Lipids in Medium LDL percentage,24229,0.00714141875964287,0.00211338160736928,0.00299919080919908,0.0112836467100867,0.0007282681196385
ADAMTS1,A disintegrin and metalloproteinase with thrombospondin motifs 1,NMR metabolomics,X23622.Free Cholesterol to Total Lipids in Medium LDL percentage,24229,-0.0185398907870654,0.00224985897577884,-0.022949614379592,-0.0141301671945389,1.80136604480716e-16
ADAMTS1,A disintegrin and metalloproteinase with thrombospondin motifs 1,NMR metabolomics,X23623.Triglycerides to Total Lipids in Medium LDL percentage,24229,0.0177552260406328,0.0021258095577375,0.0135886393074673,0.0219218127737983,7.05382970587355e-17
ADAMTS1,A disintegrin and metalloproteinase with thrombospondin motifs 1,NMR metabolomics,X23624.Phospholipids to Total Lipids in Small LDL percentage,24229,-0.00821082686516034,0.00208558163714133,-0.0122985668739574,-0.00412308685636332,8.27551763656882e-05
ADAMTS1,A disintegrin and metalloproteinase with thrombospondin motifs 1,NMR metabolomics,X23625.Cholesterol to Total Lipids in Small LDL percentage,24229,-0.0077812461219111,0.00207385838423486,-0.0118460085550114,-0.00371648368881078,0.000175794808457402
ADAMTS1,A disintegrin and metalloproteinase with thrombospondin motifs 1,NMR metabolomics,X23626.Cholesteryl Esters to Total Lipids in Small LDL percentage,24229,0.00930429318363439,0.00208495666456102,0.00521777812109479,0.013390808246174,8.1342253972633e-06
ADAMTS1,A disintegrin and metalloproteinase with thrombospondin motifs 1,NMR metabolomics,X23627.Free Cholesterol to Total Lipids in Small LDL percentage,24229,-0.0200932931140089,0.00217064344645966,-0.0243477542690698,-0.015838831958948,2.27519829948407e-20
ADAMTS1,A disintegrin and metalloproteinase with thrombospondin motifs 1,NMR metabolomics,X23628.Triglycerides to Total Lipids in Small LDL percentage,24229,0.018815874434139,0.00217835711674467,0.0145462944853194,0.0230854543829585,6.08640824931522e-18
ADAMTS1,A disintegrin and metalloproteinase with thrombospondin motifs 1,NMR metabolomics,X23629.Phospholipids to Total Lipids in Very Large HDL percentage,24215,0.00604542382939562,0.00231837257784221,0.00150141357682489,0.0105894340819663,0.0091231317937139
ADAMTS1,A disintegrin and metalloproteinase with thrombospondin motifs 1,NMR metabolomics,X23630.Cholesterol to Total Lipids in Very Large HDL percentage,24215,-0.0157563608370405,0.0021651004768289,-0.0199999577716251,-0.0115127639024558,3.50614642023546e-13
ADAMTS1,A disintegrin and metalloproteinase with thrombospondin motifs 1,NMR metabolomics,X23631.Cholesteryl Esters to Total Lipids in Very Large HDL percentage,24215,-0.0171183478588556,0.00208580415693395,-0.0212065240064461,-0.013030171711265,2.37827286750343e-16
ADAMTS1,A disintegrin and metalloproteinase with thrombospondin motifs 1,NMR metabolomics,X23632.Free Cholesterol to Total Lipids in Very Large HDL percentage,24215,-0.0035101617723124,0.00244897582237668,-0.00831015438417069,0.00128983083954589,0.151779823322181
ADAMTS1,A disintegrin and metalloproteinase with thrombospondin motifs 1,NMR metabolomics,X23633.Triglycerides to Total Lipids in Very Large HDL percentage,24215,0.0125809545911821,0.00229375051277602,0.00808520358614112,0.0170767055962231,4.17880901184425e-08
ADAMTS1,A disintegrin and metalloproteinase with thrombospondin motifs 1,NMR metabolomics,X23634.Phospholipids to Total Lipids in Large HDL percentage,24229,0.00553622965067065,0.00228499102347299,0.00105764724466359,0.0100148120566777,0.0154058423196885
ADAMTS1,A disintegrin and metalloproteinase with thrombospondin motifs 1,NMR metabolomics,X23635.Cholesterol to Total Lipids in Large HDL percentage,24229,-0.012454926639931,0.00234241966229577,-0.0170460691780307,-0.00786378410183125,1.06356543575421e-07
ADAMTS1,A disintegrin and metalloproteinase with thrombospondin motifs 1,NMR metabolomics,X23636.Cholesteryl Esters to Total Lipids in Large HDL percentage,24229,-0.0156013872837662,0.00230316805943267,-0.0201155966802543,-0.0110871778872782,1.28244250195172e-11
ADAMTS1,A disintegrin and metalloproteinase with thrombospondin motifs 1,NMR metabolomics,X23637.Free Cholesterol to Total Lipids in Large HDL percentage,24229,0.00579564667100869,0.00226416548813318,0.00135788231426766,0.0102334110277497,0.0104814427650721
ADAMTS1,A disintegrin and metalloproteinase with thrombospondin motifs 1,NMR metabolomics,X23638.Triglycerides to Total Lipids in Large HDL percentage,24229,0.0155846572756248,0.00225880989526975,0.011157389880896,0.0200119246703535,5.34718188294658e-12
ADAMTS1,A disintegrin and metalloproteinase with thrombospondin motifs 1,NMR metabolomics,X23639.Phospholipids to Total Lipids in Medium HDL percentage,24229,0.0153016073198891,0.00231175687871496,0.0107705638376078,0.0198326508021704,3.69100728996215e-11
ADAMTS1,A disintegrin and metalloproteinase with thrombospondin motifs 1,NMR metabolomics,X23640.Cholesterol to Total Lipids in Medium HDL percentage,24229,-0.0182449132590056,0.00227303667859486,-0.0227000651490516,-0.0137897613689597,1.04670214628628e-15
ADAMTS1,A disintegrin and metalloproteinase with thrombospondin motifs 1,NMR metabolomics,X23641.Cholesteryl Esters to Total Lipids in Medium HDL percentage,24229,-0.0195951317208759,0.00220632804468349,-0.0239195346884555,-0.0152707287532962,7.05515332083418e-19
ADAMTS1,A disintegrin and metalloproteinase with thrombospondin motifs 1,NMR metabolomics,X23642.Free Cholesterol to Total Lipids in Medium HDL percentage,24229,-0.0016412572492295,0.00242828732293122,-0.00640070040217469,0.00311818590371569,0.499116384878928
ADAMTS1,A disintegrin and metalloproteinase with thrombospondin motifs 1,NMR metabolomics,X23643.Triglycerides to Total Lipids in Medium HDL percentage,24229,0.0184366959177453,0.00221951401078216,0.0140864484566122,0.0227869433788783,1.03549891247277e-16
ADAMTS1,A disintegrin and metalloproteinase with thrombospondin motifs 1,NMR metabolomics,X23644.Phospholipids to Total Lipids in Small HDL percentage,24229,0.0111360993574712,0.00210868151015868,0.0070030835975602,0.0152691151173822,1.29538258720374e-07
ADAMTS1,A disintegrin and metalloproteinase with thrombospondin motifs 1,NMR metabolomics,X23645.Cholesterol to Total Lipids in Small HDL percentage,24229,-0.0191156460429602,0.00211056196552768,-0.0232523474953945,-0.0149789445905259,1.4377485003808e-19
ADAMTS1,A disintegrin and metalloproteinase with thrombospondin motifs 1,NMR metabolomics,X23646.Cholesteryl Esters to Total Lipids in Small HDL percentage,24229,-0.020594312920357,0.00209432894132724,-0.0246991976453584,-0.0164894281953557,8.9215028007195e-23
ADAMTS1,A disintegrin and metalloproteinase with thrombospondin motifs 1,NMR metabolomics,X23647.Free Cholesterol to Total Lipids in Small HDL percentage,24229,0.00584208739089596,0.00221833973995929,0.00149414150057576,0.0101900332812162,0.00845534706431667
ADAMTS1,A disintegrin and metalloproteinase with thrombospondin motifs 1,NMR metabolomics,X23648.Triglycerides to Total Lipids in Small HDL percentage,24229,0.018543886534624,0.00225849977196915,0.0141172269815644,0.0229705460876835,2.30746211973107e-16
ADAMTS1,A disintegrin and metalloproteinase with thrombospondin motifs 1,Working and living environment,X24003.Nitrogen dioxide air pollution; 2010,42851,0.00323296226072638,0.00178894034268396,-0.000273360810934186,0.00673928533238694,0.0707390483015588
ADAMTS1,A disintegrin and metalloproteinase with thrombospondin motifs 1,Working and living environment,X24004.Nitrogen oxides air pollution; 2010,42851,0.00406470869518711,0.00174799641525423,0.000638635721288816,0.0074907816690854,0.0200577387065743
ADAMTS1,A disintegrin and metalloproteinase with thrombospondin motifs 1,Working and living environment,X24005.Particulate matter air pollution (pm10); 2010,39810,0.00322004884369245,0.00167766623989835,-6.81769865083074e-05,0.00650827467389321,0.0549456780385344
ADAMTS1,A disintegrin and metalloproteinase with thrombospondin motifs 1,Working and living environment,X24006.Particulate matter air pollution (pm2.5); 2010,39810,0.003738637151596,0.00183032152083552,0.000151206970758382,0.00732606733243362,0.0410974132728522
ADAMTS1,A disintegrin and metalloproteinase with thrombospondin motifs 1,Working and living environment,X24007.Particulate matter air pollution (pm2.5) absorbance; 2010,39810,0.00245124209894378,0.00180047353926365,-0.00107768603801298,0.00598017023590055,0.173381442505213
ADAMTS1,A disintegrin and metalloproteinase with thrombospondin motifs 1,Working and living environment,X24008.Particulate matter air pollution 2.5-10um; 2010,39810,0.0024606490590753,0.00165828809987424,-0.000789595616678211,0.00571089373482882,0.137856916773356
ADAMTS1,A disintegrin and metalloproteinase with thrombospondin motifs 1,Working and living environment,X24009.Traffic intensity on the nearest road,42851,0.0407595764936184,0.0607605178640531,-0.0783310385199257,0.159850191507162,0.50233666272296
ADAMTS1,A disintegrin and metalloproteinase with thrombospondin motifs 1,Working and living environment,X24010.Inverse distance to the nearest road,42851,0.0019922489362475,0.00157148134656237,-0.00108785450301474,0.00507235237550973,0.204893347388383
ADAMTS1,A disintegrin and metalloproteinase with thrombospondin motifs 1,Working and living environment,X24011.Traffic intensity on the nearest major road,42851,0.0026789393674031,0.00156711354625547,-0.000392603183257633,0.00575048191806383,0.0873704848684952
ADAMTS1,A disintegrin and metalloproteinase with thrombospondin motifs 1,Working and living environment,X24012.Inverse distance to the nearest major road,42851,0.00172944737193168,0.00159584420496148,-0.00139840726979283,0.00485730201365619,0.278495317563781
ADAMTS1,A disintegrin and metalloproteinase with thrombospondin motifs 1,Working and living environment,X24013.Total traffic load on major roads,42851,0.0356304478366789,0.0425489162993309,-0.0477654281100097,0.119026323783367,0.402372631437867
ADAMTS1,A disintegrin and metalloproteinase with thrombospondin motifs 1,Working and living environment,X24015.Sum of road length of major roads within 100m,42851,0.0459900175536639,0.0412065577418048,-0.0347748356202736,0.126754870727601,0.264392048634395
ADAMTS1,A disintegrin and metalloproteinase with thrombospondin motifs 1,Working and living environment,X24016.Nitrogen dioxide air pollution; 2005,42851,0.00293415147468571,0.00179055816783988,-0.000575342534280457,0.00644364548365187,0.101287309968493
ADAMTS1,A disintegrin and metalloproteinase with thrombospondin motifs 1,Working and living environment,X24017.Nitrogen dioxide air pollution; 2006,42851,0.00313955758817201,0.00178865035342013,-0.000366197104531446,0.00664531228087547,0.0792209248623421
ADAMTS1,A disintegrin and metalloproteinase with thrombospondin motifs 1,Working and living environment,X24018.Nitrogen dioxide air pollution; 2007,42851,0.00302840137615925,0.00176918598759447,-0.000439203159525912,0.00649600591184442,0.0869502737039282
ADAMTS1,A disintegrin and metalloproteinase with thrombospondin motifs 1,Working and living environment,X24019.Particulate matter air pollution (pm10); 2007,42759,0.00127341322333418,0.00173229859802043,-0.00212189202878586,0.00466871847545423,0.462282443124427
ADAMTS1,A disintegrin and metalloproteinase with thrombospondin motifs 1,Working and living environment,X24020.Average daytime sound level of noise pollution,42851,0.00128502435325509,0.00157330531341234,-0.0017986540610331,0.00436870276754329,0.41406595749253
ADAMTS1,A disintegrin and metalloproteinase with thrombospondin motifs 1,Working and living environment,X24021.Average evening sound level of noise pollution,42851,0.00128686866978927,0.00157341693208115,-0.00179702851708977,0.00437076585666831,0.413429378938543
ADAMTS1,A disintegrin and metalloproteinase with thrombospondin motifs 1,Working and living environment,X24022.Average night-time sound level of noise pollution,42851,0.00128217949714942,0.0015732884566544,-0.0018014658778932,0.00436582487219204,0.41509524904642
ADAMTS1,A disintegrin and metalloproteinase with thrombospondin motifs 1,Working and living environment,X24023.Average 16-hour sound level of noise pollution,42851,0.00128982934583249,0.00157337472008251,-0.00179398510552923,0.00437364379719421,0.412343117586079
ADAMTS1,A disintegrin and metalloproteinase with thrombospondin motifs 1,Working and living environment,X24024.Average 24-hour sound level of noise pollution,42851,0.0012953523061155,0.00157342934482253,-0.00178856920973666,0.00437927382196766,0.410360812728414
ADAMTS1,A disintegrin and metalloproteinase with thrombospondin motifs 1,Health and medical history,X2405.Number of children fathered,19644,-0.127038593485848,0.0460988982330004,-0.217392434022529,-0.0366847529491672,0.00586057016206004
ADAMTS1,A disintegrin and metalloproteinase with thrombospondin motifs 1,Working and living environment,"X24500.Greenspace percentage, buffer 1000m",37960,-0.00298972121625807,0.00185606722685801,-0.00662761298089976,0.000648170548383626,0.107235382601614
ADAMTS1,A disintegrin and metalloproteinase with thrombospondin motifs 1,Working and living environment,"X24501.Domestic garden percentage, buffer 1000m",37960,0.00303036739981844,0.00168261058441335,-0.000267549345631736,0.00632828414526861,0.0717121524528538
ADAMTS1,A disintegrin and metalloproteinase with thrombospondin motifs 1,Working and living environment,"X24502.Water percentage, buffer 1000m",37960,-0.00473351484105717,0.00167035855841442,-0.00800741761554942,-0.00145961206656492,0.00460178324906641
ADAMTS1,A disintegrin and metalloproteinase with thrombospondin motifs 1,Working and living environment,"X24503.Greenspace percentage, buffer 300m",37960,-0.0045819998721614,0.00174413691773246,-0.00800050823091701,-0.00116349151340578,0.00861538634445976
ADAMTS1,A disintegrin and metalloproteinase with thrombospondin motifs 1,Working and living environment,"X24504.Domestic garden percentage, buffer 300m",37960,0.00324987194454758,0.00169987213414543,-8.18774383774647e-05,0.00658162132747262,0.0559051179072365
ADAMTS1,A disintegrin and metalloproteinase with thrombospondin motifs 1,Working and living environment,"X24505.Water percentage, buffer 300m",37960,-0.00191478551799916,0.00168341956302615,-0.00521428786153041,0.00138471682553209,0.255362377369795
ADAMTS1,A disintegrin and metalloproteinase with thrombospondin motifs 1,Working and living environment,"X24506.Natural environment percentage, buffer 1000m",43049,-0.00247610950417561,0.00176108986521867,-0.00592784564000421,0.000975626631652988,0.159728452362728
ADAMTS1,A disintegrin and metalloproteinase with thrombospondin motifs 1,Working and living environment,"X24507.Natural environment percentage, buffer 300m",43049,-0.00248106180771105,0.00165726594136377,-0.00572930305278404,0.000767179437361938,0.134379445386449
ADAMTS1,A disintegrin and metalloproteinase with thrombospondin motifs 1,Working and living environment,X24508.Distance (Euclidean) to coast,43049,-0.00111564960856275,0.00157532613871147,-0.00420328884043724,0.00197198962331174,0.47882346828953
ADAMTS1,A disintegrin and metalloproteinase with thrombospondin motifs 1,Health and medical history,X2684.Years since last breast cancer screening  or  mammogram,9550,-0.0657256748602783,0.0621119298620712,-0.187465057389938,0.0560137076693812,0.289999656185111
ADAMTS1,A disintegrin and metalloproteinase with thrombospondin motifs 1,Health and medical history,X2704.Years since last cervical smear test,17852,0.0331357562612441,0.0464440104645069,-0.0578945042491894,0.124166016771678,0.47557298701028
ADAMTS1,A disintegrin and metalloproteinase with thrombospondin motifs 1,Health and medical history,X2714.Age when periods started (menarche),22754,-0.114360292514562,0.0386295605865826,-0.190074231264263,-0.0386463537648598,0.00307522231551854
ADAMTS1,A disintegrin and metalloproteinase with thrombospondin motifs 1,Health and medical history,X2734.Number of live births,23466,-0.150945701268044,0.0366300843173417,-0.222740666530033,-0.0791507360060539,3.78835450019441e-05
ADAMTS1,A disintegrin and metalloproteinase with thrombospondin motifs 1,Health and medical history,X2744.Birth weight of first child,18626,-0.0335725853461031,0.0412840142462465,-0.114489253268746,0.04734408257654,0.416107905563325
ADAMTS1,A disintegrin and metalloproteinase with thrombospondin motifs 1,Health and medical history,X2754.Age at first live birth,15870,-0.00338040218928636,0.00271805010824012,-0.00870778040143701,0.00194697602286428,0.213633356960348
ADAMTS1,A disintegrin and metalloproteinase with thrombospondin motifs 1,Health and medical history,X2764.Age at last live birth,15824,-0.00211557897078934,0.00261568028113494,-0.00724231232181382,0.00301115438023514,0.418638680085182
ADAMTS1,A disintegrin and metalloproteinase with thrombospondin motifs 1,Health and medical history,X2794.Age started oral contraceptive pill,17955,-0.00126956800476883,0.00298301004020811,-0.00711626768357673,0.00457713167403907,0.670404706038157
ADAMTS1,A disintegrin and metalloproteinase with thrombospondin motifs 1,Health and medical history,X2804.Age when last used oral contraceptive pill,16287,0.00297334759259353,0.00260236119583475,-0.00212728035124259,0.00807397553642965,0.25323912214387
ADAMTS1,A disintegrin and metalloproteinase with thrombospondin motifs 1,Lifestyle factors,X2867.Age started smoking in former smokers,10644,-0.00246276112872479,0.00320414476133593,-0.00874288486094321,0.00381736260349363,0.442137601587896
ADAMTS1,A disintegrin and metalloproteinase with thrombospondin motifs 1,Mental health,"X28735.Feeling anxious, nervous or on edge over the last 2 weeks",16110,0.0366727311023038,0.0542927974300467,-0.0697411518605877,0.143086614065195,0.49939187887953
ADAMTS1,A disintegrin and metalloproteinase with thrombospondin motifs 1,Mental health,X28736.Not being able to stop or control worrying over the last 2 weeks,16106,-0.0410894496959942,0.0609229961498408,-0.160498522149682,0.0783196227576938,0.500035632305222
ADAMTS1,A disintegrin and metalloproteinase with thrombospondin motifs 1,Mental health,X28737.Little interest or pleasure in doing things over the last 2 weeks,16134,0.032941924433912,0.0619621659931951,-0.0885039209127503,0.154387769780574,0.594978674010566
ADAMTS1,A disintegrin and metalloproteinase with thrombospondin motifs 1,Mental health,"X28738.Feeling down, depressed or hopeless over the last 2 weeks",16086,0.0740899180578313,0.0598404434316363,-0.0431973510681759,0.191377187183839,0.215687994451708
ADAMTS1,A disintegrin and metalloproteinase with thrombospondin motifs 1,Mental health,X28739.Difficulty with standing for long periods,16154,0.0624094393493792,0.0523220601439965,-0.040141798532854,0.164960677231612,0.232967598843609
ADAMTS1,A disintegrin and metalloproteinase with thrombospondin motifs 1,Mental health,X28740.Difficulty with taking care of household responsibilities,16192,0.069569883957162,0.0587139076000947,-0.0455093749390236,0.184649142853348,0.236075912639941
ADAMTS1,A disintegrin and metalloproteinase with thrombospondin motifs 1,Mental health,X28741.Difficulty learning a new task,16059,0.0147907104178696,0.0665756127617777,-0.115697490595215,0.145278911430954,0.824188975811129
ADAMTS1,A disintegrin and metalloproteinase with thrombospondin motifs 1,Mental health,X28742.Difficulty with joining in community activities,15468,0.112934939175207,0.064828964147789,-0.0141298305544592,0.239999708904874,0.0815205595499666
ADAMTS1,A disintegrin and metalloproteinase with thrombospondin motifs 1,Mental health,X28743.Difficulty with being emotionally affected by health problems,16086,0.0128442949450267,0.057364315522435,-0.0995897634789459,0.125278353368999,0.822832201305146
ADAMTS1,A disintegrin and metalloproteinase with thrombospondin motifs 1,Mental health,X28744.Difficulty with concentrating on doing something for ten minutes,16190,-0.00242585446157945,0.081267346427592,-0.16170985345966,0.156858144536501,0.976186813398986
ADAMTS1,A disintegrin and metalloproteinase with thrombospondin motifs 1,Lifestyle factors,X2887.Number of cigarettes previously smoked daily,10127,-0.0720078907236249,0.0610377901928581,-0.191641959501627,0.047626178054377,0.23813681511841
ADAMTS1,A disintegrin and metalloproteinase with thrombospondin motifs 1,Lifestyle factors,X2897.Age stopped smoking,10643,0.0048395196548855,0.00334093788008946,-0.00170871859008985,0.0113877578998608,0.14749244931498
ADAMTS1,A disintegrin and metalloproteinase with thrombospondin motifs 1,Mental health,X29001#0.Mental health conditions experienced by first degree blood relatives_None of the above,14447,0.00999562220483515,0.0057074901447494,-0.00119105847887368,0.021182302888544,0.0799126310684105
ADAMTS1,A disintegrin and metalloproteinase with thrombospondin motifs 1,Mental health,X29001#1.Mental health conditions experienced by first degree blood relatives_Depression,14447,-0.0172861342214016,0.00619915524945255,-0.0294364785103286,-0.00513578993247459,0.00530276109352008
ADAMTS1,A disintegrin and metalloproteinase with thrombospondin motifs 1,Mental health,X29001#3.Mental health conditions experienced by first degree blood relatives_Schizophrenia,14447,0.0285128546237979,0.020671165582643,-0.0120026299181823,0.0690283391657782,0.167807010691345
ADAMTS1,A disintegrin and metalloproteinase with thrombospondin motifs 1,Mental health,X29001#4.Mental health conditions experienced by first degree blood relatives_Any other type of psychosis or psychotic illness,14447,0.0398800445313821,0.0219855707394552,-0.00321167411795022,0.0829717631807143,0.0697109532439833
ADAMTS1,A disintegrin and metalloproteinase with thrombospondin motifs 1,Mental health,X29001#5.Mental health conditions experienced by first degree blood relatives_A personality disorder,14447,-0.0526430272194447,0.0233280028205787,-0.0983659127477789,-0.00692014169111041,0.0240451430566664
ADAMTS1,A disintegrin and metalloproteinase with thrombospondin motifs 1,Mental health,X29001#7.Mental health conditions experienced by first degree blood relatives_Attention deficit or attention deficit and hyperactivity disorder,14447,-0.0441149459241158,0.0199843661770475,-0.0832843036311289,-0.00494558821710277,0.0272967145392751
ADAMTS1,A disintegrin and metalloproteinase with thrombospondin motifs 1,Mental health,X29001#8.Mental health conditions experienced by first degree blood relatives_An anxiety disorder,14447,-0.0127088853709591,0.00899735598232406,-0.0303437030963142,0.00492593235439606,0.157820426610824
ADAMTS1,A disintegrin and metalloproteinase with thrombospondin motifs 1,Mental health,X29001#9.Mental health conditions experienced by first degree blood relatives_An eating disorder,14447,-0.0247321804837604,0.0160468864844511,-0.0561840779932846,0.00671971702576369,0.123279138829537
ADAMTS1,A disintegrin and metalloproteinase with thrombospondin motifs 1,Mental health,X29002.Recent lack of interest or pleasure in doing things,14361,-0.0384895650396934,0.0644048256981335,-0.164723023408035,0.0877438933286483,0.550103435596861
ADAMTS1,A disintegrin and metalloproteinase with thrombospondin motifs 1,Mental health,X29003.Recent feelings of depression,14351,-0.0208935151516491,0.0615794538609562,-0.141589244719123,0.0998022144158251,0.734393526803761
ADAMTS1,A disintegrin and metalloproteinase with thrombospondin motifs 1,Mental health,"X29004.Trouble falling or staying asleep, or sleeping too much",14369,-0.0201216585384919,0.0499614417231146,-0.118046084315797,0.0778027672388127,0.687142741570829
ADAMTS1,A disintegrin and metalloproteinase with thrombospondin motifs 1,Mental health,X29005.Recent feelings of tiredness or low energy,14378,-0.0339749117221804,0.0500593489761442,-0.132091235715423,0.0641414122710622,0.497343566167445
ADAMTS1,A disintegrin and metalloproteinase with thrombospondin motifs 1,Mental health,X29006.Recent poor appetite or overeating,14391,-0.0726514012044027,0.0709774172459841,-0.211767139006532,0.0664643365977261,0.306048680411466
ADAMTS1,A disintegrin and metalloproteinase with thrombospondin motifs 1,Mental health,X29007.Recent feelings of inadequacy,14334,-0.078823146368233,0.0682116097418118,-0.212517901462184,0.0548716087257182,0.247877228635591
ADAMTS1,A disintegrin and metalloproteinase with thrombospondin motifs 1,Mental health,X29008.Recent trouble concentrating on things,14386,-0.122398000662542,0.0682029692862377,-0.256075820463567,0.0112798191384842,0.0727362375194309
ADAMTS1,A disintegrin and metalloproteinase with thrombospondin motifs 1,Mental health,X29009.Recent changes in speed or amount of moving or speaking,14372,-0.0788472007343377,0.121123872250421,-0.316249990345162,0.158555588876487,0.515080569251318
ADAMTS1,A disintegrin and metalloproteinase with thrombospondin motifs 1,Mental health,X29010.Recent thoughts of suicide or self-harm,14301,-0.121080210613422,0.132970273279605,-0.381701946241449,0.139541525014604,0.36253152501789
ADAMTS1,A disintegrin and metalloproteinase with thrombospondin motifs 1,Mental health,X29038#0.Substances taken for depression_None of options listed,13568,0.00276193830219074,0.0108789414290533,-0.0185607868987537,0.0240846635031352,0.799592639118303
ADAMTS1,A disintegrin and metalloproteinase with thrombospondin motifs 1,Mental health,X29038#1.Substances taken for depression_Drugs or alcohol (more than once),13568,-0.0166412413013624,0.0207805171795321,-0.0573710549732454,0.0240885723705206,0.42325581554465
ADAMTS1,A disintegrin and metalloproteinase with thrombospondin motifs 1,Mental health,X29038#2.Substances taken for depression_Medication prescribed to participant (for at least 2 weeks),13568,-0.0115848317287591,0.0108867242733683,-0.0329228113045609,0.00975314784704268,0.287291189459459
ADAMTS1,A disintegrin and metalloproteinase with thrombospondin motifs 1,Mental health,X29038#3.Substances taken for depression_Unprescribed medication (more than once),13568,0.00912471915863584,0.0319862209279902,-0.053568273860225,0.0718177121774966,0.775441416271872
ADAMTS1,A disintegrin and metalloproteinase with thrombospondin motifs 1,Mental health,X29039#1.Use of specific medications_Citalopram (sometimes called Cipramil),13568,-0.0126438979963328,0.0203061875272605,-0.0524440255497634,0.0271562295570978,0.53351691888303
ADAMTS1,A disintegrin and metalloproteinase with thrombospondin motifs 1,Mental health,X29039#2.Use of specific medications_Fluoxetine (Prozac or Oxactin),13568,-0.0234776558087605,0.0218276111729737,-0.066259773707789,0.019304462090268,0.282127849381994
ADAMTS1,A disintegrin and metalloproteinase with thrombospondin motifs 1,Mental health,X29039#3.Use of specific medications_Sertraline (Lustral),13568,0.0107771238167307,0.0252663341473005,-0.0387448911119782,0.0602991387454395,0.669720557470224
ADAMTS1,A disintegrin and metalloproteinase with thrombospondin motifs 1,Mental health,X29039#5.Use of specific medications_Amitriptyline (Elavil),13568,-0.0164835423847975,0.0280500836897067,-0.0714617064166226,0.0384946216470275,0.55677916962415
ADAMTS1,A disintegrin and metalloproteinase with thrombospondin motifs 1,Mental health,X29039#7.Use of specific medications_Other antidepressant(s),13568,-0.0163254999967567,0.0208378332125454,-0.0571676530933456,0.0245166530998323,0.433373788869472
ADAMTS1,A disintegrin and metalloproteinase with thrombospondin motifs 1,Mental health,X29047#0.Activities undertaken to treat depression_None of options listed,13568,0.00965482697057867,0.0106875804504928,-0.0112928307123873,0.0306024846535446,0.366346235467115
ADAMTS1,A disintegrin and metalloproteinase with thrombospondin motifs 1,Mental health,X29051#0.Manifestations of mania or irritability_None of options listed,13568,-0.00906148124818078,0.0166734765461402,-0.0417414952786157,0.0236185327822541,0.586817368910806
ADAMTS1,A disintegrin and metalloproteinase with thrombospondin motifs 1,Mental health,X29051#1.Manifestations of mania or irritability_More active than usual,13568,-0.0182099742270047,0.0260878636355558,-0.069342186952694,0.0329222384986847,0.485173696811153
ADAMTS1,A disintegrin and metalloproteinase with thrombospondin motifs 1,Mental health,X29051#2.Manifestations of mania or irritability_More confident than usual,13568,-0.0385460932399264,0.0329535741689277,-0.103135098611025,0.0260429121311719,0.242138651740253
ADAMTS1,A disintegrin and metalloproteinase with thrombospondin motifs 1,Mental health,X29051#3.Manifestations of mania or irritability_Easily distracted,13568,0.0104493665965952,0.0219351370575708,-0.0325435020362436,0.0534422352294341,0.633814411757659
ADAMTS1,A disintegrin and metalloproteinase with thrombospondin motifs 1,Mental health,X29051#4.Manifestations of mania or irritability_More creative or had more ideas than usual,13568,-0.0513631429746481,0.0338440895895987,-0.117697558570262,0.0149712726209653,0.129128508305822
ADAMTS1,A disintegrin and metalloproteinase with thrombospondin motifs 1,Mental health,X29051#5.Manifestations of mania or irritability_Neded less sleep than usual,13568,-0.0025103295487103,0.0323055377604317,-0.0658291835591564,0.0608085244617359,0.938063180729664
ADAMTS1,A disintegrin and metalloproteinase with thrombospondin motifs 1,Mental health,X29051#6.Manifestations of mania or irritability_Thoughts were racing,13568,0.00662437306633242,0.0179239434958765,-0.0285065561855856,0.0417553023182504,0.711699481696819
ADAMTS1,A disintegrin and metalloproteinase with thrombospondin motifs 1,Mental health,X29051#7.Manifestations of mania or irritability_More restless than usual,13568,-0.00446086858280809,0.0176837203427813,-0.0391209604546595,0.0301992232890433,0.800845096295545
ADAMTS1,A disintegrin and metalloproteinase with thrombospondin motifs 1,Mental health,X29051#8.Manifestations of mania or irritability_More talkative than usual,13568,-0.0260066218380105,0.0253065417472747,-0.0756074436626689,0.0235941999866479,0.304126247853437
ADAMTS1,A disintegrin and metalloproteinase with thrombospondin motifs 1,Mental health,X29058.Recent feelings or nervousness or anxiety,14153,0.00844828778277927,0.0583632085799801,-0.105943601033982,0.12284017659954,0.884907437858635
ADAMTS1,A disintegrin and metalloproteinase with thrombospondin motifs 1,Mental health,X29059.Recent inability to stop or control worrying,14166,-0.0302634388693209,0.0610135752634915,-0.149850046385764,0.0893231686471225,0.619893956386201
ADAMTS1,A disintegrin and metalloproteinase with thrombospondin motifs 1,Mental health,X29060.Recent worrying too much about different things,14159,-0.0425785543263273,0.0562659675995794,-0.152859850821503,0.0677027421688484,0.449219891014201
ADAMTS1,A disintegrin and metalloproteinase with thrombospondin motifs 1,Mental health,X29061.Recent trouble relaxing,14163,-0.129958435517209,0.0607606552422978,-0.249049319792113,-0.0108675512423058,0.0324642121953941
ADAMTS1,A disintegrin and metalloproteinase with thrombospondin motifs 1,Mental health,X29062.Recent restlessness,14178,-0.122943916169159,0.0863553857078773,-0.292200472156599,0.0463126398182805,0.154556190914377
ADAMTS1,A disintegrin and metalloproteinase with thrombospondin motifs 1,Mental health,X29063.Recent easy annoyance or irritability,14138,-0.0666138572495608,0.0609257795030374,-0.186028385075514,0.0528006705763926,0.274254080153011
ADAMTS1,A disintegrin and metalloproteinase with thrombospondin motifs 1,Mental health,X29064.Recent feelings of foreboding,14135,0.04808683728498,0.0676333448500156,-0.0844745186210506,0.180648193191011,0.477100295291592
ADAMTS1,A disintegrin and metalloproteinase with thrombospondin motifs 1,Mental health,X29065#1.Symptoms of panic attack_Heart was pounding or racing,13568,0.00167184238296015,0.0115239697881283,-0.0209151384017714,0.0242588231676917,0.884653644743871
ADAMTS1,A disintegrin and metalloproteinase with thrombospondin motifs 1,Mental health,X29065#11.Symptoms of panic attack_Felt like things weren't real or detached from self,13568,-0.0165785237268894,0.0188932402033381,-0.0536092745254321,0.0204522270716533,0.380239136180124
ADAMTS1,A disintegrin and metalloproteinase with thrombospondin motifs 1,Mental health,X29065#12.Symptoms of panic attack_Afraid of losing control or 'going crazy',13568,-0.00458874469527189,0.0247909847370975,-0.053179074779983,0.0440015853894392,0.85315547752394
ADAMTS1,A disintegrin and metalloproteinase with thrombospondin motifs 1,Mental health,X29065#13.Symptoms of panic attack_Afraid I was going to die,13568,-0.0167729712213987,0.0263369876921768,-0.0683934670980652,0.0348475246552678,0.524226863534472
ADAMTS1,A disintegrin and metalloproteinase with thrombospondin motifs 1,Mental health,X29065#2.Symptoms of panic attack_Sweating,13568,0.0330937545097362,0.0173329060089677,-0.00087874126784062,0.0670662502873129,0.0562442190283971
ADAMTS1,A disintegrin and metalloproteinase with thrombospondin motifs 1,Mental health,X29065#3.Symptoms of panic attack_Trembling or shaking,13568,0.0190100492723146,0.018779330351053,-0.0177974382157492,0.0558175367603784,0.311419496807838
ADAMTS1,A disintegrin and metalloproteinase with thrombospondin motifs 1,Mental health,X29065#6.Symptoms of panic attack_Pain or discomfort in chest,13568,0.0124262383374263,0.0188341524108437,-0.0244887003878273,0.0493411770626799,0.509411639487827
ADAMTS1,A disintegrin and metalloproteinase with thrombospondin motifs 1,Mental health,X29065#7.Symptoms of panic attack_Nauseous or felt sick in the stomach,13568,0.00494515415928602,0.0176530996582116,-0.0296549211708087,0.0395452294893808,0.779382419900097
ADAMTS1,A disintegrin and metalloproteinase with thrombospondin motifs 1,Mental health,X29065#9.Symptoms of panic attack_Felt hot or cold,13568,0.0235358971014226,0.0230181261879121,-0.021579630226885,0.0686514244297302,0.306565375599734
ADAMTS1,A disintegrin and metalloproteinase with thrombospondin motifs 1,Mental health,X29076.Felt loved as a child,14109,-0.0593822591941931,0.0511434610373604,-0.15962344282742,0.0408589244390333,0.245624189004531
ADAMTS1,A disintegrin and metalloproteinase with thrombospondin motifs 1,Mental health,X29077.Physically abused by family as a child,14134,-0.00115128195957702,0.0698178635945932,-0.13799429460498,0.135691730685826,0.986843879830892
ADAMTS1,A disintegrin and metalloproteinase with thrombospondin motifs 1,Mental health,X29078.Felt hated by family member as a child,14108,-0.084290497095148,0.0718250835862586,-0.225067660924215,0.0564866667339188,0.24059420396565
ADAMTS1,A disintegrin and metalloproteinase with thrombospondin motifs 1,Mental health,X29079.Sexually molested as a child,14003,-0.00343043712824857,0.0937209719526446,-0.187123542155432,0.180262667898935,0.970802342772628
ADAMTS1,A disintegrin and metalloproteinase with thrombospondin motifs 1,Mental health,X29080.Someone to take to doctor when needed as a child,14087,-0.0617141366275822,0.0752993063705451,-0.209300777113851,0.0858725038586862,0.412466954023832
ADAMTS1,A disintegrin and metalloproteinase with thrombospondin motifs 1,Mental health,X29081.Stopped from seeing friends or family by partner or ex-partner as an adult,14110,-0.153798666209579,0.102805759241323,-0.355297954322572,0.0477006219034145,0.134672875049945
ADAMTS1,A disintegrin and metalloproteinase with thrombospondin motifs 1,Mental health,X29082.Belittlement by partner or ex-partner as an adult,14030,-0.0863488295744561,0.0780529588504721,-0.239332628921381,0.0666349697724692,0.268622104379018
ADAMTS1,A disintegrin and metalloproteinase with thrombospondin motifs 1,Mental health,X29083.Physical violence by partner or ex-partner as an adult,14120,-0.07169709118266,0.0869864564388431,-0.242190545802793,0.0987963634374725,0.409821226364404
ADAMTS1,A disintegrin and metalloproteinase with thrombospondin motifs 1,Mental health,X29084.Sexual interference by partner or ex-partner without consent as an adult,14078,-0.074380153477676,0.122123243227437,-0.313741710203452,0.1649814032481,0.542495751177935
ADAMTS1,A disintegrin and metalloproteinase with thrombospondin motifs 1,Mental health,X29085.Sexual intercourse by partner or ex-partner without consent as an adult,14078,-0.0681557814039302,0.116811218275988,-0.297105769224867,0.160794206417007,0.559586650262556
ADAMTS1,A disintegrin and metalloproteinase with thrombospondin motifs 1,Mental health,X29086.Experienced a violent or sexual assault,14123,-0.124894766076079,0.0992966160748099,-0.319516133582706,0.0697266014305488,0.208486799644223
ADAMTS1,A disintegrin and metalloproteinase with thrombospondin motifs 1,Mental health,X29087.Experienced a life-threatening injury or illness,14127,0.0124658752066556,0.0609111953704353,-0.106920067719398,0.131851818132709,0.837843419973912
ADAMTS1,A disintegrin and metalloproteinase with thrombospondin motifs 1,Mental health,X29088.Experienced a marital separation or divorce,14129,-0.0305820446605339,0.0571756214795133,-0.14264626276038,0.0814821734393122,0.592741891114199
ADAMTS1,A disintegrin and metalloproteinase with thrombospondin motifs 1,Mental health,X29089.Experienced the death of a spouse or partner,14146,0.0925913428865186,0.075888343681135,-0.056149810728506,0.241332496501543,0.222447455777117
ADAMTS1,A disintegrin and metalloproteinase with thrombospondin motifs 1,Mental health,X29090.Experienced the death of a close friend or family member due to suicide,14124,0.0442670290906707,0.0705332582259439,-0.0939781570321793,0.182512215213521,0.530272856253828
ADAMTS1,A disintegrin and metalloproteinase with thrombospondin motifs 1,Lifestyle factors,X29091.Frequency of drinking alcohol,14129,-0.0952619726203276,0.0472317707414202,-0.187836243273511,-0.00268770196714403,0.0437243777918773
ADAMTS1,A disintegrin and metalloproteinase with thrombospondin motifs 1,Lifestyle factors,X29092.Amount of alcohol drunk on a typical drinking day,12576,-0.0680106453299813,0.0541656179470845,-0.174175256506267,0.0381539658463042,0.209282412410593
ADAMTS1,A disintegrin and metalloproteinase with thrombospondin motifs 1,Lifestyle factors,X29093.Frequency of consuming six or more units of alcohol,12608,-0.143121633176877,0.0559811881876141,-0.252844762024601,-0.0333985043291538,0.0105816247958764
ADAMTS1,A disintegrin and metalloproteinase with thrombospondin motifs 1,Mental health,X29104.Ever used cannabis,14121,-0.195927579470003,0.069935637388003,-0.333001428750489,-0.0588537301895172,0.00509284096968792
ADAMTS1,A disintegrin and metalloproteinase with thrombospondin motifs 1,Mental health,X29108.Ever thought that life not worth living,14057,-0.108204141211809,0.0600865026096681,-0.225973686326758,0.0095654039031404,0.0717548935195147
ADAMTS1,A disintegrin and metalloproteinase with thrombospondin motifs 1,Mental health,X29109.Ever contemplated self-harm,14086,-0.0601677011126722,0.0804230088253321,-0.217796798410323,0.0974613961849787,0.454387986072588
ADAMTS1,A disintegrin and metalloproteinase with thrombospondin motifs 1,Mental health,X29111.Ever self-harmed,14112,-0.120952598288439,0.132021840486338,-0.379715405641662,0.137810209064784,0.359600763203573
ADAMTS1,A disintegrin and metalloproteinase with thrombospondin motifs 1,Diet and food preferences,X29132.Ever had recurrent episodes of excessive overeating or binge eating,14106,-0.0350576347658793,0.085890447689783,-0.203402912237854,0.133287642706095,0.683157374655974
ADAMTS1,A disintegrin and metalloproteinase with thrombospondin motifs 1,Diet and food preferences,X29136#1.Actions and feelings during periods of overeating or binge eating_Eaten much more rapidly than normal,14616,-0.00240760172621484,0.024715644420634,-0.0508502647906575,0.0460350613382279,0.922400508308151
ADAMTS1,A disintegrin and metalloproteinase with thrombospondin motifs 1,Diet and food preferences,X29136#2.Actions and feelings during periods of overeating or binge eating_Eaten until feeling uncomfortably full,14616,-0.0091377668122141,0.0194078704440798,-0.0471771928826105,0.0289016592581823,0.63777067474872
ADAMTS1,A disintegrin and metalloproteinase with thrombospondin motifs 1,Diet and food preferences,X29136#3.Actions and feelings during periods of overeating or binge eating_Eaten large amounts of food when not physically hungry,14616,0.0125644935556291,0.0205363140585271,-0.027686681999084,0.0528156691103422,0.540667480449066
ADAMTS1,A disintegrin and metalloproteinase with thrombospondin motifs 1,Diet and food preferences,X29136#4.Actions and feelings during periods of overeating or binge eating_Eaten alone because of feeling embarrassed by overeating,14616,-0.0269716419053897,0.0281050550897073,-0.0820575498812161,0.0281142660704366,0.337236075451352
ADAMTS1,A disintegrin and metalloproteinase with thrombospondin motifs 1,Diet and food preferences,X29149.Dependency of self-esteem on body shape or weight currently,14089,-0.0279666200023602,0.0534847658868049,-0.132796761140498,0.0768635211357774,0.601059415566392
ADAMTS1,A disintegrin and metalloproteinase with thrombospondin motifs 1,Health and medical history,X29153.Pain or discomfort today,14112,-0.0410531758910591,0.0497892046571669,-0.138640017019106,0.0565336652369881,0.409646920503226
ADAMTS1,A disintegrin and metalloproteinase with thrombospondin motifs 1,Mental health,X29154.Anxiety or depression today,14112,-0.0991003666295605,0.0636956366032155,-0.223943814371863,0.0257430811127419,0.119768045065463
ADAMTS1,A disintegrin and metalloproteinase with thrombospondin motifs 1,Mental health,X29166.Frequency of confiding in someone close,13756,-0.0714365003481221,0.048818378461705,-0.167120522133064,0.0242475214368198,0.143405008384826
ADAMTS1,A disintegrin and metalloproteinase with thrombospondin motifs 1,Lifestyle factors,X29167#0.Sports and social activities attended in person at least once a week_None of the above,14069,0.0066283831617544,0.00579799186159423,-0.0047356808869703,0.0179924472104791,0.252966524332598
ADAMTS1,A disintegrin and metalloproteinase with thrombospondin motifs 1,Lifestyle factors,X29167#1.Sports and social activities attended in person at least once a week_Sports club or gym or fitness class,14069,0.00203694512704905,0.0058244104910379,-0.00937889943538523,0.0134527896894833,0.726549921451789
ADAMTS1,A disintegrin and metalloproteinase with thrombospondin motifs 1,Lifestyle factors,X29167#2.Sports and social activities attended in person at least once a week_Pub or social club,14069,-0.0134101698060461,0.00728187563161567,-0.0276826460440128,0.00086230643192056,0.0655573995296695
ADAMTS1,A disintegrin and metalloproteinase with thrombospondin motifs 1,Lifestyle factors,X29167#3.Sports and social activities attended in person at least once a week_Religious group,14069,-0.00384533933420054,0.00778609599716974,-0.0191060874886532,0.0114154088202521,0.621403886773982
ADAMTS1,A disintegrin and metalloproteinase with thrombospondin motifs 1,Lifestyle factors,X29167#4.Sports and social activities attended in person at least once a week_Adult education class,14069,-0.00412410197786243,0.0124908879945039,-0.0286062424470902,0.0203580384913653,0.741277312174624
ADAMTS1,A disintegrin and metalloproteinase with thrombospondin motifs 1,Lifestyle factors,X29167#5.Sports and social activities attended in person at least once a week_Other group activity,14069,-0.00124993872555949,0.00597276056136147,-0.012956549425828,0.010456671974709,0.834238003499079
ADAMTS1,A disintegrin and metalloproteinase with thrombospondin motifs 1,Lifestyle factors,X29168#0.Sports and social activities attended virtually at least once a week_None of the above,14063,-0.00410712935205642,0.00646982010119403,-0.0167879767503967,0.00857371804628389,0.525560374069032
ADAMTS1,A disintegrin and metalloproteinase with thrombospondin motifs 1,Lifestyle factors,X29168#1.Sports and social activities attended virtually at least once a week_Sports club or gym or fitness class,14063,0.0111648149513698,0.00946324232659063,-0.00738314000874786,0.0297127699114874,0.238096314012871
ADAMTS1,A disintegrin and metalloproteinase with thrombospondin motifs 1,Lifestyle factors,X29168#2.Sports and social activities attended virtually at least once a week_Pub or social club,14063,-0.0220440105600997,0.0146620978171786,-0.0507817222817697,0.00669370116157039,0.132740604988295
ADAMTS1,A disintegrin and metalloproteinase with thrombospondin motifs 1,Lifestyle factors,X29168#3.Sports and social activities attended virtually at least once a week_Religious group,14063,0.0162763027301697,0.0131139515421693,-0.00942704229248212,0.0419796477528215,0.214573267968842
ADAMTS1,A disintegrin and metalloproteinase with thrombospondin motifs 1,Lifestyle factors,X29168#4.Sports and social activities attended virtually at least once a week_Adult education class,14063,-0.0171235187937867,0.0191135185584791,-0.0545860151684057,0.0203389775808323,0.370329417897975
ADAMTS1,A disintegrin and metalloproteinase with thrombospondin motifs 1,Lifestyle factors,X29168#5.Sports and social activities attended virtually at least once a week_Other group activity,14063,0.00438196981676353,0.00921409884644652,-0.0136776639222716,0.0224416035557987,0.634386535723078
ADAMTS1,A disintegrin and metalloproteinase with thrombospondin motifs 1,Mental health,X29171.Frequency of feeling 'in tune' with people,13828,0.00372697563126831,0.0604673548436519,-0.114789039862289,0.122242991124826,0.950853470946974
ADAMTS1,A disintegrin and metalloproteinase with thrombospondin motifs 1,Mental health,X29172.Freuency of feeling that lacks companionship,14012,0.0517930789151789,0.0545883415439317,-0.0552000705109272,0.158786228341285,0.342741886736567
ADAMTS1,A disintegrin and metalloproteinase with thrombospondin motifs 1,Mental health,X29173.Frequency of feeling left out,13935,-0.0225105846118562,0.0579007999455084,-0.135996152505053,0.0909749832813403,0.697445972613224
ADAMTS1,A disintegrin and metalloproteinase with thrombospondin motifs 1,Mental health,X29174.Frequency of feeling isolated from others,13991,-0.0179044599427734,0.0595575251375447,-0.134637209212361,0.0988282893268142,0.763705206801956
ADAMTS1,A disintegrin and metalloproteinase with thrombospondin motifs 1,Mental health,X29175.Tendency to bounce back quickly after hard times,14094,-0.0570031567956013,0.0491004873209274,-0.153240111944619,0.0392337983534163,0.245682366835977
ADAMTS1,A disintegrin and metalloproteinase with thrombospondin motifs 1,Mental health,X29176.Ability to make it through stressful events,14094,0.0124817928155122,0.0476977544124257,-0.0810058058328422,0.105969391463867,0.793568038319783
ADAMTS1,A disintegrin and metalloproteinase with thrombospondin motifs 1,Mental health,X29177.Quick recovery from stressful events,14094,-0.0201449752262261,0.0487927116958153,-0.115778690150024,0.0754887396975718,0.679709225926948
ADAMTS1,A disintegrin and metalloproteinase with thrombospondin motifs 1,Mental health,X29178.Hard to snap back when something bad happens,14094,-0.0141012989790732,0.0476936894645704,-0.107580930329631,0.0793783323714847,0.767491181839643
ADAMTS1,A disintegrin and metalloproteinase with thrombospondin motifs 1,Mental health,X29179.Comes through difficult times with little trouble,14094,0.0133726835376373,0.0487447554100051,-0.0821670370659726,0.108912404141247,0.783826626985967
ADAMTS1,A disintegrin and metalloproteinase with thrombospondin motifs 1,Mental health,X29180.Tendency to take a long time to get over setbacks,14094,-0.0140513127944639,0.0479124360844011,-0.10795968751989,0.0798570619309624,0.769319584547005
ADAMTS1,A disintegrin and metalloproteinase with thrombospondin motifs 1,Mental health,X29181.General happiness,14014,0.019281158563806,0.0505690382003835,-0.0798341563089457,0.118396473436558,0.702998409160481
ADAMTS1,A disintegrin and metalloproteinase with thrombospondin motifs 1,Mental health,X29182.Belief that own life is meaningful,13852,0.00891506569002648,0.0501199940847946,-0.0893201227161708,0.107150254096224,0.85882419179157
ADAMTS1,A disintegrin and metalloproteinase with thrombospondin motifs 1,Lifestyle factors,X2926.Number of unsuccessful stop-smoking attempts,9689,0.00279596886673177,0.0580927848449425,-0.111065889429356,0.116657827162819,0.961614136671291
ADAMTS1,A disintegrin and metalloproteinase with thrombospondin motifs 1,Health and medical history,X2946.Father's age,9442,-0.00204430248807711,0.00526598614995108,-0.0123656353419812,0.00827703036582701,0.697870241018766
ADAMTS1,A disintegrin and metalloproteinase with thrombospondin motifs 1,Health and medical history,X2966.Age high blood pressure diagnosed,10752,-0.013469954406019,0.00400362000156054,-0.0213170496090776,-0.0056228592029603,0.000769666013762964
ADAMTS1,A disintegrin and metalloproteinase with thrombospondin motifs 1,Blood and urine assays,X30000.White blood cell (leukocyte) count,42037,0.0231958887567756,0.00165934687741016,0.0199435688770517,0.0264482086364995,2.63512294927349e-44
ADAMTS1,A disintegrin and metalloproteinase with thrombospondin motifs 1,Blood and urine assays,X30010.Red blood cell (erythrocyte) count,42038,0.00236628724672282,0.00187276136850966,-0.00130432503555611,0.00603689952900175,0.206406342549204
ADAMTS1,A disintegrin and metalloproteinase with thrombospondin motifs 1,Blood and urine assays,X30020.Haemoglobin concentration,42038,0.00633015217498935,0.00200874437880007,0.00239301319254121,0.0102672911574375,0.00162660619341759
ADAMTS1,A disintegrin and metalloproteinase with thrombospondin motifs 1,Blood and urine assays,X30030.Haematocrit percentage,42038,0.00643672797486147,0.00196495326356096,0.00258541957828198,0.010288036371441,0.00105460970702401
ADAMTS1,A disintegrin and metalloproteinase with thrombospondin motifs 1,Blood and urine assays,X30040.Mean corpuscular volume,42038,0.0045183673359069,0.00164309878514016,0.00129789371703218,0.00773884095478162,0.00596378318408761
ADAMTS1,A disintegrin and metalloproteinase with thrombospondin motifs 1,Blood and urine assays,X30050.Mean corpuscular haemoglobin,42037,0.00334749583687185,0.00164763111717408,0.000118138847210644,0.00657685282653305,0.0421900870709431
ADAMTS1,A disintegrin and metalloproteinase with thrombospondin motifs 1,Blood and urine assays,X30060.Mean corpuscular haemoglobin concentration,42037,-0.00189505503742798,0.00161079790866258,-0.00505221893840664,0.00126210886355068,0.239413871611527
ADAMTS1,A disintegrin and metalloproteinase with thrombospondin motifs 1,Blood and urine assays,X30070.Red blood cell (erythrocyte) distribution width,42038,0.00979328566680115,0.00160655186065364,0.00664444401992003,0.0129421273136823,1.09808550394211e-09
ADAMTS1,A disintegrin and metalloproteinase with thrombospondin motifs 1,Blood and urine assays,X30080.Platelet count,42038,0.00266260606343595,0.00164321761105601,-0.000558100454233839,0.00588331258110573,0.105162212012212
ADAMTS1,A disintegrin and metalloproteinase with thrombospondin motifs 1,Blood and urine assays,X30090.Platelet crit,42038,0.00772532675045176,0.00168004907668844,0.00443243056014242,0.0110182229407611,4.27244320940024e-06
ADAMTS1,A disintegrin and metalloproteinase with thrombospondin motifs 1,Blood and urine assays,X30100.Mean platelet (thrombocyte) volume,42038,0.00718301178952404,0.00157699303449849,0.00409210544190701,0.0102739181371411,5.2562938525077e-06
ADAMTS1,A disintegrin and metalloproteinase with thrombospondin motifs 1,Blood and urine assays,X30110.Platelet distribution width,42038,0.00498458981725865,0.00159703175941193,0.00185440756881128,0.00811477206570603,0.00180262865771008
ADAMTS1,A disintegrin and metalloproteinase with thrombospondin motifs 1,Blood and urine assays,X30120.Lymphocyte count,41973,0.00287345718208372,0.00163466836807933,-0.000330492819351757,0.0060774071835192,0.078784970621119
ADAMTS1,A disintegrin and metalloproteinase with thrombospondin motifs 1,Blood and urine assays,X30130.Monocyte count,41973,0.0202556401592641,0.00165308945362191,0.0170155848301652,0.023495695488363,1.84974084037489e-34
ADAMTS1,A disintegrin and metalloproteinase with thrombospondin motifs 1,Blood and urine assays,X30140.Neutrophill count,41973,0.0236936919191978,0.00164309350464027,0.0204732286501029,0.0269141551882928,5.00724960177819e-47
ADAMTS1,A disintegrin and metalloproteinase with thrombospondin motifs 1,Blood and urine assays,X30150.Eosinophill count,41973,0.00128157645292801,0.00159745979910985,-0.00184944475332729,0.00441259765918332,0.422407714868054
ADAMTS1,A disintegrin and metalloproteinase with thrombospondin motifs 1,Blood and urine assays,X30160.Basophill count,41973,0.190084672647431,0.0315630395317762,0.12822111516515,0.251948230129712,1.73294556492718e-09
ADAMTS1,A disintegrin and metalloproteinase with thrombospondin motifs 1,Blood and urine assays,X30170.Nucleated red blood cell count,41973,0.123001189882472,0.13958675176229,-0.150588843571616,0.39659122333656,0.378224922902009
ADAMTS1,A disintegrin and metalloproteinase with thrombospondin motifs 1,Blood and urine assays,X30180.Lymphocyte percentage,41974,-0.0161468016467727,0.00161013914687952,-0.0193026743746566,-0.0129909289188889,1.21833251811743e-23
ADAMTS1,A disintegrin and metalloproteinase with thrombospondin motifs 1,Blood and urine assays,X30190.Monocyte percentage,41974,0.00459424718814039,0.00163633966380223,0.00138702144708801,0.00780147292919276,0.00499295311307154
ADAMTS1,A disintegrin and metalloproteinase with thrombospondin motifs 1,Blood and urine assays,X30200.Neutrophill percentage,41974,0.0133268986917075,0.00159543743691254,0.010199841315359,0.0164539560680561,6.8487407250166e-17
ADAMTS1,A disintegrin and metalloproteinase with thrombospondin motifs 1,Blood and urine assays,X30210.Eosinophill percentage,41974,-0.00608875202253534,0.00158164664444225,-0.00918877944564215,-0.00298872459942852,0.000118472425745135
ADAMTS1,A disintegrin and metalloproteinase with thrombospondin motifs 1,Blood and urine assays,X30220.Basophill percentage,41974,0.00321273106318956,0.00157922267440953,0.000117454621346878,0.00630800750503224,0.0419200798930612
ADAMTS1,A disintegrin and metalloproteinase with thrombospondin motifs 1,Blood and urine assays,X30230.Nucleated red blood cell percentage,41973,0.118008776118298,0.139881239449165,-0.156158453202066,0.392176005438661,0.398877942985403
ADAMTS1,A disintegrin and metalloproteinase with thrombospondin motifs 1,Blood and urine assays,X30240.Reticulocyte percentage,41272,0.00777058556830718,0.00170171631283877,0.00443522159514319,0.0111059495414712,4.97787343665558e-06
ADAMTS1,A disintegrin and metalloproteinase with thrombospondin motifs 1,Blood and urine assays,X30250.Reticulocyte count,41272,0.00794520164204314,0.00173943401874777,0.00453591096529751,0.0113544923187888,4.94544947764932e-06
ADAMTS1,A disintegrin and metalloproteinase with thrombospondin motifs 1,Blood and urine assays,X30260.Mean reticulocyte volume,41272,0.00827253719465359,0.00162007469631656,0.00509719078987313,0.011447883599434,3.30040388002551e-07
ADAMTS1,A disintegrin and metalloproteinase with thrombospondin motifs 1,Blood and urine assays,X30270.Mean sphered cell volume,41272,0.00521896848243522,0.001633547206781,0.00201721595714446,0.00842072100772598,0.00139999760350225
ADAMTS1,A disintegrin and metalloproteinase with thrombospondin motifs 1,Blood and urine assays,X30280.Immature reticulocyte fraction,41272,0.0112976012500676,0.00170188530800389,0.00796190604637995,0.0146332964537552,3.21275218177365e-11
ADAMTS1,A disintegrin and metalloproteinase with thrombospondin motifs 1,Blood and urine assays,X30290.High light scatter reticulocyte percentage,41272,0.010551117063358,0.00173717666839391,0.00714625079330591,0.01395598333341,1.26073959679244e-09
ADAMTS1,A disintegrin and metalloproteinase with thrombospondin motifs 1,Blood and urine assays,X30300.High light scatter reticulocyte count,41272,0.010880747750437,0.00176374999415989,0.0074237977618836,0.0143376977389904,6.93170103742891e-10
ADAMTS1,A disintegrin and metalloproteinase with thrombospondin motifs 1,Blood and urine assays,X30500.Microalbumin in urine,13619,0.0236850479876706,0.00277091444939176,0.0182540556668628,0.0291160403084785,1.38783352266792e-17
ADAMTS1,A disintegrin and metalloproteinase with thrombospondin motifs 1,Blood and urine assays,X30510.Creatinine (enzymatic) in urine,42136,0.00848142890654654,0.00171408970448055,0.00512181308576466,0.0118410447273284,7.52430759566871e-07
ADAMTS1,A disintegrin and metalloproteinase with thrombospondin motifs 1,Blood and urine assays,X30520.Potassium in urine,42057,-0.0030002382572233,0.00159373607147247,-0.00612396095730933,0.000123484442862734,0.0597724971984161
ADAMTS1,A disintegrin and metalloproteinase with thrombospondin motifs 1,Blood and urine assays,X30530.Sodium in urine,42038,-0.00193896443149782,0.00166879962643735,-0.00520981169931502,0.00133188283631938,0.245286058629094
ADAMTS1,A disintegrin and metalloproteinase with thrombospondin motifs 1,Blood and urine assays,X30600.Albumin,37880,0.000962656558600687,0.00172795131884225,-0.00242412802633013,0.0043494411435315,0.577456517570263
ADAMTS1,A disintegrin and metalloproteinase with thrombospondin motifs 1,Blood and urine assays,X30610.Alkaline phosphatase,41336,0.019011114709939,0.00165994516116098,0.0157576221940635,0.0222646072258145,2.52823421880301e-30
ADAMTS1,A disintegrin and metalloproteinase with thrombospondin motifs 1,Blood and urine assays,X30620.Alanine aminotransferase,41327,0.0108227966684213,0.00175446353955488,0.00738404813089372,0.0142615452059489,6.9481597941046e-10
ADAMTS1,A disintegrin and metalloproteinase with thrombospondin motifs 1,Blood and urine assays,X30630.Apolipoprotein A,37628,-0.00548329350055761,0.00190372826259802,-0.00921460089524972,-0.00175198610586549,0.00397531184568012
ADAMTS1,A disintegrin and metalloproteinase with thrombospondin motifs 1,Blood and urine assays,X30640.Apolipoprotein B,41101,0.00406617712288031,0.00160764467376314,0.000915193562304563,0.00721716068345607,0.0114335178969148
ADAMTS1,A disintegrin and metalloproteinase with thrombospondin motifs 1,Blood and urine assays,X30650.Aspartate aminotransferase,41206,0.0214066202098765,0.00165937322467078,0.0181542486895217,0.0246589917302312,5.30380547452139e-38
ADAMTS1,A disintegrin and metalloproteinase with thrombospondin motifs 1,Blood and urine assays,X30660.Direct bilirubin,35035,-0.00143271480884695,0.00182499911401786,-0.00500971307232196,0.00214428345462806,0.432429803680706
ADAMTS1,A disintegrin and metalloproteinase with thrombospondin motifs 1,Blood and urine assays,X30670.Urea,41321,0.0118797265769032,0.00170747976994279,0.00853306622781537,0.0152263869259911,3.51604336586899e-12
ADAMTS1,A disintegrin and metalloproteinase with thrombospondin motifs 1,Blood and urine assays,X30680.Calcium,37874,0.0106962299970609,0.00167656941035802,0.00741015395275918,0.0139823060413626,1.79327124030656e-10
ADAMTS1,A disintegrin and metalloproteinase with thrombospondin motifs 1,Blood and urine assays,X30690.Cholesterol,41344,0.00372026596557666,0.00163454295705785,0.000516561769743267,0.00692397016141005,0.0228494105936512
ADAMTS1,A disintegrin and metalloproteinase with thrombospondin motifs 1,Blood and urine assays,X30700.Creatinine,41331,0.0306992354246447,0.00200483123848859,0.026769766197207,0.0346287046520823,8.79573090139694e-53
ADAMTS1,A disintegrin and metalloproteinase with thrombospondin motifs 1,Blood and urine assays,X30710.C-reactive protein,41209,0.0166207065740296,0.00179145358448103,0.0131094575484468,0.0201319555996124,1.8118696770507e-20
ADAMTS1,A disintegrin and metalloproteinase with thrombospondin motifs 1,Blood and urine assays,X30720.Cystatin C,41349,0.0410363209680935,0.0018918841632484,0.0373282280081267,0.0447444139280604,9.53412943505182e-104
ADAMTS1,A disintegrin and metalloproteinase with thrombospondin motifs 1,Blood and urine assays,X30730.Gamma glutamyltransferase,41330,0.0117430002001375,0.00178996779367116,0.00823466332454198,0.0152513370757329,5.42766563326185e-11
ADAMTS1,A disintegrin and metalloproteinase with thrombospondin motifs 1,Blood and urine assays,X30740.Glucose,37830,0.00378511852246532,0.00172867352668397,0.000396918410164752,0.0071733186347659,0.0285587188946466
ADAMTS1,A disintegrin and metalloproteinase with thrombospondin motifs 1,Blood and urine assays,X30750.Glycated haemoglobin (HbA1c),41176,0.0129101526807833,0.00173740652796085,0.00950483588598,0.0163154694755865,1.10111858174498e-13
ADAMTS1,A disintegrin and metalloproteinase with thrombospondin motifs 1,Blood and urine assays,X30760.HDL cholesterol,37852,-0.00763187422974422,0.00197892881377511,-0.0115105747047434,-0.00375317375474501,0.000115180241659963
ADAMTS1,A disintegrin and metalloproteinase with thrombospondin motifs 1,Blood and urine assays,X30770.IGF-1,41132,-0.00330108778495264,0.00168387401510253,-0.0066014808545536,-6.94715351673598e-07,0.0499543298791202
ADAMTS1,A disintegrin and metalloproteinase with thrombospondin motifs 1,Blood and urine assays,X30780.LDL direct,41249,0.00259621700504434,0.00161168508741012,-0.000562685766279485,0.00575511977636817,0.107215463904026
ADAMTS1,A disintegrin and metalloproteinase with thrombospondin motifs 1,Blood and urine assays,X30790.Lipoprotein A,33062,-0.00379943918326603,0.0017733198204224,-0.00727514603129394,-0.000323732335238123,0.0321559524216826
ADAMTS1,A disintegrin and metalloproteinase with thrombospondin motifs 1,Blood and urine assays,X30810.Phosphate,37795,-0.00205600322965058,0.00173778580939139,-0.00546206341605771,0.00135005695675655,0.23677038644527
ADAMTS1,A disintegrin and metalloproteinase with thrombospondin motifs 1,Blood and urine assays,X30830.SHBG,37538,-0.00303690903237632,0.00199758708168953,-0.00695217971248779,0.000878361647735155,0.12844686285942
ADAMTS1,A disintegrin and metalloproteinase with thrombospondin motifs 1,Blood and urine assays,X30840.Total bilirubin,41182,-0.002805194782814,0.00170881997992794,-0.00615448194347276,0.000544092377844755,0.100681063214115
ADAMTS1,A disintegrin and metalloproteinase with thrombospondin motifs 1,Blood and urine assays,X30850.Testosterone,37300,0.00131288873743072,0.00281029491176231,-0.00419528928962341,0.00682106676448485,0.640380154629312
ADAMTS1,A disintegrin and metalloproteinase with thrombospondin motifs 1,Blood and urine assays,X30860.Total protein,37849,0.0147013641555595,0.0017057004397166,0.011358191293715,0.0180445370174041,7.01390089918665e-18
ADAMTS1,A disintegrin and metalloproteinase with thrombospondin motifs 1,Blood and urine assays,X30870.Triglycerides,41315,0.0173994871564062,0.00174249785390586,0.0139841913627508,0.0208147829500617,1.87802656986636e-23
ADAMTS1,A disintegrin and metalloproteinase with thrombospondin motifs 1,Blood and urine assays,X30880.Urate,41290,0.0216934649794813,0.00202466730298171,0.0177251170656371,0.0256618128933254,9.42903083374607e-27
ADAMTS1,A disintegrin and metalloproteinase with thrombospondin motifs 1,Blood and urine assays,X30890.Vitamin D,39472,-0.0102895911618204,0.00181497164528594,-0.0138469355865809,-0.00673224673706,1.44393979052137e-08
ADAMTS1,A disintegrin and metalloproteinase with thrombospondin motifs 1,Physical measures,X3137.Number of measurements made,39287,0.0242403088947622,0.0358133743579991,-0.045953904846916,0.0944345226364403,0.498504648364273
ADAMTS1,A disintegrin and metalloproteinase with thrombospondin motifs 1,Physical measures,X3143.Ankle spacing width,24474,0.000684975579618011,0.00283052667242351,-0.00486285669833206,0.00623280785756808,0.808785442806202
ADAMTS1,A disintegrin and metalloproteinase with thrombospondin motifs 1,Physical measures,"X3144.Heel Broadband ultrasound attenuation, direct entry",24473,-0.00683918634842832,0.00217710826537223,-0.0111063185485579,-0.00257205414829874,0.00168337788213086
ADAMTS1,A disintegrin and metalloproteinase with thrombospondin motifs 1,Physical measures,X3146.Speed of sound through heel,24474,-0.010066431884095,0.00210876654851819,-0.0141996143191906,-0.00593324944899931,1.81997107263517e-06
ADAMTS1,A disintegrin and metalloproteinase with thrombospondin motifs 1,Physical measures,"X3147.Heel quantitative ultrasound index (QUI), direct entry",24474,-0.00929329332310675,0.00212941063489318,-0.0134669381674974,-0.00511964847871611,1.28078598904417e-05
ADAMTS1,A disintegrin and metalloproteinase with thrombospondin motifs 1,Physical measures,X3148.Heel bone mineral density (BMD),24454,-0.00918296647648793,0.00213426893482708,-0.013366133588749,-0.00499979936422686,1.69439054636545e-05
ADAMTS1,A disintegrin and metalloproteinase with thrombospondin motifs 1,Health and medical history,X3526.Mother's age at death,25882,-0.00222888,0.002099937,-0.006344756,0.001886997,0.2885167
ADAMTS1,A disintegrin and metalloproteinase with thrombospondin motifs 1,Health and medical history,X3581.Age at menopause (last menstrual period),13461,-0.00374856053435467,0.0028577672732527,-0.00934978438992997,0.00185266332122063,0.189640555921924
ADAMTS1,A disintegrin and metalloproteinase with thrombospondin motifs 1,Health and medical history,"X3761.Age hay fever, rhinitis or eczema diagnosed",8520,-0.00436518392549412,0.00365291654255209,-0.0115249003488962,0.00279453249790799,0.232125838679547
ADAMTS1,A disintegrin and metalloproteinase with thrombospondin motifs 1,Physical measures,X4100.Ankle spacing width (left),14088,-0.000604775967235938,0.00393280245210944,-0.00831306877337045,0.00710351683889857,0.877787492626253
ADAMTS1,A disintegrin and metalloproteinase with thrombospondin motifs 1,Physical measures,X4101.Heel broadband ultrasound attenuation (left),14086,-0.00367393174557857,0.00302027053020985,-0.00959366198478987,0.00224579849363274,0.223843573176187
ADAMTS1,A disintegrin and metalloproteinase with thrombospondin motifs 1,Physical measures,X4103.Speed of sound through heel (left),14088,-0.0074639469427085,0.00292431586754386,-0.0131956060430945,-0.00173228784232254,0.0107096346401491
ADAMTS1,A disintegrin and metalloproteinase with thrombospondin motifs 1,Physical measures,"X4104.Heel quantitative ultrasound index (QUI), direct entry (left)",14088,-0.00621326630802049,0.00295470379514234,-0.0120044857464995,-0.000422046869541516,0.0354975582190276
ADAMTS1,A disintegrin and metalloproteinase with thrombospondin motifs 1,Physical measures,X4105.Heel bone mineral density (BMD) (left),14079,-0.00628986281510843,0.00295611940408332,-0.0120838568471117,-0.000495868783105135,0.0333757274846203
ADAMTS1,A disintegrin and metalloproteinase with thrombospondin motifs 1,Physical measures,"X4106.Heel bone mineral density (BMD) T-score, automated (left)",14088,-0.0062206125819271,0.00295471290617226,-0.0120118498780247,-0.00042937528582947,0.0352812413671718
ADAMTS1,A disintegrin and metalloproteinase with thrombospondin motifs 1,Physical measures,X4119.Ankle spacing width (right),14080,0.00397107280781367,0.00383207250743061,-0.00353978930675033,0.0114819349223777,0.300092669654816
ADAMTS1,A disintegrin and metalloproteinase with thrombospondin motifs 1,Physical measures,X4120.Heel broadband ultrasound attenuation (right),14079,-0.00147275614741533,0.00299694106791471,-0.00734676064052815,0.00440124834569749,0.623137238894685
ADAMTS1,A disintegrin and metalloproteinase with thrombospondin motifs 1,Physical measures,X4122.Speed of sound through heel (right),14080,-0.00740649083959252,0.00288867111531832,-0.0130682862256164,-0.00174469545356861,0.0103582856120021
ADAMTS1,A disintegrin and metalloproteinase with thrombospondin motifs 1,Physical measures,"X4123.Heel quantitative ultrasound index (QUI), direct entry (right)",14080,-0.00538653606996087,0.00292324103717501,-0.0111160885028239,0.000343016362902143,0.0653998614303145
ADAMTS1,A disintegrin and metalloproteinase with thrombospondin motifs 1,Physical measures,X4124.Heel bone mineral density (BMD) (right),14070,-0.00516308566972815,0.00292419415957823,-0.0108945062225015,0.000568334883045175,0.0774773119465883
ADAMTS1,A disintegrin and metalloproteinase with thrombospondin motifs 1,Physical measures,"X4125.Heel bone mineral density (BMD) T-score, automated (right)",14080,-0.00538598978198935,0.00292324767085231,-0.0111155552168599,0.000343575652881172,0.0654277812078172
ADAMTS1,A disintegrin and metalloproteinase with thrombospondin motifs 1,Physical measures,X4194.Pulse rate,14654,0.0258810656646528,0.00279396027790377,0.0204049035199614,0.0313572278093442,2.25480530129259e-20
ADAMTS1,A disintegrin and metalloproteinase with thrombospondin motifs 1,Physical measures,X4195.Pulse wave reflection index,14654,-0.0112345341716469,0.00285564420635267,-0.0168315968160981,-0.00563747152719564,8.38768195637524e-05
ADAMTS1,A disintegrin and metalloproteinase with thrombospondin motifs 1,Physical measures,X4196.Pulse wave peak to peak time,14644,-0.00415514602770953,0.00283877415446316,-0.00971914337045732,0.00140885131503826,0.143294310058629
ADAMTS1,A disintegrin and metalloproteinase with thrombospondin motifs 1,Physical measures,X4198.Position of the pulse wave peak,14654,0.00163732020468696,0.00286703296751951,-0.00398206441165129,0.00725670482102521,0.56795063069471
ADAMTS1,A disintegrin and metalloproteinase with thrombospondin motifs 1,Physical measures,X4199.Position of pulse wave notch,14654,0.016404314763607,0.00278703202402035,0.0109417319965271,0.0218668975306868,4.04442751405708e-09
ADAMTS1,A disintegrin and metalloproteinase with thrombospondin motifs 1,Physical measures,X4200.Position of the shoulder on the pulse waveform,14654,0.00700636294446632,0.00288175694203921,0.00135811933806947,0.0126546065508632,0.0150574292380484
ADAMTS1,A disintegrin and metalloproteinase with thrombospondin motifs 1,Physical measures,X4269.Number of triplets attempted (left),14365,-0.204818843558057,0.135995353688543,-0.471369736787602,0.0617320496714882,0.132070629546074
ADAMTS1,A disintegrin and metalloproteinase with thrombospondin motifs 1,Physical measures,X4270.Volume level set by participant (left),14207,0.0343957758509808,0.0455645957684638,-0.0549108318552083,0.12370238355717,0.450333860236598
ADAMTS1,A disintegrin and metalloproteinase with thrombospondin motifs 1,Physical measures,X4276.Number of triplets attempted (right),14370,-0.0167096189136973,0.144822239027657,-0.300561207407906,0.267141969580511,0.908145387372924
ADAMTS1,A disintegrin and metalloproteinase with thrombospondin motifs 1,Physical measures,X4277.Volume level set by participant (right),14202,0.0679483839157553,0.0453293807674243,-0.0208972023883964,0.156793970219907,0.133897933602468
ADAMTS1,A disintegrin and metalloproteinase with thrombospondin motifs 1,Cognitive function,X4288.Time to answer,14678,-0.00816317726558096,0.00329538857663199,-0.0146221388757796,-0.00170421565538227,0.0132547467989215
ADAMTS1,A disintegrin and metalloproteinase with thrombospondin motifs 1,Cognitive function,X4290.Duration screen displayed,14678,-0.00337906668502604,0.00295511922698467,-0.00917110036991598,0.00241296699986391,0.25286546966655
ADAMTS1,A disintegrin and metalloproteinase with thrombospondin motifs 1,Physical measures,X46.Hand grip strength (left),43246,-0.00543279883221301,0.00226853893097687,-0.00987913513692769,-0.000986462527498339,0.0166316281408485
ADAMTS1,A disintegrin and metalloproteinase with thrombospondin motifs 1,Physical measures,X47.Hand grip strength (right),43243,-0.00400058743730292,0.002254570937865,-0.00841954647551832,0.000418371600912487,0.0759984185266997
ADAMTS1,A disintegrin and metalloproteinase with thrombospondin motifs 1,Physical measures,X48.Waist circumference,43370,0.005982203,0.003495969,-0.0008698964,0.0128343,0.08705659
ADAMTS1,A disintegrin and metalloproteinase with thrombospondin motifs 1,Health and medical history,X4803.Tinnitus,14404,0.0221348883319078,0.0542848807263973,-0.084263477891831,0.128533254555647,0.683460205724223
ADAMTS1,A disintegrin and metalloproteinase with thrombospondin motifs 1,Working and living environment,X4825.Noisy workplace,14603,0.0306242375153019,0.0621658136224851,-0.0912207571847689,0.152469232215373,0.622287227618202
ADAMTS1,A disintegrin and metalloproteinase with thrombospondin motifs 1,Working and living environment,X4836.Loud music exposure frequency,14504,0.00508852183972126,0.0775568482858913,-0.146922900800626,0.157099944480068,0.947689057916178
ADAMTS1,A disintegrin and metalloproteinase with thrombospondin motifs 1,Physical measures,X49.Hip circumference,43363,-0.00990037318741586,0.00279736071385355,-0.0153832001865688,-0.00441754618826291,0.000401786500165925
ADAMTS1,A disintegrin and metalloproteinase with thrombospondin motifs 1,Physical measures,X50.Standing height,43325,-0.00192464303868466,0.00221969176367515,-0.00627523889548796,0.00242595281811864,0.385904782477129
ADAMTS1,A disintegrin and metalloproteinase with thrombospondin motifs 1,Health and medical history,X5057.Number of older siblings,12915,-0.080831142696594,0.049058285141688,-0.176985381574303,0.0153230961811145,0.099447783668479
ADAMTS1,A disintegrin and metalloproteinase with thrombospondin motifs 1,Physical measures,X51.Seated height,43136,-0.00205318607352442,0.00206700897579702,-0.00610452366608657,0.00199815151903773,0.320563209508388
ADAMTS1,A disintegrin and metalloproteinase with thrombospondin motifs 1,Eye measures,X5181.Ever had eye surgery,9935,0.0824390755629928,0.108852853556055,-0.130912517406875,0.295790668532861,0.448861676483174
ADAMTS1,A disintegrin and metalloproteinase with thrombospondin motifs 1,Eye measures,X5186.Duration visual-acuity screen displayed (right),9912,0.00325860652584509,0.00348195839273465,-0.00356603192391482,0.010083244975605,0.349370924215579
ADAMTS1,A disintegrin and metalloproteinase with thrombospondin motifs 1,Eye measures,X5188.Duration visual-acuity screen displayed (left),9909,0.00242394281508635,0.0035248073034085,-0.00448467949959431,0.00933256512976701,0.491669841099735
ADAMTS1,A disintegrin and metalloproteinase with thrombospondin motifs 1,Eye measures,X5190.Duration at which refractometer first shown (right),9801,0.00171336925508792,0.00354524605342964,-0.00523531300963418,0.00866205151981003,0.628903195803246
ADAMTS1,A disintegrin and metalloproteinase with thrombospondin motifs 1,Eye measures,X5193.Duration at which refractometer first shown (left),9797,0.00272938413789588,0.00356489676834947,-0.00425781352806908,0.00971658180386083,0.443916257492831
ADAMTS1,A disintegrin and metalloproteinase with thrombospondin motifs 1,Eye measures,"X5199.logMAR, initial (right)",9874,0.162680447484363,0.0577601126734847,0.049470626644333,0.275890268324393,0.00486488958662237
ADAMTS1,A disintegrin and metalloproteinase with thrombospondin motifs 1,Eye measures,X5200.Final number of letters displayed (right),9874,-0.0637262239902546,0.376095997346914,-0.800874378790206,0.673421930809697,0.86545295587233
ADAMTS1,A disintegrin and metalloproteinase with thrombospondin motifs 1,Eye measures,"X5201.logMAR, final (right)",9776,0.00894048281713598,0.00351015761362311,0.00206057389443468,0.0158203917398373,0.0108795648120961
ADAMTS1,A disintegrin and metalloproteinase with thrombospondin motifs 1,Eye measures,X5202.Number of rounds to result (right),9874,-0.0140727397311258,0.0544670610764955,-0.120828179441057,0.0926826999788054,0.79612555951046
ADAMTS1,A disintegrin and metalloproteinase with thrombospondin motifs 1,Eye measures,"X5206.logMAR, initial (left)",9868,0.128498877516153,0.0566923583291851,0.0173818551909497,0.239615899841355,0.0234362803676403
ADAMTS1,A disintegrin and metalloproteinase with thrombospondin motifs 1,Eye measures,X5207.Final number of letters displayed (left),9868,-0.331948266123646,0.282085008201135,-0.884834882197871,0.22093834995058,0.239317036503031
ADAMTS1,A disintegrin and metalloproteinase with thrombospondin motifs 1,Eye measures,"X5208.logMAR, final (left)",9774,0.0111951499475034,0.00353897697865163,0.0042587550693462,0.0181315448256606,0.00156423685912913
ADAMTS1,A disintegrin and metalloproteinase with thrombospondin motifs 1,Eye measures,X5209.Number of rounds to result (left),9862,0.0210861354165444,0.0534330455431396,-0.0836426338480092,0.125814904681098,0.693126560769541
ADAMTS1,A disintegrin and metalloproteinase with thrombospondin motifs 1,Eye measures,"X5254.Intra-ocular pressure, corneal-compensated (right)",9455,0.00342537931887355,0.00353020973861271,-0.00349383176880737,0.0103445904065545,0.331919461736086
ADAMTS1,A disintegrin and metalloproteinase with thrombospondin motifs 1,Eye measures,"X5255.Intra-ocular pressure, Goldmann-correlated (right)",9455,0.00193545998550754,0.00351045239450814,-0.00494502670772841,0.00881594667874349,0.581412272370005
ADAMTS1,A disintegrin and metalloproteinase with thrombospondin motifs 1,Eye measures,X5256.Corneal hysteresis (right),9455,-0.00286730434031924,0.00355775373513713,-0.00984050166118802,0.00410589298054954,0.42030288309296
ADAMTS1,A disintegrin and metalloproteinase with thrombospondin motifs 1,Eye measures,X5257.Corneal resistance factor (right),9455,-0.000749082213133647,0.00352942590351314,-0.00766675698401941,0.00616859255775211,0.831925077985639
ADAMTS1,A disintegrin and metalloproteinase with thrombospondin motifs 1,Eye measures,"X5262.Intra-ocular pressure, corneal-compensated (left)",9427,0.00851932756424804,0.00354400284806952,0.00157308198203179,0.0154655731464643,0.016241681140609
ADAMTS1,A disintegrin and metalloproteinase with thrombospondin motifs 1,Eye measures,"X5263.Intra-ocular pressure, Goldmann-correlated (left)",9427,0.00476485759295147,0.00351121714027791,-0.00211712800199323,0.0116468431878962,0.174801448444809
ADAMTS1,A disintegrin and metalloproteinase with thrombospondin motifs 1,Eye measures,X5264.Corneal hysteresis (left),9427,-0.00681230386459957,0.00356889541444082,-0.0138073388769036,0.000182731147704425,0.0563184111114663
ADAMTS1,A disintegrin and metalloproteinase with thrombospondin motifs 1,Eye measures,X5265.Corneal resistance factor (left),9427,-0.00288495669350442,0.00353527110232843,-0.00981408805406814,0.0040441746670593,0.414492397425915
ADAMTS1,A disintegrin and metalloproteinase with thrombospondin motifs 1,Lifestyle factors,X5364.Average weekly intake of other alcoholic drinks,9801,0.316071586425291,0.241992271969336,-0.158233266634608,0.790376439485191,0.191541552132968
ADAMTS1,A disintegrin and metalloproteinase with thrombospondin motifs 1,Diet and food preferences,"X6144#1.Never eat eggs, dairy, wheat, sugar_Eggs or foods containing eggs",43248,0.00928204001471023,0.00899987980513221,-0.0083577244033489,0.0269218044327693,0.302381760286536
ADAMTS1,A disintegrin and metalloproteinase with thrombospondin motifs 1,Diet and food preferences,"X6144#2.Never eat eggs, dairy, wheat, sugar_Dairy products",43248,-0.00854198575065865,0.00973769597034573,-0.0276278698525363,0.010543898351219,0.380378493248572
ADAMTS1,A disintegrin and metalloproteinase with thrombospondin motifs 1,Diet and food preferences,"X6144#3.Never eat eggs, dairy, wheat, sugar_Wheat products",43248,0.0236650345339002,0.0093517007659953,0.00533570103254944,0.041994368035251,0.0113915963552404
ADAMTS1,A disintegrin and metalloproteinase with thrombospondin motifs 1,Diet and food preferences,"X6144#4.Never eat eggs, dairy, wheat, sugar_Sugar or foods or drinks containing sugar",43248,-0.00754768450846227,0.00401194481958263,-0.0154110963548442,0.00031572733791969,0.0599374035999288
ADAMTS1,A disintegrin and metalloproteinase with thrombospondin motifs 1,Diet and food preferences,"X6144#5.Never eat eggs, dairy, wheat, sugar_I eat all of the above",43248,0.00295518505114462,0.00369256339429707,-0.00428223920167764,0.0101926093039669,0.423537233113607
ADAMTS1,A disintegrin and metalloproteinase with thrombospondin motifs 1,Mental health,"X6145#3.Illness, injury, bereavement, stress in last 2 years_Death of a close relative",19502,-0.0115196373188628,0.00465841315088083,-0.0206501270945893,-0.00238914754313641,0.0134118579230834
ADAMTS1,A disintegrin and metalloproteinase with thrombospondin motifs 1,Mental health,"X6145#4.Illness, injury, bereavement, stress in last 2 years_Death of a spouse or partner",19502,-0.00958214106992666,0.0125043195810018,-0.0340906074486902,0.0149263253088368,0.443503247900998
ADAMTS1,A disintegrin and metalloproteinase with thrombospondin motifs 1,Mental health,"X6145#5.Illness, injury, bereavement, stress in last 2 years_Marital separation or divorce",19502,-0.009690660873412,0.0090808607307312,-0.0274891479056452,0.00810782615882116,0.285916314621392
ADAMTS1,A disintegrin and metalloproteinase with thrombospondin motifs 1,Mental health,"X6145#6.Illness, injury, bereavement, stress in last 2 years_Financial difficulties",19502,0.00290932551750198,0.00552252545157673,-0.00791482436758841,0.0137334754025924,0.598331045469394
ADAMTS1,A disintegrin and metalloproteinase with thrombospondin motifs 1,Eye measures,X6147#1.Reason for glasses or contact lenses_For short-sightedness,43372,-0.000129009073759875,0.00617260216087691,-0.0122273093090786,0.0119692911615589,0.983325304574214
ADAMTS1,A disintegrin and metalloproteinase with thrombospondin motifs 1,Eye measures,X6147#2.Reason for glasses or contact lenses_For long-sightedness,43372,0.0161501386271777,0.00790391243553384,0.000658470253531428,0.0316418070008241,0.0410278509547071
ADAMTS1,A disintegrin and metalloproteinase with thrombospondin motifs 1,Eye measures,X6147#3.Reason for glasses or contact lenses_For just reading or near work as you are getting older (called 'presbyopia'),43372,-0.0061891520173213,0.00609635482481767,-0.0181380074739639,0.00575970343932133,0.310005799724099
ADAMTS1,A disintegrin and metalloproteinase with thrombospondin motifs 1,Eye measures,X6147#4.Reason for glasses or contact lenses_For 'astigmatism',43372,0.00355504982747867,0.00998182838299776,-0.0160093338031969,0.0231194334581543,0.72172834298545
ADAMTS1,A disintegrin and metalloproteinase with thrombospondin motifs 1,Eye measures,X6147#5.Reason for glasses or contact lenses_For a 'squint' or 'turn' in an eye since childhood (called 'strabismus'),43372,-0.000213385819214013,0.0246619339925581,-0.0485507764446279,0.0481240048061999,0.993096480405116
ADAMTS1,A disintegrin and metalloproteinase with thrombospondin motifs 1,Eye measures,X6147#6.Reason for glasses or contact lenses_For a 'lazy' eye or an eye with poor vision since childhood (called 'amblyopia'),43372,0.0236336115294374,0.0169981687683603,-0.00968279925654874,0.0569500223154235,0.164426051819547
ADAMTS1,A disintegrin and metalloproteinase with thrombospondin motifs 1,Eye measures,X6147#7.Reason for glasses or contact lenses_Other eye condition,43372,0.0465551716133242,0.0261377346673941,-0.00467478833476826,0.0977851315614166,0.0748952883994497
ADAMTS1,A disintegrin and metalloproteinase with thrombospondin motifs 1,Health and medical history,X6149#1.Mouth or teeth dental problems_Mouth ulcers,43247,-0.00553735440024716,0.00512917988627069,-0.0155905469773377,0.00451583817684339,0.280335762474335
ADAMTS1,A disintegrin and metalloproteinase with thrombospondin motifs 1,Health and medical history,X6149#2.Mouth or teeth dental problems_Painful gums,43247,0.00737127634450828,0.00873726552960805,-0.00975376409352349,0.02449631678254,0.39886441929025
ADAMTS1,A disintegrin and metalloproteinase with thrombospondin motifs 1,Health and medical history,X6149#3.Mouth or teeth dental problems_Bleeding gums,43247,-0.00402823516599981,0.00459740603772253,-0.013039150999936,0.00498268066793636,0.380927603979644
ADAMTS1,A disintegrin and metalloproteinase with thrombospondin motifs 1,Health and medical history,X6149#4.Mouth or teeth dental problems_Loose teeth,43247,0.0112684367348172,0.00767650005642705,-0.00377750337577985,0.0263143768454142,0.142135042670924
ADAMTS1,A disintegrin and metalloproteinase with thrombospondin motifs 1,Health and medical history,X6149#5.Mouth or teeth dental problems_Toothache,43247,0.00170862913478058,0.00765245646453772,-0.0132901855357133,0.0167074438052745,0.823319800695098
ADAMTS1,A disintegrin and metalloproteinase with thrombospondin motifs 1,Health and medical history,X6149#6.Mouth or teeth dental problems_Dentures,43247,0.00751427612956772,0.00430278936881946,-0.000919191033318428,0.0159477432924539,0.0807532220242484
ADAMTS1,A disintegrin and metalloproteinase with thrombospondin motifs 1,Health and medical history,X6150#1.Vascular or heart problems diagnosed by doctor_Heart attack,13348,0.0240437826247626,0.0105672710751361,0.00333193131749586,0.0447556339320293,0.0229033362743893
ADAMTS1,A disintegrin and metalloproteinase with thrombospondin motifs 1,Health and medical history,X6150#2.Vascular or heart problems diagnosed by doctor_Angina,13348,0.00942673378734438,0.00915996234514804,-0.00852679240914578,0.0273802599838345,0.303440245990803
ADAMTS1,A disintegrin and metalloproteinase with thrombospondin motifs 1,Health and medical history,X6150#3.Vascular or heart problems diagnosed by doctor_Stroke,13348,0.0116371599317699,0.012468192025561,-0.0128004964383296,0.0360748163018693,0.350657309207665
ADAMTS1,A disintegrin and metalloproteinase with thrombospondin motifs 1,Health and medical history,X6150#4.Vascular or heart problems diagnosed by doctor_High blood pressure,13348,-0.00101233227406211,0.00993207525779504,-0.0204791997793404,0.0184545352312162,0.918817298955482
ADAMTS1,A disintegrin and metalloproteinase with thrombospondin motifs 1,Health and medical history,X6151#1.Fractured bone site(s)_Ankle,43193,-0.0078223984475883,0.0129022893401474,-0.0331108855542772,0.0174660886591006,0.544332103268411
ADAMTS1,A disintegrin and metalloproteinase with thrombospondin motifs 1,Health and medical history,X6151#2.Fractured bone site(s)_Leg,43193,0.0156248234728952,0.0195720717595957,-0.0227364371759124,0.0539860841217028,0.424687807821292
ADAMTS1,A disintegrin and metalloproteinase with thrombospondin motifs 1,Health and medical history,X6151#3.Fractured bone site(s)_Hip,43193,0.0286084932893139,0.0337794337593095,-0.0375991968789327,0.0948161834575606,0.397044156146868
ADAMTS1,A disintegrin and metalloproteinase with thrombospondin motifs 1,Health and medical history,X6151#4.Fractured bone site(s)_Spine,43193,0.00279693000375781,0.0319146428994799,-0.0597557700792228,0.0653496300867384,0.930164941372294
ADAMTS1,A disintegrin and metalloproteinase with thrombospondin motifs 1,Health and medical history,X6151#5.Fractured bone site(s)_Wrist,43193,0.0100416489741423,0.0112517106380089,-0.0120117038763551,0.0320950018246397,0.372153906551772
ADAMTS1,A disintegrin and metalloproteinase with thrombospondin motifs 1,Health and medical history,X6151#6.Fractured bone site(s)_Arm,43193,-0.0141741159384024,0.0151671576543218,-0.0439017449408731,0.0155535130640683,0.35003742281993
ADAMTS1,A disintegrin and metalloproteinase with thrombospondin motifs 1,Health and medical history,X6151#7.Fractured bone site(s)_Other bones,43193,0.00982116319548475,0.00697255128736751,-0.00384503732775557,0.0234873637187251,0.15897648782843
ADAMTS1,A disintegrin and metalloproteinase with thrombospondin motifs 1,Health and medical history,"X6152#5.Blood clot, DVT, bronchitis, emphysema, asthma, rhinitis, eczema, allergy diagnosed by doctor_Blood clot in the leg (DVT)",14019,0.0256496409940795,0.0110892903176647,0.00391463197145673,0.0473846500167022,0.020736497758916
ADAMTS1,A disintegrin and metalloproteinase with thrombospondin motifs 1,Health and medical history,"X6152#6.Blood clot, DVT, bronchitis, emphysema, asthma, rhinitis, eczema, allergy diagnosed by doctor_Emphysema or chronic bronchitis",14019,0.0139630063703352,0.011823327481811,-0.0092107154940144,0.0371367282346848,0.237634316123362
ADAMTS1,A disintegrin and metalloproteinase with thrombospondin motifs 1,Health and medical history,"X6152#7.Blood clot, DVT, bronchitis, emphysema, asthma, rhinitis, eczema, allergy diagnosed by doctor_Blood clot in the lung",14019,0.0316459482456283,0.0161629739922879,-3.34807792559955e-05,0.0633253772705126,0.0502582231898903
ADAMTS1,A disintegrin and metalloproteinase with thrombospondin motifs 1,Health and medical history,"X6152#8.Blood clot, DVT, bronchitis, emphysema, asthma, rhinitis, eczema, allergy diagnosed by doctor_Asthma",14019,0.00365046736226119,0.00568683970970441,-0.00749573846875946,0.0147966731932818,0.520938920411733
ADAMTS1,A disintegrin and metalloproteinase with thrombospondin motifs 1,Health and medical history,"X6154#1.Medication for pain relief, constipation, heartburn_Aspirin",19622,0.0022020922768374,0.0052255711413178,-0.0080400271601455,0.0124442117138203,0.673462525165451
ADAMTS1,A disintegrin and metalloproteinase with thrombospondin motifs 1,Health and medical history,"X6154#2.Medication for pain relief, constipation, heartburn_Ibuprofen",19622,-0.0091170552622383,0.0050837634799907,-0.0190812316830201,0.000847121158543468,0.0729296150049781
ADAMTS1,A disintegrin and metalloproteinase with thrombospondin motifs 1,Health and medical history,"X6154#3.Medication for pain relief, constipation, heartburn_Paracetamol",19622,-0.00049072339859597,0.00465897566819371,-0.00962231570825565,0.0086408689110637,0.916116144674664
ADAMTS1,A disintegrin and metalloproteinase with thrombospondin motifs 1,Health and medical history,"X6154#4.Medication for pain relief, constipation, heartburn_Ranitidine",19623,-0.00479777093522442,0.0109183668166387,-0.0261977698958363,0.0166022280253875,0.66036060736387
ADAMTS1,A disintegrin and metalloproteinase with thrombospondin motifs 1,Health and medical history,"X6154#5.Medication for pain relief, constipation, heartburn_Omeprazole",19623,0.0180078996097572,0.00657139947757943,0.00512795663370154,0.0308878425858129,0.0061430316495345
ADAMTS1,A disintegrin and metalloproteinase with thrombospondin motifs 1,Health and medical history,"X6154#6.Medication for pain relief, constipation, heartburn_Laxatives",19623,0.0188190026595026,0.00896566084731576,0.00124630739876375,0.0363916979202415,0.0358288615601605
ADAMTS1,A disintegrin and metalloproteinase with thrombospondin motifs 1,Health and medical history,X6155#1.Vitamin and mineral supplements_Vitamin A,43247,-0.00205466394621944,0.0107788519453979,-0.0231812137591992,0.0190718858667604,0.848824273807655
ADAMTS1,A disintegrin and metalloproteinase with thrombospondin motifs 1,Health and medical history,X6155#2.Vitamin and mineral supplements_Vitamin B,43247,-0.00111962855585153,0.00748725282584805,-0.0157946440945137,0.0135553869828107,0.881129851415803
ADAMTS1,A disintegrin and metalloproteinase with thrombospondin motifs 1,Health and medical history,X6155#3.Vitamin and mineral supplements_Vitamin C,43247,0.00954265686630342,0.0215757872299533,-0.0327458861044051,0.051831199837012,0.658284867479458
ADAMTS1,A disintegrin and metalloproteinase with thrombospondin motifs 1,Health and medical history,X6155#4.Vitamin and mineral supplements_Vitamin D,43247,0.000176205856513649,0.00774423030950054,-0.0150024855501074,0.0153548972631347,0.981847261296044
ADAMTS1,A disintegrin and metalloproteinase with thrombospondin motifs 1,Health and medical history,X6155#5.Vitamin and mineral supplements_Vitamin E,43247,0.00446235512916916,0.00880301993906811,-0.0127915639514043,0.0217162742097427,0.61221925553922
ADAMTS1,A disintegrin and metalloproteinase with thrombospondin motifs 1,Health and medical history,X6155#6.Vitamin and mineral supplements_Folic acid or Folate (Vit B9),43247,0.00792808322571878,0.0101461415804688,-0.011958354272,0.0278145207234376,0.434578029087414
ADAMTS1,A disintegrin and metalloproteinase with thrombospondin motifs 1,Health and medical history,X6155#7.Vitamin and mineral supplements_Multivitamins + or - minerals,43247,-1.91325845913673e-05,0.00334636129174564,-0.00657800071641283,0.00653973554723009,0.995438202549749
ADAMTS1,A disintegrin and metalloproteinase with thrombospondin motifs 1,Lifestyle factors,X6157#1.Why stopped smoking_Illness or ill health,8456,0.0345657819221284,0.00932060905079558,0.016297388182569,0.0528341756616877,0.000209800416797555
ADAMTS1,A disintegrin and metalloproteinase with thrombospondin motifs 1,Lifestyle factors,X6157#2.Why stopped smoking_Doctor's advice,8456,0.00792021615541684,0.0117514863731749,-0.015112697136006,0.0309531294468397,0.50034522128409
ADAMTS1,A disintegrin and metalloproteinase with thrombospondin motifs 1,Lifestyle factors,X6157#3.Why stopped smoking_Health precaution,8456,-0.0132836378043285,0.008299069286917,-0.0295498136066859,0.00298253799802878,0.109499021193111
ADAMTS1,A disintegrin and metalloproteinase with thrombospondin motifs 1,Lifestyle factors,X6157#4.Why stopped smoking_Financial reasons,8456,0.00493875957544949,0.00746222587970114,-0.00968720314876474,0.0195647222996637,0.508095268129609
ADAMTS1,A disintegrin and metalloproteinase with thrombospondin motifs 1,Health and medical history,X6159#1.Pain type(s) experienced in last month_Headache,43438,0.00205766242190386,0.00390700168448717,-0.00560006087969098,0.0097153857234987,0.598432245194766
ADAMTS1,A disintegrin and metalloproteinase with thrombospondin motifs 1,Health and medical history,X6159#2.Pain type(s) experienced in last month_Facial pain,43438,-0.0145244677270231,0.0112950750545086,-0.0366628148338599,0.00761387937981379,0.198480781174123
ADAMTS1,A disintegrin and metalloproteinase with thrombospondin motifs 1,Health and medical history,X6159#3.Pain type(s) experienced in last month_Neck or shoulder pain,43438,-0.00243537872077745,0.00366482205016134,-0.00961842993909367,0.00474767249753877,0.506355639322988
ADAMTS1,A disintegrin and metalloproteinase with thrombospondin motifs 1,Health and medical history,X6159#4.Pain type(s) experienced in last month_Back pain,43438,0.0011999018183376,0.00354735400224363,-0.00575291202605992,0.00815271566273511,0.735174453510993
ADAMTS1,A disintegrin and metalloproteinase with thrombospondin motifs 1,Health and medical history,X6159#5.Pain type(s) experienced in last month_Stomach or abdominal pain,43438,0.0194820590504826,0.00549031152309277,0.00872104846522075,0.0302430696357444,0.000387924142518906
ADAMTS1,A disintegrin and metalloproteinase with thrombospondin motifs 1,Health and medical history,X6159#6.Pain type(s) experienced in last month_Hip pain,43438,0.0144106351173835,0.00487739196544703,0.00485094686510728,0.0239703233696596,0.00313264930926658
ADAMTS1,A disintegrin and metalloproteinase with thrombospondin motifs 1,Health and medical history,X6159#7.Pain type(s) experienced in last month_Knee pain,43438,-0.00718318890640438,0.00381308221938544,-0.0146568300563998,0.000290452243591084,0.0595949963357889
ADAMTS1,A disintegrin and metalloproteinase with thrombospondin motifs 1,Health and medical history,X6159#8.Pain type(s) experienced in last month_Pain all over the body,43438,0.0167550660033143,0.0112423160567595,-0.00527987346793436,0.0387900054745629,0.136137618955577
ADAMTS1,A disintegrin and metalloproteinase with thrombospondin motifs 1,Lifestyle factors,X6160#1.Leisure or social activities_Sports club or gym,30069,-0.0055830513336829,0.00385892822824479,-0.0131465506610427,0.00198044799367689,0.147966717307026
ADAMTS1,A disintegrin and metalloproteinase with thrombospondin motifs 1,Lifestyle factors,X6160#2.Leisure or social activities_Pub or social club,30069,-0.00380183965170962,0.00402768627395924,-0.0116961047486697,0.00409242544525049,0.345214816578601
ADAMTS1,A disintegrin and metalloproteinase with thrombospondin motifs 1,Lifestyle factors,X6160#3.Leisure or social activities_Religious group,30069,0.00401006130268369,0.00453738292335661,-0.00488320922709527,0.0129033318324626,0.376820504525328
ADAMTS1,A disintegrin and metalloproteinase with thrombospondin motifs 1,Lifestyle factors,X6160#4.Leisure or social activities_Adult education class,30070,0.00720768667947504,0.00619380714708252,-0.0049321753288067,0.0193475486877568,0.244557903643374
ADAMTS1,A disintegrin and metalloproteinase with thrombospondin motifs 1,Lifestyle factors,X6160#5.Leisure or social activities_Other group activity,30070,-0.00675407619989271,0.00407722298621537,-0.0147454332528748,0.0012372808530894,0.097623285411342
ADAMTS1,A disintegrin and metalloproteinase with thrombospondin motifs 1,Physical activities,X6162#1.Types of transport used (excluding work)_Car or motor vehicle,43051,-0.0151154508974006,0.00394325318429206,-0.022844227138613,-0.00738667465618813,0.000126644313045393
ADAMTS1,A disintegrin and metalloproteinase with thrombospondin motifs 1,Physical activities,X6162#2.Types of transport used (excluding work)_Walk,43051,0.00195402411218346,0.00314910499984305,-0.00421822168750891,0.00812626991187583,0.534931007624767
ADAMTS1,A disintegrin and metalloproteinase with thrombospondin motifs 1,Physical activities,X6162#3.Types of transport used (excluding work)_Public transport,43051,0.00627003248825822,0.00348835057665484,-0.000567134641985267,0.0131071996185017,0.0722759120358339
ADAMTS1,A disintegrin and metalloproteinase with thrombospondin motifs 1,Physical activities,X6162#4.Types of transport used (excluding work)_Cycle,43051,-0.00815482359009145,0.00634176930220276,-0.0205846914224089,0.00427504424222596,0.198488049905781
ADAMTS1,A disintegrin and metalloproteinase with thrombospondin motifs 1,Physical activities,X6164#1.Types of physical activity in last 4 weeks_Walking for pleasure (not as a means of transport),43081,-0.011858794417114,0.00347415743120067,-0.0186681429822673,-0.00504944585196065,0.000642095874246581
ADAMTS1,A disintegrin and metalloproteinase with thrombospondin motifs 1,Physical activities,X6164#3.Types of physical activity in last 4 weeks_Strenuous sports,43081,-0.00892039287134338,0.0054453884572228,-0.0195933542475001,0.00175256850481332,0.101396571899201
ADAMTS1,A disintegrin and metalloproteinase with thrombospondin motifs 1,Health and medical history,X6179#1.Mineral and other dietary supplements_Fish oil (including cod liver oil),43247,-0.00932889846094605,0.00341991468950378,-0.0160319312523735,-0.00262586566951864,0.00637808691924992
ADAMTS1,A disintegrin and metalloproteinase with thrombospondin motifs 1,Health and medical history,X6179#2.Mineral and other dietary supplements_Glucosamine,43247,-0.0162375047561715,0.00404906866319643,-0.0241736793360365,-0.00830133017630654,6.07736524337638e-05
ADAMTS1,A disintegrin and metalloproteinase with thrombospondin motifs 1,Health and medical history,X6179#3.Mineral and other dietary supplements_Calcium,43247,0.00142137535242832,0.00607908766337177,-0.0104936364677803,0.013336387172637,0.815130544987187
ADAMTS1,A disintegrin and metalloproteinase with thrombospondin motifs 1,Health and medical history,X6179#4.Mineral and other dietary supplements_Zinc,43247,0.00217374282857174,0.00781696976288983,-0.0131475179066923,0.0174950035638358,0.780952290068763
ADAMTS1,A disintegrin and metalloproteinase with thrombospondin motifs 1,Health and medical history,X6179#5.Mineral and other dietary supplements_Iron,43247,0.0200644086866326,0.0084149826784672,0.00357104263683687,0.0365577747364283,0.0171128075856994
ADAMTS1,A disintegrin and metalloproteinase with thrombospondin motifs 1,Health and medical history,X6179#6.Mineral and other dietary supplements_Selenium,43247,-0.0187234221514638,0.0100472037702222,-0.0384159415410993,0.000969097238171644,0.062392320860645
ADAMTS1,A disintegrin and metalloproteinase with thrombospondin motifs 1,Physical measures,"X78.Heel bone mineral density (BMD) T-score, automated",24474,-0.00929430256863807,0.00212941420768996,-0.0134679544157104,-0.00512065072156574,1.27805723948005e-05
ADAMTS1,A disintegrin and metalloproteinase with thrombospondin motifs 1,Physical activities,X864.Number of days or week walked 10+ minutes,42514,-0.0738151925311542,0.0274614692140634,-0.127639672190718,-0.0199907128715899,0.00719190971274991
ADAMTS1,A disintegrin and metalloproteinase with thrombospondin motifs 1,Physical activities,X874.Duration of walks,36817,-0.00440292438987736,0.00169633200640713,-0.00772773512243534,-0.00107811365731938,0.0094475556473738
ADAMTS1,A disintegrin and metalloproteinase with thrombospondin motifs 1,Physical activities,X884.Number of days or week of moderate physical activity 10+ minutes,41077,-0.0541301666057531,0.0266600059741838,-0.106383778315153,-0.00187655489635283,0.0423235082650958
ADAMTS1,A disintegrin and metalloproteinase with thrombospondin motifs 1,Physical activities,X894.Duration of moderate activity,31773,-0.011528200094984,0.0318509361560229,-0.0739560349607888,0.0508996347708208,0.717397580501615
ADAMTS1,A disintegrin and metalloproteinase with thrombospondin motifs 1,Physical activities,X90087.No-wear time bias adjusted average acceleration,8889,-0.00453997776949807,0.00374318432593653,-0.0118766190483337,0.00279666350933752,0.225213668595818
ADAMTS1,A disintegrin and metalloproteinase with thrombospondin motifs 1,Physical activities,X904.Number of days or week of vigorous physical activity 10+ minutes,41021,-0.070302606646413,0.0276647433730745,-0.124525503657639,-0.016079709635187,0.0110498246902263
ADAMTS1,A disintegrin and metalloproteinase with thrombospondin motifs 1,Physical activities,X914.Duration of vigorous activity,22950,0.000926666851683157,0.00216001832507884,-0.00330696906547137,0.00516030276883768,0.667920855936458
