Protein,Protein_definition,Trait_category,Trait,sample_size,Estimated_effect,se,lowerCI,upperCI,Pvalue
RAC3,Ras-related C3 botulinum toxin substrate 3,Lifestyle factors,X1050.Time spend outdoors in summer,38949,0.00633582918314854,0.0140482825414687,-0.0211988045981302,0.0338704629644273,0.651989302782363
RAC3,Ras-related C3 botulinum toxin substrate 3,Lifestyle factors,X1060.Time spent outdoors in winter,33973,-0.00167261677551157,0.0158967752087213,-0.0328302961846052,0.0294850626335821,0.916203954565615
RAC3,Ras-related C3 botulinum toxin substrate 3,Physical activities,X1070.Time spent watching television (TV),41002,0.0086643228358164,0.013999851857911,-0.0187753868056891,0.0361040324773219,0.535994406516349
RAC3,Ras-related C3 botulinum toxin substrate 3,Physical activities,X1080.Time spent using computer,33952,0.00737631338155804,0.0146015668218861,-0.0212427575893387,0.0359953843524548,0.613440802111558
RAC3,Ras-related C3 botulinum toxin substrate 3,Physical activities,X1090.Time spent driving,29493,0.00765517043369403,0.0157400796929173,-0.0231953857644238,0.0385057266318119,0.626723430259606
RAC3,Ras-related C3 botulinum toxin substrate 3,Lifestyle factors,X1160.Sleep duration,43169,0.0061726556803704,0.0126221706238827,-0.0185667987424398,0.0309121101031806,0.624820947588659
RAC3,Ras-related C3 botulinum toxin substrate 3,Health and medical history,X120039#0.Location of pain during the past week_None of the given areas,14086,0.0111749387030532,0.0193515789307619,-0.0267541560012401,0.0491040334073465,0.563631851360752
RAC3,Ras-related C3 botulinum toxin substrate 3,Health and medical history,X120039#1.Location of pain during the past week_Left shoulder,14086,-0.0101081633884192,0.0189455253693174,-0.0472413931122813,0.027025066335443,0.59366943304661
RAC3,Ras-related C3 botulinum toxin substrate 3,Health and medical history,X120039#10.Location of pain during the past week_Upper right leg,14086,-0.0334985866081292,0.0214706164128774,-0.0755809947773689,0.00858382156111043,0.118733673169995
RAC3,Ras-related C3 botulinum toxin substrate 3,Health and medical history,X120039#11.Location of pain during the past week_Lower left leg,14086,-0.0132926524529371,0.0220156313550513,-0.0564432899088377,0.0298579850029634,0.545998002999941
RAC3,Ras-related C3 botulinum toxin substrate 3,Health and medical history,X120039#12.Location of pain during the past week_Lower right leg,14086,-0.0345913260620456,0.0223321257791888,-0.0783622925892556,0.00917964046516444,0.121416445038024
RAC3,Ras-related C3 botulinum toxin substrate 3,Health and medical history,X120039#13.Location of pain during the past week_Left jaw pain,14086,0.00249320201372434,0.0474014209472424,-0.0904135830428708,0.0953999870703195,0.958053258441201
RAC3,Ras-related C3 botulinum toxin substrate 3,Health and medical history,X120039#14.Location of pain during the past week_Right jaw pain,14086,-0.0404713577720124,0.0485363213021742,-0.135602547524274,0.0546598319802491,0.404387260173498
RAC3,Ras-related C3 botulinum toxin substrate 3,Health and medical history,X120039#15.Location of pain during the past week_Chest pain,14086,0.00188837415123196,0.0340309829385739,-0.0648123524083728,0.0685891007108367,0.955749003495739
RAC3,Ras-related C3 botulinum toxin substrate 3,Health and medical history,X120039#16.Location of pain during the past week_Abdomen,14086,0.0326296197467398,0.0251626486116085,-0.0166891715320129,0.0819484110254925,0.194739095278145
RAC3,Ras-related C3 botulinum toxin substrate 3,Health and medical history,X120039#17.Location of pain during the past week_Neck pain,14086,-0.0042124794873289,0.0171318221321286,-0.0377908508663009,0.0293658918916432,0.805773874677681
RAC3,Ras-related C3 botulinum toxin substrate 3,Health and medical history,X120039#18.Location of pain during the past week_Upper back,14086,-0.00547008072999173,0.0247851368222028,-0.0540489489015093,0.0431087874415258,0.825329200843282
RAC3,Ras-related C3 botulinum toxin substrate 3,Health and medical history,X120039#19.Location of pain during the past week_Lower back,14086,-0.00855534653723422,0.0138876267092085,-0.0357750948872829,0.0186644018128145,0.537877467631198
RAC3,Ras-related C3 botulinum toxin substrate 3,Health and medical history,X120039#2.Location of pain during the past week_Right shoulder,14086,-0.0175764171047249,0.0177754910809224,-0.0524163796233328,0.017263545413883,0.32277768826316
RAC3,Ras-related C3 botulinum toxin substrate 3,Health and medical history,X120039#3.Location of pain during the past week_Upper left arm,14086,-0.00695122839629744,0.0263426657931702,-0.058582853350911,0.0446803965583161,0.791878423333414
RAC3,Ras-related C3 botulinum toxin substrate 3,Health and medical history,X120039#4.Location of pain during the past week_Upper right arm,14086,-0.00780490461759781,0.0247083729820625,-0.0562333156624404,0.0406235064272448,0.752097547757753
RAC3,Ras-related C3 botulinum toxin substrate 3,Health and medical history,X120039#5.Location of pain during the past week_Lower left arm,14086,-0.0182893652045169,0.0325527334194894,-0.0820927227067161,0.0455139922976824,0.574235293430576
RAC3,Ras-related C3 botulinum toxin substrate 3,Health and medical history,X120039#6.Location of pain during the past week_Lower right arm,14086,-0.0505609633428178,0.0316805137335475,-0.112654770260571,0.0115328435749352,0.110519258833613
RAC3,Ras-related C3 botulinum toxin substrate 3,Health and medical history,X120039#7.Location of pain during the past week_Left hip,14086,-0.0104079370970461,0.0193914830542996,-0.0484152438834734,0.0275993696893811,0.591464525174387
RAC3,Ras-related C3 botulinum toxin substrate 3,Health and medical history,X120039#8.Location of pain during the past week_Right hip,14086,-0.00919228145146737,0.0183399499159958,-0.0451385832868191,0.0267540203838843,0.616226758973863
RAC3,Ras-related C3 botulinum toxin substrate 3,Health and medical history,X120039#9.Location of pain during the past week_Upper left leg,14086,-0.0170644718677215,0.022876325668831,-0.0619020701786302,0.0277731264431872,0.455713334945054
RAC3,Ras-related C3 botulinum toxin substrate 3,Health and medical history,X120040.Fatigue severity over the past week,14102,-0.0336647680474516,0.0228982184113487,-0.0785452761336951,0.0112157400387919,0.141532208139689
RAC3,Ras-related C3 botulinum toxin substrate 3,Health and medical history,X120041.Waking unrefreshed severity over the past week,14102,-0.0166221851135817,0.0225477030999184,-0.0608156831894218,0.0275713129622583,0.461012516414233
RAC3,Ras-related C3 botulinum toxin substrate 3,Health and medical history,X120042.Cognitive symptoms severity over the past week,14100,-0.00909902878310067,0.0244409950214253,-0.0570033790250943,0.0388053214588929,0.709685872508646
RAC3,Ras-related C3 botulinum toxin substrate 3,Health and medical history,X120098.Mobility problems today,14108,-0.0110776217583079,0.0267810248807053,-0.0635684305244903,0.0414131870078745,0.679146294949376
RAC3,Ras-related C3 botulinum toxin substrate 3,Health and medical history,X120099.Self-care problems today,14108,-0.00669686099207103,0.0412599117451775,-0.087566288012619,0.074172566028477,0.871064740904689
RAC3,Ras-related C3 botulinum toxin substrate 3,Health and medical history,X120100.Problems doing usual activities,14108,-0.049362303322539,0.0258926761610735,-0.100111948598243,0.00138734195316506,0.0566161192664927
RAC3,Ras-related C3 botulinum toxin substrate 3,Health and medical history,X120101.Pain or discomfort today,14108,-0.0411697341896165,0.0230006236911904,-0.0862509566243497,0.00391148824511674,0.073485036989685
RAC3,Ras-related C3 botulinum toxin substrate 3,Health and medical history,X120102.Anxiety or depression today,14108,-0.0324935716657501,0.0283377401181861,-0.0880355422973948,0.0230483989658946,0.251544285450101
RAC3,Ras-related C3 botulinum toxin substrate 3,Health and medical history,X120103.Scale to indicate how health is today,14057,0.00578022202574056,0.00601280534551232,-0.00600487645146359,0.0175653205029447,0.336408516026106
RAC3,Ras-related C3 botulinum toxin substrate 3,Health and medical history,X120104.Little interest or pleasure in doing things over the last two weeks,14070,-0.0418545862058837,0.0286716065908628,-0.0980509351239748,0.0143417627122074,0.144369558407685
RAC3,Ras-related C3 botulinum toxin substrate 3,Health and medical history,"X120105.Feeling down, depressed, or hopeless over the last two weeks",14047,-0.038864108761785,0.029670233317873,-0.0970177660648161,0.0192895485412461,0.190261716044431
RAC3,Ras-related C3 botulinum toxin substrate 3,Health and medical history,"X120106.Trouble falling or staying asleep, or sleeping too much over the last two weeks",14082,-0.0108004484210915,0.0228441757524796,-0.0555750328959514,0.0339741360537685,0.636371888947136
RAC3,Ras-related C3 botulinum toxin substrate 3,Health and medical history,X120107.Feeling tired or having little energy over the last two weeks,14085,-0.0115193178560698,0.0231254315128112,-0.0568451636211798,0.0338065279090402,0.618404876421424
RAC3,Ras-related C3 botulinum toxin substrate 3,Health and medical history,X120108.Poor appetite or overeating over the last two weeks,14087,-0.0423483441034421,0.0310029704695192,-0.1031141662237,0.0184174780168155,0.171978142957467
RAC3,Ras-related C3 botulinum toxin substrate 3,Health and medical history,X120109.Feeling bad about self over the last two weeks,14048,-0.0382553746548509,0.0312018135880629,-0.0994109292874542,0.0229001799777524,0.220195718369947
RAC3,Ras-related C3 botulinum toxin substrate 3,Health and medical history,X120110.Trouble concentrating over the last two weeks,14088,-0.049300652871212,0.0314686017319298,-0.110979112265794,0.0123778065233703,0.117216274493238
RAC3,Ras-related C3 botulinum toxin substrate 3,Health and medical history,X120111.Moving or speaking slower or faster than usual over the last two weeks,14072,-0.0887819512771449,0.0486958772333794,-0.184225870654569,0.00666196810027879,0.0682954914653649
RAC3,Ras-related C3 botulinum toxin substrate 3,Health and medical history,X120112.Thoughts of being better off dead or of hurting self over the last two weeks,14009,-0.0523760917540868,0.0648067396025703,-0.179397301375125,0.074645117866951,0.418995548823525
RAC3,Ras-related C3 botulinum toxin substrate 3,Health and medical history,"X120113.Level of difficultly depression has made to do work, take care of things at home, or get along with other people",9800,-0.0363411169266484,0.0316316927924182,-0.0983392347997881,0.0256570009464913,0.250632277268602
RAC3,Ras-related C3 botulinum toxin substrate 3,Lifestyle factors,X1269.Exposure to tobacco smoke at home,38979,-0.0865718874345935,0.0332956882681399,-0.151831436440148,-0.0213123384290393,0.0093233652254855
RAC3,Ras-related C3 botulinum toxin substrate 3,Lifestyle factors,X1279.Exposure to tobacco smoke outside home,36382,-0.0050384890269711,0.019127134999215,-0.0425276736254324,0.0324506955714902,0.792227598836591
RAC3,Ras-related C3 botulinum toxin substrate 3,Diet and food preferences,X1289.Cooked vegetable intake,41897,0.0173381267767645,0.0134074956589561,-0.00894056471478943,0.0436168182683184,0.195960546471429
RAC3,Ras-related C3 botulinum toxin substrate 3,Diet and food preferences,X1299.Salad  or  raw vegetable intake,40793,0.0200123284823513,0.0142504665780877,-0.00791858601070055,0.0479432429754031,0.160228832022319
RAC3,Ras-related C3 botulinum toxin substrate 3,Diet and food preferences,X1309.Fresh fruit intake,41854,0.0127873094125993,0.0138265725304981,-0.0143127727471769,0.0398873915723756,0.355056653979816
RAC3,Ras-related C3 botulinum toxin substrate 3,Diet and food preferences,X1319.Dried fruit intake,39561,0.00246832940373143,0.014271486498387,-0.0255037841331071,0.03044044294057,0.862687438966612
RAC3,Ras-related C3 botulinum toxin substrate 3,Health and medical history,X134.Number of self-reported cancers,43546,0.0150581953143356,0.0243376847739953,-0.0326436668426952,0.0627600574713664,0.536104530257199
RAC3,Ras-related C3 botulinum toxin substrate 3,Health and medical history,X135.Number of self-reported non-cancer illnesses,43547,-0.012209827063679,0.0132556218325855,-0.0381908458555466,0.0137711917281886,0.357000418483516
RAC3,Ras-related C3 botulinum toxin substrate 3,Health and medical history,"X136.Number of operations, self-reported",43547,0.0237736725259661,0.0131509997180625,-0.00200228692143636,0.0495496319733685,0.0706528771357374
RAC3,Ras-related C3 botulinum toxin substrate 3,Health and medical history,X137.Number of treatments or medications taken,43547,-0.023394883784316,0.0130112316160994,-0.0488968977518708,0.00210713018323879,0.0721755384835886
RAC3,Ras-related C3 botulinum toxin substrate 3,Diet and food preferences,X1438.Bread intake,42275,-0.00316129087373287,0.00359099776996991,-0.0101996465028739,0.00387706475540815,0.378681377715628
RAC3,Ras-related C3 botulinum toxin substrate 3,Diet and food preferences,X1458.Cereal intake,41342,0.00744081427212441,0.0131738945588311,-0.0183800190631844,0.0332616476074333,0.572202616471789
RAC3,Ras-related C3 botulinum toxin substrate 3,Diet and food preferences,X1488.Tea intake,42007,0.00134036306765417,0.00345068462456039,-0.00542297879648418,0.00810370493179253,0.697696891552895
RAC3,Ras-related C3 botulinum toxin substrate 3,Diet and food preferences,X1498.Coffee intake,40178,-0.0260410783982984,0.0132128749313095,-0.0519383132636651,-0.0001438435329317,0.0487437016231284
RAC3,Ras-related C3 botulinum toxin substrate 3,Diet and food preferences,X1528.Water intake,40319,-0.00962551150585822,0.013452696533907,-0.035992796712316,0.0167417737005995,0.474299366506476
RAC3,Ras-related C3 botulinum toxin substrate 3,Lifestyle factors,X1568.Average weekly red wine intake,29587,0.0174488456656996,0.0155947368451476,-0.0131168385507897,0.0480145298821889,0.263194774787034
RAC3,Ras-related C3 botulinum toxin substrate 3,Lifestyle factors,X1578.Average weekly champagne plus white wine intake,29580,-0.00484428932770237,0.0155788473643463,-0.0353788301618211,0.0256902515064163,0.755838544131949
RAC3,Ras-related C3 botulinum toxin substrate 3,Lifestyle factors,X1588.Average weekly beer plus cider intake,29662,0.0072648766479529,0.0174842729148978,-0.0270042982652469,0.0415340515611527,0.677772172245173
RAC3,Ras-related C3 botulinum toxin substrate 3,Lifestyle factors,X1598.Average weekly spirits intake,29539,0.0141389147357446,0.0169594454780236,-0.0191015984011816,0.0473794278726709,0.404462617637671
RAC3,Ras-related C3 botulinum toxin substrate 3,Lifestyle factors,X1608.Average weekly fortified wine intake,29638,-0.0309937146399841,0.0286960621852131,-0.0872379965230018,0.0252505672430336,0.280120443196754
RAC3,Ras-related C3 botulinum toxin substrate 3,Lifestyle factors,X1737.Childhood sunburn occasions,32663,0.000513917891883662,0.0155463937437002,-0.0299570138457688,0.0309848496295361,0.973629296430936
RAC3,Ras-related C3 botulinum toxin substrate 3,Health and medical history,X1807.Father's age at death,32172,-0.00191166751780604,0.00396357336510365,-0.0096802713134092,0.00585693627779712,0.629589663715093
RAC3,Ras-related C3 botulinum toxin substrate 3,Health and medical history,X1845.Mother's age,16546,-0.00355647506707667,0.00890759462835168,-0.021015360538646,0.0139024104044926,0.689704409585787
RAC3,Ras-related C3 botulinum toxin substrate 3,Health and medical history,X1873.Number of full brothers,42758,-0.00922863237111002,0.0126908656655409,-0.0341027290755702,0.0156454643333502,0.467115399243661
RAC3,Ras-related C3 botulinum toxin substrate 3,Health and medical history,X1883.Number of full sisters,42762,0.00387682448170275,0.012860191708974,-0.0213291512678863,0.0290828002312918,0.763065742120866
RAC3,Ras-related C3 botulinum toxin substrate 3,Physical measures,X20015.Sitting height,43209,-0.000266860169173495,0.00451562465741823,-0.00911748449771322,0.00858376415936623,0.952875068797797
RAC3,Ras-related C3 botulinum toxin substrate 3,Cognitive function,X20016.Fluid intelligence score,14145,-0.0298043900237213,0.0208875241126982,-0.0707439372846097,0.0111351572371671,0.153631084197573
RAC3,Ras-related C3 botulinum toxin substrate 3,Cognitive function,X20018.Prospective memory result,14729,0.0206225371760671,0.0276512342625948,-0.0335738819786186,0.0748189563307529,0.455794764577015
RAC3,Ras-related C3 botulinum toxin substrate 3,Physical measures,X20019.Speech-reception-threshold (SRT) estimate (left),13948,0.0101887503733466,0.00622487947938056,-0.00201201340623929,0.0223895141529325,0.101699292949208
RAC3,Ras-related C3 botulinum toxin substrate 3,Physical measures,X20021.Speech-reception-threshold (SRT) estimate (right),13942,0.00308848116850456,0.00624490119763229,-0.00915152517885473,0.0153284875158638,0.620918223697446
RAC3,Ras-related C3 botulinum toxin substrate 3,Cognitive function,X20023.Mean time to correctly identify matches,43024,0.000959485599169791,0.00362986171094852,-0.00615504335428931,0.00807401455262889,0.791526009185892
RAC3,Ras-related C3 botulinum toxin substrate 3,Health and medical history,X20107#1.Illnesses of father_Heart disease,37895,-0.009590145780847,0.00778446025074216,-0.0248476878723016,0.00566739631060763,0.217971571249764
RAC3,Ras-related C3 botulinum toxin substrate 3,Health and medical history,X20107#10.Illnesses of father_Alzheimer's disease or dementia,37167,-0.00596722938800623,0.0170615733523769,-0.039407913158665,0.0274734543826525,0.726530767156294
RAC3,Ras-related C3 botulinum toxin substrate 3,Health and medical history,X20107#11.Illnesses of father_Parkinson's disease,37107,0.0141266586221963,0.0228272531536007,-0.0306147575588612,0.0588680748032538,0.536018604778108
RAC3,Ras-related C3 botulinum toxin substrate 3,Health and medical history,X20107#12.Illnesses of father_Severe depression,37148,-0.0478684208937299,0.0191450799541773,-0.0853927776039174,-0.0103440641835425,0.0124131350473982
RAC3,Ras-related C3 botulinum toxin substrate 3,Health and medical history,X20107#13.Illnesses of father_Prostate cancer,37171,0.011694130320544,0.0137572075885063,-0.0152699965529284,0.0386582571940164,0.395310200714665
RAC3,Ras-related C3 botulinum toxin substrate 3,Health and medical history,X20107#2.Illnesses of father_Stroke,37451,-0.0154507835023607,0.00998964225785436,-0.0350304823277552,0.00412891532303386,0.121948793579733
RAC3,Ras-related C3 botulinum toxin substrate 3,Health and medical history,X20107#3.Illnesses of father_Lung cancer,37352,0.016410652983522,0.0126365318846585,-0.00835694951040874,0.0411782554774527,0.194066090225052
RAC3,Ras-related C3 botulinum toxin substrate 3,Health and medical history,X20107#4.Illnesses of father_Bowel cancer,37179,-0.0124766468074049,0.0157094895575827,-0.043267246340267,0.0183139527254573,0.427077773371863
RAC3,Ras-related C3 botulinum toxin substrate 3,Health and medical history,X20107#6.Illnesses of father_Chronic bronchitis or emphysema,37429,0.00721026431908356,0.011541342877949,-0.0154107677216964,0.0298312963598635,0.532149747252479
RAC3,Ras-related C3 botulinum toxin substrate 3,Health and medical history,X20107#8.Illnesses of father_High blood pressure,37541,-0.0113198850226298,0.00872522926492507,-0.0284213343818829,0.00578156433662335,0.194510531802874
RAC3,Ras-related C3 botulinum toxin substrate 3,Health and medical history,X20107#9.Illnesses of father_Diabetes,37309,-0.010590995523903,0.0120421963028554,-0.0341937002774996,0.0130117092296937,0.379141126028181
RAC3,Ras-related C3 botulinum toxin substrate 3,Health and medical history,X20110#1.Illnesses of mother_Heart disease,39708,-5.01154008623634e-05,0.00886337496124512,-0.0174223303249028,0.0173220995231781,0.995488644012348
RAC3,Ras-related C3 botulinum toxin substrate 3,Health and medical history,X20110#10.Illnesses of mother_Alzheimer's disease or dementia,39459,-0.00313103010242135,0.0127783052461068,-0.0281765083847906,0.0219144481799479,0.806436781774457
RAC3,Ras-related C3 botulinum toxin substrate 3,Health and medical history,X20110#11.Illnesses of mother_Parkinson's disease,39338,0.0161138676197325,0.0280663702123976,-0.0388962179965667,0.0711239532360317,0.565880164535356
RAC3,Ras-related C3 botulinum toxin substrate 3,Health and medical history,X20110#12.Illnesses of mother_Severe depression,39399,-0.0192249851099347,0.0142818668610202,-0.0472174441575343,0.00876747393766487,0.178274310651842
RAC3,Ras-related C3 botulinum toxin substrate 3,Health and medical history,X20110#2.Illnesses of mother_Stroke,39603,-0.00905282432894046,0.0101398791774565,-0.0289269875167551,0.0108213388588742,0.371972871931082
RAC3,Ras-related C3 botulinum toxin substrate 3,Health and medical history,X20110#3.Illnesses of mother_Lung cancer,39422,0.0326649602579026,0.0178167992441521,-0.00225596626063554,0.0675858867764408,0.0667536442060476
RAC3,Ras-related C3 botulinum toxin substrate 3,Health and medical history,X20110#4.Illnesses of mother_Bowel cancer,39380,-0.000637000207080946,0.016053812917726,-0.0321024735258239,0.030828473111662,0.968349197387505
RAC3,Ras-related C3 botulinum toxin substrate 3,Health and medical history,X20110#5.Illnesses of mother_Breast cancer,39422,0.016651268243858,0.0130827105937141,-0.00899084451982156,0.0422933810075376,0.20310753976536
RAC3,Ras-related C3 botulinum toxin substrate 3,Health and medical history,X20110#6.Illnesses of mother_Chronic bronchitis or emphysema,39471,0.0166371128480405,0.0149882251192401,-0.0127398083856701,0.0460140340817511,0.267000530870914
RAC3,Ras-related C3 botulinum toxin substrate 3,Health and medical history,X20110#8.Illnesses of mother_High blood pressure,39784,0.00135288857916256,0.00767744078917163,-0.0136948953676138,0.016400672525939,0.86012507965828
RAC3,Ras-related C3 botulinum toxin substrate 3,Health and medical history,X20110#9.Illnesses of mother_Diabetes,39525,0.0130738341980782,0.0118619965228117,-0.0101756789866327,0.036323347382789,0.270398241539021
RAC3,Ras-related C3 botulinum toxin substrate 3,Health and medical history,X20111#1.Illnesses of siblings_Heart disease,34099,-0.00503104825773873,0.0123760559435953,-0.0292881179071856,0.0192260213917081,0.684367034899982
RAC3,Ras-related C3 botulinum toxin substrate 3,Health and medical history,X20111#10.Illnesses of siblings_Alzheimer's disease or dementia,33854,0.125370030987474,0.049469559405167,0.0284096945533466,0.222330367421601,0.0112721295456397
RAC3,Ras-related C3 botulinum toxin substrate 3,Health and medical history,X20111#11.Illnesses of siblings_Parkinson's disease,33848,-0.0427952400155312,0.0495445921272677,-0.139902640584976,0.0543121605539134,0.387719180206025
RAC3,Ras-related C3 botulinum toxin substrate 3,Health and medical history,X20111#12.Illnesses of siblings_Severe depression,33955,-0.00942872916046974,0.0146816416633896,-0.0382047468207134,0.019347288499774,0.520739760473651
RAC3,Ras-related C3 botulinum toxin substrate 3,Health and medical history,X20111#13.Illnesses of siblings_Prostate cancer,33872,-0.00699458588581921,0.0290708870241457,-0.0639735244531448,0.0499843526815064,0.809863128270825
RAC3,Ras-related C3 botulinum toxin substrate 3,Health and medical history,X20111#2.Illnesses of siblings_Stroke,33916,-0.00838795570977471,0.0208437798992687,-0.0492417643123413,0.0324658528927919,0.687377426998992
RAC3,Ras-related C3 botulinum toxin substrate 3,Health and medical history,X20111#3.Illnesses of siblings_Lung cancer,33872,0.0216428623208544,0.0247968551818871,-0.0269589738356442,0.0702446984773531,0.3827746152255
RAC3,Ras-related C3 botulinum toxin substrate 3,Health and medical history,X20111#4.Illnesses of siblings_Bowel cancer,33875,0.0199587151947604,0.0242929082027467,-0.0276553848826232,0.0675728152721439,0.41131829955492
RAC3,Ras-related C3 botulinum toxin substrate 3,Health and medical history,X20111#5.Illnesses of siblings_Breast cancer,33899,0.0220785761982097,0.0181630531355547,-0.0135210079474775,0.0576781603438969,0.224154851060908
RAC3,Ras-related C3 botulinum toxin substrate 3,Health and medical history,X20111#6.Illnesses of siblings_Chronic bronchitis or emphysema,33916,-0.0142036289842749,0.0225813920351669,-0.058463157373202,0.0300558994046522,0.52935522525803
RAC3,Ras-related C3 botulinum toxin substrate 3,Health and medical history,X20111#8.Illnesses of siblings_High blood pressure,34215,0.00788393911669738,0.00924124961997422,-0.0102289101384521,0.0259967883718469,0.393596081457201
RAC3,Ras-related C3 botulinum toxin substrate 3,Health and medical history,X20111#9.Illnesses of siblings_Diabetes,34032,0.011201379590769,0.0130898369021704,-0.014454700737485,0.036857459919023,0.392152600529383
RAC3,Ras-related C3 botulinum toxin substrate 3,Mental health,X20127.Neuroticism score,34588,-0.00910506192770249,0.0133331143938697,-0.0352379661396871,0.0170278422842821,0.494680388227485
RAC3,Ras-related C3 botulinum toxin substrate 3,Cognitive function,X20128.Number of fluid intelligence questions attempted within time limit,14145,-0.0502539819623451,0.021179456135004,-0.0917657159869529,-0.00874224793773735,0.0176685598824678
RAC3,Ras-related C3 botulinum toxin substrate 3,Lifestyle factors,X20161.Pack years of smoking,13399,0.00712213370300924,0.00672538125678789,-0.00605961356029503,0.0203038809663135,0.289621940173995
RAC3,Ras-related C3 botulinum toxin substrate 3,Lifestyle factors,X20162.Pack years adult smoking as proportion of life span exposed to smoking,13399,0.00774581234156423,0.00662943673950736,-0.0052478836678702,0.0207395083509987,0.242667574831267
RAC3,Ras-related C3 botulinum toxin substrate 3,Cognitive function,X20191.Fluid intelligence score,10517,-0.0228494238015285,0.0244344118518324,-0.07074087103112,0.0250420234280631,0.349741307747967
RAC3,Ras-related C3 botulinum toxin substrate 3,Cognitive function,X20192.Number of fluid intelligence questions attempted within time limit,10518,-0.0102930683549955,0.0244689708386644,-0.0582522511987779,0.0376661144887868,0.674013449349006
RAC3,Ras-related C3 botulinum toxin substrate 3,Cognitive function,X20240.Maximum digits remembered correctly,9441,-0.0694616681268526,0.0261869476951262,-0.1207880856093,-0.0181352506444053,0.00800249306240489
RAC3,Ras-related C3 botulinum toxin substrate 3,Physical measures,X20255.Spirometry QC measure,32264,0.025735408134867,0.0169200094079339,-0.00742781030468334,0.0588986265744174,0.128268545685539
RAC3,Ras-related C3 botulinum toxin substrate 3,Eye measures,X20261.avMSE,9681,-0.00190196690942141,0.00757741198381049,-0.01675369439769,0.0129497605788472,0.801815719651944
RAC3,Ras-related C3 botulinum toxin substrate 3,Eye measures,X20262.Myopia diagnosis,9681,0.03768540712519,0.0302639571291147,-0.0216319488478749,0.0970027630982549,0.213079592112227
RAC3,Ras-related C3 botulinum toxin substrate 3,NMR metabolomics,X20280.Glucose-lactate,24135,0.00553094732416896,0.00471987493401413,-0.00372000754649874,0.0147819021948367,0.24127210158679
RAC3,Ras-related C3 botulinum toxin substrate 3,NMR metabolomics,X20281.Spectrometer-corrected alanine,24186,0.000870699137971303,0.00473970187519412,-0.00841911653740918,0.0101605148133518,0.854247717375987
RAC3,Ras-related C3 botulinum toxin substrate 3,Mental health,X20544#11.Mental health problems ever diagnosed by a professional_Depression,13579,-0.016334126934936,0.0239044147746635,-0.0631867798932765,0.0305185260234045,0.494422613320174
RAC3,Ras-related C3 botulinum toxin substrate 3,Mental health,X20544#6.Mental health problems ever diagnosed by a professional_Panic attacks,13577,-0.0179329216165131,0.0468400546534879,-0.109739428737349,0.0738735855043231,0.701833713710247
RAC3,Ras-related C3 botulinum toxin substrate 3,Mental health,X20546#1.Substances taken for depression_Unprescribed medication (more than once),13579,0.0299255727707817,0.0589266829789201,-0.0855707258679016,0.145421871409465,0.611570883537296
RAC3,Ras-related C3 botulinum toxin substrate 3,Mental health,X20546#3.Substances taken for depression_Medication prescribed to you (for at least two weeks),13579,-0.0175821717380656,0.0227342792787751,-0.0621413591244648,0.0269770156483336,0.439312695192628
RAC3,Ras-related C3 botulinum toxin substrate 3,Mental health,X20546#4.Substances taken for depression_Drugs or alcohol (more than once),13579,-0.00448554691101527,0.0393531655535591,-0.0816177513959911,0.0726466575739606,0.909253862118955
RAC3,Ras-related C3 botulinum toxin substrate 3,Mental health,X20548#1.Manifestations of mania or irritability_I was more talkative than usual,13585,-0.0618818416254546,0.050490427258621,-0.160843079052352,0.0370793958014426,0.220364735133602
RAC3,Ras-related C3 botulinum toxin substrate 3,Mental health,X20548#2.Manifestations of mania or irritability_I was more restless than usual,13585,-0.0216232940604148,0.0333560972995095,-0.0870012447674534,0.0437546566466238,0.51683028048331
RAC3,Ras-related C3 botulinum toxin substrate 3,Mental health,X20548#3.Manifestations of mania or irritability_My thoughts were racing,13585,-0.000601002892207705,0.0371229768151053,-0.0733620374498142,0.0721600316653988,0.987083440276128
RAC3,Ras-related C3 botulinum toxin substrate 3,Mental health,X20548#5.Manifestations of mania or irritability_I needed less sleep than usual,13585,-0.0750572407781232,0.0574590851700762,-0.187677047711473,0.0375625661552261,0.191481937849099
RAC3,Ras-related C3 botulinum toxin substrate 3,Mental health,X20548#6.Manifestations of mania or irritability_I was more creative or had more ideas than usual,13585,-0.0199589318367353,0.0651733856885392,-0.147698767786272,0.107780904112801,0.759423880797449
RAC3,Ras-related C3 botulinum toxin substrate 3,Mental health,X20548#7.Manifestations of mania or irritability_I was easily distracted,13585,-0.0219770216661039,0.0391396539162023,-0.0986907433418604,0.0547367000096526,0.57446415668707
RAC3,Ras-related C3 botulinum toxin substrate 3,Mental health,X20548#8.Manifestations of mania or irritability_I was more confident than usual,13585,-0.0372080783425057,0.0646296878468126,-0.163882266522258,0.0894661098372469,0.564819497860282
RAC3,Ras-related C3 botulinum toxin substrate 3,Mental health,X20548#9.Manifestations of mania or irritability_I was more active than usual,13585,-0.0147015291244881,0.0483091810375887,-0.109387523958162,0.0799844657091857,0.760887527455179
RAC3,Ras-related C3 botulinum toxin substrate 3,Mental health,X20549#1.Substances taken for anxiety_Unprescribed medication (more than once),13588,-0.0209146318339374,0.0671966771130876,-0.152620118975589,0.110790855307714,0.755619131879903
RAC3,Ras-related C3 botulinum toxin substrate 3,Mental health,X20549#3.Substances taken for anxiety_Medication prescribed to you (for at least two weeks),13588,-0.0261874918251495,0.0305241680673104,-0.0860148612370779,0.0336398775867789,0.39094821330487
RAC3,Ras-related C3 botulinum toxin substrate 3,Mental health,X20549#4.Substances taken for anxiety_Drugs or alcohol (more than once),13588,-0.00381465075608287,0.0462573664959475,-0.09447908908814,0.0868497875759743,0.934277528871588
RAC3,Ras-related C3 botulinum toxin substrate 3,Mental health,X20553#4.Methods of self-harm used_Ingesting a medication in excess of the normal dose,13590,-0.0201173771650799,0.0782657400755688,-0.173518227713195,0.133283473383035,0.797152269923698
RAC3,Ras-related C3 botulinum toxin substrate 3,Diet and food preferences,X20600.Liking for adding salt to foods,15363,0.015272920028318,0.0205767947310111,-0.0250575976444639,0.0556034377010998,0.457953304622239
RAC3,Ras-related C3 botulinum toxin substrate 3,Diet and food preferences,X20601.Liking for aniseed,15363,0.0257660432039012,0.0202198704825919,-0.0138649029419789,0.0653969893497814,0.202578833811612
RAC3,Ras-related C3 botulinum toxin substrate 3,Diet and food preferences,X20602.Liking for apple juice,15363,0.0108734346344173,0.0202186643907353,-0.0287551475714238,0.0505020168402584,0.590728502580508
RAC3,Ras-related C3 botulinum toxin substrate 3,Diet and food preferences,X20603.Liking for apples,15363,-0.00225827474122089,0.0212035495429745,-0.0438172318454509,0.0393006823630091,0.9151834293238
RAC3,Ras-related C3 botulinum toxin substrate 3,Diet and food preferences,X20604.Liking for asparagus,15363,-0.00393470143502887,0.0207484199786099,-0.0446016045931043,0.0367322017230466,0.849594842213798
RAC3,Ras-related C3 botulinum toxin substrate 3,Diet and food preferences,X20605.Liking for aubergine,15363,-0.00627107090082905,0.0203606733916515,-0.0461779907484659,0.0336358489468078,0.758087130901066
RAC3,Ras-related C3 botulinum toxin substrate 3,Diet and food preferences,X20606.Liking for avocados,15363,0.015305903011092,0.0208608286916384,-0.0255813212245192,0.0561931272467032,0.463133665183212
RAC3,Ras-related C3 botulinum toxin substrate 3,Diet and food preferences,X20607.Liking for bacon,15363,0.0225761261535479,0.0205400684481198,-0.0176824080047669,0.0628346603118626,0.271730298976291
RAC3,Ras-related C3 botulinum toxin substrate 3,Diet and food preferences,X20608.Liking for baked or steamed fish,15363,-0.0391777397238466,0.0209316393583706,-0.0802037528662531,0.00184827341855983,0.0612671986476343
RAC3,Ras-related C3 botulinum toxin substrate 3,Diet and food preferences,X20609.Liking for bananas,15363,0.0484517801067592,0.0214202231596911,0.00646814271376452,0.0904354174997538,0.0237135421401074
RAC3,Ras-related C3 botulinum toxin substrate 3,Diet and food preferences,X20610.Liking for barbequed or grilled meat,15363,0.0296302090664629,0.020687143709721,-0.0109165926045903,0.0701770107375161,0.152078177540978
RAC3,Ras-related C3 botulinum toxin substrate 3,Diet and food preferences,X20611.Liking for beef steak,15363,0.00449411826862742,0.0205881348510978,-0.0358586260395242,0.0448468625767791,0.8272085548941
RAC3,Ras-related C3 botulinum toxin substrate 3,Diet and food preferences,X20612.Liking for beetroot,15363,-0.0147332132733902,0.0207182348202377,-0.0553409535210561,0.0258745269742758,0.477018831646861
RAC3,Ras-related C3 botulinum toxin substrate 3,Diet and food preferences,X20613.Liking for bell pepper,15363,0.0174592800335209,0.0204988946489153,-0.022718553478353,0.0576371135453949,0.394383856381393
RAC3,Ras-related C3 botulinum toxin substrate 3,Diet and food preferences,X20614.Liking for bicycling,15363,-0.0330654858286272,0.0202793255850208,-0.0728129639752679,0.0066819923180136,0.103015921671469
RAC3,Ras-related C3 botulinum toxin substrate 3,Diet and food preferences,X20615.Liking for biscuits,15363,0.00270752091085412,0.0208325858869889,-0.0381243474276441,0.0435393892493523,0.896595294438326
RAC3,Ras-related C3 botulinum toxin substrate 3,Diet and food preferences,X20616.Liking for bitter foods,15363,0.00889166652305845,0.0207843484760079,-0.031845656489917,0.0496289895360339,0.668798459945388
RAC3,Ras-related C3 botulinum toxin substrate 3,Diet and food preferences,X20617.Liking for bitter or ale,15363,0.017819853298509,0.0210266092520338,-0.0233923008354772,0.0590320074324953,0.396734956892892
RAC3,Ras-related C3 botulinum toxin substrate 3,Diet and food preferences,X20618.Liking for black olives,15363,-0.00465351489562737,0.0206138038553099,-0.0450565704520347,0.03574954066078,0.821400811395602
RAC3,Ras-related C3 botulinum toxin substrate 3,Diet and food preferences,X20619.Liking for black pepper,15363,-0.0129407238669426,0.020815936955398,-0.0537399602995226,0.0278585125656374,0.534165582189657
RAC3,Ras-related C3 botulinum toxin substrate 3,Diet and food preferences,X20620.Liking for blue cheese,15363,-0.00904355795485097,0.0206243799246482,-0.0494673426071614,0.0313802266974595,0.661038220233775
RAC3,Ras-related C3 botulinum toxin substrate 3,Diet and food preferences,X20621.Liking for bolognese sauce,15363,0.0389690489698092,0.0207071425361924,-0.00161695040112796,0.0795550483407463,0.0598666906851342
RAC3,Ras-related C3 botulinum toxin substrate 3,Diet and food preferences,X20622.Liking for broad beans,15363,-0.00357990616043318,0.0204247282028741,-0.0436123734380664,0.0364525611172,0.860867332832061
RAC3,Ras-related C3 botulinum toxin substrate 3,Diet and food preferences,X20623.Liking for broccoli,15363,0.0510057053148485,0.02130914931879,0.0092397726500201,0.092771637979677,0.0166956052342047
RAC3,Ras-related C3 botulinum toxin substrate 3,Diet and food preferences,X20624.Liking for brown rice,15363,-0.00988064438699268,0.0206138038773231,-0.0502836999865459,0.0305224112125605,0.63171658985632
RAC3,Ras-related C3 botulinum toxin substrate 3,Diet and food preferences,X20625.Liking for brussel sprouts,15363,0.0125136437220981,0.020498272406562,-0.0276629701947634,0.0526902576389595,0.541557507200871
RAC3,Ras-related C3 botulinum toxin substrate 3,Diet and food preferences,X20626.Liking for burgers (meat),15363,0.0104049717815979,0.0204159659530937,-0.0296103214864659,0.0504202650496616,0.610304886805451
RAC3,Ras-related C3 botulinum toxin substrate 3,Diet and food preferences,X20627.Liking for burn of spicy foods,15363,-0.0199034714866607,0.020267210546276,-0.0596272041573616,0.0198202611840403,0.326089309799622
RAC3,Ras-related C3 botulinum toxin substrate 3,Diet and food preferences,X20628.Liking for butter on bread,15363,0.0193142399548808,0.020670017318997,-0.0211989939903534,0.0598274739001149,0.350107920931829
RAC3,Ras-related C3 botulinum toxin substrate 3,Diet and food preferences,X20629.Liking for butternut squash,15363,-0.00923911940174193,0.0204240897578871,-0.0492703353272006,0.0307920965237167,0.651013298503298
RAC3,Ras-related C3 botulinum toxin substrate 3,Diet and food preferences,X20630.Liking for cabbage,15363,0.0224380659842729,0.0208464735333875,-0.0184210221411666,0.0632971541097124,0.28178845000145
RAC3,Ras-related C3 botulinum toxin substrate 3,Diet and food preferences,X20631.Liking for cake,15363,0.010037516948843,0.0207065661810718,-0.0305473527660578,0.0506223866637439,0.6278603076397
RAC3,Ras-related C3 botulinum toxin substrate 3,Diet and food preferences,X20632.Liking for cake icing,15363,-0.0032810728408097,0.020411964454014,-0.0432885231706771,0.0367263774890577,0.872298229105133
RAC3,Ras-related C3 botulinum toxin substrate 3,Diet and food preferences,X20633.Liking for capers,15363,-0.000300177637310712,0.0200367132453813,-0.039572135598258,0.0389717803236366,0.988047229267216
RAC3,Ras-related C3 botulinum toxin substrate 3,Diet and food preferences,X20634.Liking for cauliflower,15363,0.0477304700475087,0.0207843268272811,0.0069931894660377,0.0884677506289796,0.0216627453085167
RAC3,Ras-related C3 botulinum toxin substrate 3,Diet and food preferences,X20635.Liking for cereal or granola bar,15363,0.000732009350671169,0.0205453703719476,-0.0395369165783462,0.0410009352796885,0.971578711974897
RAC3,Ras-related C3 botulinum toxin substrate 3,Diet and food preferences,X20636.Liking for cheesecake,15363,0.00995333581879615,0.0203945755655116,-0.0300200322896065,0.0499267039271988,0.62552962458797
RAC3,Ras-related C3 botulinum toxin substrate 3,Diet and food preferences,X20637.Liking for cherries,15363,0.00329328189862294,0.0215310322481967,-0.0389075413078426,0.0454941051050885,0.878435669397982
RAC3,Ras-related C3 botulinum toxin substrate 3,Diet and food preferences,X20638.Liking for chicken,15363,0.035596270942679,0.0215800973670302,-0.00670071989670027,0.0778932617820582,0.0990666634590891
RAC3,Ras-related C3 botulinum toxin substrate 3,Diet and food preferences,X20639.Liking for chilli pepper,15363,-0.0171369988357462,0.0204628620481183,-0.057244208450058,0.0229702107785656,0.402342420491294
RAC3,Ras-related C3 botulinum toxin substrate 3,Diet and food preferences,X20640.Liking for chips or french fries,15363,0.0110830231987624,0.0205887191394353,-0.0292708663145308,0.0514369127120557,0.590373883136242
RAC3,Ras-related C3 botulinum toxin substrate 3,Diet and food preferences,X20641.Liking for cigarette smoking,15363,-0.0549759891762783,0.0326089042783437,-0.118889441561832,0.00893746320927543,0.0918316328923437
RAC3,Ras-related C3 botulinum toxin substrate 3,Diet and food preferences,X20642.Liking for cod,15363,0.0100942945276748,0.0213802743291396,-0.0318110431574389,0.0519996322127885,0.636839861294787
RAC3,Ras-related C3 botulinum toxin substrate 3,Diet and food preferences,X20643.Liking for coffee with sugar,15363,-0.00481523398826556,0.0225418776003605,-0.0489973140849722,0.0393668461084411,0.830851841991536
RAC3,Ras-related C3 botulinum toxin substrate 3,Diet and food preferences,X20644.Liking for coffee without sugar,15363,-0.0151818620682011,0.0207544622452247,-0.0558606080688415,0.0254968839324394,0.464485774600241
RAC3,Ras-related C3 botulinum toxin substrate 3,Diet and food preferences,X20645.Liking for coriander,15363,-0.0280952117641366,0.0205833515552807,-0.0684385808124869,0.0122481572842136,0.172289302549162
RAC3,Ras-related C3 botulinum toxin substrate 3,Diet and food preferences,X20646.Liking for corn flakes,15363,0.0201792222871543,0.0207528955570839,-0.0204964530047302,0.0608548975790387,0.330888331263423
RAC3,Ras-related C3 botulinum toxin substrate 3,Diet and food preferences,X20647.Liking for cream,15363,0.0246726264377,0.0206384488882149,-0.0157787333832013,0.0651239862586012,0.231922310107132
RAC3,Ras-related C3 botulinum toxin substrate 3,Diet and food preferences,X20648.Liking for croissant,15363,-0.0407703763580444,0.0203804122938368,-0.0807159844539646,-0.000824768262124187,0.0454672721488593
RAC3,Ras-related C3 botulinum toxin substrate 3,Diet and food preferences,X20649.Liking for cucumber,15363,0.0124399410324173,0.0206160224620777,-0.0279674629932549,0.0528473450580895,0.546244024658177
RAC3,Ras-related C3 botulinum toxin substrate 3,Diet and food preferences,X20650.Liking for curry,15363,0.0148117220798702,0.0206281400720546,-0.0256194324613567,0.0552428766210972,0.47274677523814
RAC3,Ras-related C3 botulinum toxin substrate 3,Diet and food preferences,X20651.Liking for dairy products,15363,0.0424137700586569,0.0209083964021544,0.00143331311043426,0.0833942270068796,0.0425211783021746
RAC3,Ras-related C3 botulinum toxin substrate 3,Diet and food preferences,X20652.Liking for dark chocolate,15363,-0.0116224320557764,0.0208548830678106,-0.0524980028686852,0.0292531387571324,0.577330419603682
RAC3,Ras-related C3 botulinum toxin substrate 3,Diet and food preferences,X20653.Liking for diet fizzy drinks,15363,0.00272703913600534,0.0210883190104268,-0.0386060661244312,0.0440601443964418,0.897109979521015
RAC3,Ras-related C3 botulinum toxin substrate 3,Diet and food preferences,X20654.Liking for dried fruit,15363,0.0129400362131678,0.020449960057347,-0.0271418854992323,0.0530219579255679,0.526895997246859
RAC3,Ras-related C3 botulinum toxin substrate 3,Diet and food preferences,X20655.Liking for eggs,15363,0.043728504372855,0.021413726075085,0.00175760126568838,0.0856994074800216,0.0411608350028965
RAC3,Ras-related C3 botulinum toxin substrate 3,Diet and food preferences,X20656.Liking for exercising alone,15363,0.00237671479550525,0.0203442363704084,-0.0374979884904952,0.0422514180815057,0.907000285719179
RAC3,Ras-related C3 botulinum toxin substrate 3,Diet and food preferences,X20657.Liking for exercising with others,15363,-0.0182660282078463,0.0206364791871935,-0.0587135274147456,0.0221814709990531,0.376098790447203
RAC3,Ras-related C3 botulinum toxin substrate 3,Diet and food preferences,X20658.Liking for extra virgin olive oil,15363,-0.0148103565274231,0.0208704883167299,-0.0557165136282138,0.0260958005733676,0.477943448670936
RAC3,Ras-related C3 botulinum toxin substrate 3,Diet and food preferences,X20659.Liking for fatty foods,15363,-0.0214818008130404,0.0208146907275413,-0.0622785946390214,0.0193149930129405,0.30206498268571
RAC3,Ras-related C3 botulinum toxin substrate 3,Diet and food preferences,X20660.Liking for fresh tomatoes,15363,-0.0115458057472069,0.0219805696094612,-0.0546277221817509,0.0315361106873371,0.599400825897116
RAC3,Ras-related C3 botulinum toxin substrate 3,Diet and food preferences,X20661.Liking for fried chicken,15363,0.018909577929036,0.0204108333506908,-0.021095655438318,0.05891481129639,0.354227728103132
RAC3,Ras-related C3 botulinum toxin substrate 3,Diet and food preferences,X20662.Liking for fried or battered fish,15363,0.00870905517517831,0.020445029734758,-0.0313632031049474,0.048781313455304,0.670132622772298
RAC3,Ras-related C3 botulinum toxin substrate 3,Diet and food preferences,X20663.Liking for fruit,15363,0.0340125576240432,0.0232702462327553,-0.0115971249921572,0.0796222402402437,0.143862315724986
RAC3,Ras-related C3 botulinum toxin substrate 3,Diet and food preferences,X20664.Liking for garlic,15363,-0.00592298804835083,0.020776249512891,-0.0466444370936172,0.0347984609969156,0.775583203865927
RAC3,Ras-related C3 botulinum toxin substrate 3,Diet and food preferences,X20665.Liking for gherkins,15363,0.0213043291572788,0.0202824083399206,-0.0184491911889655,0.0610578495035231,0.293557874923679
RAC3,Ras-related C3 botulinum toxin substrate 3,Diet and food preferences,X20666.Liking for globe artichoke,15363,0.00914528055941057,0.0204279178941403,-0.0308934385131045,0.0491839996319256,0.654386582909942
RAC3,Ras-related C3 botulinum toxin substrate 3,Diet and food preferences,X20667.Liking for goat's cheese,15363,0.0330762529673842,0.0206342551648796,-0.00736688715577986,0.0735193930905483,0.108960143655916
RAC3,Ras-related C3 botulinum toxin substrate 3,Diet and food preferences,X20668.Liking for going to a cafe,15363,-0.00389362905591343,0.0202950458815415,-0.0436719189837348,0.0358846608719079,0.847861297584358
RAC3,Ras-related C3 botulinum toxin substrate 3,Diet and food preferences,X20669.Liking for going to the gym,15363,0.010231708136288,0.0201091026532195,-0.0291821330640221,0.0496455493365982,0.61089287987945
RAC3,Ras-related C3 botulinum toxin substrate 3,Diet and food preferences,X20670.Liking for going to the pub,15363,0.0151674986497135,0.0201842815884967,-0.02439369326374,0.054728690563167,0.452392805676981
RAC3,Ras-related C3 botulinum toxin substrate 3,Diet and food preferences,X20671.Liking for grapefruit,15363,0.00673891079820372,0.0204908186409525,-0.0334230937380633,0.0469009153344707,0.742254925707778
RAC3,Ras-related C3 botulinum toxin substrate 3,Diet and food preferences,X20672.Liking for green olives,15363,-0.00903599074197243,0.020451597225352,-0.0491211213036623,0.0310491398197175,0.658623355389545
RAC3,Ras-related C3 botulinum toxin substrate 3,Diet and food preferences,X20673.Liking for haddock,15363,-0.020107022973055,0.0210802298251721,-0.0614242734303923,0.0212102274842823,0.340183113025165
RAC3,Ras-related C3 botulinum toxin substrate 3,Diet and food preferences,X20674.Liking for ham,15363,0.0496039491268682,0.0206940370825122,0.00904363644514436,0.0901642618085921,0.0165410666491027
RAC3,Ras-related C3 botulinum toxin substrate 3,Diet and food preferences,X20675.Liking for hard cheese,15363,-0.0267012662148329,0.0208855458172177,-0.0676369360165795,0.0142344035869137,0.20110778115853
RAC3,Ras-related C3 botulinum toxin substrate 3,Diet and food preferences,X20676.Liking for herring,15363,-0.0155331894333788,0.0203945212713393,-0.0555064511252038,0.0244400722584461,0.446289347546101
RAC3,Ras-related C3 botulinum toxin substrate 3,Diet and food preferences,X20677.Liking for honey,15363,-0.00810679685171041,0.020258235061694,-0.0478129375726306,0.0315993438692098,0.68903473919161
RAC3,Ras-related C3 botulinum toxin substrate 3,Diet and food preferences,X20678.Liking for horseradish or wasabi,15363,-0.0272087716410149,0.0204467891672941,-0.0672844784089115,0.0128669351268816,0.183303831010026
RAC3,Ras-related C3 botulinum toxin substrate 3,Diet and food preferences,X20679.Liking for ice cream,15363,-0.0142894635137765,0.0206658521552285,-0.0547945337380244,0.0262156067104713,0.489291430654867
RAC3,Ras-related C3 botulinum toxin substrate 3,Diet and food preferences,X20680.Liking for jam,15363,0.0101681698677749,0.0204536019136956,-0.0299208898830685,0.0502572296186183,0.619102066059786
RAC3,Ras-related C3 botulinum toxin substrate 3,Diet and food preferences,X20681.Liking for kiwi fruit,15363,0.0252521432280254,0.0205732669239436,-0.0150714599429041,0.065575746398955,0.219681710597908
RAC3,Ras-related C3 botulinum toxin substrate 3,Diet and food preferences,X20682.Liking for lager,15363,0.0363516213840108,0.0205376344745587,-0.0039021421861242,0.0766053849541459,0.076746933082496
RAC3,Ras-related C3 botulinum toxin substrate 3,Diet and food preferences,X20683.Liking for lamb,15363,0.0148760630448993,0.0206866967351868,-0.0256698625560669,0.0554219886458655,0.472082535170984
RAC3,Ras-related C3 botulinum toxin substrate 3,Diet and food preferences,X20684.Liking for lemons,15363,-0.00324791209997475,0.0208090946429418,-0.0440337376001406,0.0375379134001911,0.875970933028239
RAC3,Ras-related C3 botulinum toxin substrate 3,Diet and food preferences,X20685.Liking for lentils or beans,15363,0.0207371738672549,0.020653206804043,-0.0197431114686694,0.0612174592031792,0.315362846974095
RAC3,Ras-related C3 botulinum toxin substrate 3,Diet and food preferences,X20686.Liking for liver,15363,0.0125157006976469,0.0206800632828454,-0.02801722333673,0.0530486247320238,0.545051007901397
RAC3,Ras-related C3 botulinum toxin substrate 3,Diet and food preferences,X20687.Liking for mackerel,15363,0.00431365889958513,0.0207568116550123,-0.0363696919442389,0.0449970097434092,0.835373090865678
RAC3,Ras-related C3 botulinum toxin substrate 3,Diet and food preferences,X20688.Liking for marzipan,15363,-0.0158486157445325,0.0202570190762411,-0.0555523731339651,0.0238551416449001,0.434005415158697
RAC3,Ras-related C3 botulinum toxin substrate 3,Diet and food preferences,X20689.Liking for mayonnaise,15363,-0.00251681143017933,0.0206875156844227,-0.0430643421716478,0.0380307193112892,0.903171101429184
RAC3,Ras-related C3 botulinum toxin substrate 3,Diet and food preferences,X20690.Liking for melon,15363,0.0178495578462148,0.0213316099605764,-0.0239603976765149,0.0596595133689445,0.402737360416937
RAC3,Ras-related C3 botulinum toxin substrate 3,Diet and food preferences,X20691.Liking for milk chocolate,15363,0.00600130539023716,0.0204877066951982,-0.0341545997323512,0.0461572105128256,0.769585534222125
RAC3,Ras-related C3 botulinum toxin substrate 3,Diet and food preferences,X20692.Liking for mushrooms,15363,-0.00721868047468235,0.0208135629452355,-0.0480132638473439,0.0335759028979792,0.728726955860353
RAC3,Ras-related C3 botulinum toxin substrate 3,Diet and food preferences,X20694.Liking for orange juice,15363,0.0173459251002277,0.0207231486900431,-0.0232714463322567,0.0579632965327121,0.40258798656191
RAC3,Ras-related C3 botulinum toxin substrate 3,Diet and food preferences,X20695.Liking for oranges,15363,0.0194726778563444,0.0208854060631867,-0.0214627180275016,0.0604080737401904,0.351166156362834
RAC3,Ras-related C3 botulinum toxin substrate 3,Diet and food preferences,X20696.Liking for pasta,15363,-0.00200337454557954,0.0207383488911806,-0.0426505383722935,0.0386437892811344,0.923043402085834
RAC3,Ras-related C3 botulinum toxin substrate 3,Diet and food preferences,X20697.Liking for pears,15363,0.0231208215281873,0.0207735439654502,-0.0175953246440951,0.0638369677004697,0.265728617556345
RAC3,Ras-related C3 botulinum toxin substrate 3,Diet and food preferences,X20698.Liking for pizza,15363,0.00161082811578906,0.0203683313462281,-0.0383111013228181,0.0415327575543962,0.936966099416874
RAC3,Ras-related C3 botulinum toxin substrate 3,Diet and food preferences,X20699.Liking for plain yogurt,15363,0.0335080817344063,0.0205766279907776,-0.0068221091275178,0.0738382725963305,0.103449297911593
RAC3,Ras-related C3 botulinum toxin substrate 3,Diet and food preferences,X20700.Liking for plums,15363,0.0178908295373224,0.0210222503750967,-0.0233127811978672,0.059094440272512,0.394759001660279
RAC3,Ras-related C3 botulinum toxin substrate 3,Diet and food preferences,X20701.Liking for pollock,15363,-0.011485207470624,0.0204513160513176,-0.0515697869312066,0.0285993719899585,0.574405169245233
RAC3,Ras-related C3 botulinum toxin substrate 3,Diet and food preferences,X20702.Liking for pork chop,15363,0.0386849178077245,0.0205311216242639,-0.00155608057583283,0.0789259161912818,0.0595556453146836
RAC3,Ras-related C3 botulinum toxin substrate 3,Diet and food preferences,X20703.Liking for porridge,15363,0.0167311554702111,0.0210587447231059,-0.0245439841870764,0.0580062951274985,0.426917175604459
RAC3,Ras-related C3 botulinum toxin substrate 3,Diet and food preferences,X20704.Liking for potato crisps,15363,0.0225095764057461,0.0205049844664743,-0.0176801931485436,0.0626993459600358,0.272326007554923
RAC3,Ras-related C3 botulinum toxin substrate 3,Diet and food preferences,X20705.Liking for potatoes,15363,0.000944673311199232,0.0207824112384826,-0.0397888527162267,0.0416781993386252,0.963744896409858
RAC3,Ras-related C3 botulinum toxin substrate 3,Diet and food preferences,X20706.Liking for prawns,15363,0.0004172647418304,0.0213119359284109,-0.0413541296778549,0.0421886591615158,0.984379532658667
RAC3,Ras-related C3 botulinum toxin substrate 3,Diet and food preferences,X20707.Liking for raw carrots,15363,-0.00518133864465873,0.02059519376045,-0.0455479184151407,0.0351852411258233,0.801369096795604
RAC3,Ras-related C3 botulinum toxin substrate 3,Diet and food preferences,X20708.Liking for red meat,15363,0.0197869929638155,0.0206631116721234,-0.0207127059135464,0.0602866918411775,0.338279658294386
RAC3,Ras-related C3 botulinum toxin substrate 3,Diet and food preferences,X20709.Liking for red wine,15363,0.00475945216769869,0.0208955029727928,-0.0361957336589752,0.0457146379943725,0.819824980801478
RAC3,Ras-related C3 botulinum toxin substrate 3,Diet and food preferences,X20710.Liking for regular (non-diet) fizzy drinks,15363,0.0143285695783136,0.0210641172097294,-0.0269571001527561,0.0556142393093833,0.496365344573516
RAC3,Ras-related C3 botulinum toxin substrate 3,Diet and food preferences,X20711.Liking for roast chicken,15363,0.0327981886382109,0.0216477399508864,-0.00963138166552643,0.0752277589419482,0.129771219801975
RAC3,Ras-related C3 botulinum toxin substrate 3,Diet and food preferences,X20712.Liking for salad dressing,15363,0.00423372418587939,0.0207638354489643,-0.0364633932940906,0.0449308416658494,0.838435172645036
RAC3,Ras-related C3 botulinum toxin substrate 3,Diet and food preferences,X20713.Liking for salad leaves,15363,0.0144367291978291,0.0210866845444139,-0.0268931725092222,0.0557666309048804,0.493583214182025
RAC3,Ras-related C3 botulinum toxin substrate 3,Diet and food preferences,X20714.Liking for salami,15363,-0.00683916559010144,0.0204993768635191,-0.0470179442425989,0.0333396130623961,0.738664865833403
RAC3,Ras-related C3 botulinum toxin substrate 3,Diet and food preferences,X20715.Liking for salmon,15363,0.00578467400003181,0.0216293683717891,-0.0366088880086747,0.0481782360087384,0.789129881649471
RAC3,Ras-related C3 botulinum toxin substrate 3,Diet and food preferences,X20716.Liking for salty foods,15363,-0.00416084492917306,0.0201030825903154,-0.0435628868061912,0.0352411969478451,0.83603176445038
RAC3,Ras-related C3 botulinum toxin substrate 3,Diet and food preferences,X20717.Liking for salty pretzels,15363,-0.020917466796685,0.0207427376153704,-0.0615732325228109,0.0197382989294409,0.31326703869036
RAC3,Ras-related C3 botulinum toxin substrate 3,Diet and food preferences,X20718.Liking for sardines,15363,-0.00803054912487561,0.0207873235148355,-0.0487737032139532,0.032712604964202,0.699265393565358
RAC3,Ras-related C3 botulinum toxin substrate 3,Diet and food preferences,X20719.Liking for sausages (meat),15363,0.0312386036351391,0.0206203932201859,-0.00917736707642526,0.0716545743467034,0.129808876964948
RAC3,Ras-related C3 botulinum toxin substrate 3,Diet and food preferences,X20720.Liking for savoury biscuits,15363,0.0201175041372074,0.0207279735336629,-0.0205093239887719,0.0607443322631867,0.331788452183311
RAC3,Ras-related C3 botulinum toxin substrate 3,Diet and food preferences,X20721.Liking for shellfish (other than prawns),15363,-0.0131157847230961,0.0204974725432415,-0.0532908309078495,0.0270592614616572,0.522264551020576
RAC3,Ras-related C3 botulinum toxin substrate 3,Diet and food preferences,X20722.Liking for skimmed milk,15363,0.0032575764822104,0.0201903897937024,-0.0363155875134464,0.0428307404778672,0.87182544409159
RAC3,Ras-related C3 botulinum toxin substrate 3,Diet and food preferences,X20723.Liking for smoked fish,15363,0.0374942017980911,0.020663787543194,-0.00300682178656904,0.0779952253827513,0.0696220989863493
RAC3,Ras-related C3 botulinum toxin substrate 3,Diet and food preferences,X20724.Liking for soft cheese,15363,0.0405719747889494,0.0204789634621037,0.000433206403226111,0.0807107431746726,0.0475918642263317
RAC3,Ras-related C3 botulinum toxin substrate 3,Diet and food preferences,X20725.Liking for soy sauce,15363,-0.0131867469067943,0.0206774760387232,-0.0537145999426917,0.0273411061291032,0.523655819809464
RAC3,Ras-related C3 botulinum toxin substrate 3,Diet and food preferences,X20726.Liking for soya milk,15363,-0.0139936605395183,0.0207149116350505,-0.0545948873442173,0.0266075662651807,0.499345715639578
RAC3,Ras-related C3 botulinum toxin substrate 3,Diet and food preferences,X20727.Liking for spicy foods,15363,-0.00371452977108466,0.0207214848882789,-0.0443286401521113,0.036899580609942,0.85773605773357
RAC3,Ras-related C3 botulinum toxin substrate 3,Diet and food preferences,X20728.Liking for spinach,15363,0.00882796835148922,0.0207476435409338,-0.031837412988741,0.0494933496917194,0.670483599415803
RAC3,Ras-related C3 botulinum toxin substrate 3,Diet and food preferences,X20729.Liking for spirits,15363,0.0252867011262781,0.0202642205706734,-0.0144311711922418,0.0650045734447979,0.21210515923441
RAC3,Ras-related C3 botulinum toxin substrate 3,Diet and food preferences,X20730.Liking for strawberries,15363,0.0249649317275338,0.022376151952138,-0.0188923260986567,0.0688221895537243,0.264570745826895
RAC3,Ras-related C3 botulinum toxin substrate 3,Diet and food preferences,X20731.Liking for sweet coffee house drinks,15363,0.00176265924260137,0.0208855035614357,-0.0391729277378126,0.0426982462230154,0.932742449577106
RAC3,Ras-related C3 botulinum toxin substrate 3,Diet and food preferences,X20732.Liking for sweet foods,15363,-0.0136030270128611,0.0204375517481146,-0.0536606284391658,0.0264545744134436,0.505683303041946
RAC3,Ras-related C3 botulinum toxin substrate 3,Diet and food preferences,X20733.Liking for taking the stairs,15363,0.0134935343310335,0.0207892739252775,-0.0272534425625104,0.0542405112245774,0.516307813730059
RAC3,Ras-related C3 botulinum toxin substrate 3,Diet and food preferences,X20734.Liking for tea with sugar,15363,-0.00411842878215841,0.0249952712637871,-0.0531091604591811,0.0448723028948643,0.869128513440611
RAC3,Ras-related C3 botulinum toxin substrate 3,Diet and food preferences,X20735.Liking for tea without sugar,15363,0.00292099062552039,0.0213421637033932,-0.0389096502331303,0.044751631484171,0.891139471245793
RAC3,Ras-related C3 botulinum toxin substrate 3,Diet and food preferences,X20736.Liking for tomato ketchup,15363,0.0187826251490082,0.0201069699324202,-0.0206270359185353,0.0581922862165517,0.350248942914347
RAC3,Ras-related C3 botulinum toxin substrate 3,Diet and food preferences,X20737.Liking for tinned tuna,15363,0.0123953086333101,0.0209019796253009,-0.0285725714322796,0.0533631886988998,0.553175975978052
RAC3,Ras-related C3 botulinum toxin substrate 3,Diet and food preferences,X20738.Liking for turnip (white),15363,0.00486992194903414,0.0205241348076183,-0.0353573822738977,0.045097226171966,0.812444437109899
RAC3,Ras-related C3 botulinum toxin substrate 3,Diet and food preferences,X20739.Liking for vegetables,15363,0.0549617143296024,0.0231998332117836,0.00949004123450645,0.100433387424698,0.0178458433807543
RAC3,Ras-related C3 botulinum toxin substrate 3,Diet and food preferences,X20740.Liking for vinegar,15363,0.0133764559328155,0.0205096447068741,-0.0268224476926577,0.0535753595582888,0.51427986733551
RAC3,Ras-related C3 botulinum toxin substrate 3,Diet and food preferences,X20741.Liking for watching television,15363,0.00658845556009694,0.020459626756848,-0.0335124128833252,0.0466893240035191,0.74744020740039
RAC3,Ras-related C3 botulinum toxin substrate 3,Diet and food preferences,X20742.Liking for whisky,15363,-0.0121075989066591,0.0210185415549981,-0.0533039403544554,0.0290887425411372,0.56459408021096
RAC3,Ras-related C3 botulinum toxin substrate 3,Diet and food preferences,X20743.Liking for white bread,15363,0.0023817676055309,0.0204759135080208,-0.0377510228701899,0.0425145580812517,0.907400096425544
RAC3,Ras-related C3 botulinum toxin substrate 3,Diet and food preferences,X20744.Liking for white rice,15363,0.00676305382972814,0.0205538371489647,-0.0335224669822426,0.0470485746416989,0.742129238124841
RAC3,Ras-related C3 botulinum toxin substrate 3,Diet and food preferences,X20745.Liking for white wine,15363,-0.00965053498484626,0.0206953535888328,-0.0502134280189585,0.030912358049266,0.640997316000908
RAC3,Ras-related C3 botulinum toxin substrate 3,Diet and food preferences,X20746.Liking for whole grain breakfast cereal,15363,0.0135765738651501,0.0205714800721014,-0.0267435270761686,0.0538966748064688,0.509282548232356
RAC3,Ras-related C3 botulinum toxin substrate 3,Diet and food preferences,X20747.Liking for whole milk,15363,-0.00222224408636437,0.0205548275697187,-0.042509706123013,0.0380652179502843,0.913907469538709
RAC3,Ras-related C3 botulinum toxin substrate 3,Diet and food preferences,X20748.Liking for wholemeal bread,15363,-0.0214291317477886,0.021297300927876,-0.0631718415664256,0.0203135780708484,0.314340040621221
RAC3,Ras-related C3 botulinum toxin substrate 3,Diet and food preferences,X20749.Liking for working up a sweat,15363,0.0142122143988562,0.020581773614252,-0.0261280618850777,0.0545524906827902,0.489874994343254
RAC3,Ras-related C3 botulinum toxin substrate 3,Physical measures,X21001.Body mass index (BMI),43345,-0.00199729558822427,0.0148627538479066,-0.0311282931301211,0.0271337019536726,0.893100659732735
RAC3,Ras-related C3 botulinum toxin substrate 3,Physical measures,X21002.Weight,43378,-0.00208739578677201,0.00840136202505306,-0.018554065355876,0.014379273782332,0.803780301588548
RAC3,Ras-related C3 botulinum toxin substrate 3,Physical measures,X21021.Pulse wave Arterial Stiffness index,14621,-0.0021675618620458,0.00612791646288845,-0.0141782781293072,0.00984315440521557,0.72355441851624
RAC3,Ras-related C3 botulinum toxin substrate 3,Health and medical history,X21025.Frequency of discomfort or pain in abdomen in last 3 months,14743,-0.0403133996338429,0.0218811180184343,-0.0832003909499742,0.00257359168228835,0.0654392417257257
RAC3,Ras-related C3 botulinum toxin substrate 3,Health and medical history,X21033.Frequency of hard or lumpy stools in the last 3 months,14762,-0.012882861087049,0.0221501618286451,-0.0562971782711933,0.0305314560970954,0.5608350888215
RAC3,Ras-related C3 botulinum toxin substrate 3,Health and medical history,X21034.Frequency of loose or mushy or watery stools in the last 3 months,14763,0.0199540152588428,0.0219145719904922,-0.022998545842522,0.0629065763602076,0.362554583007171
RAC3,Ras-related C3 botulinum toxin substrate 3,Health and medical history,X21040.Satisfaction with bowel habits,14691,-0.0341323184793045,0.020283468433335,-0.073887916608641,0.00562327965003208,0.0924418020045082
RAC3,Ras-related C3 botulinum toxin substrate 3,Health and medical history,X21041.Degree to which abdominal pain or discomfort or altered bowel habits affect or interfere with life in general,14673,-0.0430785116169469,0.0217822124004681,-0.0857716479218643,-0.000385375312029534,0.0479821510041345
RAC3,Ras-related C3 botulinum toxin substrate 3,Health and medical history,X21042.Greatest number of times bowels opened per day,14686,-0.0419665235475746,0.0216887651033625,-0.0844765031501651,0.000543456055015955,0.0530164919437402
RAC3,Ras-related C3 botulinum toxin substrate 3,Health and medical history,X21043.Least number of times bowels opened per week,14578,-0.0101371166305817,0.0218114867977498,-0.0528876307541712,0.0326133974930078,0.642109954773153
RAC3,Ras-related C3 botulinum toxin substrate 3,Health and medical history,X21044.Average number of times bowels opened per day,14639,-0.0220715560595239,0.024686722915994,-0.0704575329748722,0.0263144208558244,0.371301376897511
RAC3,Ras-related C3 botulinum toxin substrate 3,Health and medical history,X21048.Degree bothered by back pain in the past 3 months,14767,0.0180428625469969,0.0221088368434202,-0.0252904576661067,0.0613761827601005,0.414460239074728
RAC3,Ras-related C3 botulinum toxin substrate 3,Health and medical history,X21049.Degree bothered by pain in arms or legs or joints in the past 3 months,14756,0.018874598412914,0.0223820269386189,-0.024994174386779,0.062743371212607,0.399078485594338
RAC3,Ras-related C3 botulinum toxin substrate 3,Health and medical history,X21050.Degree bothered by menstrual cramps or other problems with period in the last 3 months,8317,-0.0488461284974416,0.0327361745634089,-0.113009030641723,0.0153167736468399,0.135707066228294
RAC3,Ras-related C3 botulinum toxin substrate 3,Health and medical history,X21051.Degree bothered by headaches in the last 3 months,14763,0.0539960720880892,0.0244994303140977,0.0059771886724577,0.102014955503721,0.0275416664465569
RAC3,Ras-related C3 botulinum toxin substrate 3,Health and medical history,X21052.Degree bothered by chest pain in the last 3 months,14760,0.0157271710444486,0.0339803044182051,-0.0508742256152334,0.0823285677041307,0.643491647813611
RAC3,Ras-related C3 botulinum toxin substrate 3,Health and medical history,X21053.Degree bothered by dizziness in the last 3 months,14761,0.0132817597914029,0.0262530123477228,-0.0381741444101338,0.0647376639929396,0.612924765433973
RAC3,Ras-related C3 botulinum toxin substrate 3,Health and medical history,X21054.Degree bothered by fainting spells in the last 3 months,14758,0.0226840985430195,0.0656256270082019,-0.105942130393056,0.151310327479095,0.72960381828891
RAC3,Ras-related C3 botulinum toxin substrate 3,Health and medical history,X21055.Degree bothered by feeling heart pound or race in the last 3 months,14766,0.00104962036392315,0.0253497220417859,-0.0486358348379772,0.0507350755658235,0.966973111594511
RAC3,Ras-related C3 botulinum toxin substrate 3,Health and medical history,X21056.Degree bothered by shortness of breath in the last 3 months,14763,-0.0377799738091931,0.0248981326529189,-0.0865803138089141,0.0110203661905279,0.129191745497978
RAC3,Ras-related C3 botulinum toxin substrate 3,Health and medical history,X21057.Degree bothered by pain or problems during intercourse in the last 3 months,14405,-0.0141221606377626,0.0230032304414888,-0.0592084923030807,0.0309641710275555,0.53927739872028
RAC3,Ras-related C3 botulinum toxin substrate 3,Health and medical history,X21058.Degree bothered by urinary frequency or bladder irritability in the last 3 months,14760,0.0169974223860217,0.0226661761676129,-0.0274282829024995,0.061423127674543,0.453325387704158
RAC3,Ras-related C3 botulinum toxin substrate 3,Health and medical history,X21059.Degree bothered by nausea in the last 3 months,14763,0.049960697839787,0.0342940817989511,-0.0172557024861572,0.117177098165731,0.145184194360898
RAC3,Ras-related C3 botulinum toxin substrate 3,Health and medical history,X21060.Degree bothered by feeling tired all the time in the last 3 months,14767,0.027149378725912,0.0220509429900247,-0.0160704695345364,0.0703692269863605,0.218263329287033
RAC3,Ras-related C3 botulinum toxin substrate 3,Health and medical history,X21061.Degree bothered by trouble sleeping in the last 3 months,14765,-0.00751895992370223,0.0221682754432058,-0.0509687797923856,0.0359308599449811,0.734481537184675
RAC3,Ras-related C3 botulinum toxin substrate 3,Working and living environment,X21100.Water hardness (USGS classification),43120,0.018396371475655,0.0129686976373464,-0.00702227589354391,0.0438150188448539,0.156045907497733
RAC3,Ras-related C3 botulinum toxin substrate 3,Lifestyle factors,X2139.Age first had sexual intercourse,37603,-0.000922784565184653,0.00387406838996138,-0.00851595860950896,0.00667038947913966,0.81173098415111
RAC3,Ras-related C3 botulinum toxin substrate 3,Health and medical history,X2149.Lifetime number of sexual partners,34863,-0.0178889950088517,0.0146295269067589,-0.0465628677460991,0.0107848777283958,0.221413269464127
RAC3,Ras-related C3 botulinum toxin substrate 3,Physical activities,X22032.IPAQ activity group,34843,-0.0357118230915204,0.0143680714263237,-0.0638732430871149,-0.00755040309592584,0.0129416602455332
RAC3,Ras-related C3 botulinum toxin substrate 3,Physical activities,X22033.Summed days activity,35773,-0.00953263993775848,0.0037570227703058,-0.0168964045675579,-0.0021688753079591,0.0111757870115698
RAC3,Ras-related C3 botulinum toxin substrate 3,Physical activities,X22034.Summed minutes activity,34843,-0.0060238149063931,0.00375991455642344,-0.013393247436983,0.00134561762419685,0.109139285641948
RAC3,Ras-related C3 botulinum toxin substrate 3,Physical activities,X22037.MET minutes per week for walking,33352,-0.0099287893343099,0.0038593802478329,-0.0174931746200624,-0.00236440404855743,0.0100969490232974
RAC3,Ras-related C3 botulinum toxin substrate 3,Physical activities,X22038.MET minutes per week for moderate activity,34843,-0.00167273653934017,0.00376086727232569,-0.00904403639309852,0.00569856331441819,0.656485741934715
RAC3,Ras-related C3 botulinum toxin substrate 3,Physical activities,X22039.MET minutes per week for vigorous activity,34843,-0.0125018988760945,0.0144359817316857,-0.0407964230701986,0.0157926253180095,0.386483261248305
RAC3,Ras-related C3 botulinum toxin substrate 3,Physical activities,X22040.Summed MET minutes per week for all activity,33352,-0.00875242898678781,0.00386833894182823,-0.0163343733127711,-0.00117048466080448,0.0236679562458543
RAC3,Ras-related C3 botulinum toxin substrate 3,Eye measures,X2217.Age started wearing glasses or contact lenses,36993,-0.000496633061445881,0.00377585533739518,-0.00789730952274043,0.00690404339984866,0.895357859185899
RAC3,Ras-related C3 botulinum toxin substrate 3,Working and living environment,X22501.Year ended full time education,10315,-0.00290727132291535,0.017116828271851,-0.0364562547357434,0.0306417120899127,0.865132448174432
RAC3,Ras-related C3 botulinum toxin substrate 3,Lifestyle factors,X22506.Tobacco smoking,10253,0.0951040118543988,0.0553095662686697,-0.0133027380321938,0.203510761740991,0.0855561853042778
RAC3,Ras-related C3 botulinum toxin substrate 3,Lifestyle factors,X2277.Frequency of solarium or sunlamp use,40711,-0.0753435963577639,0.0360431322582523,-0.145988135583938,-0.00469905713158945,0.0365904811503191
RAC3,Ras-related C3 botulinum toxin substrate 3,Physical measures,X23098.Weight,42646,-0.00163528321299703,0.00847293224002653,-0.018242230403449,0.014971663977455,0.846959213588562
RAC3,Ras-related C3 botulinum toxin substrate 3,Physical measures,X23099.Body fat percentage,42616,0.0142049628670132,0.00813995413316038,-0.00174934723398114,0.0301592729680075,0.0809761935856199
RAC3,Ras-related C3 botulinum toxin substrate 3,Physical measures,X23100.Whole body fat mass,42573,0.0105401963271641,0.007866487001019,-0.00487811819483317,0.0259585108491613,0.180289542422099
RAC3,Ras-related C3 botulinum toxin substrate 3,Physical measures,X23101.Whole body fat-free mass,42642,-0.00754728558087582,0.00707466314386654,-0.0214136253428542,0.00631905418110259,0.286065969733345
RAC3,Ras-related C3 botulinum toxin substrate 3,Physical measures,X23102.Whole body water mass,42646,-0.00712249026896092,0.00708555378182153,-0.0210101756813311,0.00676519514340929,0.314800036272711
RAC3,Ras-related C3 botulinum toxin substrate 3,Physical measures,X23104.Body mass index (BMI),42646,-0.000792608475452768,0.0149092624919543,-0.0300147629596833,0.0284295460087777,0.957602960548069
RAC3,Ras-related C3 botulinum toxin substrate 3,Physical measures,X23105.Basal metabolic rate,42644,-0.00706494646977563,0.00756906924201649,-0.021900322184128,0.0077704292445767,0.350620318949979
RAC3,Ras-related C3 botulinum toxin substrate 3,Physical measures,X23106.Impedance of whole body,42640,0.00712012172371856,0.00579168520830591,-0.00423158128456102,0.0184718247319981,0.218940048957561
RAC3,Ras-related C3 botulinum toxin substrate 3,Physical measures,X23107.Impedance of leg (right),42643,0.00593542095901294,0.00473727149485654,-0.00334963117090587,0.0152204730889318,0.210241790472557
RAC3,Ras-related C3 botulinum toxin substrate 3,Physical measures,X23108.Impedance of leg (left),42642,0.00860194012759844,0.00469843267800054,-0.000606987921282623,0.0178108681764795,0.0671358015311285
RAC3,Ras-related C3 botulinum toxin substrate 3,Physical measures,X23109.Impedance of arm (right),42636,0.00474008649710157,0.0057811182160012,-0.00659090520626078,0.0160710782004639,0.412263138953547
RAC3,Ras-related C3 botulinum toxin substrate 3,Physical measures,X23110.Impedance of arm (left),42641,0.00260970025454297,0.00577962213795831,-0.00871835913585532,0.0139377596449413,0.651606480574949
RAC3,Ras-related C3 botulinum toxin substrate 3,Physical measures,X23111.Leg fat percentage (right),42642,0.0163449325160955,0.00983243547345162,-0.0029266410118697,0.0356165060440607,0.0964503084015638
RAC3,Ras-related C3 botulinum toxin substrate 3,Physical measures,X23112.Leg fat mass (right),42641,0.0150017877183675,0.0104444310507946,-0.00546929714118981,0.0354728725779249,0.150912040292372
RAC3,Ras-related C3 botulinum toxin substrate 3,Physical measures,X23113.Leg fat-free mass (right),42640,-0.00687553867295749,0.00740946164657015,-0.021398083500235,0.00764700615432,0.35344374980964
RAC3,Ras-related C3 botulinum toxin substrate 3,Physical measures,X23114.Leg predicted mass (right),42640,-0.00723418259096925,0.00744524061088228,-0.0218268541882985,0.00735848900636002,0.331229239865564
RAC3,Ras-related C3 botulinum toxin substrate 3,Physical measures,X23115.Leg fat percentage (left),42637,0.0220779948929912,0.0102405817709199,0.00200645462198817,0.0421495351639943,0.031094576415943
RAC3,Ras-related C3 botulinum toxin substrate 3,Physical measures,X23116.Leg fat mass (left),42637,0.0179841989477344,0.0108931642848228,-0.00336640305051841,0.0393348009459871,0.0987537269263691
RAC3,Ras-related C3 botulinum toxin substrate 3,Physical measures,X23117.Leg fat-free mass (left),42634,-0.00692578457655192,0.00772958790825968,-0.0220757768767409,0.00822420772363706,0.370252723776806
RAC3,Ras-related C3 botulinum toxin substrate 3,Physical measures,X23118.Leg predicted mass (left),42633,-0.00648132835835204,0.00777046243611033,-0.0217114347331283,0.00874877801642421,0.40423035131425
RAC3,Ras-related C3 botulinum toxin substrate 3,Physical measures,X23119.Arm fat percentage (right),42633,0.0154515440005526,0.00902999869907444,-0.00224725344963328,0.0331503414507385,0.0870635286848581
RAC3,Ras-related C3 botulinum toxin substrate 3,Physical measures,X23120.Arm fat mass (right),42630,0.00458781893171645,0.00893884346408221,-0.0129323142578847,0.0221079521213176,0.607782438668178
RAC3,Ras-related C3 botulinum toxin substrate 3,Physical measures,X23121.Arm fat-free mass (right),42630,-0.00699289553472549,0.00713860968826224,-0.0209845705237195,0.0069987794542685,0.327295150559759
RAC3,Ras-related C3 botulinum toxin substrate 3,Physical measures,X23122.Arm predicted mass (right),42629,-0.00773641053884429,0.00714785083172789,-0.021746198169031,0.00627337709134238,0.279107250245495
RAC3,Ras-related C3 botulinum toxin substrate 3,Physical measures,X23123.Arm fat percentage (left),42624,0.0116416839483605,0.0092626540101745,-0.00651311791158151,0.0297964858083025,0.208818081647384
RAC3,Ras-related C3 botulinum toxin substrate 3,Physical measures,X23124.Arm fat mass (left),42624,0.00411802631126048,0.00891629412970024,-0.013357910182952,0.0215939628054729,0.644188364987803
RAC3,Ras-related C3 botulinum toxin substrate 3,Physical measures,X23125.Arm fat-free mass (left),42620,-0.00473772410119535,0.00727110992094769,-0.0189890995462528,0.00951365134386213,0.514674398819815
RAC3,Ras-related C3 botulinum toxin substrate 3,Physical measures,X23126.Arm predicted mass (left),42617,-0.00512692064342774,0.00729612229647114,-0.0194273203445112,0.0091734790576557,0.482252077031557
RAC3,Ras-related C3 botulinum toxin substrate 3,Physical measures,X23127.Trunk fat percentage,42615,0.00828546278014579,0.00582721463769127,-0.00313587790972911,0.0197068034700207,0.15507524579288
RAC3,Ras-related C3 botulinum toxin substrate 3,Physical measures,X23128.Trunk fat mass,42611,0.00711129039233808,0.00641816872393449,-0.00546832030657352,0.0196909010912497,0.267870800811632
RAC3,Ras-related C3 botulinum toxin substrate 3,Physical measures,X23129.Trunk fat-free mass,42605,-0.00760163757428711,0.00641576792621218,-0.020176542709663,0.00497326756108875,0.236088613173464
RAC3,Ras-related C3 botulinum toxin substrate 3,Physical measures,X23130.Trunk predicted mass,42600,-0.00661977924054576,0.0064242341378649,-0.019211278150761,0.00597171966966945,0.302809983371392
RAC3,Ras-related C3 botulinum toxin substrate 3,NMR metabolomics,X23400.Total Cholesterol,24195,0.00173284889226344,0.00478245333553274,-0.00764075964538074,0.0111064574299076,0.717105081711501
RAC3,Ras-related C3 botulinum toxin substrate 3,NMR metabolomics,X23401.Total Cholesterol Minus HDL-C,24195,0.00307743586840577,0.00462487662189821,-0.00598732231051471,0.0121421940473263,0.505795091351158
RAC3,Ras-related C3 botulinum toxin substrate 3,NMR metabolomics,"X23402.Remnant Cholesterol (Non-HDL, Non-LDL -Cholesterol)",24195,0.00518881720526673,0.0046310154446154,-0.00388797306617946,0.0142656074767129,0.262533548447109
RAC3,Ras-related C3 botulinum toxin substrate 3,NMR metabolomics,X23403.VLDL Cholesterol,24195,0.00685009885176591,0.00463007193303023,-0.00222484213697334,0.0159250398405052,0.139025098074197
RAC3,Ras-related C3 botulinum toxin substrate 3,NMR metabolomics,X23404.Clinical LDL Cholesterol,24195,0.0010010577756023,0.00462904758237203,-0.00807187548584687,0.0100739910370515,0.828790287632693
RAC3,Ras-related C3 botulinum toxin substrate 3,NMR metabolomics,X23405.LDL Cholesterol,24195,0.0012884785044622,0.004615689655054,-0.00775827321944363,0.010335230228368,0.780130647803772
RAC3,Ras-related C3 botulinum toxin substrate 3,NMR metabolomics,X23406.HDL Cholesterol,24195,-0.00564144057124993,0.0053893775529149,-0.0162046205749631,0.00492173943246328,0.295215976161128
RAC3,Ras-related C3 botulinum toxin substrate 3,NMR metabolomics,X23407.Total Triglycerides,24195,0.00421776285900873,0.00489869665479896,-0.00538368258439723,0.0138192083024147,0.389248262132078
RAC3,Ras-related C3 botulinum toxin substrate 3,NMR metabolomics,X23408.Triglycerides in VLDL,24195,0.00372502604101471,0.00493493835068262,-0.00594745312632323,0.0133975052083526,0.450359980713718
RAC3,Ras-related C3 botulinum toxin substrate 3,NMR metabolomics,X23409.Triglycerides in LDL,24195,0.00651460996882521,0.00476080546980278,-0.00281656875198824,0.0158457886896387,0.171204627400821
RAC3,Ras-related C3 botulinum toxin substrate 3,NMR metabolomics,X23410.Triglycerides in HDL,24195,0.00282812229928958,0.00472196663428772,-0.00642693230391436,0.0120831769024935,0.549225906748435
RAC3,Ras-related C3 botulinum toxin substrate 3,NMR metabolomics,X23411.Total Phospholipids in Lipoprotein Particles,24195,0.00255598652127798,0.00485620888314544,-0.00696218288968708,0.012074155932243,0.598661180615272
RAC3,Ras-related C3 botulinum toxin substrate 3,NMR metabolomics,X23412.Phospholipids in VLDL,24195,0.00690535834482891,0.00473483019972803,-0.00237490884663802,0.0161856255362958,0.144738538956514
RAC3,Ras-related C3 botulinum toxin substrate 3,NMR metabolomics,X23413.Phospholipids in LDL,24195,0.00148678730466764,0.00460525811489001,-0.00753951860051678,0.0105130932098521,0.746814970584868
RAC3,Ras-related C3 botulinum toxin substrate 3,NMR metabolomics,X23414.Phospholipids in HDL,24195,-0.00284742633428927,0.00518470645603856,-0.0130094509881249,0.0073145983195463,0.58287518834064
RAC3,Ras-related C3 botulinum toxin substrate 3,NMR metabolomics,X23415.Total Esterified Cholesterol,24195,0.00100646059495111,0.00480805554261702,-0.00841732826857826,0.0104302494584805,0.834193967485896
RAC3,Ras-related C3 botulinum toxin substrate 3,NMR metabolomics,X23416.Cholesteryl Esters in VLDL,24195,0.0068258680196166,0.00460537021443806,-0.002200657600682,0.0158523936399152,0.138312346501581
RAC3,Ras-related C3 botulinum toxin substrate 3,NMR metabolomics,X23417.Cholesteryl Esters in LDL,24195,0.00168332444971078,0.0046058064804033,-0.00734405625187969,0.0107107051513013,0.714757254328218
RAC3,Ras-related C3 botulinum toxin substrate 3,NMR metabolomics,X23418.Cholesteryl Esters in HDL,24195,-0.00691556860236883,0.00536848973416976,-0.0174378084813416,0.00360667127660391,0.197696448980089
RAC3,Ras-related C3 botulinum toxin substrate 3,NMR metabolomics,X23419.Total Free Cholesterol,24195,0.00339638057752443,0.00472144331946065,-0.00585764832861845,0.0126504094836673,0.471930900468351
RAC3,Ras-related C3 botulinum toxin substrate 3,NMR metabolomics,X23420.Free Cholesterol in VLDL,24195,0.00652331332178282,0.00468993212552941,-0.00266895364425483,0.0157155802878205,0.164262942858021
RAC3,Ras-related C3 botulinum toxin substrate 3,NMR metabolomics,X23421.Free Cholesterol in LDL,24195,0.000124870154628012,0.00466171837690633,-0.0090120978641084,0.00926183817336442,0.978630406886938
RAC3,Ras-related C3 botulinum toxin substrate 3,NMR metabolomics,X23422.Free Cholesterol in HDL,24195,-0.000803641748454005,0.00538746639137731,-0.0113630758755535,0.00975579237864551,0.881421704173312
RAC3,Ras-related C3 botulinum toxin substrate 3,NMR metabolomics,X23423.Total Lipids in Lipoprotein Particles,24195,0.00367742997029742,0.00468150219663208,-0.00549831433510146,0.0128531742756963,0.432154396605046
RAC3,Ras-related C3 botulinum toxin substrate 3,NMR metabolomics,X23424.Total Lipids in VLDL,24195,0.00617916496620678,0.00479445806442949,-0.00321797284007502,0.0155763027724886,0.197475066333753
RAC3,Ras-related C3 botulinum toxin substrate 3,NMR metabolomics,X23425.Total Lipids in LDL,24195,0.00173603000834677,0.00460977676360661,-0.00729913244832218,0.0107711924650157,0.706476114171335
RAC3,Ras-related C3 botulinum toxin substrate 3,NMR metabolomics,X23426.Total Lipids in HDL,24195,-0.00343119850284577,0.00526367211115543,-0.0137479958407104,0.00688559883501887,0.51449508815546
RAC3,Ras-related C3 botulinum toxin substrate 3,NMR metabolomics,X23427.Total Concentration of Lipoprotein Particles,24195,-0.00582923035770472,0.00494265910195122,-0.0155168421975291,0.00385838148211967,0.238261956065264
RAC3,Ras-related C3 botulinum toxin substrate 3,NMR metabolomics,X23428.Concentration of VLDL Particles,24195,0.00696799287024344,0.00466889597495729,-0.00218304324067286,0.0161190289811597,0.135599924992529
RAC3,Ras-related C3 botulinum toxin substrate 3,NMR metabolomics,X23429.Concentration of LDL Particles,24195,0.00457844290311945,0.00459140617648044,-0.00442071320278222,0.0135775990090211,0.318688764420008
RAC3,Ras-related C3 botulinum toxin substrate 3,NMR metabolomics,X23430.Concentration of HDL Particles,24195,-0.00705498300892862,0.00495612317669362,-0.0167689844352481,0.00265901841739087,0.154607573793007
RAC3,Ras-related C3 botulinum toxin substrate 3,NMR metabolomics,X23431.Average Diameter for VLDL Particles,24195,0.0015820331148935,0.0051249542914855,-0.00846287729641809,0.0116269435262051,0.757558381613866
RAC3,Ras-related C3 botulinum toxin substrate 3,NMR metabolomics,X23432.Average Diameter for LDL Particles,24195,0.00461123392259895,0.00480109521561381,-0.00479891270000412,0.014021380545202,0.336836079772764
RAC3,Ras-related C3 botulinum toxin substrate 3,NMR metabolomics,X23433.Average Diameter for HDL Particles,24195,0.00361857740773764,0.00548654482740081,-0.00713505045396795,0.0143722052694432,0.509557498928066
RAC3,Ras-related C3 botulinum toxin substrate 3,NMR metabolomics,X23434.Phosphoglycerides,24172,0.00165821065142313,0.00488253503818445,-0.00791155802341838,0.0112279793262647,0.734145034305879
RAC3,Ras-related C3 botulinum toxin substrate 3,NMR metabolomics,X23435.Triglycerides to Phosphoglycerides ratio,24172,0.00446255117600406,0.00520053845451131,-0.0057305041948381,0.0146556065468462,0.390849038152087
RAC3,Ras-related C3 botulinum toxin substrate 3,NMR metabolomics,X23436.Total Cholines,24172,0.00168951292756234,0.00492897020519843,-0.00797126867462658,0.0113502945297513,0.73177298157137
RAC3,Ras-related C3 botulinum toxin substrate 3,NMR metabolomics,X23437.Phosphatidylcholines,24172,0.000770453598725997,0.00494579276000589,-0.00892330021088555,0.0104642074083375,0.876208055767584
RAC3,Ras-related C3 botulinum toxin substrate 3,NMR metabolomics,X23438.Sphingomyelins,24171,0.00299026476822099,0.00496352258186063,-0.00673823949222585,0.0127187690286678,0.546881552705119
RAC3,Ras-related C3 botulinum toxin substrate 3,NMR metabolomics,X23439.Apolipoprotein B,24195,0.00492340947981792,0.00459877290020773,-0.00409018540458923,0.0139370043642251,0.28436360751276
RAC3,Ras-related C3 botulinum toxin substrate 3,NMR metabolomics,X23440.Apolipoprotein A1,24195,-0.00507614276741352,0.00512195096539434,-0.0151151666595864,0.00496288112475939,0.321667911739982
RAC3,Ras-related C3 botulinum toxin substrate 3,NMR metabolomics,X23441.Apolipoprotein B to Apolipoprotein A1 ratio,24195,0.0068982274526445,0.00468168275626911,-0.00227787074964295,0.0160743256549319,0.140642638471186
RAC3,Ras-related C3 botulinum toxin substrate 3,NMR metabolomics,X23442.Total Fatty Acids,24172,0.00520973193155645,0.00468602246378141,-0.0039748720974551,0.014394335960568,0.266252455213034
RAC3,Ras-related C3 botulinum toxin substrate 3,NMR metabolomics,X23443.Degree of Unsaturation,24172,0.00170632910487079,0.0050392967095915,-0.00817069244592855,0.0115833506556701,0.734910550853295
RAC3,Ras-related C3 botulinum toxin substrate 3,NMR metabolomics,X23444.Omega-3 Fatty Acids,24172,0.00398246454813247,0.00477038265208763,-0.00536748544995928,0.0133324145462242,0.403820979403749
RAC3,Ras-related C3 botulinum toxin substrate 3,NMR metabolomics,X23445.Omega-6 Fatty Acids,24172,0.00604972988091419,0.00469455213427839,-0.00315159230227145,0.0152510520640998,0.197525074543701
RAC3,Ras-related C3 botulinum toxin substrate 3,NMR metabolomics,X23446.Polyunsaturated Fatty Acids,24172,0.00588878002178617,0.00472040411477314,-0.00336321204316919,0.0151407720867415,0.212220421921761
RAC3,Ras-related C3 botulinum toxin substrate 3,NMR metabolomics,X23447.Monounsaturated Fatty Acids,24172,0.00546484137056557,0.00479472775713908,-0.00393282503342702,0.0148625077745582,0.254397388881996
RAC3,Ras-related C3 botulinum toxin substrate 3,NMR metabolomics,X23448.Saturated Fatty Acids,24172,0.00308094983267519,0.00470626869712146,-0.00614333681368287,0.0123052364790332,0.512700584055699
RAC3,Ras-related C3 botulinum toxin substrate 3,NMR metabolomics,X23449.Linoleic Acid,24172,0.00747062440816919,0.0046730047854652,-0.0016884649713426,0.016629713787681,0.10990550951021
RAC3,Ras-related C3 botulinum toxin substrate 3,NMR metabolomics,X23450.Docosahexaenoic Acid,24172,0.00286324045647955,0.00490383302387514,-0.00674827227031572,0.0124747531832748,0.559307814316368
RAC3,Ras-related C3 botulinum toxin substrate 3,NMR metabolomics,X23451.Omega-3 Fatty Acids to Total Fatty Acids percentage,24172,0.00223133621576508,0.004797832695728,-0.00717241586786179,0.011635088299392,0.64188430217743
RAC3,Ras-related C3 botulinum toxin substrate 3,NMR metabolomics,X23452.Omega-6 Fatty Acids to Total Fatty Acids percentage,24172,0.000772589635148081,0.0049989416747641,-0.00902533604738955,0.0105705153176857,0.877176876951168
RAC3,Ras-related C3 botulinum toxin substrate 3,NMR metabolomics,X23453.Polyunsaturated Fatty Acids to Total Fatty Acids percentage,24172,0.00120032227427465,0.00508637046205753,-0.00876896383135811,0.0111696083799074,0.813444000452118
RAC3,Ras-related C3 botulinum toxin substrate 3,NMR metabolomics,X23454.Monounsaturated Fatty Acids to Total Fatty Acids percentage,24172,0.0048656939501183,0.00519194087199583,-0.00531051015899352,0.0150418980592301,0.348684179983158
RAC3,Ras-related C3 botulinum toxin substrate 3,NMR metabolomics,X23455.Saturated Fatty Acids to Total Fatty Acids percentage,24172,-0.0063973841511783,0.00468881982138774,-0.0155874710010983,0.00279270269874168,0.172457208978323
RAC3,Ras-related C3 botulinum toxin substrate 3,NMR metabolomics,X23456.Linoleic Acid to Total Fatty Acids percentage,24172,0.00518619106838825,0.00498697524757421,-0.00458828041685719,0.0149606625536337,0.298374828187265
RAC3,Ras-related C3 botulinum toxin substrate 3,NMR metabolomics,X23457.Docosahexaenoic Acid to Total Fatty Acids percentage,24172,0.000153882741084062,0.00491331003157928,-0.00947620492081132,0.00978397040297944,0.975014944848131
RAC3,Ras-related C3 botulinum toxin substrate 3,NMR metabolomics,X23458.Polyunsaturated Fatty Acids to Monounsaturated Fatty Acids ratio,24172,-0.00170831412110931,0.0051852084861092,-0.0118713227538833,0.00845469451166471,0.741811559635462
RAC3,Ras-related C3 botulinum toxin substrate 3,NMR metabolomics,X23459.Omega-6 Fatty Acids to Omega-3 Fatty Acids ratio,24170,-0.00221046496986364,0.00475171298090175,-0.0115238224124311,0.00710289247270379,0.641797240674961
RAC3,Ras-related C3 botulinum toxin substrate 3,NMR metabolomics,X23460.Alanine,24186,0.0010222293034208,0.00468378853094029,-0.00815799621722218,0.0102024548240638,0.827237426736036
RAC3,Ras-related C3 botulinum toxin substrate 3,NMR metabolomics,X23461.Glutamine,24121,-0.00134666125348637,0.00465247903469699,-0.0104655201614925,0.00777219765451972,0.772239329509839
RAC3,Ras-related C3 botulinum toxin substrate 3,NMR metabolomics,X23462.Glycine,24164,0.00352606886995529,0.00489285432189205,-0.00606392560095312,0.0131160633408637,0.471127656654176
RAC3,Ras-related C3 botulinum toxin substrate 3,NMR metabolomics,X23463.Histidine,24161,-0.00395482250971404,0.00460448551106434,-0.0129796141114001,0.00506996909197206,0.390400631978736
RAC3,Ras-related C3 botulinum toxin substrate 3,NMR metabolomics,X23464.Total Concentration of Branched-Chain Amino Acids (Leucine + Isoleucine + Valine),24177,-0.00167026703610388,0.00489297933009512,-0.0112605065230903,0.00791997245088255,0.732835611889715
RAC3,Ras-related C3 botulinum toxin substrate 3,NMR metabolomics,X23465.Isoleucine,24190,0.000736870222518458,0.0047698443726317,-0.00861202474783968,0.0100857651928766,0.877228492415531
RAC3,Ras-related C3 botulinum toxin substrate 3,NMR metabolomics,X23466.Leucine,24191,-0.00346243008007331,0.00487437911457094,-0.0130162131446324,0.00609135298448573,0.477504799282588
RAC3,Ras-related C3 botulinum toxin substrate 3,NMR metabolomics,X23467.Valine,24177,-0.000995085948135461,0.00490881910479628,-0.0106163713935362,0.00862619949726524,0.839360351672418
RAC3,Ras-related C3 botulinum toxin substrate 3,NMR metabolomics,X23468.Phenylalanine,24184,0.00659490832295327,0.00465572063428592,-0.00253030412024714,0.0157201207661537,0.156637021712683
RAC3,Ras-related C3 botulinum toxin substrate 3,NMR metabolomics,X23469.Tyrosine,24163,-0.00219058614355961,0.00474859372422212,-0.011497829843035,0.00711665755591574,0.644578497233265
RAC3,Ras-related C3 botulinum toxin substrate 3,NMR metabolomics,X23470.Glucose,24149,0.00162489993557425,0.00470724131424753,-0.00760129304035091,0.0108510929114994,0.729953377513737
RAC3,Ras-related C3 botulinum toxin substrate 3,NMR metabolomics,X23471.Lactate,24149,0.00561130855608592,0.00466715122907992,-0.00353630785291073,0.0147589249650826,0.229259723870108
RAC3,Ras-related C3 botulinum toxin substrate 3,NMR metabolomics,X23472.Pyruvate,24120,0.00377155021334,0.00463331531867432,-0.00530974781126166,0.0128528482379417,0.415649091352404
RAC3,Ras-related C3 botulinum toxin substrate 3,NMR metabolomics,X23473.Citrate,24191,0.0125362164043733,0.00469770870196216,0.00332870734852749,0.0217437254602191,0.00762232229384136
RAC3,Ras-related C3 botulinum toxin substrate 3,NMR metabolomics,X23474.3-Hydroxybutyrate,23813,-0.000975424793308706,0.00472192655034479,-0.0102304008319845,0.00827955124536708,0.836344741646894
RAC3,Ras-related C3 botulinum toxin substrate 3,NMR metabolomics,X23475.Acetate,24175,-0.0022877274917517,0.00461542872646604,-0.0113339677956251,0.00675851281212175,0.620132080479315
RAC3,Ras-related C3 botulinum toxin substrate 3,NMR metabolomics,X23476.Acetoacetate,24193,-0.00908166996675929,0.00464614663136239,-0.0181881173642296,2.47774307109878e-05,0.0506338829339561
RAC3,Ras-related C3 botulinum toxin substrate 3,NMR metabolomics,X23477.Acetone,24193,-0.00406019637296395,0.00463903796949268,-0.0131527107931696,0.00503231804724171,0.381460847543147
RAC3,Ras-related C3 botulinum toxin substrate 3,NMR metabolomics,X23478.Creatinine,23605,0.00503090988251597,0.00565197819718481,-0.00604696738396625,0.0161087871489982,0.373413281986207
RAC3,Ras-related C3 botulinum toxin substrate 3,NMR metabolomics,X23479.Albumin,24191,-0.00790362411111631,0.00469754387513459,-0.0171108101063801,0.00130356188414749,0.0924845679196705
RAC3,Ras-related C3 botulinum toxin substrate 3,NMR metabolomics,X23480.Glycoprotein Acetyls,24195,0.0149951056439788,0.0049489288894098,0.00529520502073563,0.024695006267222,0.00244836432813806
RAC3,Ras-related C3 botulinum toxin substrate 3,NMR metabolomics,X23481.Concentration of Chylomicrons and Extremely Large VLDL Particles,24195,0.00502294231625385,0.00496024234504408,-0.00469913268003255,0.0147450173125402,0.311242037108541
RAC3,Ras-related C3 botulinum toxin substrate 3,NMR metabolomics,X23482.Total Lipids in Chylomicrons and Extremely Large VLDL,24195,0.0041249895108077,0.00494736590370025,-0.00557184766044479,0.0138218266820602,0.404416077937009
RAC3,Ras-related C3 botulinum toxin substrate 3,NMR metabolomics,X23483.Phospholipids in Chylomicrons and Extremely Large VLDL,24195,0.00515761704535547,0.00498367126464744,-0.0046103786333535,0.0149256127240645,0.300724497056673
RAC3,Ras-related C3 botulinum toxin substrate 3,NMR metabolomics,X23484.Cholesterol in Chylomicrons and Extremely Large VLDL,24195,0.00524456861163321,0.00492781854910704,-0.00441395574461659,0.014903092967883,0.287213432211365
RAC3,Ras-related C3 botulinum toxin substrate 3,NMR metabolomics,X23485.Cholesteryl Esters in Chylomicrons and Extremely Large VLDL,24195,0.00581256512841428,0.00490240097245975,-0.00379614077760683,0.0154212710344354,0.235769505704413
RAC3,Ras-related C3 botulinum toxin substrate 3,NMR metabolomics,X23486.Free Cholesterol in Chylomicrons and Extremely Large VLDL,24195,0.00433926496047491,0.00493432262164044,-0.00533200737794036,0.0140105372988902,0.379190793145346
RAC3,Ras-related C3 botulinum toxin substrate 3,NMR metabolomics,X23487.Triglycerides in Chylomicrons and Extremely Large VLDL,24195,0.0051630461081983,0.00492701321470857,-0.0044938997926305,0.0148199920090271,0.294692447584579
RAC3,Ras-related C3 botulinum toxin substrate 3,NMR metabolomics,X23488.Concentration of Very Large VLDL Particles,24195,0.00443960647967673,0.0049718690150761,-0.00530525678987242,0.0141844697492259,0.371895416079246
RAC3,Ras-related C3 botulinum toxin substrate 3,NMR metabolomics,X23489.Total Lipids in Very Large VLDL,24195,0.00432848380056106,0.00496615493529786,-0.00540517987262275,0.0140621474737449,0.383437134780879
RAC3,Ras-related C3 botulinum toxin substrate 3,NMR metabolomics,X23490.Phospholipids in Very Large VLDL,24195,0.00510915811896969,0.00493993953671439,-0.00457312337299053,0.0147914396109299,0.301027221024752
RAC3,Ras-related C3 botulinum toxin substrate 3,NMR metabolomics,X23491.Cholesterol in Very Large VLDL,24195,0.00662462418764408,0.00483463560113808,-0.00285126159058655,0.0161005099658747,0.170623870898189
RAC3,Ras-related C3 botulinum toxin substrate 3,NMR metabolomics,X23492.Cholesteryl Esters in Very Large VLDL,24195,0.00695113504703582,0.00476879421544574,-0.00239570161523784,0.0162979717093095,0.144955684805906
RAC3,Ras-related C3 botulinum toxin substrate 3,NMR metabolomics,X23493.Free Cholesterol in Very Large VLDL,24195,0.00607946922036827,0.00489698368009927,-0.0035186187926263,0.0156775572333628,0.214443395102321
RAC3,Ras-related C3 botulinum toxin substrate 3,NMR metabolomics,X23494.Triglycerides in Very Large VLDL,24195,0.00285006360346476,0.00501339137225676,-0.00697618348615849,0.012676310693088,0.569707472686088
RAC3,Ras-related C3 botulinum toxin substrate 3,NMR metabolomics,X23495.Concentration of Large VLDL Particles,24195,0.00487969883488891,0.00491047714263767,-0.00474483636468092,0.0145042340344587,0.320363247104155
RAC3,Ras-related C3 botulinum toxin substrate 3,NMR metabolomics,X23496.Total Lipids in Large VLDL,24195,0.00465958072690265,0.00489889332226892,-0.00494225018474443,0.0142614116385497,0.341537914192472
RAC3,Ras-related C3 botulinum toxin substrate 3,NMR metabolomics,X23497.Phospholipids in Large VLDL,24195,0.00516212179136026,0.00492871866661476,-0.00449816679520466,0.0148224103779252,0.294946004935844
RAC3,Ras-related C3 botulinum toxin substrate 3,NMR metabolomics,X23498.Cholesterol in Large VLDL,24195,0.00599855911103036,0.00480889575580876,-0.0034268765703548,0.0154239947924155,0.21226732568354
RAC3,Ras-related C3 botulinum toxin substrate 3,NMR metabolomics,X23499.Cholesteryl Esters in Large VLDL,24195,0.00648178536071838,0.00472315113373299,-0.00277559086139828,0.015739161582835,0.169969285170068
RAC3,Ras-related C3 botulinum toxin substrate 3,NMR metabolomics,X23500.Free Cholesterol in Large VLDL,24195,0.00520330294521165,0.00490308669203957,-0.00440674697118591,0.0148133528616092,0.28859596413552
RAC3,Ras-related C3 botulinum toxin substrate 3,NMR metabolomics,X23501.Triglycerides in Large VLDL,24195,0.00363879282145234,0.00491682044573637,-0.00599817525219095,0.0132757608950956,0.459264519142707
RAC3,Ras-related C3 botulinum toxin substrate 3,NMR metabolomics,X23502.Concentration of Medium VLDL Particles,24195,0.00558933332648279,0.00462581955867365,-0.00347727300851756,0.0146559396614831,0.226947399074225
RAC3,Ras-related C3 botulinum toxin substrate 3,NMR metabolomics,X23503.Total Lipids in Medium VLDL,24195,0.00594468868429271,0.00466324724373931,-0.00319527591343634,0.0150846532820218,0.202393724803353
RAC3,Ras-related C3 botulinum toxin substrate 3,NMR metabolomics,X23504.Phospholipids in Medium VLDL,24195,0.00576663118440095,0.00461679600295771,-0.00328228898139616,0.0148155513501981,0.211657124157475
RAC3,Ras-related C3 botulinum toxin substrate 3,NMR metabolomics,X23505.Cholesterol in Medium VLDL,24195,0.00453957521731423,0.00460784686819769,-0.00449180464435324,0.0135709550789817,0.324543746516844
RAC3,Ras-related C3 botulinum toxin substrate 3,NMR metabolomics,X23506.Cholesteryl Esters in Medium VLDL,24195,0.00380655100875014,0.00465523638617812,-0.00531771230815897,0.0129308143256593,0.413540957583572
RAC3,Ras-related C3 botulinum toxin substrate 3,NMR metabolomics,X23507.Free Cholesterol in Medium VLDL,24195,0.00499362593673964,0.00459937968866306,-0.00402115825303995,0.0140084101265192,0.277614923174448
RAC3,Ras-related C3 botulinum toxin substrate 3,NMR metabolomics,X23508.Triglycerides in Medium VLDL,24195,0.0045090053231603,0.00483179595778938,-0.00496131475410688,0.0139793254004275,0.350728881275766
RAC3,Ras-related C3 botulinum toxin substrate 3,NMR metabolomics,X23509.Concentration of Small VLDL Particles,24195,0.0064965271367577,0.00472264274233948,-0.00275985263822769,0.0157529069117431,0.168954327457252
RAC3,Ras-related C3 botulinum toxin substrate 3,NMR metabolomics,X23510.Total Lipids in Small VLDL,24195,0.00621024919280223,0.0047062579781451,-0.00301401644436217,0.0154345148299666,0.186990240983896
RAC3,Ras-related C3 botulinum toxin substrate 3,NMR metabolomics,X23511.Phospholipids in Small VLDL,24195,0.00564812650179484,0.00462904297538446,-0.00342479772995871,0.0147210507335484,0.22241993962961
RAC3,Ras-related C3 botulinum toxin substrate 3,NMR metabolomics,X23512.Cholesterol in Small VLDL,24195,0.00529714130854296,0.00461539685005,-0.00374903651755504,0.014343319134641,0.251099281256547
RAC3,Ras-related C3 botulinum toxin substrate 3,NMR metabolomics,X23513.Cholesteryl Esters in Small VLDL,24195,0.00563051167390626,0.00463417368843964,-0.00345246875543544,0.014713492103248,0.224378724912273
RAC3,Ras-related C3 botulinum toxin substrate 3,NMR metabolomics,X23514.Free Cholesterol in Small VLDL,24195,0.00470274556184021,0.00459730015374304,-0.00430796273949615,0.0137134538631766,0.306348162047965
RAC3,Ras-related C3 botulinum toxin substrate 3,NMR metabolomics,X23515.Triglycerides in Small VLDL,24195,0.00506006487387134,0.00484872877747891,-0.00444344352998733,0.01456357327773,0.296687462468094
RAC3,Ras-related C3 botulinum toxin substrate 3,NMR metabolomics,X23516.Concentration of Very Small VLDL Particles,24195,0.00778059631883918,0.0046639160435841,-0.00136067912658565,0.016921871764264,0.0952782742343592
RAC3,Ras-related C3 botulinum toxin substrate 3,NMR metabolomics,X23517.Total Lipids in Very Small VLDL,24195,0.00840871626569096,0.00467754682804818,-0.000759275517283477,0.0175767080486654,0.0722407494589563
RAC3,Ras-related C3 botulinum toxin substrate 3,NMR metabolomics,X23518.Phospholipids in Very Small VLDL,24195,0.00945490583134907,0.0046672311769413,0.000307132724544114,0.018602678938154,0.0427956077401447
RAC3,Ras-related C3 botulinum toxin substrate 3,NMR metabolomics,X23519.Cholesterol in Very Small VLDL,24195,0.00662709190249548,0.00474027633191215,-0.00266384970805234,0.0159180335130433,0.162114133448644
RAC3,Ras-related C3 botulinum toxin substrate 3,NMR metabolomics,X23520.Cholesteryl Esters in Very Small VLDL,24195,0.00603123719581872,0.00477929923887336,-0.00333618931237306,0.0153986637040105,0.206978911156095
RAC3,Ras-related C3 botulinum toxin substrate 3,NMR metabolomics,X23521.Free Cholesterol in Very Small VLDL,24195,0.00762495078360079,0.00467561960960942,-0.00153926365123367,0.0167891652184352,0.102947793379647
RAC3,Ras-related C3 botulinum toxin substrate 3,NMR metabolomics,X23522.Triglycerides in Very Small VLDL,24195,0.00636417723570956,0.00477754586932317,-0.00299981266816385,0.015728167139583,0.182839308223923
RAC3,Ras-related C3 botulinum toxin substrate 3,NMR metabolomics,X23523.Concentration of IDL Particles,24195,0.0039894689908274,0.00465898854083356,-0.00514214854920638,0.0131210865308612,0.391843064177053
RAC3,Ras-related C3 botulinum toxin substrate 3,NMR metabolomics,X23524.Total Lipids in IDL,24195,0.00361328674064059,0.00478506006851093,-0.00576543099364083,0.012992004474922,0.450185318717744
RAC3,Ras-related C3 botulinum toxin substrate 3,NMR metabolomics,X23525.Phospholipids in IDL,24195,0.00483236909482429,0.00478740802127762,-0.00455095062687984,0.0142156888165284,0.31279700025801
RAC3,Ras-related C3 botulinum toxin substrate 3,NMR metabolomics,X23526.Cholesterol in IDL,24195,0.00231688236181723,0.00480530927638366,-0.00710152381989474,0.0117352885435292,0.629703388192183
RAC3,Ras-related C3 botulinum toxin substrate 3,NMR metabolomics,X23527.Cholesteryl Esters in IDL,24195,0.00245420051475131,0.00480619361027105,-0.00696593896137995,0.0118743399908826,0.609612805025506
RAC3,Ras-related C3 botulinum toxin substrate 3,NMR metabolomics,X23528.Free Cholesterol in IDL,24195,0.00167307540808075,0.00479326465965428,-0.00772172332484163,0.0110678741410031,0.727056945353989
RAC3,Ras-related C3 botulinum toxin substrate 3,NMR metabolomics,X23529.Triglycerides in IDL,24195,0.00765028291727124,0.00473976372989244,-0.00163965399331794,0.0169402198278604,0.106526551173112
RAC3,Ras-related C3 botulinum toxin substrate 3,NMR metabolomics,X23530.Concentration of Large LDL Particles,24195,0.00549260464302186,0.00460273360642057,-0.00352875322556246,0.0145139625116062,0.232749777633148
RAC3,Ras-related C3 botulinum toxin substrate 3,NMR metabolomics,X23531.Total Lipids in Large LDL,24195,0.0014798548954735,0.00464747046097018,-0.00762918720802805,0.010588896998975,0.7501679196517
RAC3,Ras-related C3 botulinum toxin substrate 3,NMR metabolomics,X23532.Phospholipids in Large LDL,24195,0.000794332255674874,0.00463991884845786,-0.00829990868730252,0.00988857319865227,0.864071642820605
RAC3,Ras-related C3 botulinum toxin substrate 3,NMR metabolomics,X23533.Cholesterol in Large LDL,24195,0.00109966312112974,0.00465878330047578,-0.0080315521478028,0.0102308783900623,0.81340297918281
RAC3,Ras-related C3 botulinum toxin substrate 3,NMR metabolomics,X23534.Cholesteryl Esters in Large LDL,24195,0.0014617757094472,0.00464236734993061,-0.0076372642964168,0.0105608157153112,0.75285759776412
RAC3,Ras-related C3 botulinum toxin substrate 3,NMR metabolomics,X23535.Free Cholesterol in Large LDL,24195,0.000178601680871646,0.00471251745307124,-0.00905793252714799,0.00941513588889129,0.969768187899413
RAC3,Ras-related C3 botulinum toxin substrate 3,NMR metabolomics,X23536.Triglycerides in Large LDL,24195,0.00666699721611313,0.00474277264715115,-0.00262883717230313,0.0159628316045294,0.159820957592367
RAC3,Ras-related C3 botulinum toxin substrate 3,NMR metabolomics,X23537.Concentration of Medium LDL Particles,24195,0.00170700028625008,0.004589824219628,-0.00728905518422079,0.010703055756721,0.709963319350606
RAC3,Ras-related C3 botulinum toxin substrate 3,NMR metabolomics,X23538.Total Lipids in Medium LDL,24195,0.00155948908165544,0.00459213687745551,-0.00744109919815736,0.0105600773614683,0.734160826236143
RAC3,Ras-related C3 botulinum toxin substrate 3,NMR metabolomics,X23539.Phospholipids in Medium LDL,24195,0.00174654650478038,0.00458738991554978,-0.0072447377296972,0.0107378307392579,0.703408641927298
RAC3,Ras-related C3 botulinum toxin substrate 3,NMR metabolomics,X23540.Cholesterol in Medium LDL,24195,0.00101651717263423,0.00458836292132544,-0.00797667415316363,0.0100097084984321,0.824671956431483
RAC3,Ras-related C3 botulinum toxin substrate 3,NMR metabolomics,X23541.Cholesteryl Esters in Medium LDL,24195,0.00144806404665428,0.00460009219426513,-0.00756811665410537,0.0104642447474139,0.752923651787482
RAC3,Ras-related C3 botulinum toxin substrate 3,NMR metabolomics,X23542.Free Cholesterol in Medium LDL,24195,-0.000154553427991173,0.00459896476924212,-0.00916852437570573,0.00885941751972338,0.973191507889043
RAC3,Ras-related C3 botulinum toxin substrate 3,NMR metabolomics,X23543.Triglycerides in Medium LDL,24195,0.00602112707698564,0.00478505146270137,-0.00335757378990904,0.0153998279438803,0.208288115698166
RAC3,Ras-related C3 botulinum toxin substrate 3,NMR metabolomics,X23544.Concentration of Small LDL Particles,24195,0.00492476474739342,0.00458855945526641,-0.00406881178492875,0.0139183412797156,0.2831605509975
RAC3,Ras-related C3 botulinum toxin substrate 3,NMR metabolomics,X23545.Total Lipids in Small LDL,24195,0.00354500427710894,0.00458943050513696,-0.00545027951295951,0.0125402880671774,0.439868569832677
RAC3,Ras-related C3 botulinum toxin substrate 3,NMR metabolomics,X23546.Phospholipids in Small LDL,24195,0.0040457513269247,0.00458979021897329,-0.00495023750226294,0.0130417401561123,0.378073549381884
RAC3,Ras-related C3 botulinum toxin substrate 3,NMR metabolomics,X23547.Cholesterol in Small LDL,24195,0.00266626199601215,0.00458428225041204,-0.00631893121479544,0.0116514552068197,0.560835180415565
RAC3,Ras-related C3 botulinum toxin substrate 3,NMR metabolomics,X23548.Cholesteryl Esters in Small LDL,24195,0.00342508424661383,0.00459458117976635,-0.00558029486572821,0.0124304633589559,0.455999908774583
RAC3,Ras-related C3 botulinum toxin substrate 3,NMR metabolomics,X23549.Free Cholesterol in Small LDL,24195,0.000830283437418079,0.00459682727655215,-0.00817949802462414,0.0098400648994603,0.85666660247401
RAC3,Ras-related C3 botulinum toxin substrate 3,NMR metabolomics,X23550.Triglycerides in Small LDL,24195,0.00602562516751769,0.00483087286195349,-0.00344288564191114,0.0154941359769465,0.212293721407951
RAC3,Ras-related C3 botulinum toxin substrate 3,NMR metabolomics,X23551.Concentration of Very Large HDL Particles,24195,0.00852155835056437,0.00539709985713863,-0.00205675736942734,0.0190998740705561,0.114368786920778
RAC3,Ras-related C3 botulinum toxin substrate 3,NMR metabolomics,X23552.Total Lipids in Very Large HDL,24195,0.00800151594437091,0.00541453103083918,-0.00261096487607389,0.0186139967648157,0.139478200196059
RAC3,Ras-related C3 botulinum toxin substrate 3,NMR metabolomics,X23553.Phospholipids in Very Large HDL,24195,0.00793323926654317,0.00539415129439836,-0.00263929727047763,0.018505775803564,0.141382220619527
RAC3,Ras-related C3 botulinum toxin substrate 3,NMR metabolomics,X23554.Cholesterol in Very Large HDL,24195,0.0063928878844643,0.00543341649570916,-0.00425660844712565,0.0170423842160542,0.239371921878012
RAC3,Ras-related C3 botulinum toxin substrate 3,NMR metabolomics,X23555.Cholesteryl Esters in Very Large HDL,24195,0.00537568407436763,0.00549761808737606,-0.00539964737688944,0.0161510155256247,0.328172855704598
RAC3,Ras-related C3 botulinum toxin substrate 3,NMR metabolomics,X23556.Free Cholesterol in Very Large HDL,24195,0.0090415500573405,0.00514591100351883,-0.00104443550955641,0.0191275356242374,0.078924354973267
RAC3,Ras-related C3 botulinum toxin substrate 3,NMR metabolomics,X23557.Triglycerides in Very Large HDL,24195,0.00832714789247606,0.00466403443084914,-0.000814359591988244,0.0174686553769404,0.0742096544464384
RAC3,Ras-related C3 botulinum toxin substrate 3,NMR metabolomics,X23558.Concentration of Large HDL Particles,24195,3.13455000115898e-05,0.00560017488100041,-0.0109449972667492,0.0110076882667724,0.995534121366364
RAC3,Ras-related C3 botulinum toxin substrate 3,NMR metabolomics,X23559.Total Lipids in Large HDL,24195,0.000172331250882654,0.00555789167462045,-0.0107211364313734,0.0110657989331387,0.975264542554976
RAC3,Ras-related C3 botulinum toxin substrate 3,NMR metabolomics,X23560.Phospholipids in Large HDL,24195,0.000115710068840886,0.00549018040894703,-0.0106450435326953,0.0108764636703771,0.983185345202408
RAC3,Ras-related C3 botulinum toxin substrate 3,NMR metabolomics,X23561.Cholesterol in Large HDL,24195,-0.000954257640754394,0.00560034864540647,-0.0119309409857511,0.0100224257042423,0.864702862683755
RAC3,Ras-related C3 botulinum toxin substrate 3,NMR metabolomics,X23562.Cholesteryl Esters in Large HDL,24195,-0.0019307626355313,0.00560051726798057,-0.0129077764807732,0.00904625120971063,0.730287430214299
RAC3,Ras-related C3 botulinum toxin substrate 3,NMR metabolomics,X23563.Free Cholesterol in Large HDL,24195,0.00217571553803815,0.00556319641211281,-0.00872814942970296,0.0130795805057793,0.695733486357405
RAC3,Ras-related C3 botulinum toxin substrate 3,NMR metabolomics,X23564.Triglycerides in Large HDL,24195,0.00453135324845518,0.00476344335822935,-0.00480499573367435,0.0138677022305847,0.341473378806286
RAC3,Ras-related C3 botulinum toxin substrate 3,NMR metabolomics,X23565.Concentration of Medium HDL Particles,24195,-0.00616306700385096,0.00506951251363406,-0.0160993115305737,0.0037731775228718,0.224106534178924
RAC3,Ras-related C3 botulinum toxin substrate 3,NMR metabolomics,X23566.Total Lipids in Medium HDL,24195,-0.00571108033200775,0.00500440062512406,-0.0155197055572509,0.00409754489323542,0.253793155855296
RAC3,Ras-related C3 botulinum toxin substrate 3,NMR metabolomics,X23567.Phospholipids in Medium HDL,24195,-0.0047882377023302,0.00494448034694751,-0.0144794191823473,0.00490294377768693,0.33285402876496
RAC3,Ras-related C3 botulinum toxin substrate 3,NMR metabolomics,X23568.Cholesterol in Medium HDL,24195,-0.00778282396447607,0.00510727200776223,-0.01779307709969,0.0022274291707379,0.127554003516272
RAC3,Ras-related C3 botulinum toxin substrate 3,NMR metabolomics,X23569.Cholesteryl Esters in Medium HDL,24195,-0.00850484093455882,0.00508796594660154,-0.0184772541898978,0.00146757232078019,0.0946240346493894
RAC3,Ras-related C3 botulinum toxin substrate 3,NMR metabolomics,X23570.Free Cholesterol in Medium HDL,24195,-0.00455089643008515,0.00515711900447233,-0.0146588496788509,0.00555705681868061,0.377542618347907
RAC3,Ras-related C3 botulinum toxin substrate 3,NMR metabolomics,X23571.Triglycerides in Medium HDL,24195,0.00184893382202485,0.00472401512942066,-0.00741013583163964,0.0111080034756893,0.69551219048298
RAC3,Ras-related C3 botulinum toxin substrate 3,NMR metabolomics,X23572.Concentration of Small HDL Particles,24195,-0.00833668750436941,0.00459976654418475,-0.0173522299309715,0.000678854922232703,0.0699344390234742
RAC3,Ras-related C3 botulinum toxin substrate 3,NMR metabolomics,X23573.Total Lipids in Small HDL,24195,-0.00662357009693452,0.00463528441841115,-0.0157087275570204,0.00246158736315133,0.153032735930604
RAC3,Ras-related C3 botulinum toxin substrate 3,NMR metabolomics,X23574.Phospholipids in Small HDL,24195,-0.00593666279913218,0.00465812088836342,-0.0150665797403245,0.00319325414206012,0.202507056460297
RAC3,Ras-related C3 botulinum toxin substrate 3,NMR metabolomics,X23575.Cholesterol in Small HDL,24195,-0.00897926004614171,0.00460118433146356,-0.0179975813358103,3.90612435268601e-05,0.0510078644471865
RAC3,Ras-related C3 botulinum toxin substrate 3,NMR metabolomics,X23576.Cholesteryl Esters in Small HDL,24195,-0.0103375711394542,0.00458076494671927,-0.0193158704350239,-0.0013592718438844,0.0240335467038043
RAC3,Ras-related C3 botulinum toxin substrate 3,NMR metabolomics,X23577.Free Cholesterol in Small HDL,24195,-0.00370197546694498,0.00469406085930426,-0.0129023347511813,0.00549838381729138,0.430323786183435
RAC3,Ras-related C3 botulinum toxin substrate 3,NMR metabolomics,X23578.Triglycerides in Small HDL,24195,0.00288662548939879,0.00495064544043584,-0.00681663957385545,0.012589890552653,0.559844456514902
RAC3,Ras-related C3 botulinum toxin substrate 3,NMR metabolomics,X23579.Phospholipids to Total Lipids in Chylomicrons and Extremely Large VLDL percentage,23163,-0.00128535806708134,0.00471657920867163,-0.0105298533160777,0.00795913718191506,0.785225314029975
RAC3,Ras-related C3 botulinum toxin substrate 3,NMR metabolomics,X23580.Cholesterol to Total Lipids in Chylomicrons and Extremely Large VLDL percentage,23163,0.000679095778470079,0.00476883403419725,-0.00866781892855654,0.0100260104854967,0.886763014089932
RAC3,Ras-related C3 botulinum toxin substrate 3,NMR metabolomics,X23581.Cholesteryl Esters to Total Lipids in Chylomicrons and Extremely Large VLDL percentage,23163,0.00120997345122483,0.00472132995481958,-0.00804383326022154,0.0104637801626712,0.7977383867989
RAC3,Ras-related C3 botulinum toxin substrate 3,NMR metabolomics,X23582.Free Cholesterol to Total Lipids in Chylomicrons and Extremely Large VLDL percentage,23163,0.000240124846164511,0.00482100558168233,-0.00920904609393286,0.00968929578626188,0.960275788152091
RAC3,Ras-related C3 botulinum toxin substrate 3,NMR metabolomics,X23583.Triglycerides to Total Lipids in Chylomicrons and Extremely Large VLDL percentage,23163,0.000322625578156486,0.00469862829949561,-0.00888668588885491,0.00953193704516788,0.945257842842019
RAC3,Ras-related C3 botulinum toxin substrate 3,NMR metabolomics,X23584.Phospholipids to Total Lipids in Very Large VLDL percentage,23940,0.00419313698679476,0.00458979549274078,-0.00480286217897717,0.0131891361525667,0.360947744955644
RAC3,Ras-related C3 botulinum toxin substrate 3,NMR metabolomics,X23585.Cholesterol to Total Lipids in Very Large VLDL percentage,23940,0.0044280718785066,0.00502774641611137,-0.0054263110970717,0.0142824548540849,0.378474460901075
RAC3,Ras-related C3 botulinum toxin substrate 3,NMR metabolomics,X23586.Cholesteryl Esters to Total Lipids in Very Large VLDL percentage,23940,0.0025231459474,0.00502270502951136,-0.00732135591044227,0.0123676478052423,0.615427356507441
RAC3,Ras-related C3 botulinum toxin substrate 3,NMR metabolomics,X23587.Free Cholesterol to Total Lipids in Very Large VLDL percentage,23940,0.00950786329137822,0.00486455745329073,-2.66693170716086e-05,0.019042395899828,0.0506516623854527
RAC3,Ras-related C3 botulinum toxin substrate 3,NMR metabolomics,X23588.Triglycerides to Total Lipids in Very Large VLDL percentage,23940,-0.0070478658012642,0.00490255679436406,-0.0166568771182178,0.00256114551568936,0.150563545318939
RAC3,Ras-related C3 botulinum toxin substrate 3,NMR metabolomics,X23589.Phospholipids to Total Lipids in Large VLDL percentage,24190,0.00516763877274372,0.00489110887721736,-0.0044189346266023,0.0147542121720897,0.290733384401711
RAC3,Ras-related C3 botulinum toxin substrate 3,NMR metabolomics,X23590.Cholesterol to Total Lipids in Large VLDL percentage,24190,0.00348049551301016,0.00472389128761504,-0.00577833141071531,0.0127393224367356,0.461259834904607
RAC3,Ras-related C3 botulinum toxin substrate 3,NMR metabolomics,X23591.Cholesteryl Esters to Total Lipids in Large VLDL percentage,24190,0.00465650704359445,0.00489714065626653,-0.00494188864268794,0.0142549027298768,0.341683723529462
RAC3,Ras-related C3 botulinum toxin substrate 3,NMR metabolomics,X23592.Free Cholesterol to Total Lipids in Large VLDL percentage,24190,-0.000573141880345693,0.00462611014224352,-0.009640317759143,0.00849403399845161,0.90140115950277
RAC3,Ras-related C3 botulinum toxin substrate 3,NMR metabolomics,X23593.Triglycerides to Total Lipids in Large VLDL percentage,24190,-0.000552130814809308,0.00457872278613253,-0.00952642747562906,0.00842216584601044,0.90401979621953
RAC3,Ras-related C3 botulinum toxin substrate 3,NMR metabolomics,X23594.Phospholipids to Total Lipids in Medium VLDL percentage,24195,0.00220982176847211,0.00483121645673354,-0.00725936248672562,0.0116790060236698,0.647384198813148
RAC3,Ras-related C3 botulinum toxin substrate 3,NMR metabolomics,X23595.Cholesterol to Total Lipids in Medium VLDL percentage,24195,0.002029963,0.005047576,-0.007863286,0.01192321,0.6875655
RAC3,Ras-related C3 botulinum toxin substrate 3,NMR metabolomics,X23596.Cholesteryl Esters to Total Lipids in Medium VLDL percentage,24195,0.00219544909081838,0.00508389872549697,-0.00776899241115568,0.0121598905927924,0.665858944188625
RAC3,Ras-related C3 botulinum toxin substrate 3,NMR metabolomics,X23597.Free Cholesterol to Total Lipids in Medium VLDL percentage,24195,0.000940248485906196,0.00492674698843542,-0.00871617561142723,0.0105966725832396,0.848648084117589
RAC3,Ras-related C3 botulinum toxin substrate 3,NMR metabolomics,X23598.Triglycerides to Total Lipids in Medium VLDL percentage,24195,-0.00211326770460044,0.00500498107348551,-0.011923030608632,0.00769649519943115,0.672858779025917
RAC3,Ras-related C3 botulinum toxin substrate 3,NMR metabolomics,X23599.Phospholipids to Total Lipids in Small VLDL percentage,24195,-0.000295115552448909,0.00491766648997778,-0.00993374187280536,0.00934351076790755,0.9521471318043
RAC3,Ras-related C3 botulinum toxin substrate 3,NMR metabolomics,X23600.Cholesterol to Total Lipids in Small VLDL percentage,24195,0.000822509359259462,0.00476693288288825,-0.0085206790912015,0.0101656978097204,0.863010708258381
RAC3,Ras-related C3 botulinum toxin substrate 3,NMR metabolomics,X23601.Cholesteryl Esters to Total Lipids in Small VLDL percentage,24195,0.000839174733749768,0.00465330927626054,-0.00828131144772089,0.00995966091522042,0.856887682608911
RAC3,Ras-related C3 botulinum toxin substrate 3,NMR metabolomics,X23602.Free Cholesterol to Total Lipids in Small VLDL percentage,24195,-9.14469513952305e-05,0.00494749760264962,-0.00978854225258848,0.00960564834979802,0.985253312344574
RAC3,Ras-related C3 botulinum toxin substrate 3,NMR metabolomics,X23603.Triglycerides to Total Lipids in Small VLDL percentage,24195,-0.000627281030969531,0.00481440917218982,-0.0100635230084616,0.00880896094652251,0.896336159221053
RAC3,Ras-related C3 botulinum toxin substrate 3,NMR metabolomics,X23604.Phospholipids to Total Lipids in Very Small VLDL percentage,24195,0.0096239816598119,0.00481112050010634,0.000194185479603471,0.0190537778400203,0.0454723715653047
RAC3,Ras-related C3 botulinum toxin substrate 3,NMR metabolomics,X23605.Cholesterol to Total Lipids in Very Small VLDL percentage,24195,-0.000291345150661653,0.00502096617145576,-0.0101324388467149,0.00954974854539163,0.953728625110634
RAC3,Ras-related C3 botulinum toxin substrate 3,NMR metabolomics,X23606.Cholesteryl Esters to Total Lipids in Very Small VLDL percentage,24195,-0.000305333530828745,0.00507104937684863,-0.0102445903094521,0.00963392324779457,0.951987991870511
RAC3,Ras-related C3 botulinum toxin substrate 3,NMR metabolomics,X23607.Free Cholesterol to Total Lipids in Very Small VLDL percentage,24195,-0.00197686623987394,0.00465284232335369,-0.0110964371936472,0.00714270471389929,0.670933169632585
RAC3,Ras-related C3 botulinum toxin substrate 3,NMR metabolomics,X23608.Triglycerides to Total Lipids in Very Small VLDL percentage,24195,-0.00205219508527858,0.00498441604705201,-0.0118216505375005,0.00771726036694335,0.680546649891111
RAC3,Ras-related C3 botulinum toxin substrate 3,NMR metabolomics,X23609.Phospholipids to Total Lipids in IDL percentage,24195,0.0071529222466023,0.00459585431699903,-0.0018549522147158,0.0161607967079204,0.119629474575681
RAC3,Ras-related C3 botulinum toxin substrate 3,NMR metabolomics,X23610.Cholesterol to Total Lipids in IDL percentage,24195,-0.00549111336394938,0.0048348968127553,-0.0149675111169498,0.003985284389051,0.25608291481516
RAC3,Ras-related C3 botulinum toxin substrate 3,NMR metabolomics,X23611.Cholesteryl Esters to Total Lipids in IDL percentage,24195,-0.00481175130699064,0.00480951256071091,-0.014238395925984,0.00461489331200275,0.317095304979876
RAC3,Ras-related C3 botulinum toxin substrate 3,NMR metabolomics,X23612.Free Cholesterol to Total Lipids in IDL percentage,24195,-0.00696787017906759,0.00468743239935575,-0.0161552376818048,0.00221949732366967,0.137159846493954
RAC3,Ras-related C3 botulinum toxin substrate 3,NMR metabolomics,X23613.Triglycerides to Total Lipids in IDL percentage,24195,0.00287367400451505,0.00493059860532788,-0.00679029926192759,0.0125376472709577,0.560016838814914
RAC3,Ras-related C3 botulinum toxin substrate 3,NMR metabolomics,X23614.Phospholipids to Total Lipids in Large LDL percentage,24195,-0.00521639960498317,0.0046201351215275,-0.0142718644431771,0.00383906523321073,0.258884651494796
RAC3,Ras-related C3 botulinum toxin substrate 3,NMR metabolomics,X23615.Cholesterol to Total Lipids in Large LDL percentage,24195,-0.00331844246127311,0.00491631216166129,-0.0129544142981292,0.00631752937558302,0.499691038328005
RAC3,Ras-related C3 botulinum toxin substrate 3,NMR metabolomics,X23616.Cholesteryl Esters to Total Lipids in Large LDL percentage,24195,-0.000339880756725116,0.00458756964320026,-0.00933151725739762,0.00865175574394739,0.94094151465583
RAC3,Ras-related C3 botulinum toxin substrate 3,NMR metabolomics,X23617.Free Cholesterol to Total Lipids in Large LDL percentage,24195,-0.00601331203093225,0.00507040800293434,-0.0159513117166836,0.00392468765481906,0.235648896142942
RAC3,Ras-related C3 botulinum toxin substrate 3,NMR metabolomics,X23618.Triglycerides to Total Lipids in Large LDL percentage,24195,0.00413525432935147,0.00485232304411855,-0.00537529883712089,0.0136458074958238,0.394099571012891
RAC3,Ras-related C3 botulinum toxin substrate 3,NMR metabolomics,X23619.Phospholipids to Total Lipids in Medium LDL percentage,24195,0.000769357546990416,0.00462381385907366,-0.00829331761679396,0.00983203271077479,0.867851237029333
RAC3,Ras-related C3 botulinum toxin substrate 3,NMR metabolomics,X23620.Cholesterol to Total Lipids in Medium LDL percentage,24195,-0.00571777040326411,0.00466415657114061,-0.0148595172826997,0.0034239764761715,0.220249791580561
RAC3,Ras-related C3 botulinum toxin substrate 3,NMR metabolomics,X23621.Cholesteryl Esters to Total Lipids in Medium LDL percentage,24195,-0.000716002648126964,0.00471316664787388,-0.00995380927795978,0.00852180398170585,0.879254920570901
RAC3,Ras-related C3 botulinum toxin substrate 3,NMR metabolomics,X23622.Free Cholesterol to Total Lipids in Medium LDL percentage,24195,-0.00551820867950388,0.00502736207907944,-0.0153718383544996,0.00433542099549181,0.272374823938112
RAC3,Ras-related C3 botulinum toxin substrate 3,NMR metabolomics,X23623.Triglycerides to Total Lipids in Medium LDL percentage,24195,0.0041629536447009,0.00474894451577517,-0.00514497760621843,0.0134708848956202,0.380709342939691
RAC3,Ras-related C3 botulinum toxin substrate 3,NMR metabolomics,X23624.Phospholipids to Total Lipids in Small LDL percentage,24195,0.000144740875412241,0.00464724874186012,-0.0089638666586336,0.00925334840945808,0.975153762310073
RAC3,Ras-related C3 botulinum toxin substrate 3,NMR metabolomics,X23625.Cholesterol to Total Lipids in Small LDL percentage,24195,-0.00535367225666388,0.00461770996059543,-0.0144043837794309,0.00369703926610317,0.246313507363839
RAC3,Ras-related C3 botulinum toxin substrate 3,NMR metabolomics,X23626.Cholesteryl Esters to Total Lipids in Small LDL percentage,24195,0.00145907018388602,0.00464497049386846,-0.00764507198409615,0.0105632123518682,0.753433909256744
RAC3,Ras-related C3 botulinum toxin substrate 3,NMR metabolomics,X23627.Free Cholesterol to Total Lipids in Small LDL percentage,24195,-0.00502077626595819,0.00485253988525491,-0.0145317544410578,0.00449020190914143,0.300833511432406
RAC3,Ras-related C3 botulinum toxin substrate 3,NMR metabolomics,X23628.Triglycerides to Total Lipids in Small LDL percentage,24195,0.00344038435182036,0.00486687068912376,-0.00609868219886222,0.0129794509025029,0.479636270616065
RAC3,Ras-related C3 botulinum toxin substrate 3,NMR metabolomics,X23629.Phospholipids to Total Lipids in Very Large HDL percentage,24181,0.00871309882692977,0.00517874767216972,-0.00143724661052289,0.0188634442643824,0.0924902355374175
RAC3,Ras-related C3 botulinum toxin substrate 3,NMR metabolomics,X23630.Cholesterol to Total Lipids in Very Large HDL percentage,24181,-0.00960391410839957,0.00483176835816252,-0.0190741800903981,-0.000133648126401039,0.0468605394703146
RAC3,Ras-related C3 botulinum toxin substrate 3,NMR metabolomics,X23631.Cholesteryl Esters to Total Lipids in Very Large HDL percentage,24181,-0.00804662304857285,0.0046485655658308,-0.0171578115576012,0.00106456546045551,0.083466214066564
RAC3,Ras-related C3 botulinum toxin substrate 3,NMR metabolomics,X23632.Free Cholesterol to Total Lipids in Very Large HDL percentage,24181,-0.00341567267991238,0.00547180203680422,-0.0141404046720487,0.00730905931222389,0.532481276632781
RAC3,Ras-related C3 botulinum toxin substrate 3,NMR metabolomics,X23633.Triglycerides to Total Lipids in Very Large HDL percentage,24181,-0.000829950442032494,0.00512444364133884,-0.0108738599790566,0.00921395909499163,0.871339391130783
RAC3,Ras-related C3 botulinum toxin substrate 3,NMR metabolomics,X23634.Phospholipids to Total Lipids in Large HDL percentage,24195,-0.00135429358455909,0.00509684219340652,-0.0113441042836359,0.00863551711451769,0.79046306671602
RAC3,Ras-related C3 botulinum toxin substrate 3,NMR metabolomics,X23635.Cholesterol to Total Lipids in Large HDL percentage,24195,0.000132919231755276,0.00523560858574222,-0.0101288735962995,0.01039471205981,0.979746057610061
RAC3,Ras-related C3 botulinum toxin substrate 3,NMR metabolomics,X23636.Cholesteryl Esters to Total Lipids in Large HDL percentage,24195,-0.00255636154509963,0.00515226602041985,-0.0126548029451225,0.00754207985492328,0.619784227196253
RAC3,Ras-related C3 botulinum toxin substrate 3,NMR metabolomics,X23637.Free Cholesterol to Total Lipids in Large HDL percentage,24195,0.00957983070183604,0.00504282489683671,-0.000304106095963911,0.019463767499636,0.0574850048879167
RAC3,Ras-related C3 botulinum toxin substrate 3,NMR metabolomics,X23638.Triglycerides to Total Lipids in Large HDL percentage,24195,0.00256718773796773,0.00504661946267586,-0.00732418640887695,0.0124585618848124,0.610970995083052
RAC3,Ras-related C3 botulinum toxin substrate 3,NMR metabolomics,X23639.Phospholipids to Total Lipids in Medium HDL percentage,24195,0.00750278550050598,0.00515977017383292,-0.00261036404020655,0.0176159350412185,0.145933513059017
RAC3,Ras-related C3 botulinum toxin substrate 3,NMR metabolomics,X23640.Cholesterol to Total Lipids in Medium HDL percentage,24195,-0.00723197592017032,0.0050733297574976,-0.0171757022448656,0.00271175040452497,0.154028796354273
RAC3,Ras-related C3 botulinum toxin substrate 3,NMR metabolomics,X23641.Cholesteryl Esters to Total Lipids in Medium HDL percentage,24195,-0.00812229346597827,0.00492724060032851,-0.0177796850426222,0.00153509811066562,0.0992740324253137
RAC3,Ras-related C3 botulinum toxin substrate 3,NMR metabolomics,X23642.Free Cholesterol to Total Lipids in Medium HDL percentage,24195,0.000895565682103495,0.0054199341918777,-0.00972750533397679,0.0115186366981838,0.868759984398944
RAC3,Ras-related C3 botulinum toxin substrate 3,NMR metabolomics,X23643.Triglycerides to Total Lipids in Medium HDL percentage,24195,0.00667045310883317,0.00495386367986744,-0.00303911970370701,0.0163800259213734,0.17814901879372
RAC3,Ras-related C3 botulinum toxin substrate 3,NMR metabolomics,X23644.Phospholipids to Total Lipids in Small HDL percentage,24195,0.00350442282676359,0.00470715341747141,-0.00572159787148036,0.0127304435250075,0.456588071482669
RAC3,Ras-related C3 botulinum toxin substrate 3,NMR metabolomics,X23645.Cholesterol to Total Lipids in Small HDL percentage,24195,-0.00641879222157876,0.00471635754489769,-0.0156628530095782,0.00282526856642072,0.17353779030601
RAC3,Ras-related C3 botulinum toxin substrate 3,NMR metabolomics,X23646.Cholesteryl Esters to Total Lipids in Small HDL percentage,24195,-0.00839784578516107,0.00468136126997007,-0.0175733138743024,0.000777622303980277,0.0728432639923291
RAC3,Ras-related C3 botulinum toxin substrate 3,NMR metabolomics,X23647.Free Cholesterol to Total Lipids in Small HDL percentage,24195,0.00923694777022005,0.00494087273441706,-0.000447162789237395,0.0189210583296775,0.0615657482982921
RAC3,Ras-related C3 botulinum toxin substrate 3,NMR metabolomics,X23648.Triglycerides to Total Lipids in Small HDL percentage,24195,0.00752196684504115,0.00503962022699415,-0.00235568879986738,0.0173996224899497,0.135563820967816
RAC3,Ras-related C3 botulinum toxin substrate 3,Working and living environment,X24003.Nitrogen dioxide air pollution; 2010,42910,-0.0034307625115374,0.00388076016434706,-0.0110370524336577,0.00417552741058284,0.376677447556624
RAC3,Ras-related C3 botulinum toxin substrate 3,Working and living environment,X24004.Nitrogen oxides air pollution; 2010,42910,-0.00413251723137803,0.00379304824940331,-0.0115668918002085,0.00330185733745245,0.275940602039516
RAC3,Ras-related C3 botulinum toxin substrate 3,Working and living environment,X24005.Particulate matter air pollution (pm10); 2010,39877,-2.56729878205083e-05,0.00363436265576652,-0.00714902379312289,0.00709767781748187,0.994363858610937
RAC3,Ras-related C3 botulinum toxin substrate 3,Working and living environment,X24006.Particulate matter air pollution (pm2.5); 2010,39877,-0.000998502736314422,0.00397004904700514,-0.00877979886844451,0.00678279339581566,0.801421965416349
RAC3,Ras-related C3 botulinum toxin substrate 3,Working and living environment,X24007.Particulate matter air pollution (pm2.5) absorbance; 2010,39877,-0.00161430936382464,0.00389770382034837,-0.00925380885170745,0.00602519012405817,0.678752332844877
RAC3,Ras-related C3 botulinum toxin substrate 3,Working and living environment,X24008.Particulate matter air pollution 2.5-10um; 2010,39877,0.00398278350062066,0.003586162104704,-0.00304609422459917,0.0110116612258405,0.26674823824056
RAC3,Ras-related C3 botulinum toxin substrate 3,Working and living environment,X24009.Traffic intensity on the nearest road,42910,-0.0672245803744394,0.0303431392546364,-0.126697133313527,-0.00775202743535214,0.0267324519928072
RAC3,Ras-related C3 botulinum toxin substrate 3,Working and living environment,X24010.Inverse distance to the nearest road,42910,0.00226497877758221,0.00340138035719182,-0.00440172672251376,0.00893168427767817,0.505478676883098
RAC3,Ras-related C3 botulinum toxin substrate 3,Working and living environment,X24011.Traffic intensity on the nearest major road,42910,0.00479557638966717,0.00338943071797771,-0.00184770781756914,0.0114388605969035,0.157116249278684
RAC3,Ras-related C3 botulinum toxin substrate 3,Working and living environment,X24012.Inverse distance to the nearest major road,42910,-0.00441687252216982,0.00345878641642552,-0.0111960938983638,0.00236234885402421,0.201608927971006
RAC3,Ras-related C3 botulinum toxin substrate 3,Working and living environment,X24013.Total traffic load on major roads,42910,-0.00798976702869147,0.0199414071557934,-0.0470749250540466,0.0310953909966637,0.688670878074679
RAC3,Ras-related C3 botulinum toxin substrate 3,Working and living environment,X24015.Sum of road length of major roads within 100m,42910,-0.00565924138060922,0.0193078283604904,-0.0435025849671704,0.032184102205952,0.769442507397301
RAC3,Ras-related C3 botulinum toxin substrate 3,Working and living environment,X24016.Nitrogen dioxide air pollution; 2005,42910,-0.00156419662242636,0.00388034514830755,-0.00916967311310916,0.00604127986825644,0.686871078437372
RAC3,Ras-related C3 botulinum toxin substrate 3,Working and living environment,X24017.Nitrogen dioxide air pollution; 2006,42910,-0.00218620064840488,0.00387633895608245,-0.00978382500232647,0.00541142370551672,0.572766653130299
RAC3,Ras-related C3 botulinum toxin substrate 3,Working and living environment,X24018.Nitrogen dioxide air pollution; 2007,42910,-0.00240165810329805,0.00383597849491763,-0.0099201759533366,0.00511685974674049,0.53126089606124
RAC3,Ras-related C3 botulinum toxin substrate 3,Working and living environment,X24019.Particulate matter air pollution (pm10); 2007,42815,0.00244965811099532,0.00375950144625092,-0.00491896472365648,0.00981828094564713,0.514668415749494
RAC3,Ras-related C3 botulinum toxin substrate 3,Working and living environment,X24020.Average daytime sound level of noise pollution,42910,-0.00161548211736954,0.00341049474531028,-0.00830005181817768,0.00506908758343861,0.635730744320332
RAC3,Ras-related C3 botulinum toxin substrate 3,Working and living environment,X24021.Average evening sound level of noise pollution,42910,-0.00160649174435068,0.00341069460965798,-0.00829145317928033,0.00507846969057897,0.637631701783503
RAC3,Ras-related C3 botulinum toxin substrate 3,Working and living environment,X24022.Average night-time sound level of noise pollution,42910,-0.00161688434709646,0.00341047972906095,-0.00830142461605592,0.00506765592186301,0.63543604898752
RAC3,Ras-related C3 botulinum toxin substrate 3,Working and living environment,X24023.Average 16-hour sound level of noise pollution,42910,-0.00160478980728536,0.00341067900901421,-0.00828972066495321,0.00508014105038249,0.63798654410423
RAC3,Ras-related C3 botulinum toxin substrate 3,Working and living environment,X24024.Average 24-hour sound level of noise pollution,42910,-0.00159950051300883,0.00341080341432133,-0.00828467520507864,0.00508567417906098,0.639106867907574
RAC3,Ras-related C3 botulinum toxin substrate 3,Health and medical history,X2405.Number of children fathered,19697,0.0335264241416562,0.0226875532458064,-0.0109411802201243,0.0779940285034367,0.13949197693217
RAC3,Ras-related C3 botulinum toxin substrate 3,Working and living environment,"X24500.Greenspace percentage, buffer 1000m",38018,-0.000371763874916826,0.00401755855583818,-0.00824617864435967,0.00750265089452601,0.926273651445412
RAC3,Ras-related C3 botulinum toxin substrate 3,Working and living environment,"X24501.Domestic garden percentage, buffer 1000m",38018,0.000555819391216278,0.00363733964493191,-0.00657336631285026,0.00768500509528282,0.878549460425593
RAC3,Ras-related C3 botulinum toxin substrate 3,Working and living environment,"X24502.Water percentage, buffer 1000m",38018,-0.00529164262944635,0.00360920126037733,-0.0123656770997859,0.00178239184089322,0.142614779642609
RAC3,Ras-related C3 botulinum toxin substrate 3,Working and living environment,"X24503.Greenspace percentage, buffer 300m",38018,0.00191456535204738,0.00377674334692618,-0.00548785160792794,0.0093169823120227,0.612203003219565
RAC3,Ras-related C3 botulinum toxin substrate 3,Working and living environment,"X24504.Domestic garden percentage, buffer 300m",38018,-0.000634128727836597,0.00367721127683473,-0.00784146283043266,0.00657320537475947,0.863086043842836
RAC3,Ras-related C3 botulinum toxin substrate 3,Working and living environment,"X24505.Water percentage, buffer 300m",38018,-0.0040352713126665,0.00363274931986272,-0.0111554599795974,0.00308491735426443,0.266659889827236
RAC3,Ras-related C3 botulinum toxin substrate 3,Working and living environment,"X24506.Natural environment percentage, buffer 1000m",43121,0.00387227934226264,0.00381897141623574,-0.00361290463355942,0.0113574633180847,0.310608144500589
RAC3,Ras-related C3 botulinum toxin substrate 3,Working and living environment,"X24507.Natural environment percentage, buffer 300m",43121,0.00194828823393824,0.00359569770390806,-0.00509927926572155,0.00899585573359804,0.587932416942536
RAC3,Ras-related C3 botulinum toxin substrate 3,Working and living environment,X24508.Distance (Euclidean) to coast,43121,-0.00213311427623767,0.00340770977944997,-0.00881222544395961,0.00454599689148427,0.531339822198754
RAC3,Ras-related C3 botulinum toxin substrate 3,Health and medical history,X2684.Years since last breast cancer screening  or  mammogram,9529,0.00208215950718457,0.0279492851277047,-0.0526984393431166,0.0568627583574858,0.940615878955195
RAC3,Ras-related C3 botulinum toxin substrate 3,Health and medical history,X2704.Years since last cervical smear test,17865,0.0120910345924552,0.019936491532098,-0.0269844888104568,0.0511665579953673,0.544205396263725
RAC3,Ras-related C3 botulinum toxin substrate 3,Health and medical history,X2714.Age when periods started (menarche),22775,-0.0210511011826386,0.0171988116889041,-0.0547607720928905,0.0126585697276134,0.220970256088093
RAC3,Ras-related C3 botulinum toxin substrate 3,Health and medical history,X2734.Number of live births,23478,0.0154781720206623,0.0164454371202861,-0.0167548847350985,0.0477112287764231,0.346620586846151
RAC3,Ras-related C3 botulinum toxin substrate 3,Health and medical history,X2744.Birth weight of first child,18665,0.00644955983691606,0.018091449565926,-0.029009681312299,0.0419088009861311,0.721471922009482
RAC3,Ras-related C3 botulinum toxin substrate 3,Health and medical history,X2754.Age at first live birth,15885,-0.000406056787945199,0.00617227354363823,-0.0125037129334761,0.0116915993575857,0.947548050628328
RAC3,Ras-related C3 botulinum toxin substrate 3,Health and medical history,X2764.Age at last live birth,15840,0.000287059686433647,0.00594029634057536,-0.0113559211410941,0.0119300405139613,0.961458529262192
RAC3,Ras-related C3 botulinum toxin substrate 3,Health and medical history,X2794.Age started oral contraceptive pill,17962,0.0113538347842058,0.00663022234520846,-0.00164140101240273,0.0243490705808144,0.086833528479892
RAC3,Ras-related C3 botulinum toxin substrate 3,Health and medical history,X2804.Age when last used oral contraceptive pill,16280,0.00456552185877447,0.0057719143989268,-0.00674743036312205,0.015878474080671,0.42896183539308
RAC3,Ras-related C3 botulinum toxin substrate 3,Lifestyle factors,X2867.Age started smoking in former smokers,10689,-0.0122786537504207,0.00703900660150219,-0.026075106689365,0.00151779918852358,0.081122833138761
RAC3,Ras-related C3 botulinum toxin substrate 3,Mental health,"X28735.Feeling anxious, nervous or on edge over the last 2 weeks",16187,-0.043818423426335,0.0254434501790904,-0.0936875857773522,0.00605073892468214,0.0850544553889316
RAC3,Ras-related C3 botulinum toxin substrate 3,Mental health,X28736.Not being able to stop or control worrying over the last 2 weeks,16176,-0.061378932269108,0.0285069474763864,-0.117252549322825,-0.00550531521539073,0.0313238521638305
RAC3,Ras-related C3 botulinum toxin substrate 3,Mental health,X28737.Little interest or pleasure in doing things over the last 2 weeks,16203,-0.0327293532490423,0.0291193720687235,-0.0898033225037403,0.0243446160056557,0.261041654292503
RAC3,Ras-related C3 botulinum toxin substrate 3,Mental health,"X28738.Feeling down, depressed or hopeless over the last 2 weeks",16161,-0.0344846349567463,0.0283591437878201,-0.0900685567808737,0.0210992868673811,0.224003827474576
RAC3,Ras-related C3 botulinum toxin substrate 3,Mental health,X28739.Difficulty with standing for long periods,16226,-0.0438549083192341,0.0243535818122258,-0.0915879286711968,0.0038781120327285,0.0717596060141508
RAC3,Ras-related C3 botulinum toxin substrate 3,Mental health,X28740.Difficulty with taking care of household responsibilities,16264,-0.0492958289658667,0.0272903641238573,-0.102784942648627,0.00419328471689357,0.0708828707378293
RAC3,Ras-related C3 botulinum toxin substrate 3,Mental health,X28741.Difficulty learning a new task,16131,-0.0843637823897902,0.0322869763478803,-0.147646256031636,-0.0210813087479448,0.00898516356967949
RAC3,Ras-related C3 botulinum toxin substrate 3,Mental health,X28742.Difficulty with joining in community activities,15537,-0.0977130972779098,0.0333727802811603,-0.163123746628984,-0.0323024479268356,0.00341724746000691
RAC3,Ras-related C3 botulinum toxin substrate 3,Mental health,X28743.Difficulty with being emotionally affected by health problems,16162,-0.0666755496194071,0.0271749098629593,-0.119938372950807,-0.013412726288007,0.0141550827624592
RAC3,Ras-related C3 botulinum toxin substrate 3,Mental health,X28744.Difficulty with concentrating on doing something for ten minutes,16262,-0.0704720363366436,0.0398227951994182,-0.148524714927503,0.00758064225421604,0.0768057822602986
RAC3,Ras-related C3 botulinum toxin substrate 3,Lifestyle factors,X2887.Number of cigarettes previously smoked daily,10168,0.0474916572076904,0.0279968731519096,-0.00738221417005244,0.102365528585433,0.0898559408651398
RAC3,Ras-related C3 botulinum toxin substrate 3,Lifestyle factors,X2897.Age stopped smoking,10685,0.00322450307768512,0.00736392229608782,-0.011208784622647,0.0176577907780172,0.661483241461573
RAC3,Ras-related C3 botulinum toxin substrate 3,Mental health,X29001#0.Mental health conditions experienced by first degree blood relatives_None of the above,14482,-0.00517669702911983,0.0127284141128591,-0.0301243886903237,0.0197709946320841,0.684231412739373
RAC3,Ras-related C3 botulinum toxin substrate 3,Mental health,X29001#1.Mental health conditions experienced by first degree blood relatives_Depression,14482,0.00299296764657828,0.0138163419263463,-0.0240870625290604,0.0300729978222169,0.828503510027216
RAC3,Ras-related C3 botulinum toxin substrate 3,Mental health,X29001#3.Mental health conditions experienced by first degree blood relatives_Schizophrenia,14482,-0.025291769786549,0.0464584797425591,-0.116350390081965,0.0657668505088668,0.586177991094335
RAC3,Ras-related C3 botulinum toxin substrate 3,Mental health,X29001#4.Mental health conditions experienced by first degree blood relatives_Any other type of psychosis or psychotic illness,14482,-0.0427060727413833,0.0495957561590736,-0.139913754813167,0.0545016093304009,0.389206487499517
RAC3,Ras-related C3 botulinum toxin substrate 3,Mental health,X29001#5.Mental health conditions experienced by first degree blood relatives_A personality disorder,14482,0.111846326865217,0.0528218194494652,0.00831556074426534,0.215377092986169,0.0342406696141809
RAC3,Ras-related C3 botulinum toxin substrate 3,Mental health,X29001#7.Mental health conditions experienced by first degree blood relatives_Attention deficit or attention deficit and hyperactivity disorder,14482,0.106630373578469,0.0444682513833493,0.0194726008671048,0.193788146289834,0.0165020047526073
RAC3,Ras-related C3 botulinum toxin substrate 3,Mental health,X29001#8.Mental health conditions experienced by first degree blood relatives_An anxiety disorder,14482,0.0373935305465642,0.0200876071404302,-0.00197817944867897,0.0767652405418073,0.062690704878185
RAC3,Ras-related C3 botulinum toxin substrate 3,Mental health,X29001#9.Mental health conditions experienced by first degree blood relatives_An eating disorder,14482,-0.0233897575963861,0.0359472076147069,-0.0938462845212116,0.0470667693284394,0.515270080758751
RAC3,Ras-related C3 botulinum toxin substrate 3,Mental health,X29002.Recent lack of interest or pleasure in doing things,14395,-0.0149452010353938,0.0288698526013275,-0.0715301121339958,0.0416397100632081,0.604693005527273
RAC3,Ras-related C3 botulinum toxin substrate 3,Mental health,X29003.Recent feelings of depression,14385,-0.0139836464905834,0.0278313563789405,-0.0685331049933069,0.04056581201214,0.615364236834931
RAC3,Ras-related C3 botulinum toxin substrate 3,Mental health,"X29004.Trouble falling or staying asleep, or sleeping too much",14405,-0.0303937927924358,0.0226702586277704,-0.0748274997028658,0.0140399141179941,0.180042234017784
RAC3,Ras-related C3 botulinum toxin substrate 3,Mental health,X29005.Recent feelings of tiredness or low energy,14412,-0.0539485649243797,0.0227075519360009,-0.0984553667189416,-0.00944176312981786,0.017524038861877
RAC3,Ras-related C3 botulinum toxin substrate 3,Mental health,X29006.Recent poor appetite or overeating,14424,-0.0188516072891814,0.0316140616756137,-0.0808151681733844,0.0431119535950215,0.5509811924603
RAC3,Ras-related C3 botulinum toxin substrate 3,Mental health,X29007.Recent feelings of inadequacy,14366,-0.0167565097079363,0.0304139232174012,-0.0763677992140427,0.04285477979817,0.581677458412228
RAC3,Ras-related C3 botulinum toxin substrate 3,Mental health,X29008.Recent trouble concentrating on things,14420,-0.0307110213700929,0.0307284608798084,-0.0909388046945174,0.0295167619543316,0.317602029054033
RAC3,Ras-related C3 botulinum toxin substrate 3,Mental health,X29009.Recent changes in speed or amount of moving or speaking,14406,-0.0932843359103411,0.0586917530975953,-0.208320171981628,0.0217515001609457,0.111993376464224
RAC3,Ras-related C3 botulinum toxin substrate 3,Mental health,X29010.Recent thoughts of suicide or self-harm,14337,-0.0493875366618258,0.0619552996979722,-0.170819924069851,0.0720448507461997,0.425378359420869
RAC3,Ras-related C3 botulinum toxin substrate 3,Mental health,X29038#0.Substances taken for depression_None of options listed,13605,0.0351342270914844,0.0234847288873136,-0.0108958415276501,0.081164295710619,0.134664972574025
RAC3,Ras-related C3 botulinum toxin substrate 3,Mental health,X29038#1.Substances taken for depression_Drugs or alcohol (more than once),13605,-0.107938591058488,0.0448914076081569,-0.195925749970476,-0.0199514321465008,0.0162106614749459
RAC3,Ras-related C3 botulinum toxin substrate 3,Mental health,X29038#2.Substances taken for depression_Medication prescribed to participant (for at least 2 weeks),13605,-0.0505324155722923,0.0234069777080277,-0.0964100918800267,-0.00465473926455794,0.030878384224898
RAC3,Ras-related C3 botulinum toxin substrate 3,Mental health,X29038#3.Substances taken for depression_Unprescribed medication (more than once),13605,-0.0481808471168424,0.06950463155144,-0.184409924957665,0.08804823072398,0.488193758427562
RAC3,Ras-related C3 botulinum toxin substrate 3,Mental health,X29039#1.Use of specific medications_Citalopram (sometimes called Cipramil),13605,-0.107074629055108,0.0442771278911642,-0.193857799721789,-0.0202914583884258,0.0156069981250926
RAC3,Ras-related C3 botulinum toxin substrate 3,Mental health,X29039#2.Use of specific medications_Fluoxetine (Prozac or Oxactin),13605,-0.0923611251705847,0.0472707819431182,-0.185011857779096,0.000289607437927053,0.0507366692512534
RAC3,Ras-related C3 botulinum toxin substrate 3,Mental health,X29039#3.Use of specific medications_Sertraline (Lustral),13605,0.0228641244892291,0.0548658982542522,-0.0846730360891053,0.130401285067563,0.676884373544227
RAC3,Ras-related C3 botulinum toxin substrate 3,Mental health,X29039#5.Use of specific medications_Amitriptyline (Elavil),13605,-0.075379393754743,0.0603458611584297,-0.193657281625265,0.0428984941157792,0.211641659250651
RAC3,Ras-related C3 botulinum toxin substrate 3,Mental health,X29039#7.Use of specific medications_Other antidepressant(s),13605,-0.0309108263270486,0.0452028307595262,-0.11950837461572,0.0576867219616227,0.494097328303683
RAC3,Ras-related C3 botulinum toxin substrate 3,Mental health,X29047#0.Activities undertaken to treat depression_None of options listed,13605,-0.00430970773049855,0.0230595083777361,-0.0495063441508612,0.0408869286898641,0.851745718172257
RAC3,Ras-related C3 botulinum toxin substrate 3,Mental health,X29051#0.Manifestations of mania or irritability_None of options listed,13605,-0.0120635653305674,0.0357891332901213,-0.0822102665792052,0.0580831359180704,0.736066763573394
RAC3,Ras-related C3 botulinum toxin substrate 3,Mental health,X29051#1.Manifestations of mania or irritability_More active than usual,13605,-0.0678251469897114,0.0565036381643815,-0.178572277791899,0.0429219838124763,0.230017456242591
RAC3,Ras-related C3 botulinum toxin substrate 3,Mental health,X29051#2.Manifestations of mania or irritability_More confident than usual,13605,-0.0452880638315484,0.0705547742074706,-0.183575421278191,0.0929992936150941,0.520958564022746
RAC3,Ras-related C3 botulinum toxin substrate 3,Mental health,X29051#3.Manifestations of mania or irritability_Easily distracted,13605,-0.0563266880079407,0.04638488051512,-0.147241053817576,0.0345876778016945,0.224641713279206
RAC3,Ras-related C3 botulinum toxin substrate 3,Mental health,X29051#4.Manifestations of mania or irritability_More creative or had more ideas than usual,13605,-0.100920388643866,0.0732321722515876,-0.244455446256978,0.0426146689692457,0.168198761204569
RAC3,Ras-related C3 botulinum toxin substrate 3,Mental health,X29051#5.Manifestations of mania or irritability_Neded less sleep than usual,13605,-0.159920564299984,0.0694997431484964,-0.296140060871037,-0.0237010677289308,0.0214053453816332
RAC3,Ras-related C3 botulinum toxin substrate 3,Mental health,X29051#6.Manifestations of mania or irritability_Thoughts were racing,13605,-0.0263660540709087,0.0385169627516964,-0.101859301064234,0.0491271929224163,0.493651609168818
RAC3,Ras-related C3 botulinum toxin substrate 3,Mental health,X29051#7.Manifestations of mania or irritability_More restless than usual,13605,-0.0506487574045032,0.0376853325543297,-0.124512009210989,0.023214494401983,0.178973649244828
RAC3,Ras-related C3 botulinum toxin substrate 3,Mental health,X29051#8.Manifestations of mania or irritability_More talkative than usual,13605,-0.0228252084356273,0.053653532351933,-0.127986131845416,0.0823357149741614,0.670538314664614
RAC3,Ras-related C3 botulinum toxin substrate 3,Mental health,X29058.Recent feelings or nervousness or anxiety,14185,-0.0667589823235737,0.0273073879097344,-0.120281462626653,-0.0132365020204943,0.0145084648504456
RAC3,Ras-related C3 botulinum toxin substrate 3,Mental health,X29059.Recent inability to stop or control worrying,14200,-0.0415194580004001,0.0277467733903319,-0.0959031338454506,0.0128642178446504,0.134579336873886
RAC3,Ras-related C3 botulinum toxin substrate 3,Mental health,X29060.Recent worrying too much about different things,14193,-0.00423232880418238,0.0248906647605609,-0.0530180317348818,0.0445533741265171,0.864983627804364
RAC3,Ras-related C3 botulinum toxin substrate 3,Mental health,X29061.Recent trouble relaxing,14194,-0.0214451119983019,0.0266924071059739,-0.0737622299260107,0.0308720059294069,0.421747689622499
RAC3,Ras-related C3 botulinum toxin substrate 3,Mental health,X29062.Recent restlessness,14211,-0.0785654215540111,0.0408266253578262,-0.15858560725535,0.00145476414732836,0.0543285303670289
RAC3,Ras-related C3 botulinum toxin substrate 3,Mental health,X29063.Recent easy annoyance or irritability,14167,-0.00645497720283031,0.0271089432501499,-0.059588505973124,0.0466785515674634,0.811797317429375
RAC3,Ras-related C3 botulinum toxin substrate 3,Mental health,X29064.Recent feelings of foreboding,14165,-0.0411613780747631,0.0316723898105688,-0.103239262103478,0.0209165059539518,0.193759919532462
RAC3,Ras-related C3 botulinum toxin substrate 3,Mental health,X29065#1.Symptoms of panic attack_Heart was pounding or racing,13605,-0.06505293152893,0.0248290734643628,-0.113717915519081,-0.016387947538779,0.00880196290038008
RAC3,Ras-related C3 botulinum toxin substrate 3,Mental health,X29065#11.Symptoms of panic attack_Felt like things weren't real or detached from self,13605,-0.0477662190501428,0.0408609603461158,-0.12785370132853,0.0323212632282442,0.242426535717299
RAC3,Ras-related C3 botulinum toxin substrate 3,Mental health,X29065#12.Symptoms of panic attack_Afraid of losing control or 'going crazy',13605,0.0325984681403174,0.0539756329887121,-0.0731937725175584,0.138390708798193,0.545888386772478
RAC3,Ras-related C3 botulinum toxin substrate 3,Mental health,X29065#13.Symptoms of panic attack_Afraid I was going to die,13605,0.0117139234135708,0.0574336399241505,-0.100856010837764,0.124283857664906,0.838391100705401
RAC3,Ras-related C3 botulinum toxin substrate 3,Mental health,X29065#2.Symptoms of panic attack_Sweating,13605,-0.0850552459423198,0.0377100488306682,-0.15896694165043,-0.0111435502342101,0.0241174144725843
RAC3,Ras-related C3 botulinum toxin substrate 3,Mental health,X29065#3.Symptoms of panic attack_Trembling or shaking,13605,-0.0443816091739385,0.0403536913316476,-0.123474844183968,0.0347116258360908,0.271432062834509
RAC3,Ras-related C3 botulinum toxin substrate 3,Mental health,X29065#6.Symptoms of panic attack_Pain or discomfort in chest,13605,-0.0541521768543508,0.0401490518515368,-0.132844318483363,0.0245399647746613,0.177430603672322
RAC3,Ras-related C3 botulinum toxin substrate 3,Mental health,X29065#7.Symptoms of panic attack_Nauseous or felt sick in the stomach,13605,-0.0419205173618909,0.0380072521352713,-0.116414731547023,0.0325736968232409,0.270063625123013
RAC3,Ras-related C3 botulinum toxin substrate 3,Mental health,X29065#9.Symptoms of panic attack_Felt hot or cold,13605,-0.0681173283816411,0.0499097228432165,-0.165940385154345,0.0297057283910633,0.172335119602422
RAC3,Ras-related C3 botulinum toxin substrate 3,Mental health,X29076.Felt loved as a child,14147,0.0190506447077192,0.0231974234323809,-0.0264163052197474,0.0645175946351857,0.41152361131029
RAC3,Ras-related C3 botulinum toxin substrate 3,Mental health,X29077.Physically abused by family as a child,14169,-0.0198844522992105,0.0322525937043275,-0.0830995359596924,0.0433306313612715,0.537559590485313
RAC3,Ras-related C3 botulinum toxin substrate 3,Mental health,X29078.Felt hated by family member as a child,14142,-0.0207049927906851,0.032205354809898,-0.0838274882180852,0.042417502636715,0.520295996084216
RAC3,Ras-related C3 botulinum toxin substrate 3,Mental health,X29079.Sexually molested as a child,14039,-0.0909165154549929,0.0460914175073102,-0.181255693769321,-0.000577337140664907,0.0485692166168248
RAC3,Ras-related C3 botulinum toxin substrate 3,Mental health,X29080.Someone to take to doctor when needed as a child,14122,0.00831409941487811,0.0341167732350962,-0.0585547761259104,0.0751829749556667,0.807470309561789
RAC3,Ras-related C3 botulinum toxin substrate 3,Mental health,X29081.Stopped from seeing friends or family by partner or ex-partner as an adult,14144,-0.0831225921722087,0.0482660788884891,-0.177724106793647,0.01147892244923,0.0850598658740289
RAC3,Ras-related C3 botulinum toxin substrate 3,Mental health,X29082.Belittlement by partner or ex-partner as an adult,14065,-0.19772175910442,0.040997053617485,-0.278075984194691,-0.11736753401415,1.43020579433205e-06
RAC3,Ras-related C3 botulinum toxin substrate 3,Mental health,X29083.Physical violence by partner or ex-partner as an adult,14156,-0.108056124233384,0.0424397059327342,-0.191237947861544,-0.0248743006052255,0.0109036246050993
RAC3,Ras-related C3 botulinum toxin substrate 3,Mental health,X29084.Sexual interference by partner or ex-partner without consent as an adult,14112,-0.0937282988342134,0.0581007366986865,-0.207605742763639,0.0201491450952122,0.10672273506976
RAC3,Ras-related C3 botulinum toxin substrate 3,Mental health,X29085.Sexual intercourse by partner or ex-partner without consent as an adult,14115,-0.11664241776858,0.0570501686397964,-0.228460748302581,-0.00482408723457904,0.0409169173950069
RAC3,Ras-related C3 botulinum toxin substrate 3,Mental health,X29086.Experienced a violent or sexual assault,14159,0.00974249212976468,0.0430252514026762,-0.0745870006194806,0.0940719848790099,0.820865127704079
RAC3,Ras-related C3 botulinum toxin substrate 3,Mental health,X29087.Experienced a life-threatening injury or illness,14165,0.0282012590463656,0.0268450782933532,-0.0244150944086067,0.0808176125013379,0.293497599344044
RAC3,Ras-related C3 botulinum toxin substrate 3,Mental health,X29088.Experienced a marital separation or divorce,14166,-0.0164313512286499,0.0257850598055083,-0.0669700684474461,0.0341073659901463,0.523976822166522
RAC3,Ras-related C3 botulinum toxin substrate 3,Mental health,X29089.Experienced the death of a spouse or partner,14183,-0.0447126815356758,0.035319705575123,-0.113939304462917,0.0245139413915653,0.205554837625778
RAC3,Ras-related C3 botulinum toxin substrate 3,Mental health,X29090.Experienced the death of a close friend or family member due to suicide,14161,0.00510363717227817,0.0318549158106696,-0.0573319978166343,0.0675392721611906,0.872713955938153
RAC3,Ras-related C3 botulinum toxin substrate 3,Lifestyle factors,X29091.Frequency of drinking alcohol,14165,-0.00816935427550619,0.021144783515636,-0.0496131299661527,0.0332744214151404,0.699240932787868
RAC3,Ras-related C3 botulinum toxin substrate 3,Lifestyle factors,X29092.Amount of alcohol drunk on a typical drinking day,12608,-0.0127842400110892,0.0249884002855304,-0.0617615045707287,0.0361930245485503,0.608935071149273
RAC3,Ras-related C3 botulinum toxin substrate 3,Lifestyle factors,X29093.Frequency of consuming six or more units of alcohol,12643,-0.00455163184615234,0.0249223299715665,-0.0533993985904226,0.044296134898118,0.855089175014721
RAC3,Ras-related C3 botulinum toxin substrate 3,Mental health,X29104.Ever used cannabis,14156,-0.0424880704183248,0.0318921549590065,-0.104996694137977,0.0200205533013279,0.182802129466879
RAC3,Ras-related C3 botulinum toxin substrate 3,Mental health,X29108.Ever thought that life not worth living,14091,-0.0418268498443926,0.0270751000979505,-0.0948940460363755,0.0112403463475903,0.122406089672472
RAC3,Ras-related C3 botulinum toxin substrate 3,Mental health,X29109.Ever contemplated self-harm,14122,-0.0896017306148905,0.0390639773289924,-0.166167126179716,-0.0130363350500655,0.0218213575205251
RAC3,Ras-related C3 botulinum toxin substrate 3,Mental health,X29111.Ever self-harmed,14147,-0.156358263944769,0.0688753639912237,-0.291353977367567,-0.0213625505219704,0.0232127195834962
RAC3,Ras-related C3 botulinum toxin substrate 3,Diet and food preferences,X29132.Ever had recurrent episodes of excessive overeating or binge eating,14142,-0.0357483709072733,0.0393843575173475,-0.112941711641274,0.0414449698267278,0.364063101341658
RAC3,Ras-related C3 botulinum toxin substrate 3,Diet and food preferences,X29136#1.Actions and feelings during periods of overeating or binge eating_Eaten much more rapidly than normal,14661,-0.171833652268381,0.0512046131885469,-0.272194694117933,-0.0714726104188289,0.000793300995923878
RAC3,Ras-related C3 botulinum toxin substrate 3,Diet and food preferences,X29136#2.Actions and feelings during periods of overeating or binge eating_Eaten until feeling uncomfortably full,14661,-0.100133881845645,0.0403238784837369,-0.179168683673769,-0.0210990800175204,0.0130304255284249
RAC3,Ras-related C3 botulinum toxin substrate 3,Diet and food preferences,X29136#3.Actions and feelings during periods of overeating or binge eating_Eaten large amounts of food when not physically hungry,14661,-0.067305128518738,0.0428637968728164,-0.151318170389458,0.0167079133519821,0.116388048907047
RAC3,Ras-related C3 botulinum toxin substrate 3,Diet and food preferences,X29136#4.Actions and feelings during periods of overeating or binge eating_Eaten alone because of feeling embarrassed by overeating,14661,-0.0532270208240197,0.0582717293612358,-0.167439610372042,0.0609855687240026,0.361032595593051
RAC3,Ras-related C3 botulinum toxin substrate 3,Diet and food preferences,X29149.Dependency of self-esteem on body shape or weight currently,14123,-0.0234215042095015,0.0239259815962263,-0.070316428138105,0.0234734197191021,0.327638725697396
RAC3,Ras-related C3 botulinum toxin substrate 3,Health and medical history,X29153.Pain or discomfort today,14147,-0.00275205423679191,0.022369842008616,-0.0465969445736794,0.0410928361000955,0.902088894317811
RAC3,Ras-related C3 botulinum toxin substrate 3,Mental health,X29154.Anxiety or depression today,14147,0.00311632749664461,0.0279370523638242,-0.0516402951364509,0.0578729501297401,0.911183241962959
RAC3,Ras-related C3 botulinum toxin substrate 3,Mental health,X29166.Frequency of confiding in someone close,13791,-0.012624315426494,0.0221034121279015,-0.0559470031971808,0.0306983723441929,0.567908771485664
RAC3,Ras-related C3 botulinum toxin substrate 3,Lifestyle factors,X29167#0.Sports and social activities attended in person at least once a week_None of the above,14107,0.0178699281965129,0.012875886223352,-0.00736680880125698,0.0431066651942827,0.165201603396944
RAC3,Ras-related C3 botulinum toxin substrate 3,Lifestyle factors,X29167#1.Sports and social activities attended in person at least once a week_Sports club or gym or fitness class,14107,-0.0165249534339373,0.0129543142695963,-0.041915409402346,0.0088655025344714,0.20210623574665
RAC3,Ras-related C3 botulinum toxin substrate 3,Lifestyle factors,X29167#2.Sports and social activities attended in person at least once a week_Pub or social club,14107,-0.0314460460814317,0.016173685701689,-0.0631464700567421,0.000254377893878763,0.0518825171592232
RAC3,Ras-related C3 botulinum toxin substrate 3,Lifestyle factors,X29167#3.Sports and social activities attended in person at least once a week_Religious group,14107,-0.00451777517362957,0.017289724249276,-0.0384056347022106,0.0293700843549515,0.793866312675419
RAC3,Ras-related C3 botulinum toxin substrate 3,Lifestyle factors,X29167#4.Sports and social activities attended in person at least once a week_Adult education class,14107,-0.0497378013488213,0.027802661420985,-0.104231017733952,0.00475541503630936,0.073643003928672
RAC3,Ras-related C3 botulinum toxin substrate 3,Lifestyle factors,X29167#5.Sports and social activities attended in person at least once a week_Other group activity,14107,-0.00399315915310858,0.0132840774661301,-0.0300299509867235,0.0220436326805063,0.763725948114051
RAC3,Ras-related C3 botulinum toxin substrate 3,Lifestyle factors,X29168#0.Sports and social activities attended virtually at least once a week_None of the above,14100,0.0211162263990006,0.0143795351488479,-0.00706766249274129,0.0493001152907425,0.141993069617223
RAC3,Ras-related C3 botulinum toxin substrate 3,Lifestyle factors,X29168#1.Sports and social activities attended virtually at least once a week_Sports club or gym or fitness class,14100,-0.025069496501152,0.0210521892990993,-0.0663317875273867,0.0161927945250827,0.233741926545368
RAC3,Ras-related C3 botulinum toxin substrate 3,Lifestyle factors,X29168#2.Sports and social activities attended virtually at least once a week_Pub or social club,14100,-0.00527520440807456,0.0324453226761172,-0.0688680368532644,0.0583176280371152,0.870845549472635
RAC3,Ras-related C3 botulinum toxin substrate 3,Lifestyle factors,X29168#3.Sports and social activities attended virtually at least once a week_Religious group,14100,0.0317340617434695,0.0290007924237658,-0.0251074914071115,0.0885756148940506,0.273864895902008
RAC3,Ras-related C3 botulinum toxin substrate 3,Lifestyle factors,X29168#4.Sports and social activities attended virtually at least once a week_Adult education class,14100,-0.0628225396075038,0.0430331159700725,-0.147167446908846,0.0215223676938383,0.144349482583596
RAC3,Ras-related C3 botulinum toxin substrate 3,Lifestyle factors,X29168#5.Sports and social activities attended virtually at least once a week_Other group activity,14100,-0.0341276406949408,0.0205275432335024,-0.0743616254326054,0.00610634404272387,0.0964289562680649
RAC3,Ras-related C3 botulinum toxin substrate 3,Mental health,X29171.Frequency of feeling 'in tune' with people,13856,0.0326392693077491,0.0280070616882254,-0.0222545716011726,0.0875331102166708,0.243879517322618
RAC3,Ras-related C3 botulinum toxin substrate 3,Mental health,X29172.Freuency of feeling that lacks companionship,14041,0.0158239156753928,0.0244746039179637,-0.032146308003816,0.0637941393546017,0.517937495840027
RAC3,Ras-related C3 botulinum toxin substrate 3,Mental health,X29173.Frequency of feeling left out,13967,0.0508848907497078,0.025243341105166,0.00140794218358248,0.100361839315833,0.0438426638054979
RAC3,Ras-related C3 botulinum toxin substrate 3,Mental health,X29174.Frequency of feeling isolated from others,14020,0.015156362864133,0.0262073757614119,-0.0362100936282343,0.0665228193565004,0.563054474541155
RAC3,Ras-related C3 botulinum toxin substrate 3,Mental health,X29175.Tendency to bounce back quickly after hard times,14129,0.0303248217674867,0.0220948236220844,-0.0129810325317987,0.0736306760667721,0.169934208160476
RAC3,Ras-related C3 botulinum toxin substrate 3,Mental health,X29176.Ability to make it through stressful events,14129,-0.0289432213783913,0.0215024582543545,-0.0710880395569262,0.0132015968001436,0.178310452064496
RAC3,Ras-related C3 botulinum toxin substrate 3,Mental health,X29177.Quick recovery from stressful events,14129,0.0140595335380422,0.0221218200733976,-0.029299233805817,0.0574183008819014,0.525079755069651
RAC3,Ras-related C3 botulinum toxin substrate 3,Mental health,X29178.Hard to snap back when something bad happens,14129,-0.0138562457431489,0.0216033884858568,-0.0561988871754282,0.0284863956891304,0.521278289668909
RAC3,Ras-related C3 botulinum toxin substrate 3,Mental health,X29179.Comes through difficult times with little trouble,14129,0.0453955047162393,0.021986591320805,0.00230178572746155,0.088489223705017,0.0389705272397439
RAC3,Ras-related C3 botulinum toxin substrate 3,Mental health,X29180.Tendency to take a long time to get over setbacks,14129,-0.0477799472596969,0.0215986603477139,-0.0901133215412161,-0.00544657297817765,0.0269707511315904
RAC3,Ras-related C3 botulinum toxin substrate 3,Mental health,X29181.General happiness,14047,-0.00621147608168918,0.0224307174682741,-0.0501756823195064,0.0377527301561281,0.781846922608937
RAC3,Ras-related C3 botulinum toxin substrate 3,Mental health,X29182.Belief that own life is meaningful,13880,-0.00916405766511335,0.0226072199572341,-0.0534742087812922,0.0351460934510655,0.685219327234834
RAC3,Ras-related C3 botulinum toxin substrate 3,Lifestyle factors,X2926.Number of unsuccessful stop-smoking attempts,9726,-0.0356723292714614,0.0262202526300254,-0.0870640244263111,0.0157193658833883,0.173707242146291
RAC3,Ras-related C3 botulinum toxin substrate 3,Health and medical history,X2946.Father's age,9416,0.0242051642628871,0.0109276068358763,0.00278705486456959,0.0456232736612047,0.0267807072914795
RAC3,Ras-related C3 botulinum toxin substrate 3,Health and medical history,X2966.Age high blood pressure diagnosed,10785,-0.00931485877931016,0.00835882968632018,-0.0256981649644977,0.00706844740587739,0.265143827028511
RAC3,Ras-related C3 botulinum toxin substrate 3,Blood and urine assays,X30000.White blood cell (leukocyte) count,42119,0.00493341464303974,0.00361575690136966,-0.00215346888364479,0.0120202981697243,0.172442394801974
RAC3,Ras-related C3 botulinum toxin substrate 3,Blood and urine assays,X30010.Red blood cell (erythrocyte) count,42120,0.0081523775037178,0.00406508283867196,0.000184815139920757,0.0161199398675148,0.0449198468031814
RAC3,Ras-related C3 botulinum toxin substrate 3,Blood and urine assays,X30020.Haemoglobin concentration,42120,0.00794447371949342,0.00436083294914384,-0.000602758860828497,0.0164917062998153,0.0684956224723951
RAC3,Ras-related C3 botulinum toxin substrate 3,Blood and urine assays,X30030.Haematocrit percentage,42120,0.0076437000815613,0.0042637400593902,-0.000713230434843497,0.0160006305979661,0.0730245821140552
RAC3,Ras-related C3 botulinum toxin substrate 3,Blood and urine assays,X30040.Mean corpuscular volume,42120,-0.00137685175607682,0.00356800414156327,-0.00837013987354083,0.00561643636138719,0.699581199620634
RAC3,Ras-related C3 botulinum toxin substrate 3,Blood and urine assays,X30050.Mean corpuscular haemoglobin,42119,-0.000653632983014573,0.00357931597581756,-0.007669092295617,0.00636182632958785,0.855101827085153
RAC3,Ras-related C3 botulinum toxin substrate 3,Blood and urine assays,X30060.Mean corpuscular haemoglobin concentration,42119,-0.000624571647203907,0.00350196572628726,-0.00748842447072694,0.00623928117631913,0.858449855463002
RAC3,Ras-related C3 botulinum toxin substrate 3,Blood and urine assays,X30070.Red blood cell (erythrocyte) distribution width,42120,0.00270922072590813,0.00348503593761849,-0.0041214497118241,0.00953989116364036,0.436935000892673
RAC3,Ras-related C3 botulinum toxin substrate 3,Blood and urine assays,X30080.Platelet count,42120,-0.00165500381414183,0.00357591120814127,-0.00866378978209872,0.00535378215381506,0.643495667995598
RAC3,Ras-related C3 botulinum toxin substrate 3,Blood and urine assays,X30090.Platelet crit,42120,0.0051681763125787,0.00365582112246034,-0.00199723308744357,0.012333585712601,0.157462059277287
RAC3,Ras-related C3 botulinum toxin substrate 3,Blood and urine assays,X30100.Mean platelet (thrombocyte) volume,42120,0.0108875929043922,0.00342758825714268,0.00416951992039255,0.0176056658883919,0.00149192484651204
RAC3,Ras-related C3 botulinum toxin substrate 3,Blood and urine assays,X30110.Platelet distribution width,42120,0.0145657321793548,0.00347369003960875,0.00775729970172169,0.021374164656988,2.75659039388773e-05
RAC3,Ras-related C3 botulinum toxin substrate 3,Blood and urine assays,X30120.Lymphocyte count,42055,6.06954193618421e-05,0.00355696167340394,-0.00691094946050989,0.00703234029923357,0.986385768421567
RAC3,Ras-related C3 botulinum toxin substrate 3,Blood and urine assays,X30130.Monocyte count,42055,0.00401797269028294,0.00359419013163382,-0.00302663996771935,0.0110625853482852,0.263612819920235
RAC3,Ras-related C3 botulinum toxin substrate 3,Blood and urine assays,X30140.Neutrophill count,42055,0.00541240304591354,0.00358285848058323,-0.00160999957602959,0.0124348056678567,0.130888160110904
RAC3,Ras-related C3 botulinum toxin substrate 3,Blood and urine assays,X30150.Eosinophill count,42055,0.00285030923445228,0.00347273971836377,-0.00395626061354071,0.00965687908244526,0.411783804627073
RAC3,Ras-related C3 botulinum toxin substrate 3,Blood and urine assays,X30160.Basophill count,42055,0.0185863499947536,0.0141758484128036,-0.00919831289434137,0.0463710128838486,0.189821726127423
RAC3,Ras-related C3 botulinum toxin substrate 3,Blood and urine assays,X30170.Nucleated red blood cell count,42055,0.0521139844482706,0.063666490453985,-0.07267233684154,0.176900305738081,0.413049827607226
RAC3,Ras-related C3 botulinum toxin substrate 3,Blood and urine assays,X30180.Lymphocyte percentage,42056,-0.00455860640428382,0.00350941908850268,-0.0114370678177491,0.00231985500918142,0.193963667292693
RAC3,Ras-related C3 botulinum toxin substrate 3,Blood and urine assays,X30190.Monocyte percentage,42056,0.00120909944920544,0.00355724542483781,-0.00576310158347668,0.00818130048188755,0.733935285620297
RAC3,Ras-related C3 botulinum toxin substrate 3,Blood and urine assays,X30200.Neutrophill percentage,42056,0.00304366753654152,0.00347646233712066,-0.00377019864421498,0.00985753371729802,0.381303038397993
RAC3,Ras-related C3 botulinum toxin substrate 3,Blood and urine assays,X30210.Eosinophill percentage,42056,0.00266206654065957,0.00343935046531687,-0.0040790603713615,0.00940319345268064,0.438933547870967
RAC3,Ras-related C3 botulinum toxin substrate 3,Blood and urine assays,X30220.Basophill percentage,42056,0.00514667939624505,0.00343733595297122,-0.00159049907157855,0.0118838578640686,0.134326030680375
RAC3,Ras-related C3 botulinum toxin substrate 3,Blood and urine assays,X30230.Nucleated red blood cell percentage,42055,0.0534180767913617,0.06381060553574,-0.0716507100586887,0.178486863641412,0.402521575018288
RAC3,Ras-related C3 botulinum toxin substrate 3,Blood and urine assays,X30240.Reticulocyte percentage,41343,-0.000519667958431267,0.00370155067454995,-0.00777470728054918,0.00673537136368664,0.888350993205585
RAC3,Ras-related C3 botulinum toxin substrate 3,Blood and urine assays,X30250.Reticulocyte count,41343,0.00108285317429374,0.00378443146331341,-0.00633463249380055,0.00850033884238803,0.774777196374742
RAC3,Ras-related C3 botulinum toxin substrate 3,Blood and urine assays,X30260.Mean reticulocyte volume,41343,0.00126135189044434,0.00352425119515356,-0.00564618045205662,0.00816888423294531,0.720415224412203
RAC3,Ras-related C3 botulinum toxin substrate 3,Blood and urine assays,X30270.Mean sphered cell volume,41343,-0.00177227855416172,0.00355625480241695,-0.00874253796689895,0.0051979808585755,0.618236264094063
RAC3,Ras-related C3 botulinum toxin substrate 3,Blood and urine assays,X30280.Immature reticulocyte fraction,41343,-0.0054152490062929,0.0037033338336103,-0.0126737833201691,0.0018432853075833,0.143676685842748
RAC3,Ras-related C3 botulinum toxin substrate 3,Blood and urine assays,X30290.High light scatter reticulocyte percentage,41343,-0.00279158247118576,0.00378302408958927,-0.0102063096867807,0.0046231447444092,0.460565112239665
RAC3,Ras-related C3 botulinum toxin substrate 3,Blood and urine assays,X30300.High light scatter reticulocyte count,41343,-0.00112689589532242,0.00384215973665256,-0.00865752897916144,0.0064037371885166,0.769296227066962
RAC3,Ras-related C3 botulinum toxin substrate 3,Blood and urine assays,X30500.Microalbumin in urine,13692,-0.00810098420091318,0.00594384551687171,-0.0197509214139817,0.00354895301215538,0.172930252876458
RAC3,Ras-related C3 botulinum toxin substrate 3,Blood and urine assays,X30510.Creatinine (enzymatic) in urine,42204,-0.00982664087159636,0.00373518447197776,-0.0171476024366728,-0.00250567930651996,0.00852072111372393
RAC3,Ras-related C3 botulinum toxin substrate 3,Blood and urine assays,X30520.Potassium in urine,42126,-0.0111798992866375,0.00347119609958626,-0.0179834436418265,-0.00437635493144841,0.00127946937501595
RAC3,Ras-related C3 botulinum toxin substrate 3,Blood and urine assays,X30530.Sodium in urine,42103,-0.00685793602730535,0.00362716356195578,-0.0139671766087387,0.000251304554127972,0.0586691331630934
RAC3,Ras-related C3 botulinum toxin substrate 3,Blood and urine assays,X30600.Albumin,37936,-0.00539472521577516,0.00375434786095744,-0.0127532470232517,0.00196379659170141,0.15074688074016
RAC3,Ras-related C3 botulinum toxin substrate 3,Blood and urine assays,X30610.Alkaline phosphatase,41394,0.0105040003352733,0.00359639556610437,0.0034550650257087,0.0175529356448378,0.00349432047199601
RAC3,Ras-related C3 botulinum toxin substrate 3,Blood and urine assays,X30620.Alanine aminotransferase,41388,0.000780259561146171,0.00380254550267165,-0.00667272962409027,0.00823324874638261,0.837421558398397
RAC3,Ras-related C3 botulinum toxin substrate 3,Blood and urine assays,X30630.Apolipoprotein A,37683,-0.0103150551672286,0.00413427731611014,-0.0184182387068044,-0.00221187162765269,0.0125996744128304
RAC3,Ras-related C3 botulinum toxin substrate 3,Blood and urine assays,X30640.Apolipoprotein B,41160,0.00276606308730111,0.0034786968465978,-0.00405218273203058,0.00958430890663281,0.426534636362198
RAC3,Ras-related C3 botulinum toxin substrate 3,Blood and urine assays,X30650.Aspartate aminotransferase,41269,0.003033883814274,0.00360507644894164,-0.00403206602565162,0.0100998336541996,0.400039836340244
RAC3,Ras-related C3 botulinum toxin substrate 3,Blood and urine assays,X30660.Direct bilirubin,35066,-0.00535638130402624,0.0039128474259648,-0.0130255622589173,0.00231279965086478,0.171032559455406
RAC3,Ras-related C3 botulinum toxin substrate 3,Blood and urine assays,X30670.Urea,41380,-0.000263508249319313,0.00370487862570611,-0.00752507035570329,0.00699805385706467,0.943298882267219
RAC3,Ras-related C3 botulinum toxin substrate 3,Blood and urine assays,X30680.Calcium,37928,0.00415791154531213,0.00365246908329327,-0.00300092785794269,0.0113167509485669,0.25496745891769
RAC3,Ras-related C3 botulinum toxin substrate 3,Blood and urine assays,X30690.Cholesterol,41406,0.000634125173166146,0.00353750252804307,-0.00629937978179827,0.00756763012813057,0.857736102161028
RAC3,Ras-related C3 botulinum toxin substrate 3,Blood and urine assays,X30700.Creatinine,41392,0.00955696634203599,0.00435372081552594,0.00102367354360515,0.0180902591404668,0.02816008524891
RAC3,Ras-related C3 botulinum toxin substrate 3,Blood and urine assays,X30710.C-reactive protein,41278,0.0116599257803824,0.00389191539295127,0.00403177161019788,0.0192880799505669,0.00273767180195554
RAC3,Ras-related C3 botulinum toxin substrate 3,Blood and urine assays,X30720.Cystatin C,41410,0.0159708812275966,0.0041259515647269,0.00788401616073186,0.0240577462944613,0.00010862916520163
RAC3,Ras-related C3 botulinum toxin substrate 3,Blood and urine assays,X30730.Gamma glutamyltransferase,41391,0.00275112203614451,0.0038795174758875,-0.00485273221659499,0.010354976288884,0.478241436135686
RAC3,Ras-related C3 botulinum toxin substrate 3,Blood and urine assays,X30740.Glucose,37881,-0.0047808995286228,0.0037548360193898,-0.0121403781266268,0.0025785790693812,0.202932004125648
RAC3,Ras-related C3 botulinum toxin substrate 3,Blood and urine assays,X30750.Glycated haemoglobin (HbA1c),41210,-0.00673695127662914,0.00377507065380156,-0.0141360897580802,0.00066218720482192,0.0743352898019361
RAC3,Ras-related C3 botulinum toxin substrate 3,Blood and urine assays,X30760.HDL cholesterol,37903,-0.00942031280787457,0.00430334723243302,-0.0178548733834433,-0.000985752232305855,0.0285980945586278
RAC3,Ras-related C3 botulinum toxin substrate 3,Blood and urine assays,X30770.IGF-1,41186,6.0764823759992e-05,0.00365174340993908,-0.00709665225972061,0.0072181819072406,0.986723934973914
RAC3,Ras-related C3 botulinum toxin substrate 3,Blood and urine assays,X30780.LDL direct,41312,0.00119177795736323,0.00348336493192398,-0.00563561730920777,0.00801917322393423,0.732251710385911
RAC3,Ras-related C3 botulinum toxin substrate 3,Blood and urine assays,X30790.Lipoprotein A,33110,0.0053320803854115,0.00385627242675898,-0.00222621357103611,0.0128903743418591,0.166765206738288
RAC3,Ras-related C3 botulinum toxin substrate 3,Blood and urine assays,X30810.Phosphate,37854,-0.00930980262197717,0.00377812192300156,-0.0167149215910602,-0.00190468365289411,0.0137388475702679
RAC3,Ras-related C3 botulinum toxin substrate 3,Blood and urine assays,X30830.SHBG,37578,0.00183175138129731,0.00433974085903238,-0.00667414070240615,0.0103376434650008,0.672963396953016
RAC3,Ras-related C3 botulinum toxin substrate 3,Blood and urine assays,X30840.Total bilirubin,41245,-0.00135684670388446,0.00370558761929496,-0.00861979843770259,0.00590610502993367,0.714245806573463
RAC3,Ras-related C3 botulinum toxin substrate 3,Blood and urine assays,X30850.Testosterone,37385,0.00593856768251067,0.00604189789040998,-0.00590355218269288,0.0177806875477142,0.325664141463443
RAC3,Ras-related C3 botulinum toxin substrate 3,Blood and urine assays,X30860.Total protein,37902,0.02977084569804,0.00370312727635633,0.0225127162363816,0.0370289751596984,9.28935885662077e-16
RAC3,Ras-related C3 botulinum toxin substrate 3,Blood and urine assays,X30870.Triglycerides,41377,0.00250962184029031,0.00378224995472202,-0.00490358807096485,0.00992283175154548,0.506997320101804
RAC3,Ras-related C3 botulinum toxin substrate 3,Blood and urine assays,X30880.Urate,41346,0.0113858905626427,0.00439123985402024,0.00277906044876302,0.0199927206765224,0.00952137433514196
RAC3,Ras-related C3 botulinum toxin substrate 3,Blood and urine assays,X30890.Vitamin D,39528,0.00104827204967484,0.00392874829153382,-0.00665207460173145,0.00874861870108114,0.789608474603705
RAC3,Ras-related C3 botulinum toxin substrate 3,Physical measures,X3137.Number of measurements made,39346,-0.0135519602961887,0.0163109989770896,-0.0455215182912844,0.018417597698907,0.406064566213025
RAC3,Ras-related C3 botulinum toxin substrate 3,Physical measures,X3143.Ankle spacing width,24485,0.0026409924604747,0.0061973034557572,-0.00950572231280941,0.0147877072337588,0.67000093371559
RAC3,Ras-related C3 botulinum toxin substrate 3,Physical measures,"X3144.Heel Broadband ultrasound attenuation, direct entry",24484,0.00534384523262051,0.00477601881993136,-0.00401715165444495,0.014704842119686,0.263197558412982
RAC3,Ras-related C3 botulinum toxin substrate 3,Physical measures,X3146.Speed of sound through heel,24485,0.00633840263096602,0.00462981214789288,-0.00273602917890403,0.0154128344408361,0.170999026033159
RAC3,Ras-related C3 botulinum toxin substrate 3,Physical measures,"X3147.Heel quantitative ultrasound index (QUI), direct entry",24485,0.00617692054583456,0.00467442363254177,-0.00298494977394731,0.0153387908656164,0.186370602066601
RAC3,Ras-related C3 botulinum toxin substrate 3,Physical measures,X3148.Heel bone mineral density (BMD),24464,0.00650674427489754,0.00468595205302956,-0.0026777217490404,0.0156912102988355,0.164978023400246
RAC3,Ras-related C3 botulinum toxin substrate 3,Health and medical history,X3526.Mother's age at death,25908,-0.0009139219,0.004620964,-0.009971012,0.008143168,0.8432208
RAC3,Ras-related C3 botulinum toxin substrate 3,Health and medical history,X3581.Age at menopause (last menstrual period),13458,0.0094743248218306,0.00640327903540656,-0.00307610208756626,0.0220247517312275,0.139002072911911
RAC3,Ras-related C3 botulinum toxin substrate 3,Health and medical history,"X3761.Age hay fever, rhinitis or eczema diagnosed",8550,0.000946859942256399,0.00773766100171037,-0.0142189556210959,0.0161126755056087,0.902608635059159
RAC3,Ras-related C3 botulinum toxin substrate 3,Physical measures,X4100.Ankle spacing width (left),14146,0.00270875739446554,0.0082955314880341,-0.0135504843220813,0.0189679991110124,0.744026635252836
RAC3,Ras-related C3 botulinum toxin substrate 3,Physical measures,X4101.Heel broadband ultrasound attenuation (left),14143,-0.00716075983440455,0.00636431005736896,-0.0196348075468477,0.0053132878780386,0.260547493604441
RAC3,Ras-related C3 botulinum toxin substrate 3,Physical measures,X4103.Speed of sound through heel (left),14146,-0.000461564617627633,0.0061736213929964,-0.0125618625479006,0.0116387333126453,0.940403545241537
RAC3,Ras-related C3 botulinum toxin substrate 3,Physical measures,"X4104.Heel quantitative ultrasound index (QUI), direct entry (left)",14146,-0.00306893234813353,0.006232924320173,-0.0152854640156726,0.00914759931940554,0.622462344864315
RAC3,Ras-related C3 botulinum toxin substrate 3,Physical measures,X4105.Heel bone mineral density (BMD) (left),14137,-0.00271179536744426,0.0062344926391733,-0.0149314009402239,0.0095078102053354,0.663593398744443
RAC3,Ras-related C3 botulinum toxin substrate 3,Physical measures,"X4106.Heel bone mineral density (BMD) T-score, automated (left)",14146,-0.00305824701470493,0.00623291548063758,-0.0152747613567546,0.00915826732734472,0.623674026380266
RAC3,Ras-related C3 botulinum toxin substrate 3,Physical measures,X4119.Ankle spacing width (right),14136,0.000575704515460052,0.00820117952987213,-0.0154986073630893,0.0166500163940094,0.944037243083033
RAC3,Ras-related C3 botulinum toxin substrate 3,Physical measures,X4120.Heel broadband ultrasound attenuation (right),14135,-0.00455467595106628,0.00641764766083148,-0.017133265366296,0.00802391346416343,0.477895009474132
RAC3,Ras-related C3 botulinum toxin substrate 3,Physical measures,X4122.Speed of sound through heel (right),14136,-0.00107473981959616,0.00620054894218232,-0.0132278157462735,0.0110783361070812,0.862394696571479
RAC3,Ras-related C3 botulinum toxin substrate 3,Physical measures,"X4123.Heel quantitative ultrasound index (QUI), direct entry (right)",14136,-0.00220666431628805,0.00627023952842463,-0.0144963337920003,0.0100830051594242,0.724898532420414
RAC3,Ras-related C3 botulinum toxin substrate 3,Physical measures,X4124.Heel bone mineral density (BMD) (right),14125,-0.00218984242695893,0.00627618560939198,-0.0144911662213672,0.0101114813674494,0.727159869641273
RAC3,Ras-related C3 botulinum toxin substrate 3,Physical measures,"X4125.Heel bone mineral density (BMD) T-score, automated (right)",14136,-0.0022079232720145,0.00627027023432547,-0.0144976529312924,0.0100818063872634,0.724749252456118
RAC3,Ras-related C3 botulinum toxin substrate 3,Physical measures,X4194.Pulse rate,14697,0.00595690897202683,0.00593333207090795,-0.00567242188695275,0.0175862398310064,0.315407866141654
RAC3,Ras-related C3 botulinum toxin substrate 3,Physical measures,X4195.Pulse wave reflection index,14697,-0.00670615690160034,0.00605361942518735,-0.0185712509749675,0.00515893717176687,0.267969393358532
RAC3,Ras-related C3 botulinum toxin substrate 3,Physical measures,X4196.Pulse wave peak to peak time,14687,0.00202441749871296,0.00603464246988194,-0.00980348174225565,0.0138523167396816,0.73727836839003
RAC3,Ras-related C3 botulinum toxin substrate 3,Physical measures,X4198.Position of the pulse wave peak,14697,0.00303320785325647,0.00610566502670675,-0.00893389559908874,0.0150003113056017,0.619347528048613
RAC3,Ras-related C3 botulinum toxin substrate 3,Physical measures,X4199.Position of pulse wave notch,14697,0.00925256369023541,0.00589779874757759,-0.00230712185501667,0.0208122492354875,0.116712262947006
RAC3,Ras-related C3 botulinum toxin substrate 3,Physical measures,X4200.Position of the shoulder on the pulse waveform,14697,0.00701438537664404,0.00612292653280956,-0.0049865506276627,0.0190153213809508,0.251982022515334
RAC3,Ras-related C3 botulinum toxin substrate 3,Physical measures,X4269.Number of triplets attempted (left),14412,0.079472828466438,0.0757120004819369,-0.0689226924781583,0.227868349411034,0.293886203222393
RAC3,Ras-related C3 botulinum toxin substrate 3,Physical measures,X4270.Volume level set by participant (left),14261,-0.0114223902044789,0.0218280417723163,-0.054205352078219,0.0313605716692611,0.600780783157938
RAC3,Ras-related C3 botulinum toxin substrate 3,Physical measures,X4276.Number of triplets attempted (right),14418,0.00466759072488762,0.0687932574700833,-0.130167193916476,0.139502375366251,0.945906351705191
RAC3,Ras-related C3 botulinum toxin substrate 3,Physical measures,X4277.Volume level set by participant (right),14254,-0.0159632257349157,0.0219482106313131,-0.0589817185722894,0.027055267102458,0.467046005505395
RAC3,Ras-related C3 botulinum toxin substrate 3,Cognitive function,X4288.Time to answer,14729,-0.0010500375318206,0.0069314336353675,-0.0146356474571409,0.0125355723934997,0.879591884093329
RAC3,Ras-related C3 botulinum toxin substrate 3,Cognitive function,X4290.Duration screen displayed,14729,-0.000335234149992972,0.00622440527901638,-0.0125350684968651,0.0118646001968791,0.957049013642699
RAC3,Ras-related C3 botulinum toxin substrate 3,Physical measures,X46.Hand grip strength (left),43317,-0.00915550908311987,0.00490957063588116,-0.0187782675294469,0.000467249363207215,0.0622121538436164
RAC3,Ras-related C3 botulinum toxin substrate 3,Physical measures,X47.Hand grip strength (right),43313,-0.00915493111915631,0.00486924956098607,-0.018698660258689,0.000388798020376391,0.060094021881194
RAC3,Ras-related C3 botulinum toxin substrate 3,Physical measures,X48.Waist circumference,43444,0.01411489,0.007571797,-0.0007258297,0.02895561,0.06230874
RAC3,Ras-related C3 botulinum toxin substrate 3,Health and medical history,X4803.Tinnitus,14449,0.0235017220191222,0.0255087364089027,-0.0264954013423271,0.0734988453805715,0.35689851689951
RAC3,Ras-related C3 botulinum toxin substrate 3,Working and living environment,X4825.Noisy workplace,14646,0.00301710529464934,0.0290249767261428,-0.0538718490885906,0.0599060596778893,0.917211574580741
RAC3,Ras-related C3 botulinum toxin substrate 3,Working and living environment,X4836.Loud music exposure frequency,14553,0.00902172284881061,0.0366011038383034,-0.062716440674264,0.0807598863718852,0.805308185066853
RAC3,Ras-related C3 botulinum toxin substrate 3,Physical measures,X49.Hip circumference,43436,0.00254235669994028,0.00605474426104475,-0.00932494205170743,0.014409655451588,0.674564255153606
RAC3,Ras-related C3 botulinum toxin substrate 3,Physical measures,X50.Standing height,43398,-0.00146289655181508,0.0048117219179864,-0.0108938715110684,0.00796807840743827,0.761108276987784
RAC3,Ras-related C3 botulinum toxin substrate 3,Health and medical history,X5057.Number of older siblings,12936,-0.00111269229223092,0.0232696176577474,-0.0467211429014159,0.044495758316954,0.961862519319736
RAC3,Ras-related C3 botulinum toxin substrate 3,Physical measures,X51.Seated height,43209,0.0001139614542044,0.00447444739192136,-0.00865595543396146,0.00888387834237026,0.979680679935127
RAC3,Ras-related C3 botulinum toxin substrate 3,Eye measures,X5181.Ever had eye surgery,9955,0.0326113433885685,0.0498452351248374,-0.0650853174561129,0.13030800423325,0.51296462073252
RAC3,Ras-related C3 botulinum toxin substrate 3,Eye measures,X5186.Duration visual-acuity screen displayed (right),9932,-0.000353208375581587,0.00741263656239315,-0.0148819760378722,0.014175559286709,0.961996546319976
RAC3,Ras-related C3 botulinum toxin substrate 3,Eye measures,X5188.Duration visual-acuity screen displayed (left),9930,-0.00577126458646576,0.00749797738532535,-0.0204673002617034,0.00892477108877194,0.44149055557542
RAC3,Ras-related C3 botulinum toxin substrate 3,Eye measures,X5190.Duration at which refractometer first shown (right),9819,-0.00272054066875376,0.0075656833516374,-0.0175492800379631,0.0121081987004555,0.719161843774721
RAC3,Ras-related C3 botulinum toxin substrate 3,Eye measures,X5193.Duration at which refractometer first shown (left),9816,-0.00205198938715104,0.007632495653552,-0.017011680868113,0.0129077020938109,0.788051485909609
RAC3,Ras-related C3 botulinum toxin substrate 3,Eye measures,"X5199.logMAR, initial (right)",9894,0.000967257839982701,0.0268032510173191,-0.0515671141539627,0.0535016298339281,0.971213451819034
RAC3,Ras-related C3 botulinum toxin substrate 3,Eye measures,X5200.Final number of letters displayed (right),9894,0.355488731820389,0.257345804913034,-0.148909045809158,0.859886509449936,0.167197714915774
RAC3,Ras-related C3 botulinum toxin substrate 3,Eye measures,"X5201.logMAR, final (right)",9798,-0.00144794294307256,0.00754821981884913,-0.0162424537880168,0.0133465679018717,0.847882679146069
RAC3,Ras-related C3 botulinum toxin substrate 3,Eye measures,X5202.Number of rounds to result (right),9894,0.00281677568588718,0.0251853422120976,-0.0465464950498241,0.0521800464215985,0.910951065455826
RAC3,Ras-related C3 botulinum toxin substrate 3,Eye measures,"X5206.logMAR, initial (left)",9890,-0.0248615407622919,0.0267639164673912,-0.0773188170383786,0.0275957355137949,0.352953185067825
RAC3,Ras-related C3 botulinum toxin substrate 3,Eye measures,X5207.Final number of letters displayed (left),9890,0.139139823663344,0.19076565076254,-0.234760851831234,0.513040499157923,0.465789199204439
RAC3,Ras-related C3 botulinum toxin substrate 3,Eye measures,"X5208.logMAR, final (left)",9799,-0.00674280805052636,0.00753167404671436,-0.0215048891820865,0.00801927308103379,0.370670029588401
RAC3,Ras-related C3 botulinum toxin substrate 3,Eye measures,X5209.Number of rounds to result (left),9884,-0.00684137497529271,0.0252127041842927,-0.0562582751765064,0.042575525225921,0.786130350593036
RAC3,Ras-related C3 botulinum toxin substrate 3,Eye measures,"X5254.Intra-ocular pressure, corneal-compensated (right)",9478,-0.00095982910477375,0.00749348417019754,-0.0156470580783609,0.0137273998688134,0.898081662763718
RAC3,Ras-related C3 botulinum toxin substrate 3,Eye measures,"X5255.Intra-ocular pressure, Goldmann-correlated (right)",9478,-0.00669987014117078,0.00744919680437056,-0.0213002958777371,0.0079005555953955,0.368458052477273
RAC3,Ras-related C3 botulinum toxin substrate 3,Eye measures,X5256.Corneal hysteresis (right),9478,-0.0123317668178522,0.00752631105864834,-0.0270833364928029,0.00241980285709857,0.101353274406991
RAC3,Ras-related C3 botulinum toxin substrate 3,Eye measures,X5257.Corneal resistance factor (right),9478,-0.0127574597473724,0.00746968589443317,-0.0273980441004614,0.00188312460571659,0.0876881115697807
RAC3,Ras-related C3 botulinum toxin substrate 3,Eye measures,"X5262.Intra-ocular pressure, corneal-compensated (left)",9446,-0.00803662367647647,0.00753934431185237,-0.0228137385277071,0.00674049117475418,0.286469955642438
RAC3,Ras-related C3 botulinum toxin substrate 3,Eye measures,"X5263.Intra-ocular pressure, Goldmann-correlated (left)",9446,-0.0106222643463053,0.007467222237843,-0.0252580199324776,0.00401349123986698,0.154908754808667
RAC3,Ras-related C3 botulinum toxin substrate 3,Eye measures,X5264.Corneal hysteresis (left),9446,-0.00344420164822983,0.00759554867024337,-0.0183314770419068,0.0114430737454472,0.650235161457728
RAC3,Ras-related C3 botulinum toxin substrate 3,Eye measures,X5265.Corneal resistance factor (left),9446,-0.00726454913847096,0.00753193244159166,-0.0220271367239906,0.0074980384470487,0.334820016020678
RAC3,Ras-related C3 botulinum toxin substrate 3,Lifestyle factors,X5364.Average weekly intake of other alcoholic drinks,9840,0.153463524785155,0.103349161532085,-0.0491008318177318,0.356027881388041,0.137601488335281
RAC3,Ras-related C3 botulinum toxin substrate 3,Diet and food preferences,"X6144#1.Never eat eggs, dairy, wheat, sugar_Eggs or foods containing eggs",43317,0.00214944288567331,0.019557741625014,-0.0361837306993541,0.0404826164707008,0.912487282655949
RAC3,Ras-related C3 botulinum toxin substrate 3,Diet and food preferences,"X6144#2.Never eat eggs, dairy, wheat, sugar_Dairy products",43317,-0.00827609753225114,0.0212061824839239,-0.049840215200742,0.0332880201362397,0.696340194569969
RAC3,Ras-related C3 botulinum toxin substrate 3,Diet and food preferences,"X6144#3.Never eat eggs, dairy, wheat, sugar_Wheat products",43317,9.81676167919633e-05,0.0202377613734252,-0.0395678446751214,0.0397641799087053,0.996129726751968
RAC3,Ras-related C3 botulinum toxin substrate 3,Diet and food preferences,"X6144#4.Never eat eggs, dairy, wheat, sugar_Sugar or foods or drinks containing sugar",43317,-0.00763684256127459,0.00867621018707873,-0.0246422145279489,0.00936852940539972,0.378753214213824
RAC3,Ras-related C3 botulinum toxin substrate 3,Diet and food preferences,"X6144#5.Never eat eggs, dairy, wheat, sugar_I eat all of the above",43317,0.00569217409042706,0.00798848315941084,-0.00996525290201817,0.0213496010828723,0.476129617844454
RAC3,Ras-related C3 botulinum toxin substrate 3,Mental health,"X6145#3.Illness, injury, bereavement, stress in last 2 years_Death of a close relative",19527,-0.0127226303363146,0.0100501849961738,-0.0324209929288152,0.00697573225618602,0.205560396172993
RAC3,Ras-related C3 botulinum toxin substrate 3,Mental health,"X6145#4.Illness, injury, bereavement, stress in last 2 years_Death of a spouse or partner",19527,0.0170311830028794,0.0268383994148899,-0.0355720798503048,0.0696344458560635,0.525708077298048
RAC3,Ras-related C3 botulinum toxin substrate 3,Mental health,"X6145#5.Illness, injury, bereavement, stress in last 2 years_Marital separation or divorce",19527,0.00922335674485614,0.0196045459047272,-0.0292015532284092,0.0476482667181215,0.638024301500536
RAC3,Ras-related C3 botulinum toxin substrate 3,Mental health,"X6145#6.Illness, injury, bereavement, stress in last 2 years_Financial difficulties",19527,-0.0212577361945779,0.0119053143747111,-0.0445921523690116,0.00207667997985585,0.0741849233714598
RAC3,Ras-related C3 botulinum toxin substrate 3,Eye measures,X6147#1.Reason for glasses or contact lenses_For short-sightedness,43447,0.0100623244825825,0.0133699046690587,-0.0161426886687726,0.0362673376339376,0.451688361731641
RAC3,Ras-related C3 botulinum toxin substrate 3,Eye measures,X6147#2.Reason for glasses or contact lenses_For long-sightedness,43447,0.00708384311066701,0.0170958085597166,-0.0264239416663775,0.0405916278877115,0.678611502190838
RAC3,Ras-related C3 botulinum toxin substrate 3,Eye measures,X6147#3.Reason for glasses or contact lenses_For just reading or near work as you are getting older (called 'presbyopia'),43447,-0.00467899284215949,0.0132076826682784,-0.0305660508719851,0.0212080651876662,0.723143538634655
RAC3,Ras-related C3 botulinum toxin substrate 3,Eye measures,X6147#4.Reason for glasses or contact lenses_For 'astigmatism',43447,-0.0294532422418313,0.0215766305206853,-0.0717434380623745,0.0128369535787119,0.172243492154292
RAC3,Ras-related C3 botulinum toxin substrate 3,Eye measures,X6147#5.Reason for glasses or contact lenses_For a 'squint' or 'turn' in an eye since childhood (called 'strabismus'),43447,0.0212097138981997,0.0532858867371657,-0.0832306241066451,0.125650051903044,0.690605430207389
RAC3,Ras-related C3 botulinum toxin substrate 3,Eye measures,X6147#6.Reason for glasses or contact lenses_For a 'lazy' eye or an eye with poor vision since childhood (called 'amblyopia'),43447,-0.00969731071921163,0.0365480532636016,-0.0813314951158707,0.0619368736774475,0.790756183140476
RAC3,Ras-related C3 botulinum toxin substrate 3,Eye measures,X6147#7.Reason for glasses or contact lenses_Other eye condition,43447,0.0297105307641862,0.0575670581585458,-0.0831209032265634,0.142541964754936,0.605785108009796
RAC3,Ras-related C3 botulinum toxin substrate 3,Health and medical history,X6149#1.Mouth or teeth dental problems_Mouth ulcers,43316,0.0136643902887525,0.0111355622130147,-0.00816131164875634,0.0354900922262614,0.219793640132952
RAC3,Ras-related C3 botulinum toxin substrate 3,Health and medical history,X6149#2.Mouth or teeth dental problems_Painful gums,43316,-0.00536988290326647,0.0188973768732227,-0.042408741574783,0.03166897576825,0.776288952501293
RAC3,Ras-related C3 botulinum toxin substrate 3,Health and medical history,X6149#3.Mouth or teeth dental problems_Bleeding gums,43316,0.00183002843685883,0.00998064258176859,-0.0177320310234076,0.0213920878971253,0.854518161714544
RAC3,Ras-related C3 botulinum toxin substrate 3,Health and medical history,X6149#4.Mouth or teeth dental problems_Loose teeth,43316,0.0199735169806719,0.0165979198227123,-0.0125584058718443,0.0525054398331881,0.228837928108897
RAC3,Ras-related C3 botulinum toxin substrate 3,Health and medical history,X6149#5.Mouth or teeth dental problems_Toothache,43316,-0.0055421070148175,0.016565858482176,-0.0380111896398825,0.0269269756102475,0.737966230743923
RAC3,Ras-related C3 botulinum toxin substrate 3,Health and medical history,X6149#6.Mouth or teeth dental problems_Dentures,43316,0.00991017373003483,0.00929347628359742,-0.00830503978581612,0.0281253872458858,0.286267739313104
RAC3,Ras-related C3 botulinum toxin substrate 3,Health and medical history,X6150#1.Vascular or heart problems diagnosed by doctor_Heart attack,13384,0.0441544210015072,0.0222410579407358,0.000561947437665092,0.0877468945653492,0.0471352581344245
RAC3,Ras-related C3 botulinum toxin substrate 3,Health and medical history,X6150#2.Vascular or heart problems diagnosed by doctor_Angina,13384,0.023829148271064,0.0191078786655724,-0.013622293913458,0.061280590455586,0.21238818879371
RAC3,Ras-related C3 botulinum toxin substrate 3,Health and medical history,X6150#3.Vascular or heart problems diagnosed by doctor_Stroke,13384,0.0388972680353311,0.02624469944607,-0.0125423428789661,0.0903368789496284,0.138337266955204
RAC3,Ras-related C3 botulinum toxin substrate 3,Health and medical history,X6150#4.Vascular or heart problems diagnosed by doctor_High blood pressure,13384,-0.0433638587548049,0.0208209154332688,-0.0841728530040118,-0.00255486450559803,0.0372969321387479
RAC3,Ras-related C3 botulinum toxin substrate 3,Health and medical history,X6151#1.Fractured bone site(s)_Ankle,43264,-0.0257119039682044,0.0281621711204685,-0.0809097593643226,0.0294859514279138,0.361250586384895
RAC3,Ras-related C3 botulinum toxin substrate 3,Health and medical history,X6151#2.Fractured bone site(s)_Leg,43264,0.0165308811828671,0.0426974518529645,-0.0671561244489433,0.100217886814677,0.698637312670375
RAC3,Ras-related C3 botulinum toxin substrate 3,Health and medical history,X6151#3.Fractured bone site(s)_Hip,43264,0.0548510092880038,0.0743717340088399,-0.0909175893693224,0.20061960794533,0.460807178346815
RAC3,Ras-related C3 botulinum toxin substrate 3,Health and medical history,X6151#4.Fractured bone site(s)_Spine,43264,-0.105378172870974,0.0708492359000578,-0.244242675235087,0.033486329493139,0.136927591943899
RAC3,Ras-related C3 botulinum toxin substrate 3,Health and medical history,X6151#5.Fractured bone site(s)_Wrist,43264,-0.0212553254017191,0.0244668845621576,-0.0692104191435479,0.0266997683401097,0.384994980732507
RAC3,Ras-related C3 botulinum toxin substrate 3,Health and medical history,X6151#6.Fractured bone site(s)_Arm,43264,0.0877105093984535,0.0328105778314863,0.0234017768487404,0.152019241948167,0.00751509481925779
RAC3,Ras-related C3 botulinum toxin substrate 3,Health and medical history,X6151#7.Fractured bone site(s)_Other bones,43264,-0.012014333514171,0.0151107282471587,-0.041631360878602,0.01760269385026,0.426567647138866
RAC3,Ras-related C3 botulinum toxin substrate 3,Health and medical history,"X6152#5.Blood clot, DVT, bronchitis, emphysema, asthma, rhinitis, eczema, allergy diagnosed by doctor_Blood clot in the leg (DVT)",14047,-0.00664855346677346,0.0239760051890354,-0.0536415236372828,0.0403444167037359,0.781553612723129
RAC3,Ras-related C3 botulinum toxin substrate 3,Health and medical history,"X6152#6.Blood clot, DVT, bronchitis, emphysema, asthma, rhinitis, eczema, allergy diagnosed by doctor_Emphysema or chronic bronchitis",14047,0.0357544865759108,0.0255101743873678,-0.0142454552233302,0.0857544283751517,0.16106356440384
RAC3,Ras-related C3 botulinum toxin substrate 3,Health and medical history,"X6152#7.Blood clot, DVT, bronchitis, emphysema, asthma, rhinitis, eczema, allergy diagnosed by doctor_Blood clot in the lung",14047,-0.0214494994721897,0.0350599039693504,-0.0901669112521165,0.0472679123077371,0.540682827895284
RAC3,Ras-related C3 botulinum toxin substrate 3,Health and medical history,"X6152#8.Blood clot, DVT, bronchitis, emphysema, asthma, rhinitis, eczema, allergy diagnosed by doctor_Asthma",14047,0.0144940391046834,0.0122906849230629,-0.00959570334452,0.0385837815538867,0.238310572674944
RAC3,Ras-related C3 botulinum toxin substrate 3,Health and medical history,"X6154#1.Medication for pain relief, constipation, heartburn_Aspirin",19652,-0.00988543542526933,0.0115798630517736,-0.0325819670067457,0.012811096156207,0.393295701714303
RAC3,Ras-related C3 botulinum toxin substrate 3,Health and medical history,"X6154#2.Medication for pain relief, constipation, heartburn_Ibuprofen",19652,-0.00127598424991746,0.0112717010218998,-0.023368518252841,0.0208165497530061,0.909871204942867
RAC3,Ras-related C3 botulinum toxin substrate 3,Health and medical history,"X6154#3.Medication for pain relief, constipation, heartburn_Paracetamol",19652,0.0141470637393239,0.0103340679776974,-0.00610770949696299,0.0344018369756109,0.171023260455097
RAC3,Ras-related C3 botulinum toxin substrate 3,Health and medical history,"X6154#4.Medication for pain relief, constipation, heartburn_Ranitidine",19653,-0.0307697427578842,0.0244475770251036,-0.0786869937270873,0.0171475082113189,0.208189478535101
RAC3,Ras-related C3 botulinum toxin substrate 3,Health and medical history,"X6154#5.Medication for pain relief, constipation, heartburn_Omeprazole",19653,0.0177100784245407,0.0145619114703622,-0.0108312680573693,0.0462514249064506,0.223926455163198
RAC3,Ras-related C3 botulinum toxin substrate 3,Health and medical history,"X6154#6.Medication for pain relief, constipation, heartburn_Laxatives",19653,6.34988206787935e-05,0.0198376278696179,-0.0388182518037722,0.0389452494451298,0.997446065753714
RAC3,Ras-related C3 botulinum toxin substrate 3,Health and medical history,X6155#1.Vitamin and mineral supplements_Vitamin A,43316,-0.014830428952249,0.0232834805115089,-0.0604660507548065,0.0308051928503084,0.52416033114155
RAC3,Ras-related C3 botulinum toxin substrate 3,Health and medical history,X6155#2.Vitamin and mineral supplements_Vitamin B,43316,0.0204976405873245,0.0163036682936582,-0.0114575492682455,0.0524528304428944,0.208673153922815
RAC3,Ras-related C3 botulinum toxin substrate 3,Health and medical history,X6155#3.Vitamin and mineral supplements_Vitamin C,43316,0.00864289390232663,0.0470239330926404,-0.0835240149592485,0.100809802763902,0.854172968505728
RAC3,Ras-related C3 botulinum toxin substrate 3,Health and medical history,X6155#4.Vitamin and mineral supplements_Vitamin D,43316,-0.0157210817526946,0.0166982934932782,-0.0484497369995198,0.0170075734941307,0.34646503267116
RAC3,Ras-related C3 botulinum toxin substrate 3,Health and medical history,X6155#5.Vitamin and mineral supplements_Vitamin E,43316,-0.013836886578376,0.0190463947033615,-0.0511678201969646,0.0234940470402125,0.467546503828157
RAC3,Ras-related C3 botulinum toxin substrate 3,Health and medical history,X6155#6.Vitamin and mineral supplements_Folic acid or Folate (Vit B9),43316,-0.0150805091296849,0.0218647835597035,-0.0579354849067038,0.027774466647334,0.490375978241085
RAC3,Ras-related C3 botulinum toxin substrate 3,Health and medical history,X6155#7.Vitamin and mineral supplements_Multivitamins + or - minerals,43316,-0.0114214319069107,0.00724288254246293,-0.0256174816901381,0.00277461787631659,0.114821697457779
RAC3,Ras-related C3 botulinum toxin substrate 3,Lifestyle factors,X6157#1.Why stopped smoking_Illness or ill health,8497,0.0297615256443292,0.0206578901348982,-0.0107279390200713,0.0702509903087296,0.149710420980058
RAC3,Ras-related C3 botulinum toxin substrate 3,Lifestyle factors,X6157#2.Why stopped smoking_Doctor's advice,8497,0.0112056186465443,0.0260006544710701,-0.039755664116753,0.0621669014098417,0.666497873997412
RAC3,Ras-related C3 botulinum toxin substrate 3,Lifestyle factors,X6157#3.Why stopped smoking_Health precaution,8497,-0.0475422704615109,0.0183930596711748,-0.0835926674170135,-0.0114918735060084,0.00976025925083008
RAC3,Ras-related C3 botulinum toxin substrate 3,Lifestyle factors,X6157#4.Why stopped smoking_Financial reasons,8497,-0.00339003269877839,0.0165191042906475,-0.0357674771084474,0.0289874117108906,0.837406013966785
RAC3,Ras-related C3 botulinum toxin substrate 3,Health and medical history,X6159#1.Pain type(s) experienced in last month_Headache,43507,-0.00163406245294495,0.00847324981989893,-0.0182416320999469,0.014973507194057,0.847077693432409
RAC3,Ras-related C3 botulinum toxin substrate 3,Health and medical history,X6159#2.Pain type(s) experienced in last month_Facial pain,43507,-0.0379245034794542,0.0244240103519043,-0.0857955637691866,0.00994655681027819,0.120488960157262
RAC3,Ras-related C3 botulinum toxin substrate 3,Health and medical history,X6159#3.Pain type(s) experienced in last month_Neck or shoulder pain,43507,-0.00399875164934467,0.00793132319790764,-0.0195441451172437,0.0115466418185543,0.61414301810117
RAC3,Ras-related C3 botulinum toxin substrate 3,Health and medical history,X6159#4.Pain type(s) experienced in last month_Back pain,43507,0.00235617171733924,0.00768428091434021,-0.0127050188747676,0.0174173623094461,0.759132362521299
RAC3,Ras-related C3 botulinum toxin substrate 3,Health and medical history,X6159#5.Pain type(s) experienced in last month_Stomach or abdominal pain,43507,-0.0192935606488634,0.0119595430790414,-0.0427342650837845,0.00414714378605765,0.10670058687547
RAC3,Ras-related C3 botulinum toxin substrate 3,Health and medical history,X6159#6.Pain type(s) experienced in last month_Hip pain,43507,-0.0181152936186784,0.0105759957816172,-0.0388442453506481,0.00261365811329133,0.0867437992800161
RAC3,Ras-related C3 botulinum toxin substrate 3,Health and medical history,X6159#7.Pain type(s) experienced in last month_Knee pain,43507,-0.0100848196782143,0.00825620366382727,-0.0262669788593157,0.00609733950288717,0.221909486472262
RAC3,Ras-related C3 botulinum toxin substrate 3,Health and medical history,X6159#8.Pain type(s) experienced in last month_Pain all over the body,43507,0.00549325065205972,0.0241219823431468,-0.041785834740508,0.0527723360446274,0.819858778524995
RAC3,Ras-related C3 botulinum toxin substrate 3,Lifestyle factors,X6160#1.Leisure or social activities_Sports club or gym,30104,-0.00612136757334632,0.00834928680547727,-0.0224859697120818,0.0102432345653891,0.463466234593082
RAC3,Ras-related C3 botulinum toxin substrate 3,Lifestyle factors,X6160#2.Leisure or social activities_Pub or social club,30104,0.000285240499552381,0.00872279156924815,-0.016811430976174,0.0173819119752788,0.973913563995247
RAC3,Ras-related C3 botulinum toxin substrate 3,Lifestyle factors,X6160#3.Leisure or social activities_Religious group,30104,-0.00328519216268487,0.00982101370128121,-0.022534379017196,0.0159639946918263,0.737999776435283
RAC3,Ras-related C3 botulinum toxin substrate 3,Lifestyle factors,X6160#4.Leisure or social activities_Adult education class,30105,-0.0173464070634511,0.013419923711595,-0.0436494575381773,0.00895664341127512,0.19616416922871
RAC3,Ras-related C3 botulinum toxin substrate 3,Lifestyle factors,X6160#5.Leisure or social activities_Other group activity,30105,-0.00169613974247391,0.00882547532723919,-0.0189940713838627,0.0156017918989149,0.847597192689697
RAC3,Ras-related C3 botulinum toxin substrate 3,Physical activities,X6162#1.Types of transport used (excluding work)_Car or motor vehicle,43117,0.0042794353828111,0.00853232328502288,-0.0124439182558337,0.021002789021456,0.61598264897864
RAC3,Ras-related C3 botulinum toxin substrate 3,Physical activities,X6162#2.Types of transport used (excluding work)_Walk,43117,-0.0216329633331524,0.00680905704582117,-0.0349787151429619,-0.00828721152334288,0.00148867535656178
RAC3,Ras-related C3 botulinum toxin substrate 3,Physical activities,X6162#3.Types of transport used (excluding work)_Public transport,43117,-0.00528904828549338,0.00754698778541491,-0.0200811443449066,0.00950304777391984,0.483421759235691
RAC3,Ras-related C3 botulinum toxin substrate 3,Physical activities,X6162#4.Types of transport used (excluding work)_Cycle,43117,-0.0316465999806769,0.0136883917246448,-0.0584758477609807,-0.00481735220037302,0.0207862448993313
RAC3,Ras-related C3 botulinum toxin substrate 3,Physical activities,X6164#1.Types of physical activity in last 4 weeks_Walking for pleasure (not as a means of transport),43147,0.000730244029434,0.00751420408627005,-0.0139975959796553,0.0154580840385233,0.922582456717539
RAC3,Ras-related C3 botulinum toxin substrate 3,Physical activities,X6164#3.Types of physical activity in last 4 weeks_Strenuous sports,43147,-0.00455474186567371,0.0117693945063961,-0.0276227550982102,0.0185132713668627,0.698758985790937
RAC3,Ras-related C3 botulinum toxin substrate 3,Health and medical history,X6179#1.Mineral and other dietary supplements_Fish oil (including cod liver oil),43316,0.00264396200941575,0.00740206724619094,-0.0118640897931185,0.01715201381195,0.720949531426173
RAC3,Ras-related C3 botulinum toxin substrate 3,Health and medical history,X6179#2.Mineral and other dietary supplements_Glucosamine,43316,-0.00228443845502565,0.00876651481163688,-0.0194668074858339,0.0148979305757826,0.794412372915885
RAC3,Ras-related C3 botulinum toxin substrate 3,Health and medical history,X6179#3.Mineral and other dietary supplements_Calcium,43316,-0.00945779816715373,0.0131526455949838,-0.035236983533322,0.0163213871990146,0.472095801518215
RAC3,Ras-related C3 botulinum toxin substrate 3,Health and medical history,X6179#4.Mineral and other dietary supplements_Zinc,43316,0.00554578448034592,0.0168726123302702,-0.0275245356869837,0.0386161046476756,0.74239493928931
RAC3,Ras-related C3 botulinum toxin substrate 3,Health and medical history,X6179#5.Mineral and other dietary supplements_Iron,43316,0.0278188701409258,0.0182069888265676,-0.00786682795914674,0.0635045682409983,0.126539054439984
RAC3,Ras-related C3 botulinum toxin substrate 3,Health and medical history,X6179#6.Mineral and other dietary supplements_Selenium,43316,-0.0139132084115001,0.0217311774740059,-0.0565063162605516,0.0286798994375515,0.522018792198287
RAC3,Ras-related C3 botulinum toxin substrate 3,Physical measures,"X78.Heel bone mineral density (BMD) T-score, automated",24485,0.00617998738103859,0.00467442782241907,-0.00298189115090278,0.01534186591298,0.186152456815436
RAC3,Ras-related C3 botulinum toxin substrate 3,Physical activities,X864.Number of days or week walked 10+ minutes,42583,-0.0409030856253093,0.0124620994721537,-0.0653288005907306,-0.016477370659888,0.00103083956610119
RAC3,Ras-related C3 botulinum toxin substrate 3,Physical activities,X874.Duration of walks,36865,-0.00525507713079166,0.00364862670808258,-0.0124063854786335,0.00189623121705021,0.149794130752905
RAC3,Ras-related C3 botulinum toxin substrate 3,Physical activities,X884.Number of days or week of moderate physical activity 10+ minutes,41139,-0.0294468354529203,0.0122130859636718,-0.0533844839417171,-0.00550918696412349,0.0159093289606598
RAC3,Ras-related C3 botulinum toxin substrate 3,Physical activities,X894.Duration of moderate activity,31861,-0.0223653404751882,0.0149520607058725,-0.0516713794586983,0.00694069850832193,0.134714852674756
RAC3,Ras-related C3 botulinum toxin substrate 3,Physical activities,X90087.No-wear time bias adjusted average acceleration,8888,-0.00568677875563748,0.00820674202010886,-0.0217719931150508,0.0103984356037759,0.488365420814381
RAC3,Ras-related C3 botulinum toxin substrate 3,Physical activities,X904.Number of days or week of vigorous physical activity 10+ minutes,41101,-0.0160562796147764,0.0127273003362135,-0.0410017882737548,0.00888922904420207,0.207113567770621
RAC3,Ras-related C3 botulinum toxin substrate 3,Physical activities,X914.Duration of vigorous activity,22994,-0.00172437603775128,0.00457343272215944,-0.0106883041731838,0.00723955209768121,0.706145904061168
