Protein,Protein_definition,Disease_category,Disease,NB_individual,NB_case,OR[95%CI],P_value
REXO2,"Oligoribonuclease, mitochondrial",Chapter I Certain infectious and parasitic diseases,Certain infectious and parasitic diseases,16071,753,1.13 [0.99-1.29],0.0775621890845046
REXO2,"Oligoribonuclease, mitochondrial",Chapter I Certain infectious and parasitic diseases,Implicit bacterial Sepsis,15495,237,1.00 [0.78-1.29],0.9929911346784264
REXO2,"Oligoribonuclease, mitochondrial",Chapter I Certain infectious and parasitic diseases,Intestinal infectious diseases,18121,149,0.98 [0.71-1.36],0.9196845789393814
REXO2,"Oligoribonuclease, mitochondrial",Chapter I Certain infectious and parasitic diseases,Implicit Sepsis,11287,850,0.93 [0.80-1.08],0.342560765790189
REXO2,"Oligoribonuclease, mitochondrial",Chapter I Certain infectious and parasitic diseases,Other bacterial intestinal infections,18082,110,0.87 [0.57-1.31],0.4990171772396321
REXO2,"Oligoribonuclease, mitochondrial",Chapter I Certain infectious and parasitic diseases,Explicit Sepsis,16156,76,1.22 [0.84-1.77],0.2930919665017936
REXO2,"Oligoribonuclease, mitochondrial",Chapter I Certain infectious and parasitic diseases,"Bacterial intestinal infections, IBD co-morbidities",19260,109,0.83 [0.54-1.28],0.4048254731593405
REXO2,"Oligoribonuclease, mitochondrial",Chapter I Certain infectious and parasitic diseases,Other specified/unspecified bacterial intestinal infections,19248,75,0.64 [0.36-1.16],0.1459407325706862
REXO2,"Oligoribonuclease, mitochondrial",Chapter I Certain infectious and parasitic diseases,Implicit viral Sepsis,15744,54,1.07 [0.65-1.76],0.778539163356148
REXO2,"Oligoribonuclease, mitochondrial",Chapter I Certain infectious and parasitic diseases,Other bacterial diseases,18361,107,1.23 [0.89-1.69],0.2044842094225295
REXO2,"Oligoribonuclease, mitochondrial",Chapter I Certain infectious and parasitic diseases,Other septicaemia,18323,69,1.24 [0.84-1.83],0.28289309500496
REXO2,"Oligoribonuclease, mitochondrial",Chapter I Certain infectious and parasitic diseases,Viral infections characterized by skin and mucous membrane lesions,19328,60,1.36 [0.94-1.96],0.1017424388333296
REXO2,"Oligoribonuclease, mitochondrial",Chapter I Certain infectious and parasitic diseases,Other viral diseases,19371,51,1.32 [0.88-1.99],0.1782059104153609
REXO2,"Oligoribonuclease, mitochondrial",Chapter I Certain infectious and parasitic diseases,"Other viral diseases, not elsewhere classified",19369,49,1.34 [0.89-2.02],0.1575415059823155
REXO2,"Oligoribonuclease, mitochondrial",Chapter I Certain infectious and parasitic diseases,Mycoses,18976,50,1.07 [0.64-1.79],0.8078639741677605
REXO2,"Oligoribonuclease, mitochondrial",Chapter I Certain infectious and parasitic diseases,"Bacterial, viral and other infectious agents",18086,357,1.00 [0.81-1.23],0.9712308131722652
REXO2,"Oligoribonuclease, mitochondrial",Chapter I Certain infectious and parasitic diseases,Streptococcus and staphylococcus as the cause of diseases classified to other chapters,17846,117,0.74 [0.47-1.15],0.1805073453025031
REXO2,"Oligoribonuclease, mitochondrial",Chapter I Certain infectious and parasitic diseases,Other bacterial agents as the cause of diseases classified to other chapters,17987,258,1.04 [0.82-1.31],0.7694810592971211
REXO2,"Oligoribonuclease, mitochondrial",Chapter II Neoplasms,"Malignant neoplasm of colon, excluding all cancers (controls excluding all cancers)",13994,82,0.80 [0.48-1.32],0.3864230428054754
REXO2,"Oligoribonuclease, mitochondrial",Chapter II Neoplasms,"Malignant melanoma of skin, excluding all cancers (controls excluding all cancers)",13960,48,0.94 [0.52-1.70],0.8485774727265352
REXO2,"Oligoribonuclease, mitochondrial",Chapter II Neoplasms,"Other malignant neoplasms of skin (=non-melanoma skin cancer), excluding all cancers (controls excluding all cancers)",14239,327,1.02 [0.82-1.26],0.8556368619105559
REXO2,"Oligoribonuclease, mitochondrial",Chapter II Neoplasms,"Squamous cell neoplasms and carcinomas of the skin, excluding all cancers (controls excluding all cancers)",14247,335,1.03 [0.83-1.26],0.8112596773764427
REXO2,"Oligoribonuclease, mitochondrial",Chapter II Neoplasms,"Malignant neoplasm of breast, excluding all cancers (controls excluding all cancers)",8042,315,1.08 [0.88-1.32],0.4665669503977147
REXO2,"Oligoribonuclease, mitochondrial",Chapter II Neoplasms,"Malignant neoplasm of prostate, excluding all cancers (controls excluding all cancers)",6354,169,1.00 [0.74-1.36],0.9956372457388172
REXO2,"Oligoribonuclease, mitochondrial",Chapter II Neoplasms,"Non-Hodgkin lymphoma, all, excluding all cancers (controls excluding all cancers)",13958,46,1.11 [0.67-1.85],0.678410985812077
REXO2,"Oligoribonuclease, mitochondrial",Chapter III Diseases of the blood and blood-forming organs and certain disorders involving the immune mechanism,Diseases of the blood and blood-forming organs and certain disorders involving the immune mechanism,16616,601,1.06 [0.91-1.23],0.4895664257411557
REXO2,"Oligoribonuclease, mitochondrial",Chapter II Neoplasms,"Benign neoplasm of colon, rectum, anus and anal canal",18085,385,0.91 [0.73-1.13],0.3780969184037458
REXO2,"Oligoribonuclease, mitochondrial",Chapter II Neoplasms,Benign neoplasm: Sigmoid colon,18900,133,1.08 [0.79-1.48],0.6356010354294328
REXO2,"Oligoribonuclease, mitochondrial",Chapter II Neoplasms,"Benign neoplasm: Colon, unspecified",19406,122,0.83 [0.55-1.24],0.3556062602411415
REXO2,"Oligoribonuclease, mitochondrial",Chapter II Neoplasms,Benign neoplasm: Rectum,19137,77,0.90 [0.56-1.46],0.6730072161840868
REXO2,"Oligoribonuclease, mitochondrial",Chapter II Neoplasms,Benign neoplasm of other and ill-defined parts of digestive system,19411,77,1.14 [0.77-1.69],0.5172231224346884
REXO2,"Oligoribonuclease, mitochondrial",Chapter II Neoplasms,Benign neoplasm: Stomach,19459,55,1.25 [0.82-1.92],0.2951408500093797
REXO2,"Oligoribonuclease, mitochondrial",Chapter II Neoplasms,Benign lipomatous neoplasm,19261,245,0.87 [0.66-1.15],0.3267721028186586
REXO2,"Oligoribonuclease, mitochondrial",Chapter II Neoplasms,Benign lipomatous neoplasm of skin and subcutaneous tissue of trunk,19438,87,1.03 [0.69-1.55],0.8851186822930595
REXO2,"Oligoribonuclease, mitochondrial",Chapter II Neoplasms,Benign lipomatous neoplasm of skin and subcutaneous tissue of limbs,19443,73,0.74 [0.43-1.30],0.2968271089197353
REXO2,"Oligoribonuclease, mitochondrial",Chapter II Neoplasms,"Haemangioma and lymphangioma, any site",19370,49,1.32 [0.87-2.00],0.1978856189127709
REXO2,"Oligoribonuclease, mitochondrial",Chapter II Neoplasms,"Haemangioma, any site",19373,48,1.34 [0.89-2.03],0.1648724332078908
REXO2,"Oligoribonuclease, mitochondrial",Chapter II Neoplasms,Melanocytic naevi,19320,125,1.16 [0.86-1.57],0.3287596489348614
REXO2,"Oligoribonuclease, mitochondrial",Chapter II Neoplasms,Melanocytic naevi of other and unspecified parts of face,19439,56,1.10 [0.69-1.77],0.6810717817358298
REXO2,"Oligoribonuclease, mitochondrial",Chapter II Neoplasms,Other benign neoplasms of skin,19335,147,1.06 [0.78-1.43],0.7236099609036057
REXO2,"Oligoribonuclease, mitochondrial",Chapter II Neoplasms,Benign neoplasm of breast,10241,39,0.67 [0.30-1.49],0.3299855758446569
REXO2,"Oligoribonuclease, mitochondrial",Chapter II Neoplasms,Leiomyoma of uterus,10113,258,1.00 [0.79-1.27],0.9924883951845468
REXO2,"Oligoribonuclease, mitochondrial",Chapter III Diseases of the blood and blood-forming organs and certain disorders involving the immune mechanism,Other and unspecified iron deficiency,18185,157,1.00 [0.73-1.36],0.9854713966768364
REXO2,"Oligoribonuclease, mitochondrial",Chapter III Diseases of the blood and blood-forming organs and certain disorders involving the immune mechanism,Other anaemias,17755,265,1.17 [0.95-1.44],0.1419508617504953
REXO2,"Oligoribonuclease, mitochondrial",Chapter III Diseases of the blood and blood-forming organs and certain disorders involving the immune mechanism,Other and unspecified anaemias,17755,265,1.17 [0.95-1.44],0.1419508617504953
REXO2,"Oligoribonuclease, mitochondrial",Chapter I Certain infectious and parasitic diseases,Condition for Implicit Sepsis (Organ dysfunction codes),15680,436,0.98 [0.81-1.19],0.8235552428044569
REXO2,"Oligoribonuclease, mitochondrial",Chapter III Diseases of the blood and blood-forming organs and certain disorders involving the immune mechanism,Agranulocytosis,18956,50,1.08 [0.65-1.81],0.7537822354507671
REXO2,"Oligoribonuclease, mitochondrial","Chapter IV Endocrine, nutritional and metabolic diseases",Disorders of other endocrine glands,19181,46,0.77 [0.38-1.53],0.45245758550115
REXO2,"Oligoribonuclease, mitochondrial","Chapter IV Endocrine, nutritional and metabolic diseases",Metabolic disorders,14135,1293,0.89 [0.78-1.01],0.0601138702004945
REXO2,"Oligoribonuclease, mitochondrial","Chapter IV Endocrine, nutritional and metabolic diseases",Disorders of the thyroid gland,18044,528,0.92 [0.77-1.10],0.3585552463589078
REXO2,"Oligoribonuclease, mitochondrial","Chapter IV Endocrine, nutritional and metabolic diseases",Type 1 diabetes,17117,114,0.87 [0.58-1.30],0.4835105897260773
REXO2,"Oligoribonuclease, mitochondrial",Chapter IX Diseases of the circulatory system,Peripheral artery disease,18131,137,1.42 [1.13-1.80],0.0032252782898528
REXO2,"Oligoribonuclease, mitochondrial","Chapter IV Endocrine, nutritional and metabolic diseases",Type 1 diabetes without complications,17108,105,0.87 [0.57-1.32],0.5018275704278368
REXO2,"Oligoribonuclease, mitochondrial","Chapter IV Endocrine, nutritional and metabolic diseases",Type 2 diabetes,17624,621,0.90 [0.76-1.08],0.2557847886425225
REXO2,"Oligoribonuclease, mitochondrial","Chapter IV Endocrine, nutritional and metabolic diseases",Type 2 diabetes without complications,17605,602,0.92 [0.77-1.10],0.3623177552528598
REXO2,"Oligoribonuclease, mitochondrial","Chapter IV Endocrine, nutritional and metabolic diseases",Obesity,17944,143,1.23 [0.90-1.69],0.1939403518816445
REXO2,"Oligoribonuclease, mitochondrial","Chapter IV Endocrine, nutritional and metabolic diseases","Obesity, other/unspecified",17943,142,1.23 [0.90-1.69],0.1973597604611567
REXO2,"Oligoribonuclease, mitochondrial","Chapter IV Endocrine, nutritional and metabolic diseases",Disorders of lipoprotein metabolism and other lipidaemias,13987,1145,0.87 [0.76-1.00],0.0430454850855751
REXO2,"Oligoribonuclease, mitochondrial","Chapter IV Endocrine, nutritional and metabolic diseases","Hyperlipidaemia, other/unspecified",12983,141,0.84 [0.58-1.23],0.376227087654495
REXO2,"Oligoribonuclease, mitochondrial","Chapter IV Endocrine, nutritional and metabolic diseases",Pure hypercholesterolaemia,13906,1064,0.88 [0.77-1.01],0.0722397388254771
REXO2,"Oligoribonuclease, mitochondrial","Chapter IV Endocrine, nutritional and metabolic diseases",Volume depletion,12884,42,1.40 [0.91-2.16],0.1257047713334737
REXO2,"Oligoribonuclease, mitochondrial","Chapter IV Endocrine, nutritional and metabolic diseases","Other disorders of fluid, electrolyte and acid-base balance",12912,70,0.61 [0.32-1.14],0.118914872703833
REXO2,"Oligoribonuclease, mitochondrial",Chapter V Mental and behavioural disorders,Any mental disorder,16012,427,0.92 [0.75-1.13],0.416609148601195
REXO2,"Oligoribonuclease, mitochondrial",Chapter V Mental and behavioural disorders,"Substance abuse, excluding more controls",15718,133,0.97 [0.68-1.39],0.8716492051190113
REXO2,"Oligoribonuclease, mitochondrial",Chapter V Mental and behavioural disorders,"Mental and behavioural disorders due to alcohol, excluding acute intoxication",19152,92,1.12 [0.78-1.63],0.5317216286263186
REXO2,"Oligoribonuclease, mitochondrial",Chapter V Mental and behavioural disorders,"Alcohol use disorder, ICD-based",19201,67,1.14 [0.74-1.74],0.5554193108294314
REXO2,"Oligoribonuclease, mitochondrial",Chapter V Mental and behavioural disorders,Acute alcohol intoxication,18172,30,1.49 [0.93-2.38],0.0946095866402866
REXO2,"Oligoribonuclease, mitochondrial",Chapter V Mental and behavioural disorders,"Acute alcohol intoxication, ICD10",19392,30,1.51 [0.95-2.40],0.0836161858884497
REXO2,"Oligoribonuclease, mitochondrial",Chapter V Mental and behavioural disorders,"Alcohol abuse, main dg, excluding more controls",15615,30,1.49 [0.93-2.39],0.0985908659604588
REXO2,"Oligoribonuclease, mitochondrial",Chapter V Mental and behavioural disorders,Alcohol dependence,18178,36,0.80 [0.38-1.69],0.5552705846229964
REXO2,"Oligoribonuclease, mitochondrial",Chapter V Mental and behavioural disorders,Smoking dependency,18128,43,0.61 [0.27-1.35],0.2199104607588269
REXO2,"Oligoribonuclease, mitochondrial",Chapter V Mental and behavioural disorders,"Schizophrenia or delusion, excluding more controls",15613,28,0.54 [0.20-1.50],0.2389604539297473
REXO2,"Oligoribonuclease, mitochondrial",Chapter V Mental and behavioural disorders,"Mood disorders, excluding more controls",15785,200,0.99 [0.75-1.30],0.9291784951936444
REXO2,"Oligoribonuclease, mitochondrial",Chapter V Mental and behavioural disorders,Depression,18285,180,1.04 [0.79-1.38],0.772821516365152
REXO2,"Oligoribonuclease, mitochondrial",Chapter V Mental and behavioural disorders,Depression or dysthymia,15511,156,0.98 [0.71-1.34],0.877884876498753
REXO2,"Oligoribonuclease, mitochondrial",Chapter V Mental and behavioural disorders,"Anxiety disorders, excluding more controls",15672,87,0.95 [0.62-1.45],0.813787376127489
REXO2,"Oligoribonuclease, mitochondrial",Chapter V Mental and behavioural disorders,Other anxiety disorders,18280,53,0.59 [0.29-1.22],0.1559157848638395
REXO2,"Oligoribonuclease, mitochondrial",Chapter VI Diseases of the nervous system,Neurological diseases,16040,1225,0.96 [0.85-1.08],0.4595057178421214
REXO2,"Oligoribonuclease, mitochondrial",Chapter VI Diseases of the nervous system,Other degenerative diseases of the nervous system,14089,84,1.04 [0.69-1.57],0.8615180344010961
REXO2,"Oligoribonuclease, mitochondrial",Chapter VI Diseases of the nervous system,MS-disease / Multiple Sclerosis,19386,63,0.74 [0.40-1.35],0.3247999003905759
REXO2,"Oligoribonuclease, mitochondrial",Chapter VI Diseases of the nervous system,Episodal and paroxysmal disorders,18390,374,0.86 [0.69-1.08],0.2048890789988872
REXO2,"Oligoribonuclease, mitochondrial",Chapter VI Diseases of the nervous system,Epilepsy,18117,101,0.82 [0.52-1.29],0.391296712246163
REXO2,"Oligoribonuclease, mitochondrial",Chapter VI Diseases of the nervous system,Migraine,18064,48,0.79 [0.41-1.54],0.4880680024508619
REXO2,"Oligoribonuclease, mitochondrial",Chapter VI Diseases of the nervous system,"Migraine, unspecified, drug-induced",19267,43,0.86 [0.44-1.67],0.6490955978757951
REXO2,"Oligoribonuclease, mitochondrial",Chapter IX Diseases of the circulatory system,Transient ischemic attack,18515,95,1.10 [0.76-1.58],0.6247193553319521
REXO2,"Oligoribonuclease, mitochondrial",Chapter VI Diseases of the nervous system,Other sleep disorders,18145,129,0.84 [0.57-1.23],0.3652163599208785
REXO2,"Oligoribonuclease, mitochondrial",Chapter VI Diseases of the nervous system,Sleep apnoea,19037,98,0.81 [0.52-1.27],0.3647294952723849
REXO2,"Oligoribonuclease, mitochondrial",Chapter VI Diseases of the nervous system,"Nerve, nerve root and plexus disorders",18473,585,0.97 [0.82-1.15],0.736376763077593
REXO2,"Oligoribonuclease, mitochondrial",Chapter VI Diseases of the nervous system,"Other and unspecified nerve root and plexus disorders, also in other diseases",17974,86,0.91 [0.58-1.43],0.6742056495977347
REXO2,"Oligoribonuclease, mitochondrial",Chapter VI Diseases of the nervous system,Carpal tunnel syndrome,18245,357,1.03 [0.84-1.26],0.7863675600387039
REXO2,"Oligoribonuclease, mitochondrial",Chapter VI Diseases of the nervous system,Cerebral palsy and other paralytic syndromes,19162,64,0.74 [0.41-1.35],0.328378474162538
REXO2,"Oligoribonuclease, mitochondrial",Chapter VI Diseases of the nervous system,Hemiplegia,19146,48,0.79 [0.41-1.54],0.4904382047530745
REXO2,"Oligoribonuclease, mitochondrial",Chapter VI Diseases of the nervous system,Other neurological diseases,19007,95,1.36 [1.02-1.82],0.039324228791806
REXO2,"Oligoribonuclease, mitochondrial","Chapter VII Diseases of the eye, adnexa, ear and mastoid process","Disorders of eyelid, lacrimal system and orbit",18748,355,1.10 [0.91-1.33],0.3388169059718404
REXO2,"Oligoribonuclease, mitochondrial","Chapter VII Diseases of the eye, adnexa, ear and mastoid process",Other disorders of eyelid,18607,214,1.20 [0.96-1.50],0.1184703565223524
REXO2,"Oligoribonuclease, mitochondrial","Chapter VII Diseases of the eye, adnexa, ear and mastoid process",Chalazion,18445,52,1.32 [0.88-1.97],0.1829636060390904
REXO2,"Oligoribonuclease, mitochondrial","Chapter VII Diseases of the eye, adnexa, ear and mastoid process",Other specified and unspecified  disorders of eyelid,18504,111,1.27 [0.95-1.70],0.1041136527064564
REXO2,"Oligoribonuclease, mitochondrial","Chapter VII Diseases of the eye, adnexa, ear and mastoid process",Disorders of lacrimal system,18478,85,0.76 [0.46-1.27],0.2901628328749527
REXO2,"Oligoribonuclease, mitochondrial","Chapter VII Diseases of the eye, adnexa, ear and mastoid process",Senile cataract,14944,209,0.85 [0.63-1.15],0.2940226870257875
REXO2,"Oligoribonuclease, mitochondrial","Chapter VII Diseases of the eye, adnexa, ear and mastoid process",Other cataract,15251,516,0.89 [0.74-1.08],0.2332612960639463
REXO2,"Oligoribonuclease, mitochondrial","Chapter VII Diseases of the eye, adnexa, ear and mastoid process",Disorders of choroid and retina,18298,237,0.84 [0.63-1.12],0.2316320687938048
REXO2,"Oligoribonuclease, mitochondrial","Chapter VII Diseases of the eye, adnexa, ear and mastoid process",Background diabetic retinopathy,19105,51,0.97 [0.56-1.67],0.9104350238024068
REXO2,"Oligoribonuclease, mitochondrial","Chapter VII Diseases of the eye, adnexa, ear and mastoid process",Diabetic maculopathy,2155,51,1.06 [0.61-1.83],0.8487643987847411
REXO2,"Oligoribonuclease, mitochondrial","Chapter VII Diseases of the eye, adnexa, ear and mastoid process","Diabetic maculopathy, excluding more controls",17001,51,0.96 [0.55-1.67],0.8864835028526865
REXO2,"Oligoribonuclease, mitochondrial","Chapter VII Diseases of the eye, adnexa, ear and mastoid process",Glaucoma,18630,114,0.92 [0.62-1.35],0.6590159164503251
REXO2,"Oligoribonuclease, mitochondrial","Chapter VII Diseases of the eye, adnexa, ear and mastoid process",Other and unspecified glaucoma,18575,59,1.27 [0.86-1.90],0.2335225142243669
REXO2,"Oligoribonuclease, mitochondrial","Chapter VII Diseases of the eye, adnexa, ear and mastoid process","Disorders of ocular muscles, binocular movement, accommodation and refraction",18694,58,0.94 [0.55-1.59],0.8049922022227726
REXO2,"Oligoribonuclease, mitochondrial","Chapter VII Diseases of the eye, adnexa, ear and mastoid process",Visual disturbances,18901,81,1.04 [0.68-1.57],0.8634374956695694
REXO2,"Oligoribonuclease, mitochondrial","Chapter VII Diseases of the eye, adnexa, ear and mastoid process",Diseases of middle ear and mastoid,19384,111,1.28 [0.96-1.71],0.0968578942485919
REXO2,"Oligoribonuclease, mitochondrial","Chapter VII Diseases of the eye, adnexa, ear and mastoid process",Other disorders of ear,18495,96,1.05 [0.72-1.53],0.795401479875852
REXO2,"Oligoribonuclease, mitochondrial",Chapter IX Diseases of the circulatory system,Death due to cardiac causes,12004,3702,0.91 [0.84-0.99],0.0355326805679163
REXO2,"Oligoribonuclease, mitochondrial",Chapter IX Diseases of the circulatory system,Rheumatic valve diseases,18688,80,0.98 [0.63-1.52],0.9285657569304958
REXO2,"Oligoribonuclease, mitochondrial",Chapter IX Diseases of the circulatory system,"Hypertension, essential",12767,2574,0.92 [0.84-1.01],0.0899654729925913
REXO2,"Oligoribonuclease, mitochondrial",Chapter IX Diseases of the circulatory system,Hypertension,12791,2598,0.92 [0.84-1.01],0.0875381819125603
REXO2,"Oligoribonuclease, mitochondrial",Chapter IX Diseases of the circulatory system,Hypertensive Renal Disease,10253,60,0.80 [0.45-1.40],0.4296733235018073
REXO2,"Oligoribonuclease, mitochondrial",Chapter IX Diseases of the circulatory system,"Ischaemic heart disease, wide definition",17089,1465,0.89 [0.79-1.00],0.0411353033423196
REXO2,"Oligoribonuclease, mitochondrial",Chapter IX Diseases of the circulatory system,Angina pectoris,16497,873,0.87 [0.75-1.01],0.0766790201750668
REXO2,"Oligoribonuclease, mitochondrial",Chapter IX Diseases of the circulatory system,Unstable angina pectoris,18317,270,1.00 [0.79-1.27],0.9974132123803756
REXO2,"Oligoribonuclease, mitochondrial",Chapter IX Diseases of the circulatory system,Major coronary heart disease event,18600,553,0.81 [0.67-0.99],0.0372411813207219
REXO2,"Oligoribonuclease, mitochondrial",Chapter IX Diseases of the circulatory system,"Myocardial infarction, with ST-elevation",19321,111,0.77 [0.49-1.20],0.2424379411188286
REXO2,"Oligoribonuclease, mitochondrial",Chapter IX Diseases of the circulatory system,"Myocardial infarction, strict",15973,349,0.69 [0.53-0.90],0.0060376406768444
REXO2,"Oligoribonuclease, mitochondrial",Chapter IX Diseases of the circulatory system,Coronary atherosclerosis,16775,1171,0.92 [0.81-1.04],0.1939047940532711
REXO2,"Oligoribonuclease, mitochondrial",Chapter IX Diseases of the circulatory system,Pulmonary embolism,18497,113,0.85 [0.56-1.29],0.4347863420147618
REXO2,"Oligoribonuclease, mitochondrial",Chapter IX Diseases of the circulatory system,Venous thromboembolism,18696,237,0.81 [0.60-1.09],0.1656897309418716
REXO2,"Oligoribonuclease, mitochondrial",Chapter IX Diseases of the circulatory system,Secondary right heart disease,18490,106,0.82 [0.53-1.27],0.3687146677266002
REXO2,"Oligoribonuclease, mitochondrial",Chapter IX Diseases of the circulatory system,Other pulmonary heart/vessel disease,18491,107,0.82 [0.53-1.27],0.3831703612697146
REXO2,"Oligoribonuclease, mitochondrial",Chapter IX Diseases of the circulatory system,"Hypertension, Pulmonary Arterial",10295,102,0.84 [0.54-1.31],0.4413970139999479
REXO2,"Oligoribonuclease, mitochondrial",Chapter IX Diseases of the circulatory system,Cardiomyopathy,14462,61,1.01 [0.61-1.67],0.9636268886795863
REXO2,"Oligoribonuclease, mitochondrial",Chapter IX Diseases of the circulatory system,Conduction disorders,14538,137,0.95 [0.67-1.35],0.7818063062437396
REXO2,"Oligoribonuclease, mitochondrial",Chapter IX Diseases of the circulatory system,Paroxysmal tachycardia,7738,111,0.70 [0.44-1.11],0.1291301126349899
REXO2,"Oligoribonuclease, mitochondrial",Chapter IX Diseases of the circulatory system,Atrial fibrillation and flutter,8188,561,0.88 [0.73-1.06],0.1891337300466248
REXO2,"Oligoribonuclease, mitochondrial",Chapter IX Diseases of the circulatory system,Other arrhythmias,14479,78,0.85 [0.52-1.41],0.5395792020736448
REXO2,"Oligoribonuclease, mitochondrial",Chapter IX Diseases of the circulatory system,Other or ill-defined heart diseases,14509,108,0.94 [0.63-1.40],0.7435237837884073
REXO2,"Oligoribonuclease, mitochondrial",Chapter IX Diseases of the circulatory system,"Heart failure, strict",18134,238,0.71 [0.51-0.97],0.0322368486470944
REXO2,"Oligoribonuclease, mitochondrial",Chapter IX Diseases of the circulatory system,"Stroke, including SAH",18427,156,0.75 [0.51-1.09],0.135140835587309
REXO2,"Oligoribonuclease, mitochondrial",Chapter IX Diseases of the circulatory system,"Stroke, excluding SAH",18455,140,0.77 [0.52-1.14],0.1928553078402523
REXO2,"Oligoribonuclease, mitochondrial",Chapter IX Diseases of the circulatory system,"Ischaemic Stroke, excluding all haemorrhages",18542,122,0.80 [0.53-1.21],0.2922344745809057
REXO2,"Oligoribonuclease, mitochondrial",Chapter IX Diseases of the circulatory system,Other diseases of arteries and capillaries,18106,83,0.63 [0.36-1.11],0.1101541338444627
REXO2,"Oligoribonuclease, mitochondrial",Chapter IX Diseases of the circulatory system,Other peripheral vascular diseases,18169,146,1.16 [0.88-1.54],0.2894410844379327
REXO2,"Oligoribonuclease, mitochondrial",Chapter IX Diseases of the circulatory system,Phlebitis and thrombophlebitis (not including DVT),18046,140,0.80 [0.54-1.18],0.2602747003902356
REXO2,"Oligoribonuclease, mitochondrial",Chapter IX Diseases of the circulatory system,DVT of lower extremities,18024,118,0.79 [0.52-1.21],0.27166712751852
REXO2,"Oligoribonuclease, mitochondrial",Chapter IX Diseases of the circulatory system,"!Phlebitis/thrombophlebitis venae iliacae [externae/internae/communis], drug-induced",19219,113,0.79 [0.51-1.22],0.2870150746220449
REXO2,"Oligoribonuclease, mitochondrial",Chapter IX Diseases of the circulatory system,Varicose veins,18336,430,1.03 [0.86-1.24],0.7331056528359914
REXO2,"Oligoribonuclease, mitochondrial",Chapter IX Diseases of the circulatory system,Hypotension,18136,93,0.85 [0.54-1.34],0.4970228769827532
REXO2,"Oligoribonuclease, mitochondrial",Chapter X Diseases of the respiratory system,Diseases of the respiratory system,14414,1806,0.95 [0.86-1.05],0.2924644546404347
REXO2,"Oligoribonuclease, mitochondrial",Chapter X Diseases of the respiratory system,Acute upper respiratory infections,19329,71,1.15 [0.77-1.72],0.4804355665373279
REXO2,"Oligoribonuclease, mitochondrial",Chapter X Diseases of the respiratory system,Influenza and pneumonia,17416,224,0.84 [0.63-1.13],0.248892814174479
REXO2,"Oligoribonuclease, mitochondrial",Chapter X Diseases of the respiratory system,"Pneumonia, organism unspecified",17390,198,0.82 [0.59-1.12],0.2109422770284286
REXO2,"Oligoribonuclease, mitochondrial",Chapter X Diseases of the respiratory system,Other acute lower respiratory infections,18438,242,0.83 [0.62-1.10],0.1939515204492871
REXO2,"Oligoribonuclease, mitochondrial",Chapter X Diseases of the respiratory system,Unspecified acute lower respiratory infection,18432,236,0.86 [0.64-1.14],0.2824672539402963
REXO2,"Oligoribonuclease, mitochondrial",Chapter X Diseases of the respiratory system,Other diseases of upper respiratory tract,18845,463,1.05 [0.88-1.25],0.5594749362680322
REXO2,"Oligoribonuclease, mitochondrial",Chapter X Diseases of the respiratory system,Chronic sinusitis,18459,77,1.10 [0.74-1.65],0.6395023222145678
REXO2,"Oligoribonuclease, mitochondrial",Chapter X Diseases of the respiratory system,Nasal polyp,18498,116,0.91 [0.62-1.34],0.6330396012387799
REXO2,"Oligoribonuclease, mitochondrial",Chapter X Diseases of the respiratory system,"Diseases of vocal cords and larynx+other diseases of upper respiratory tract, no elsewhere classified",18672,290,0.94 [0.74-1.20],0.6239731450808061
REXO2,"Oligoribonuclease, mitochondrial",Chapter X Diseases of the respiratory system,Deviated nasal septum,18498,116,0.64 [0.40-1.03],0.0686660133428273
REXO2,"Oligoribonuclease, mitochondrial",Chapter X Diseases of the respiratory system,Vocal cord dysfunction,6262,63,0.91 [0.54-1.52],0.7116490330153036
REXO2,"Oligoribonuclease, mitochondrial",Chapter X Diseases of the respiratory system,Chronic lower respiratory diseases,16822,942,0.93 [0.81-1.07],0.3021901141015835
REXO2,"Oligoribonuclease, mitochondrial",Chapter X Diseases of the respiratory system,Early onset COPD,18088,205,1.11 [0.87-1.43],0.3913394903254017
REXO2,"Oligoribonuclease, mitochondrial",Chapter X Diseases of the respiratory system,"COPD, hospital admissions 1, only main diagnosis",18128,245,1.08 [0.86-1.37],0.494632393432031
REXO2,"Oligoribonuclease, mitochondrial",Chapter X Diseases of the respiratory system,"Other chronic obstructive pulmonary disease, including avohilmo",18128,245,1.08 [0.86-1.37],0.494632393432031
REXO2,"Oligoribonuclease, mitochondrial",Chapter X Diseases of the respiratory system,"Asthma, hospital admissions , main diagnosis only",18017,713,0.85 [0.72-1.01],0.0628385173713598
REXO2,"Oligoribonuclease, mitochondrial",Chapter X Diseases of the respiratory system,Asthma,12725,713,0.84 [0.71-1.00],0.0457363525165182
REXO2,"Oligoribonuclease, mitochondrial",Chapter X Diseases of the respiratory system,"Asthma, excluding more controls",12412,713,0.84 [0.71-0.99],0.0414100278874717
REXO2,"Oligoribonuclease, mitochondrial",Chapter X Diseases of the respiratory system,"Asthma, unspecified (mode)",12718,706,0.84 [0.71-0.99],0.0428628577876416
REXO2,"Oligoribonuclease, mitochondrial",Chapter X Diseases of the respiratory system,Other respiratory diseases principally affecting the interstitium,18975,119,1.18 [0.86-1.60],0.3044096417693095
REXO2,"Oligoribonuclease, mitochondrial",Chapter X Diseases of the respiratory system,Interstitial lung disease,18062,93,1.32 [0.98-1.79],0.0714405276307123
REXO2,"Oligoribonuclease, mitochondrial",Chapter X Diseases of the respiratory system,"ILD, hospital admissions",19053,93,1.32 [0.97-1.79],0.072709480371476
REXO2,"Oligoribonuclease, mitochondrial",Chapter X Diseases of the respiratory system,Idiopathic pulmonary fibrosis,18055,86,1.29 [0.93-1.78],0.1258290553288733
REXO2,"Oligoribonuclease, mitochondrial",Chapter X Diseases of the respiratory system,Pleural effusion,17137,115,0.74 [0.47-1.16],0.1934772477507529
REXO2,"Oligoribonuclease, mitochondrial",Chapter X Diseases of the respiratory system,Other diseases of pleura,17265,243,0.86 [0.65-1.15],0.3078016967863352
REXO2,"Oligoribonuclease, mitochondrial",Chapter X Diseases of the respiratory system,Other respiratory disorders and diseases,18063,114,0.75 [0.48-1.17],0.1983526529412459
REXO2,"Oligoribonuclease, mitochondrial",Chapter XI Diseases of the digestive system,Gastrointestinal diseases,12570,5338,0.95 [0.88-1.02],0.130822195974396
REXO2,"Oligoribonuclease, mitochondrial",Chapter XI Diseases of the digestive system,"Diseases of oral cavity, salivary glands and jaws",19081,286,0.96 [0.76-1.22],0.7536093254341582
REXO2,"Oligoribonuclease, mitochondrial",Chapter XI Diseases of the digestive system,Embedded and impacted teeth,19460,31,0.45 [0.16-1.29],0.1387131874030405
REXO2,"Oligoribonuclease, mitochondrial",Chapter XI Diseases of the digestive system,Impacted teeth,19461,29,0.31 [0.09-1.00],0.0497883303592643
REXO2,"Oligoribonuclease, mitochondrial",Chapter XI Diseases of the digestive system,Dental caries,18880,85,0.99 [0.64-1.51],0.94816549641016
REXO2,"Oligoribonuclease, mitochondrial",Chapter XI Diseases of the digestive system,Diseases of pulp and periapical tissues,18868,73,1.10 [0.72-1.66],0.6698304948004556
REXO2,"Oligoribonuclease, mitochondrial",Chapter XI Diseases of the digestive system,Palatinal maxillary canine,19456,34,0.50 [0.19-1.33],0.1647394693209689
REXO2,"Oligoribonuclease, mitochondrial",Chapter XI Diseases of the digestive system,Other disorders of teeth and supporting structures,18875,80,1.18 [0.82-1.71],0.3732563545122579
REXO2,"Oligoribonuclease, mitochondrial",Chapter XI Diseases of the digestive system,Other diseases of lip and oral mucosa,18649,78,0.93 [0.59-1.48],0.7735420116810735
REXO2,"Oligoribonuclease, mitochondrial",Chapter XI Diseases of the digestive system,Oral lichen ruber planus,19366,51,1.23 [0.80-1.91],0.3439328481489607
REXO2,"Oligoribonuclease, mitochondrial",Chapter XI Diseases of the digestive system,Gastroduodenal ulcer,13810,273,0.98 [0.77-1.24],0.8511006633302136
REXO2,"Oligoribonuclease, mitochondrial",Chapter XI Diseases of the digestive system,"Diseases of oesophagus, stomach and duodenum",15655,2118,0.94 [0.86-1.04],0.2171025976783459
REXO2,"Oligoribonuclease, mitochondrial",Chapter XI Diseases of the digestive system,Oesophagitis,13875,338,0.96 [0.77-1.19],0.7172998011593987
REXO2,"Oligoribonuclease, mitochondrial",Chapter XI Diseases of the digestive system,Gastro-oesophageal reflux disease,14233,696,0.93 [0.80-1.09],0.3993463102884798
REXO2,"Oligoribonuclease, mitochondrial",Chapter XI Diseases of the digestive system,Other diseases of oesophagus,13606,69,0.86 [0.51-1.45],0.5734045806512285
REXO2,"Oligoribonuclease, mitochondrial",Chapter XI Diseases of the digestive system,Ulcer of oesophagus,13770,233,0.83 [0.62-1.11],0.218988377176961
REXO2,"Oligoribonuclease, mitochondrial",Chapter XI Diseases of the digestive system,Oesophageal obstruction,13609,72,0.99 [0.63-1.57],0.9764788388521128
REXO2,"Oligoribonuclease, mitochondrial",Chapter XI Diseases of the digestive system,Gastric ulcer,13695,158,0.95 [0.69-1.31],0.7706529574222833
REXO2,"Oligoribonuclease, mitochondrial",Chapter XI Diseases of the digestive system,Duodenal ulcer,13659,122,0.94 [0.65-1.36],0.7403148708661756
REXO2,"Oligoribonuclease, mitochondrial",Chapter XI Diseases of the digestive system,"Duodenal ulcer - Unspecified as acute or chronic, without haemorrhage or perforation, drug-induced",19319,86,0.83 [0.52-1.34],0.4511800389225915
REXO2,"Oligoribonuclease, mitochondrial",Chapter XI Diseases of the digestive system,Chronic gastritis,13652,115,1.33 [1.01-1.75],0.0415798728411856
REXO2,"Oligoribonuclease, mitochondrial",Chapter XI Diseases of the digestive system,Other gastritis (incl. Duodenitis),14345,808,0.86 [0.73-1.00],0.0513617678074254
REXO2,"Oligoribonuclease, mitochondrial",Chapter XI Diseases of the digestive system,Diseases of appendix,19344,78,1.19 [0.83-1.73],0.3458371397629685
REXO2,"Oligoribonuclease, mitochondrial",Chapter XI Diseases of the digestive system,Functional dyspepsia,13935,398,1.01 [0.83-1.22],0.955552687984827
REXO2,"Oligoribonuclease, mitochondrial",Chapter XI Diseases of the digestive system,Other diseases of stomach and duodenum,13723,186,0.81 [0.58-1.13],0.2176827177293815
REXO2,"Oligoribonuclease, mitochondrial",Chapter XI Diseases of the digestive system,Colonic or urogenital fistula,19339,102,0.90 [0.60-1.36],0.6329458721970587
REXO2,"Oligoribonuclease, mitochondrial",Chapter XI Diseases of the digestive system,Acute appendicitis,19333,67,1.29 [0.89-1.86],0.1736280180286823
REXO2,"Oligoribonuclease, mitochondrial",Chapter XI Diseases of the digestive system,Hernia,16450,1708,0.97 [0.88-1.08],0.6198810745505718
REXO2,"Oligoribonuclease, mitochondrial",Chapter XI Diseases of the digestive system,Inguinal hernia,15415,673,1.05 [0.91-1.22],0.5125255589250309
REXO2,"Oligoribonuclease, mitochondrial",Chapter XI Diseases of the digestive system,Umbilical hernia,14846,104,1.17 [0.85-1.62],0.3371369649284945
REXO2,"Oligoribonuclease, mitochondrial",Chapter XI Diseases of the digestive system,Ventral hernia,14830,88,1.18 [0.84-1.67],0.3422341537711596
REXO2,"Oligoribonuclease, mitochondrial",Chapter XI Diseases of the digestive system,Diaphragmatic hernia,15665,923,0.91 [0.79-1.05],0.2064951499851895
REXO2,"Oligoribonuclease, mitochondrial",Chapter XI Diseases of the digestive system,Noninfective enteritis and colitis,18564,640,1.01 [0.87-1.18],0.8699146060988934
REXO2,"Oligoribonuclease, mitochondrial",Chapter XI Diseases of the digestive system,Other diseases of intestines,14336,1934,1.01 [0.91-1.11],0.9039116065947006
REXO2,"Oligoribonuclease, mitochondrial",Chapter XI Diseases of the digestive system,"Crohn disease (strict definition, all UC cases excluded)",19173,41,0.81 [0.40-1.65],0.5625766316747731
REXO2,"Oligoribonuclease, mitochondrial",Chapter XI Diseases of the digestive system,"Crohn disease (strict definition, require KELA, min 2 HDR)",19412,51,0.73 [0.37-1.44],0.3654037717328311
REXO2,"Oligoribonuclease, mitochondrial",Chapter XI Diseases of the digestive system,Crohn disease,17975,51,0.73 [0.37-1.44],0.3674505910584466
REXO2,"Oligoribonuclease, mitochondrial",Chapter XI Diseases of the digestive system,Crohn's disease NAS,17961,37,nan [nan-nan],
REXO2,"Oligoribonuclease, mitochondrial",Chapter XI Diseases of the digestive system,"Ulcerative colitis (strict definition, require KELA, min 2 HDR)",19345,120,1.02 [0.72-1.45],0.8957356630275771
REXO2,"Oligoribonuclease, mitochondrial",Chapter XI Diseases of the digestive system,Ulcerative colitis,18044,120,1.02 [0.73-1.45],0.890590636393253
REXO2,"Oligoribonuclease, mitochondrial",Chapter XI Diseases of the digestive system,"Ulcerative colitis, NAS",18035,111,1.06 [0.75-1.50],0.7497251592499035
REXO2,"Oligoribonuclease, mitochondrial",Chapter XI Diseases of the digestive system,Other noninfective gastroenteritis and colitis,18449,525,1.02 [0.86-1.21],0.8120366421214532
REXO2,"Oligoribonuclease, mitochondrial",Chapter XI Diseases of the digestive system,Noninfectious colitis NAS,18441,517,1.03 [0.87-1.22],0.7474984261166895
REXO2,"Oligoribonuclease, mitochondrial",Chapter XI Diseases of the digestive system,Paralytic ileus and intestinal obstruction,12512,110,1.27 [0.95-1.71],0.1107069663721011
REXO2,"Oligoribonuclease, mitochondrial",Chapter XI Diseases of the digestive system,Intestinal stricture,18967,110,1.28 [0.95-1.72],0.1036727339866098
REXO2,"Oligoribonuclease, mitochondrial",Chapter XI Diseases of the digestive system,"Other or unspecified ileus, impaction or obstruction",12472,70,1.25 [0.86-1.83],0.2389125124890901
REXO2,"Oligoribonuclease, mitochondrial",Chapter XI Diseases of the digestive system,Diverticular disease of intestine,13142,740,0.96 [0.82-1.11],0.5691806334312659
REXO2,"Oligoribonuclease, mitochondrial",Chapter XI Diseases of the digestive system,Irritable bowel syndrome,12536,134,0.43 [0.26-0.71],0.0010837500555163
REXO2,"Oligoribonuclease, mitochondrial",Chapter XI Diseases of the digestive system,Other functional intestinal disorders,12663,261,1.06 [0.84-1.33],0.6272943172517985
REXO2,"Oligoribonuclease, mitochondrial",Chapter XI Diseases of the digestive system,Constipation,17760,238,1.06 [0.83-1.35],0.6225817700965699
REXO2,"Oligoribonuclease, mitochondrial",Chapter XI Diseases of the digestive system,Diseases of peritoneum,19065,77,1.02 [0.65-1.58],0.9460828821067744
REXO2,"Oligoribonuclease, mitochondrial",Chapter XI Diseases of the digestive system,Fissure and fistula of anal and rectal regions,12493,91,0.96 [0.63-1.45],0.8324486379385039
REXO2,"Oligoribonuclease, mitochondrial",Chapter XI Diseases of the digestive system,Abscess of anal and rectal regions,12445,43,0.37 [0.14-0.94],0.035798740725202
REXO2,"Oligoribonuclease, mitochondrial",Chapter XI Diseases of the digestive system,Other diseases of anus and rectum,13204,802,1.08 [0.94-1.23],0.2812105361677818
REXO2,"Oligoribonuclease, mitochondrial",Chapter XI Diseases of the digestive system,Other diseases of intestine,12713,311,1.02 [0.82-1.27],0.8644452244708436
REXO2,"Oligoribonuclease, mitochondrial",Chapter XI Diseases of the digestive system,Other diseases of peritoneum,19052,64,1.08 [0.68-1.71],0.7405299623384982
REXO2,"Oligoribonuclease, mitochondrial",Chapter XI Diseases of the digestive system,Diseases of liver,18698,98,0.99 [0.67-1.47],0.9759705263836678
REXO2,"Oligoribonuclease, mitochondrial",Chapter XI Diseases of the digestive system,Other diseases of liver,18652,52,1.02 [0.62-1.69],0.9371823315082324
REXO2,"Oligoribonuclease, mitochondrial",Chapter XI Diseases of the digestive system,"Disorders of gallbladder, biliary tract and pancreas",18212,588,0.80 [0.66-0.97],0.0204144935693073
REXO2,"Oligoribonuclease, mitochondrial",Chapter XI Diseases of the digestive system,Cholelithiasis,18096,472,0.80 [0.65-0.99],0.0369604979863836
REXO2,"Oligoribonuclease, mitochondrial",Chapter XI Diseases of the digestive system,Cholecystitis,17728,104,0.84 [0.55-1.30],0.4392783109045298
REXO2,"Oligoribonuclease, mitochondrial",Chapter XI Diseases of the digestive system,Other diseases of biliary tract,17666,42,0.61 [0.27-1.38],0.2361510690567958
REXO2,"Oligoribonuclease, mitochondrial",Chapter XI Diseases of the digestive system,Acute pancreatitis,17685,61,1.03 [0.64-1.67],0.8959926929993767
REXO2,"Oligoribonuclease, mitochondrial",Chapter XI Diseases of the digestive system,Acute pancreatitis (for exclusion),19303,61,1.04 [0.64-1.68],0.8776258302117779
REXO2,"Oligoribonuclease, mitochondrial",Chapter XI Diseases of the digestive system,Diseases of the digestive system,18205,274,1.10 [0.88-1.37],0.398528589032373
REXO2,"Oligoribonuclease, mitochondrial",Chapter XI Diseases of the digestive system,Intestinal malabsorption,17987,56,1.32 [0.89-1.94],0.1648842570923093
REXO2,"Oligoribonuclease, mitochondrial",Chapter XI Diseases of the digestive system,Coeliac disease,17979,48,1.36 [0.91-2.03],0.1361495461322418
REXO2,"Oligoribonuclease, mitochondrial",Chapter XI Diseases of the digestive system,"Postprocedural disorders of digestive system, not elsewhere classified",17976,45,0.92 [0.50-1.71],0.7985196073821417
REXO2,"Oligoribonuclease, mitochondrial",Chapter XI Diseases of the digestive system,Other diseases of the digestive system,18109,178,1.04 [0.78-1.38],0.8088741507471169
REXO2,"Oligoribonuclease, mitochondrial",Chapter XI Diseases of the digestive system,GI-bleeding,18102,171,1.01 [0.75-1.36],0.960972622513216
REXO2,"Oligoribonuclease, mitochondrial",Chapter XII Diseases of the skin and subcutaneous tissue,Diseases of the skin and subcutaneous tissue,16397,1352,1.09 [0.98-1.21],0.1102873062965308
REXO2,"Oligoribonuclease, mitochondrial",Chapter XII Diseases of the skin and subcutaneous tissue,Dermatitis and eczema,19021,94,1.17 [0.83-1.65],0.3765451682020735
REXO2,"Oligoribonuclease, mitochondrial",Chapter XII Diseases of the skin and subcutaneous tissue,Disorders of skin appendages,19110,370,0.99 [0.80-1.21],0.9036306549399952
REXO2,"Oligoribonuclease, mitochondrial",Chapter XII Diseases of the skin and subcutaneous tissue,Other disorders of skin and subcutaneous tissue,17766,519,1.08 [0.92-1.27],0.3428945177454821
REXO2,"Oligoribonuclease, mitochondrial",Chapter XII Diseases of the skin and subcutaneous tissue,Infections of the skin and subcutaneous tissue,18595,321,1.07 [0.87-1.31],0.5054888565115079
REXO2,"Oligoribonuclease, mitochondrial",Chapter XII Diseases of the skin and subcutaneous tissue,"Cutaneous abscess, furuncle and carbuncle",18332,58,1.10 [0.69-1.74],0.6960217290720749
REXO2,"Oligoribonuclease, mitochondrial",Chapter XII Diseases of the skin and subcutaneous tissue,Cellulitis,18502,228,1.00 [0.78-1.29],0.9802834400843318
REXO2,"Oligoribonuclease, mitochondrial",Chapter XII Diseases of the skin and subcutaneous tissue,Papulosquamous disorders,19194,81,1.34 [0.97-1.85],0.0767830527973212
REXO2,"Oligoribonuclease, mitochondrial",Chapter XII Diseases of the skin and subcutaneous tissue,Psoriasis,19171,58,1.20 [0.78-1.85],0.4094609189533419
REXO2,"Oligoribonuclease, mitochondrial",Chapter XII Diseases of the skin and subcutaneous tissue,Other and unspecified psoriasis,19161,48,1.31 [0.85-2.02],0.2249626170455941
REXO2,"Oligoribonuclease, mitochondrial",Chapter XII Diseases of the skin and subcutaneous tissue,Radiation-related disorders of the skin and subcutaneous tissue,19111,63,0.87 [0.51-1.50],0.6243298908171468
REXO2,"Oligoribonuclease, mitochondrial",Chapter XII Diseases of the skin and subcutaneous tissue,Skin changes due to chronic exposure to nonionizing radiation,19110,62,0.89 [0.51-1.53],0.6626899972566112
REXO2,"Oligoribonuclease, mitochondrial",Chapter XII Diseases of the skin and subcutaneous tissue,Nail disorders,18784,44,1.02 [0.57-1.80],0.9551449287495458
REXO2,"Oligoribonuclease, mitochondrial",Chapter XII Diseases of the skin and subcutaneous tissue,Follicular cysts of skin and subcutaneous tissue,19047,307,0.97 [0.77-1.22],0.7943170554171745
REXO2,"Oligoribonuclease, mitochondrial",Chapter XII Diseases of the skin and subcutaneous tissue,Seborrhoeic keratosis,17345,98,0.82 [0.52-1.29],0.3923732190255149
REXO2,"Oligoribonuclease, mitochondrial",Chapter XII Diseases of the skin and subcutaneous tissue,Atrophic disorders of skin,17331,84,1.54 [1.18-2.00],0.0015555661372545
REXO2,"Oligoribonuclease, mitochondrial",Chapter XII Diseases of the skin and subcutaneous tissue,Scar conditions and fibrosis of skin,17305,58,1.75 [1.35-2.28],2.923104311493036e-05
REXO2,"Oligoribonuclease, mitochondrial",Chapter XII Diseases of the skin and subcutaneous tissue,"Other disorders of skin and subcutaneous tissue, not elsewhere classified",17438,191,1.07 [0.82-1.40],0.5962219901263153
REXO2,"Oligoribonuclease, mitochondrial",Chapter XII Diseases of the skin and subcutaneous tissue,Other and unspecified disorders of skin and subcutaneous tissue,17425,178,1.07 [0.81-1.41],0.635875134820632
REXO2,"Oligoribonuclease, mitochondrial",Chapter XIII Diseases of the musculoskeletal system and connective tissue,Diseases of the musculoskeletal system and connective tissue,12754,3693,0.93 [0.86-1.01],0.0693547334885465
REXO2,"Oligoribonuclease, mitochondrial",Chapter XIII Diseases of the musculoskeletal system and connective tissue,Arthropathies,14101,2295,0.93 [0.85-1.02],0.1294869728394433
REXO2,"Oligoribonuclease, mitochondrial",Chapter XIII Diseases of the musculoskeletal system and connective tissue,Soft tissue disorders,17280,1101,0.99 [0.88-1.12],0.863332228623303
REXO2,"Oligoribonuclease, mitochondrial",Chapter XIII Diseases of the musculoskeletal system and connective tissue,Rheumatoid arthritis,11956,150,1.11 [0.84-1.48],0.4504825324063539
REXO2,"Oligoribonuclease, mitochondrial",Chapter XIII Diseases of the musculoskeletal system and connective tissue,Polyarthropathies,12270,464,0.88 [0.72-1.07],0.2123741865752861
REXO2,"Oligoribonuclease, mitochondrial",Chapter XIII Diseases of the musculoskeletal system and connective tissue,"Other (seronegative) rheumatoid arthritis, wide",19027,144,1.03 [0.75-1.41],0.8649135318954378
REXO2,"Oligoribonuclease, mitochondrial",Chapter XIII Diseases of the musculoskeletal system and connective tissue,Other/unspecified rheumatoid arthritis,19031,132,1.06 [0.77-1.46],0.7209206455508476
REXO2,"Oligoribonuclease, mitochondrial",Chapter XIII Diseases of the musculoskeletal system and connective tissue,Arthrosis,13160,1354,0.91 [0.80-1.02],0.1055303002419723
REXO2,"Oligoribonuclease, mitochondrial",Chapter XIII Diseases of the musculoskeletal system and connective tissue,"Artrosis, including avohilmo",15281,1354,0.91 [0.80-1.02],0.1013133949748186
REXO2,"Oligoribonuclease, mitochondrial",Chapter XIII Diseases of the musculoskeletal system and connective tissue,Gout,11881,75,0.55 [0.29-1.03],0.0605462570619484
REXO2,"Oligoribonuclease, mitochondrial",Chapter XIII Diseases of the musculoskeletal system and connective tissue,"Gout, unspecified",18844,72,0.59 [0.32-1.10],0.0993790956457077
REXO2,"Oligoribonuclease, mitochondrial",Chapter XIII Diseases of the musculoskeletal system and connective tissue,Other specified/unspecified arthritis,12032,226,0.84 [0.62-1.12],0.2246935612902474
REXO2,"Oligoribonuclease, mitochondrial",Chapter XIII Diseases of the musculoskeletal system and connective tissue,Polyarthrosis,11902,96,0.85 [0.55-1.31],0.4517629229201857
REXO2,"Oligoribonuclease, mitochondrial",Chapter XIII Diseases of the musculoskeletal system and connective tissue,Coxarthrosis,12182,376,1.01 [0.83-1.23],0.9470074403367452
REXO2,"Oligoribonuclease, mitochondrial",Chapter XIII Diseases of the musculoskeletal system and connective tissue,"Coxarthrosis, primary",19270,189,0.76 [0.54-1.07],0.1109883529685114
REXO2,"Oligoribonuclease, mitochondrial",Chapter XIII Diseases of the musculoskeletal system and connective tissue,Gonarthrosis,12402,596,0.85 [0.71-1.02],0.0801882478472563
REXO2,"Oligoribonuclease, mitochondrial",Chapter XIII Diseases of the musculoskeletal system and connective tissue,Other arthrosis,12262,456,0.80 [0.65-0.99],0.0433872710422733
REXO2,"Oligoribonuclease, mitochondrial",Chapter XIII Diseases of the musculoskeletal system and connective tissue,Other joint disorders,12925,1119,0.91 [0.80-1.03],0.1262287572616242
REXO2,"Oligoribonuclease, mitochondrial",Chapter XIII Diseases of the musculoskeletal system and connective tissue,Other deformities of toe(s),11891,85,1.16 [0.82-1.66],0.4014397640247182
REXO2,"Oligoribonuclease, mitochondrial",Chapter XIII Diseases of the musculoskeletal system and connective tissue,Hallux valgus (acquired),12048,242,0.97 [0.76-1.25],0.8410245753737402
REXO2,"Oligoribonuclease, mitochondrial",Chapter XIII Diseases of the musculoskeletal system and connective tissue,Hallux rigidus,11871,65,0.96 [0.59-1.54],0.8560837849111538
REXO2,"Oligoribonuclease, mitochondrial",Chapter XIII Diseases of the musculoskeletal system and connective tissue,Other hammer toe(s) (acquired),11882,76,1.30 [0.94-1.81],0.1165977716605874
REXO2,"Oligoribonuclease, mitochondrial",Chapter XIII Diseases of the musculoskeletal system and connective tissue,Internal derangement of knee,12177,371,0.85 [0.68-1.06],0.1471279494354293
REXO2,"Oligoribonuclease, mitochondrial",Chapter XIII Diseases of the musculoskeletal system and connective tissue,Meniscus derangement,12139,333,0.85 [0.67-1.08],0.1762062593354364
REXO2,"Oligoribonuclease, mitochondrial",Chapter XIII Diseases of the musculoskeletal system and connective tissue,Pain in joint,14671,230,0.95 [0.72-1.24],0.6897745802744226
REXO2,"Oligoribonuclease, mitochondrial",Chapter XIII Diseases of the musculoskeletal system and connective tissue,Systemic lupus erythematosus,18837,101,0.81 [0.51-1.27],0.3564507177973931
REXO2,"Oligoribonuclease, mitochondrial",Chapter XIII Diseases of the musculoskeletal system and connective tissue,Other systemic involvement of connective tissue,18797,61,1.47 [1.05-2.05],0.023863855122598
REXO2,"Oligoribonuclease, mitochondrial",Chapter XIII Diseases of the musculoskeletal system and connective tissue,Deforming dorsopathies,16178,67,0.82 [0.47-1.41],0.4705433489848343
REXO2,"Oligoribonuclease, mitochondrial",Chapter XIII Diseases of the musculoskeletal system and connective tissue,Spondylopathies,16427,316,0.86 [0.68-1.10],0.2362978656909666
REXO2,"Oligoribonuclease, mitochondrial",Chapter XIII Diseases of the musculoskeletal system and connective tissue,Dorsopathies,16900,789,0.92 [0.79-1.07],0.2674878104547463
REXO2,"Oligoribonuclease, mitochondrial",Chapter XIII Diseases of the musculoskeletal system and connective tissue,Spondylosis,16316,205,0.84 [0.61-1.14],0.2554926370518575
REXO2,"Oligoribonuclease, mitochondrial",Chapter XIII Diseases of the musculoskeletal system and connective tissue,Spinal stenosis,16208,97,0.93 [0.62-1.41],0.7329383200682013
REXO2,"Oligoribonuclease, mitochondrial",Chapter XIII Diseases of the musculoskeletal system and connective tissue,"Other dorsopathies, not elsewhere classified",16698,587,0.92 [0.78-1.10],0.3632511794428544
REXO2,"Oligoribonuclease, mitochondrial",Chapter XIII Diseases of the musculoskeletal system and connective tissue,Cervical disc disorders,16148,37,1.12 [0.64-1.97],0.6844142002729814
REXO2,"Oligoribonuclease, mitochondrial",Chapter XIII Diseases of the musculoskeletal system and connective tissue,Other intervertebral disc disorders,16291,180,0.99 [0.74-1.32],0.9207094112041028
REXO2,"Oligoribonuclease, mitochondrial",Chapter XIII Diseases of the musculoskeletal system and connective tissue,Lumbar disc prolapse,16183,72,0.93 [0.58-1.51],0.7805299196284583
REXO2,"Oligoribonuclease, mitochondrial",Chapter XIII Diseases of the musculoskeletal system and connective tissue,Sciatica+with lumbago,16180,69,0.64 [0.35-1.19],0.1607457947221202
REXO2,"Oligoribonuclease, mitochondrial",Chapter XIII Diseases of the musculoskeletal system and connective tissue,Other/unspecified dorsalgia,16219,108,0.91 [0.61-1.36],0.6469543575830273
REXO2,"Oligoribonuclease, mitochondrial",Chapter XIII Diseases of the musculoskeletal system and connective tissue,Cervicalgia,16161,50,0.96 [0.54-1.68],0.8780194272693146
REXO2,"Oligoribonuclease, mitochondrial",Chapter XIII Diseases of the musculoskeletal system and connective tissue,Low back pain,16356,245,0.85 [0.64-1.12],0.2512731752228051
REXO2,"Oligoribonuclease, mitochondrial",Chapter XIII Diseases of the musculoskeletal system and connective tissue,Disorders of synovium and tendon,16466,287,0.83 [0.64-1.08],0.1751739474501882
REXO2,"Oligoribonuclease, mitochondrial",Chapter XIII Diseases of the musculoskeletal system and connective tissue,Other/unspecified synovitis and tenosynovitis,16248,69,0.76 [0.43-1.33],0.3343233546548709
REXO2,"Oligoribonuclease, mitochondrial",Chapter XIII Diseases of the musculoskeletal system and connective tissue,Trigger finger,16286,107,0.94 [0.63-1.39],0.7517364513607687
REXO2,"Oligoribonuclease, mitochondrial",Chapter XIII Diseases of the musculoskeletal system and connective tissue,Ganglion,16249,70,0.59 [0.31-1.11],0.1034875653323698
REXO2,"Oligoribonuclease, mitochondrial",Chapter XIII Diseases of the musculoskeletal system and connective tissue,"Soft tissue disorders related to use, overuse and pressure",16216,37,0.73 [0.33-1.61],0.4330549801023028
REXO2,"Oligoribonuclease, mitochondrial",Chapter XIII Diseases of the musculoskeletal system and connective tissue,Fibroblastic disorders,16319,140,1.01 [0.73-1.39],0.964314114480189
REXO2,"Oligoribonuclease, mitochondrial",Chapter XIII Diseases of the musculoskeletal system and connective tissue,Palmar fascial fibromatosis [Dupuytren],16312,133,1.04 [0.76-1.44],0.7892137571006566
REXO2,"Oligoribonuclease, mitochondrial",Chapter XIII Diseases of the musculoskeletal system and connective tissue,Shoulder lesions,16426,247,0.94 [0.72-1.22],0.6286194683960523
REXO2,"Oligoribonuclease, mitochondrial",Chapter XIII Diseases of the musculoskeletal system and connective tissue,Other shoulder lesions,16229,50,1.38 [0.93-2.04],0.1124487337039732
REXO2,"Oligoribonuclease, mitochondrial",Chapter XIII Diseases of the musculoskeletal system and connective tissue,Rotator cuff syndrome,16262,83,0.75 [0.45-1.27],0.2870439135434954
REXO2,"Oligoribonuclease, mitochondrial",Chapter XIII Diseases of the musculoskeletal system and connective tissue,Impingement syndrome of shoulder,16294,115,0.94 [0.65-1.38],0.7674230841571394
REXO2,"Oligoribonuclease, mitochondrial",Chapter XIII Diseases of the musculoskeletal system and connective tissue,Other enthesopathies,16222,43,1.38 [0.92-2.08],0.1231878134197166
REXO2,"Oligoribonuclease, mitochondrial",Chapter XIII Diseases of the musculoskeletal system and connective tissue,"Other soft tissue disorders, not elsewhere classified",16567,388,1.01 [0.83-1.23],0.912695494286626
REXO2,"Oligoribonuclease, mitochondrial",Chapter XIII Diseases of the musculoskeletal system and connective tissue,Other specified/unspecified soft tissue disorders,16339,160,0.92 [0.66-1.28],0.6025144710546183
REXO2,"Oligoribonuclease, mitochondrial",Chapter XIII Diseases of the musculoskeletal system and connective tissue,Pain in limb,16399,220,1.04 [0.81-1.34],0.7704018263685815
REXO2,"Oligoribonuclease, mitochondrial",Chapter XIII Diseases of the musculoskeletal system and connective tissue,Osteoporosis,17498,202,0.63 [0.44-0.91],0.012678617903669
REXO2,"Oligoribonuclease, mitochondrial",Chapter XIII Diseases of the musculoskeletal system and connective tissue,Osteopathies and chondropathies,17653,357,0.78 [0.61-1.00],0.0518001360917916
REXO2,"Oligoribonuclease, mitochondrial",Chapter XIII Diseases of the musculoskeletal system and connective tissue,Disorders of continuity of bone,17328,32,0.66 [0.27-1.61],0.3603321205949175
REXO2,"Oligoribonuclease, mitochondrial",Chapter XIII Diseases of the musculoskeletal system and connective tissue,Other specified/unspecified disorders of  bone/cartilage,17334,38,1.24 [0.74-2.06],0.4128731401118133
REXO2,"Oligoribonuclease, mitochondrial",Chapter XIII Diseases of the musculoskeletal system and connective tissue,Other disorders of bone,17364,68,1.22 [0.83-1.80],0.3129414342482933
REXO2,"Oligoribonuclease, mitochondrial",Chapter XIV Diseases of the genitourinary system,Genitourinary diseases,14307,3391,0.99 [0.92-1.07],0.8527266439480606
REXO2,"Oligoribonuclease, mitochondrial",Chapter XIV Diseases of the genitourinary system,Diseases of male genital organs,7452,705,1.02 [0.88-1.19],0.779122439815796
REXO2,"Oligoribonuclease, mitochondrial",Chapter XIV Diseases of the genitourinary system,Renal tubulo-interstitial diseases,16545,200,0.97 [0.73-1.28],0.8250149666812877
REXO2,"Oligoribonuclease, mitochondrial",Chapter XIV Diseases of the genitourinary system,Other obstructive and reflux uropathy,16406,61,0.81 [0.46-1.45],0.4869263412587904
REXO2,"Oligoribonuclease, mitochondrial",Chapter XIV Diseases of the genitourinary system,Acute renal failure,16627,41,1.03 [0.59-1.82],0.912543160684348
REXO2,"Oligoribonuclease, mitochondrial",Chapter XIV Diseases of the genitourinary system,Chronic kidney disease,16634,48,1.26 [0.81-1.97],0.3112661074059305
REXO2,"Oligoribonuclease, mitochondrial",Chapter XIV Diseases of the genitourinary system,Unspecified kidney failure,16639,53,1.04 [0.62-1.73],0.89200325301705
REXO2,"Oligoribonuclease, mitochondrial",Chapter XIV Diseases of the genitourinary system,Urolithiasis,19142,197,0.97 [0.73-1.29],0.8420365438337634
REXO2,"Oligoribonuclease, mitochondrial",Chapter XIV Diseases of the genitourinary system,Other disorders of kidney and ureter,18994,61,0.69 [0.37-1.29],0.2438757602323247
REXO2,"Oligoribonuclease, mitochondrial",Chapter XIV Diseases of the genitourinary system,Calculus of kidney and ureter,19093,148,1.07 [0.79-1.44],0.6676210918204977
REXO2,"Oligoribonuclease, mitochondrial",Chapter XIV Diseases of the genitourinary system,Unspecified renal colic,19003,58,0.47 [0.22-0.99],0.0477311977793163
REXO2,"Oligoribonuclease, mitochondrial",Chapter XIV Diseases of the genitourinary system,Other diseases of urinary system,17103,1002,1.00 [0.88-1.13],0.9709306736273589
REXO2,"Oligoribonuclease, mitochondrial",Chapter XIV Diseases of the genitourinary system,Cystitis,16184,83,0.92 [0.58-1.45],0.7103698025135275
REXO2,"Oligoribonuclease, mitochondrial",Chapter XIV Diseases of the genitourinary system,Neuromuscular dysfunction of bladder,16178,77,1.22 [0.84-1.77],0.2951623549931733
REXO2,"Oligoribonuclease, mitochondrial",Chapter XIV Diseases of the genitourinary system,Other disorders of  bladder,16396,295,1.06 [0.85-1.32],0.5914645661464389
REXO2,"Oligoribonuclease, mitochondrial",Chapter XIV Diseases of the genitourinary system,Urethral stricture,16214,113,1.11 [0.80-1.55],0.5333642276352977
REXO2,"Oligoribonuclease, mitochondrial",Chapter XIV Diseases of the genitourinary system,Other disorders of urethra and urinary system,16727,626,0.95 [0.80-1.12],0.5137842058174537
REXO2,"Oligoribonuclease, mitochondrial",Chapter XIV Diseases of the genitourinary system,Hyperplasia of prostate,7150,403,1.02 [0.83-1.24],0.8800776760607014
REXO2,"Oligoribonuclease, mitochondrial",Chapter XIV Diseases of the genitourinary system,Inflammatory diseases of prostate (prostatitis),6803,56,0.82 [0.45-1.50],0.5228356576496804
REXO2,"Oligoribonuclease, mitochondrial",Chapter XIV Diseases of the genitourinary system,Hydrocele,6799,52,0.63 [0.31-1.30],0.2117734920196102
REXO2,"Oligoribonuclease, mitochondrial",Chapter XIV Diseases of the genitourinary system,"Redundant prepuce, phimosis and paraphimosis",6807,60,1.18 [0.75-1.85],0.4747762038926396
REXO2,"Oligoribonuclease, mitochondrial",Chapter XIV Diseases of the genitourinary system,Other disorders of penis,6822,75,0.84 [0.50-1.42],0.5177957618332467
REXO2,"Oligoribonuclease, mitochondrial",Chapter XIV Diseases of the genitourinary system,Other disorders of male genital organs,6838,91,1.16 [0.80-1.68],0.4409236080260444
REXO2,"Oligoribonuclease, mitochondrial",Chapter XIV Diseases of the genitourinary system,Disorders of breast,10153,200,1.01 [0.77-1.33],0.9142590880189008
REXO2,"Oligoribonuclease, mitochondrial",Chapter XIV Diseases of the genitourinary system,Benign mammary dysplasia,10017,64,0.96 [0.58-1.58],0.8625026204013754
REXO2,"Oligoribonuclease, mitochondrial",Chapter XIV Diseases of the genitourinary system,Unspecified lump in breast,10022,69,1.18 [0.80-1.74],0.4167235557549233
REXO2,"Oligoribonuclease, mitochondrial",Chapter XIV Diseases of the genitourinary system,Other disorders of breast,10009,56,0.96 [0.56-1.63],0.8731821081961759
REXO2,"Oligoribonuclease, mitochondrial",Chapter XIV Diseases of the genitourinary system,Inflammatory diseases of female pelvic organs,10127,146,0.90 [0.64-1.28],0.5663777760981178
REXO2,"Oligoribonuclease, mitochondrial",Chapter XIV Diseases of the genitourinary system,Inflammatory disease of cervix uteri,10025,44,1.20 [0.74-1.95],0.4589835208615952
REXO2,"Oligoribonuclease, mitochondrial",Chapter XIV Diseases of the genitourinary system,Other female pelvic inflammatory diseases,10027,46,1.30 [0.85-1.98],0.2194742286725306
REXO2,"Oligoribonuclease, mitochondrial",Chapter XIV Diseases of the genitourinary system,Noninflammatory disorders of female genital tract,9397,1552,1.00 [0.89-1.11],0.9430789616191542
REXO2,"Oligoribonuclease, mitochondrial",Chapter XIV Diseases of the genitourinary system,Endometriosis,7896,51,1.32 [0.89-1.96],0.1655857279593856
REXO2,"Oligoribonuclease, mitochondrial",Chapter XIV Diseases of the genitourinary system,Adenomyosis (Endometriosis of uterus),7884,39,1.47 [1.00-2.16],0.0503910392322028
REXO2,"Oligoribonuclease, mitochondrial",Chapter XIV Diseases of the genitourinary system,Female genital prolapse,8263,418,1.03 [0.85-1.24],0.7727357648869938
REXO2,"Oligoribonuclease, mitochondrial",Chapter XIV Diseases of the genitourinary system,Ovarian cyst,7924,79,1.12 [0.76-1.66],0.5613392444250375
REXO2,"Oligoribonuclease, mitochondrial",Chapter XIV Diseases of the genitourinary system,Polyp of the female genital tract,8248,403,0.90 [0.73-1.12],0.3351553292822913
REXO2,"Oligoribonuclease, mitochondrial",Chapter XIV Diseases of the genitourinary system,Uterine polyps,7970,125,0.78 [0.51-1.18],0.2359663268386908
REXO2,"Oligoribonuclease, mitochondrial",Chapter XIV Diseases of the genitourinary system,"Other noninflammatory disorders of uterus, except cervix",8036,191,1.01 [0.77-1.34],0.9219754043791712
REXO2,"Oligoribonuclease, mitochondrial",Chapter XIV Diseases of the genitourinary system,Erosion and ectropion of cervix uteri,7859,14,0.74 [0.20-2.71],0.6531079146735244
REXO2,"Oligoribonuclease, mitochondrial",Chapter XIV Diseases of the genitourinary system,Dysplasia of cervi uteri,7884,39,0.94 [0.49-1.82],0.8574256523360697
REXO2,"Oligoribonuclease, mitochondrial",Chapter XIV Diseases of the genitourinary system,"All dysplastic lesions of the cervix uteri, vagina or vulva",10251,53,0.92 [0.52-1.62],0.7680223534808635
REXO2,"Oligoribonuclease, mitochondrial",Chapter XIV Diseases of the genitourinary system,All dysplastic lesions of the cervix uteri,10253,48,0.90 [0.49-1.64],0.7317357218920055
REXO2,"Oligoribonuclease, mitochondrial",Chapter XIV Diseases of the genitourinary system,HSIL lesion of the cervix uteri,10257,22,0.87 [0.35-2.16],0.7583371301667516
REXO2,"Oligoribonuclease, mitochondrial",Chapter XIV Diseases of the genitourinary system,"HSIL lesion of the cervix uteri, vagina or vulva",10255,26,0.93 [0.42-2.06],0.8674406197286344
REXO2,"Oligoribonuclease, mitochondrial",Chapter XIV Diseases of the genitourinary system,Other noninflammatory disorders of cervix uteri,7910,65,0.93 [0.56-1.54],0.7648792546776914
REXO2,"Oligoribonuclease, mitochondrial",Chapter XIV Diseases of the genitourinary system,Other noninflammatory disorders of vagina,7895,50,0.94 [0.53-1.68],0.8429856583920154
REXO2,"Oligoribonuclease, mitochondrial",Chapter XIV Diseases of the genitourinary system,Other noninflammatory disorders of vulva and perineum,7906,61,1.28 [0.87-1.87],0.2103933434718685
REXO2,"Oligoribonuclease, mitochondrial",Chapter XIV Diseases of the genitourinary system,Irregular menses,10256,75,1.17 [0.80-1.71],0.4283389962829221
REXO2,"Oligoribonuclease, mitochondrial",Chapter XIV Diseases of the genitourinary system,"Excessive, frequent and irregular menstruation",8014,169,0.99 [0.73-1.34],0.9619721863626592
REXO2,"Oligoribonuclease, mitochondrial",Chapter XIV Diseases of the genitourinary system,Menorrhagia,7925,80,0.89 [0.56-1.43],0.6444075950233579
REXO2,"Oligoribonuclease, mitochondrial","Chapter IV Endocrine, nutritional and metabolic diseases","Polycystic ovarian syndrome, consortium definition",10258,34,1.20 [0.70-2.06],0.4994037683893854
REXO2,"Oligoribonuclease, mitochondrial",Chapter XIV Diseases of the genitourinary system,Other abnormal uterine and vaginal bleeding,7940,95,0.88 [0.56-1.37],0.5696510332983579
REXO2,"Oligoribonuclease, mitochondrial",Chapter XIV Diseases of the genitourinary system,Pain and other conditions associated with female genital organs and menstrual cycle,7887,42,0.95 [0.51-1.77],0.8745047185514266
REXO2,"Oligoribonuclease, mitochondrial",Chapter XIV Diseases of the genitourinary system,Postmenopausal bleeding,8395,550,0.87 [0.72-1.05],0.1523344698425248
REXO2,"Oligoribonuclease, mitochondrial",Chapter IX Diseases of the circulatory system,"Bradycardia, unspecified, drug-induced",19015,71,1.10 [0.72-1.68],0.6731242379028057
REXO2,"Oligoribonuclease, mitochondrial",Chapter VI Diseases of the nervous system,Falls/tendency to fall,16694,548,1.07 [0.91-1.25],0.4044622069166352
