Protein,Protein_definition,Disease_category,Disease,NB_individual,NB_case,OR[95%CI],P_value
ANXA3,Annexin A3,Chapter I Certain infectious and parasitic diseases,Certain infectious and parasitic diseases,19071,915,0.99 [0.90-1.07],0.745236635223647
ANXA3,Annexin A3,Chapter I Certain infectious and parasitic diseases,Implicit bacterial Sepsis,18311,291,0.89 [0.77-1.04],0.1403102472672545
ANXA3,Annexin A3,Chapter I Certain infectious and parasitic diseases,Intestinal infectious diseases,21619,179,0.93 [0.77-1.12],0.4283688102155994
ANXA3,Annexin A3,Chapter I Certain infectious and parasitic diseases,Implicit Sepsis,13391,1091,1.00 [0.92-1.09],0.9474793638069946
ANXA3,Annexin A3,Chapter I Certain infectious and parasitic diseases,Other bacterial intestinal infections,21574,134,0.94 [0.76-1.17],0.5986556217668482
ANXA3,Annexin A3,Chapter I Certain infectious and parasitic diseases,Explicit Sepsis,19117,96,0.87 [0.67-1.13],0.2970775388383464
ANXA3,Annexin A3,Chapter I Certain infectious and parasitic diseases,"Bacterial intestinal infections, IBD co-morbidities",23044,133,0.96 [0.77-1.19],0.6881522828433557
ANXA3,Annexin A3,Chapter I Certain infectious and parasitic diseases,Other specified/unspecified bacterial intestinal infections,23030,89,1.02 [0.78-1.33],0.8960016514118013
ANXA3,Annexin A3,Chapter I Certain infectious and parasitic diseases,Implicit viral Sepsis,18618,72,1.08 [0.80-1.46],0.5990396555697306
ANXA3,Annexin A3,Chapter I Certain infectious and parasitic diseases,Other bacterial diseases,21877,132,0.81 [0.65-1.01],0.0635841185616829
ANXA3,Annexin A3,Chapter I Certain infectious and parasitic diseases,Other septicaemia,21832,87,0.82 [0.62-1.08],0.1503987954941677
ANXA3,Annexin A3,Chapter I Certain infectious and parasitic diseases,Viral infections characterized by skin and mucous membrane lesions,23150,69,1.09 [0.80-1.47],0.5827144915063099
ANXA3,Annexin A3,Chapter I Certain infectious and parasitic diseases,Other viral diseases,23181,68,1.12 [0.83-1.52],0.4659068521124878
ANXA3,Annexin A3,Chapter I Certain infectious and parasitic diseases,"Other viral diseases, not elsewhere classified",23178,65,1.16 [0.85-1.58],0.3400381312687892
ANXA3,Annexin A3,Chapter I Certain infectious and parasitic diseases,Mycoses,22680,61,0.98 [0.71-1.36],0.9092774227874866
ANXA3,Annexin A3,Chapter I Certain infectious and parasitic diseases,"Bacterial, viral and other infectious agents",21558,438,1.05 [0.93-1.19],0.3914609896528029
ANXA3,Annexin A3,Chapter I Certain infectious and parasitic diseases,Streptococcus and staphylococcus as the cause of diseases classified to other chapters,21256,136,1.05 [0.85-1.31],0.6521126576399167
ANXA3,Annexin A3,Chapter I Certain infectious and parasitic diseases,Other bacterial agents as the cause of diseases classified to other chapters,21440,320,1.05 [0.91-1.21],0.4880060782176939
ANXA3,Annexin A3,Chapter II Neoplasms,"Malignant neoplasm of colon, excluding all cancers (controls excluding all cancers)",16659,102,0.88 [0.68-1.13],0.308012469790847
ANXA3,Annexin A3,Chapter II Neoplasms,"Malignant melanoma of skin, excluding all cancers (controls excluding all cancers)",16621,64,1.02 [0.74-1.39],0.92097806932898
ANXA3,Annexin A3,Chapter II Neoplasms,"Other malignant neoplasms of skin (=non-melanoma skin cancer), excluding all cancers (controls excluding all cancers)",16958,401,0.93 [0.82-1.06],0.2717680304058137
ANXA3,Annexin A3,Chapter II Neoplasms,"Squamous cell neoplasms and carcinomas of the skin, excluding all cancers (controls excluding all cancers)",16970,413,0.93 [0.82-1.06],0.2815660270132814
ANXA3,Annexin A3,Chapter II Neoplasms,"Malignant neoplasm of breast, excluding all cancers (controls excluding all cancers)",9522,385,1.00 [0.88-1.14],0.9900309486013292
ANXA3,Annexin A3,Chapter II Neoplasms,"Malignant neoplasm of prostate, excluding all cancers (controls excluding all cancers)",7629,209,1.00 [0.84-1.20],0.9665095927334744
ANXA3,Annexin A3,Chapter II Neoplasms,"Non-Hodgkin lymphoma, all, excluding all cancers (controls excluding all cancers)",16616,59,0.78 [0.56-1.09],0.1475817943403104
ANXA3,Annexin A3,Chapter III Diseases of the blood and blood-forming organs and certain disorders involving the immune mechanism,Diseases of the blood and blood-forming organs and certain disorders involving the immune mechanism,19788,770,1.01 [0.92-1.11],0.8721516254065689
ANXA3,Annexin A3,Chapter II Neoplasms,"Benign neoplasm of colon, rectum, anus and anal canal",21644,472,0.93 [0.82-1.05],0.2201351520533569
ANXA3,Annexin A3,Chapter II Neoplasms,Benign neoplasm: Sigmoid colon,22641,157,0.91 [0.74-1.11],0.3439849086854351
ANXA3,Annexin A3,Chapter II Neoplasms,"Benign neoplasm: Colon, unspecified",23238,152,0.94 [0.76-1.15],0.5424591057334625
ANXA3,Annexin A3,Chapter II Neoplasms,Benign neoplasm: Rectum,22919,88,0.91 [0.70-1.20],0.5073247499671256
ANXA3,Annexin A3,Chapter II Neoplasms,Benign neoplasm of other and ill-defined parts of digestive system,23247,97,1.06 [0.82-1.38],0.6301836242936447
ANXA3,Annexin A3,Chapter II Neoplasms,Benign neoplasm: Stomach,23301,71,0.97 [0.72-1.31],0.8516587423604345
ANXA3,Annexin A3,Chapter II Neoplasms,Benign lipomatous neoplasm,23060,296,0.90 [0.78-1.04],0.165522016768162
ANXA3,Annexin A3,Chapter II Neoplasms,Benign lipomatous neoplasm of skin and subcutaneous tissue of trunk,23281,102,0.85 [0.66-1.09],0.1991309977127487
ANXA3,Annexin A3,Chapter II Neoplasms,Benign lipomatous neoplasm of skin and subcutaneous tissue of limbs,23286,85,0.75 [0.57-0.99],0.0430022333937022
ANXA3,Annexin A3,Chapter II Neoplasms,"Haemangioma and lymphangioma, any site",23199,59,1.03 [0.74-1.44],0.8494548799847981
ANXA3,Annexin A3,Chapter II Neoplasms,"Haemangioma, any site",23202,58,1.07 [0.77-1.49],0.6789957145889041
ANXA3,Annexin A3,Chapter II Neoplasms,Melanocytic naevi,23141,147,1.19 [0.97-1.47],0.0955867475511411
ANXA3,Annexin A3,Chapter II Neoplasms,Melanocytic naevi of other and unspecified parts of face,23278,64,1.18 [0.86-1.61],0.301953244076883
ANXA3,Annexin A3,Chapter II Neoplasms,Other benign neoplasms of skin,23162,175,0.93 [0.77-1.13],0.4680984811783719
ANXA3,Annexin A3,Chapter II Neoplasms,Benign neoplasm of breast,12153,44,0.77 [0.53-1.14],0.1937648409549177
ANXA3,Annexin A3,Chapter II Neoplasms,Leiomyoma of uterus,12007,310,0.87 [0.75-1.00],0.0535943499008352
ANXA3,Annexin A3,Chapter III Diseases of the blood and blood-forming organs and certain disorders involving the immune mechanism,Other and unspecified iron deficiency,21707,193,0.97 [0.80-1.16],0.7146847108264984
ANXA3,Annexin A3,Chapter III Diseases of the blood and blood-forming organs and certain disorders involving the immune mechanism,Other anaemias,21168,352,1.06 [0.93-1.21],0.3961246484552396
ANXA3,Annexin A3,Chapter III Diseases of the blood and blood-forming organs and certain disorders involving the immune mechanism,Other and unspecified anaemias,21168,352,1.06 [0.93-1.21],0.3961246484552396
ANXA3,Annexin A3,Chapter I Certain infectious and parasitic diseases,Condition for Implicit Sepsis (Organ dysfunction codes),18596,574,1.00 [0.90-1.11],0.9869810203336024
ANXA3,Annexin A3,Chapter III Diseases of the blood and blood-forming organs and certain disorders involving the immune mechanism,Agranulocytosis,22676,59,0.54 [0.38-0.75],0.0002150357001647
ANXA3,Annexin A3,"Chapter IV Endocrine, nutritional and metabolic diseases",Disorders of other endocrine glands,22953,63,1.03 [0.75-1.42],0.8404616361562559
ANXA3,Annexin A3,"Chapter IV Endocrine, nutritional and metabolic diseases",Metabolic disorders,16817,1661,0.96 [0.90-1.03],0.2159084615383508
ANXA3,Annexin A3,"Chapter IV Endocrine, nutritional and metabolic diseases",Disorders of the thyroid gland,21554,650,1.04 [0.94-1.16],0.3952202194722708
ANXA3,Annexin A3,"Chapter IV Endocrine, nutritional and metabolic diseases",Type 1 diabetes,20470,156,0.94 [0.77-1.16],0.5745117678826538
ANXA3,Annexin A3,Chapter IX Diseases of the circulatory system,Peripheral artery disease,21676,171,1.01 [0.83-1.23],0.9301079804412408
ANXA3,Annexin A3,"Chapter IV Endocrine, nutritional and metabolic diseases",Type 1 diabetes without complications,20457,143,0.91 [0.73-1.12],0.3660576365331121
ANXA3,Annexin A3,"Chapter IV Endocrine, nutritional and metabolic diseases",Type 2 diabetes,21097,783,0.99 [0.90-1.09],0.8536131462286686
ANXA3,Annexin A3,"Chapter IV Endocrine, nutritional and metabolic diseases",Type 2 diabetes without complications,21071,757,0.99 [0.90-1.09],0.8176451696445208
ANXA3,Annexin A3,"Chapter IV Endocrine, nutritional and metabolic diseases",Obesity,21400,187,1.02 [0.83-1.27],0.837248262341449
ANXA3,Annexin A3,"Chapter IV Endocrine, nutritional and metabolic diseases","Obesity, other/unspecified",21399,186,1.02 [0.83-1.27],0.838910256830308
ANXA3,Annexin A3,"Chapter IV Endocrine, nutritional and metabolic diseases",Disorders of lipoprotein metabolism and other lipidaemias,16635,1479,0.94 [0.88-1.01],0.1055738906463424
ANXA3,Annexin A3,"Chapter IV Endocrine, nutritional and metabolic diseases","Hyperlipidaemia, other/unspecified",15348,192,0.87 [0.72-1.05],0.1456995623800794
ANXA3,Annexin A3,"Chapter IV Endocrine, nutritional and metabolic diseases",Pure hypercholesterolaemia,16525,1369,0.95 [0.88-1.02],0.1818900110250363
ANXA3,Annexin A3,"Chapter IV Endocrine, nutritional and metabolic diseases",Volume depletion,15214,58,1.41 [1.01-1.96],0.0412403803070809
ANXA3,Annexin A3,"Chapter IV Endocrine, nutritional and metabolic diseases","Other disorders of fluid, electrolyte and acid-base balance",15248,92,0.91 [0.70-1.19],0.4928310798788403
ANXA3,Annexin A3,Chapter V Mental and behavioural disorders,Any mental disorder,19072,542,1.04 [0.93-1.16],0.5171664619567939
ANXA3,Annexin A3,Chapter V Mental and behavioural disorders,"Substance abuse, excluding more controls",18691,161,1.09 [0.88-1.34],0.4311091037391125
ANXA3,Annexin A3,Chapter V Mental and behavioural disorders,"Mental and behavioural disorders due to alcohol, excluding acute intoxication",22928,112,1.13 [0.89-1.44],0.3215427658408877
ANXA3,Annexin A3,Chapter V Mental and behavioural disorders,"Alcohol use disorder, ICD-based",22987,83,1.11 [0.84-1.48],0.4628699172881467
ANXA3,Annexin A3,Chapter V Mental and behavioural disorders,Acute alcohol intoxication,21736,34,1.02 [0.66-1.58],0.9284211197758224
ANXA3,Annexin A3,Chapter V Mental and behavioural disorders,"Acute alcohol intoxication, ICD10",23222,34,1.02 [0.66-1.58],0.9167798581623549
ANXA3,Annexin A3,Chapter V Mental and behavioural disorders,"Alcohol abuse, main dg, excluding more controls",18564,34,1.02 [0.66-1.59],0.925383737705448
ANXA3,Annexin A3,Chapter V Mental and behavioural disorders,Alcohol dependence,21745,43,nan [nan-nan],
ANXA3,Annexin A3,Chapter V Mental and behavioural disorders,Smoking dependency,21666,51,1.02 [0.70-1.48],0.9201486517460984
ANXA3,Annexin A3,Chapter V Mental and behavioural disorders,"Schizophrenia or delusion, excluding more controls",18566,36,0.94 [0.62-1.45],0.7906779525271854
ANXA3,Annexin A3,Chapter V Mental and behavioural disorders,"Mood disorders, excluding more controls",18791,261,1.11 [0.95-1.30],0.1939126143847126
ANXA3,Annexin A3,Chapter V Mental and behavioural disorders,Depression,21832,231,1.08 [0.91-1.27],0.3935272189368748
ANXA3,Annexin A3,Chapter V Mental and behavioural disorders,Depression or dysthymia,18428,198,1.08 [0.90-1.29],0.4200193287934839
ANXA3,Annexin A3,Chapter V Mental and behavioural disorders,"Anxiety disorders, excluding more controls",18640,110,0.86 [0.67-1.10],0.2304509988780894
ANXA3,Annexin A3,Chapter V Mental and behavioural disorders,Other anxiety disorders,21889,64,0.85 [0.62-1.18],0.3305678000854993
ANXA3,Annexin A3,Chapter VI Diseases of the nervous system,Neurological diseases,18929,1508,0.98 [0.91-1.05],0.510783152323528
ANXA3,Annexin A3,Chapter VI Diseases of the nervous system,Other degenerative diseases of the nervous system,16555,103,1.02 [0.80-1.31],0.8653784685227338
ANXA3,Annexin A3,Chapter VI Diseases of the nervous system,MS-disease / Multiple Sclerosis,23205,80,0.91 [0.68-1.21],0.5148109379164083
ANXA3,Annexin A3,Chapter VI Diseases of the nervous system,Episodal and paroxysmal disorders,21963,473,0.98 [0.87-1.10],0.6983706775515943
ANXA3,Annexin A3,Chapter VI Diseases of the nervous system,Epilepsy,21626,136,0.84 [0.68-1.05],0.1233471095498818
ANXA3,Annexin A3,Chapter VI Diseases of the nervous system,Migraine,21548,58,0.94 [0.67-1.31],0.7199110403529505
ANXA3,Annexin A3,Chapter VI Diseases of the nervous system,"Migraine, unspecified, drug-induced",23068,52,0.97 [0.68-1.38],0.8726300525297682
ANXA3,Annexin A3,Chapter IX Diseases of the circulatory system,Transient ischemic attack,22112,119,1.10 [0.87-1.38],0.4173276111629757
ANXA3,Annexin A3,Chapter VI Diseases of the nervous system,Other sleep disorders,21650,160,1.01 [0.83-1.24],0.8951684436060316
ANXA3,Annexin A3,Chapter VI Diseases of the nervous system,Sleep apnoea,22763,119,0.97 [0.76-1.23],0.7893586672555017
ANXA3,Annexin A3,Chapter VI Diseases of the nervous system,"Nerve, nerve root and plexus disorders",22087,715,1.03 [0.93-1.13],0.5801742120808548
ANXA3,Annexin A3,Chapter VI Diseases of the nervous system,"Other and unspecified nerve root and plexus disorders, also in other diseases",21478,106,1.01 [0.79-1.29],0.9545562118530336
ANXA3,Annexin A3,Chapter VI Diseases of the nervous system,Carpal tunnel syndrome,21812,440,1.01 [0.89-1.14],0.8725664260900927
ANXA3,Annexin A3,Chapter VI Diseases of the nervous system,Cerebral palsy and other paralytic syndromes,22908,79,0.82 [0.61-1.09],0.1711390444054624
ANXA3,Annexin A3,Chapter VI Diseases of the nervous system,Hemiplegia,22889,60,0.80 [0.57-1.11],0.1740274168972344
ANXA3,Annexin A3,Chapter VI Diseases of the nervous system,Other neurological diseases,22736,121,0.92 [0.73-1.16],0.4874224258355527
ANXA3,Annexin A3,"Chapter VII Diseases of the eye, adnexa, ear and mastoid process","Disorders of eyelid, lacrimal system and orbit",22430,426,0.92 [0.82-1.05],0.2087421425785434
ANXA3,Annexin A3,"Chapter VII Diseases of the eye, adnexa, ear and mastoid process",Other disorders of eyelid,22262,258,0.95 [0.81-1.12],0.5442457839603664
ANXA3,Annexin A3,"Chapter VII Diseases of the eye, adnexa, ear and mastoid process",Chalazion,22065,61,0.67 [0.48-0.94],0.0202214829785883
ANXA3,Annexin A3,"Chapter VII Diseases of the eye, adnexa, ear and mastoid process",Other specified and unspecified  disorders of eyelid,22141,137,0.99 [0.80-1.23],0.946333828288196
ANXA3,Annexin A3,"Chapter VII Diseases of the eye, adnexa, ear and mastoid process",Disorders of lacrimal system,22111,107,1.21 [0.95-1.53],0.1270776624889718
ANXA3,Annexin A3,"Chapter VII Diseases of the eye, adnexa, ear and mastoid process",Senile cataract,17830,262,1.05 [0.90-1.23],0.526555989994529
ANXA3,Annexin A3,"Chapter VII Diseases of the eye, adnexa, ear and mastoid process",Other cataract,18184,616,0.99 [0.89-1.10],0.9135532782797956
ANXA3,Annexin A3,"Chapter VII Diseases of the eye, adnexa, ear and mastoid process",Disorders of choroid and retina,21888,305,1.08 [0.94-1.25],0.2768722170426612
ANXA3,Annexin A3,"Chapter VII Diseases of the eye, adnexa, ear and mastoid process",Background diabetic retinopathy,22876,81,1.12 [0.85-1.49],0.4166293643679066
ANXA3,Annexin A3,"Chapter VII Diseases of the eye, adnexa, ear and mastoid process",Diabetic maculopathy,2628,81,1.10 [0.82-1.47],0.5183437974817793
ANXA3,Annexin A3,"Chapter VII Diseases of the eye, adnexa, ear and mastoid process","Diabetic maculopathy, excluding more controls",20329,81,1.13 [0.85-1.50],0.3888049147011722
ANXA3,Annexin A3,"Chapter VII Diseases of the eye, adnexa, ear and mastoid process",Glaucoma,22307,143,0.90 [0.73-1.12],0.3386166416786151
ANXA3,Annexin A3,"Chapter VII Diseases of the eye, adnexa, ear and mastoid process",Other and unspecified glaucoma,22242,78,1.00 [0.75-1.33],0.99654499701959
ANXA3,Annexin A3,"Chapter VII Diseases of the eye, adnexa, ear and mastoid process","Disorders of ocular muscles, binocular movement, accommodation and refraction",22362,78,0.87 [0.66-1.16],0.3578192919424235
ANXA3,Annexin A3,"Chapter VII Diseases of the eye, adnexa, ear and mastoid process",Visual disturbances,22610,96,0.83 [0.63-1.07],0.1504258264867
ANXA3,Annexin A3,"Chapter VII Diseases of the eye, adnexa, ear and mastoid process",Diseases of middle ear and mastoid,23205,141,1.09 [0.88-1.34],0.4422711973115485
ANXA3,Annexin A3,"Chapter VII Diseases of the eye, adnexa, ear and mastoid process",Other disorders of ear,22070,110,0.91 [0.71-1.16],0.429632830270156
ANXA3,Annexin A3,Chapter IX Diseases of the circulatory system,Death due to cardiac causes,14368,4617,0.92 [0.88-0.97],0.000811212042126
ANXA3,Annexin A3,Chapter IX Diseases of the circulatory system,Rheumatic valve diseases,22337,97,0.97 [0.75-1.25],0.8011357089084786
ANXA3,Annexin A3,Chapter IX Diseases of the circulatory system,"Hypertension, essential",15218,3236,0.98 [0.93-1.04],0.5540953603174679
ANXA3,Annexin A3,Chapter IX Diseases of the circulatory system,Hypertension,15261,3279,0.98 [0.93-1.03],0.481716033762086
ANXA3,Annexin A3,Chapter IX Diseases of the circulatory system,Hypertensive Renal Disease,12092,110,0.81 [0.63-1.04],0.095518325402456
ANXA3,Annexin A3,Chapter IX Diseases of the circulatory system,"Ischaemic heart disease, wide definition",20398,1848,0.90 [0.84-0.96],0.000708705039936
ANXA3,Annexin A3,Chapter IX Diseases of the circulatory system,Angina pectoris,19649,1099,0.89 [0.82-0.96],0.0032877077102033
ANXA3,Annexin A3,Chapter IX Diseases of the circulatory system,Unstable angina pectoris,21895,350,0.97 [0.84-1.11],0.6425962986646383
ANXA3,Annexin A3,Chapter IX Diseases of the circulatory system,Major coronary heart disease event,22250,705,0.92 [0.83-1.01],0.092640842425152
ANXA3,Annexin A3,Chapter IX Diseases of the circulatory system,"Myocardial infarction, with ST-elevation",23135,131,0.87 [0.70-1.09],0.2227363254659948
ANXA3,Annexin A3,Chapter IX Diseases of the circulatory system,"Myocardial infarction, strict",18988,438,0.85 [0.75-0.96],0.0092278534320334
ANXA3,Annexin A3,Chapter IX Diseases of the circulatory system,Coronary atherosclerosis,20023,1497,0.89 [0.83-0.96],0.0015336092456526
ANXA3,Annexin A3,Chapter IX Diseases of the circulatory system,Pulmonary embolism,22147,137,1.13 [0.91-1.41],0.2587530693541069
ANXA3,Annexin A3,Chapter IX Diseases of the circulatory system,Venous thromboembolism,22369,281,1.11 [0.96-1.30],0.1636715474008291
ANXA3,Annexin A3,Chapter IX Diseases of the circulatory system,Secondary right heart disease,22128,118,0.95 [0.75-1.20],0.6713809780039637
ANXA3,Annexin A3,Chapter IX Diseases of the circulatory system,Other pulmonary heart/vessel disease,22129,119,0.95 [0.75-1.20],0.6818274019200095
ANXA3,Annexin A3,Chapter IX Diseases of the circulatory system,"Hypertension, Pulmonary Arterial",12096,114,0.97 [0.76-1.23],0.8098838602808472
ANXA3,Annexin A3,Chapter IX Diseases of the circulatory system,Cardiomyopathy,17097,70,1.18 [0.87-1.60],0.2929472020206267
ANXA3,Annexin A3,Chapter IX Diseases of the circulatory system,Conduction disorders,17200,173,0.78 [0.64-0.95],0.0120863615769175
ANXA3,Annexin A3,Chapter IX Diseases of the circulatory system,Paroxysmal tachycardia,9084,144,0.72 [0.58-0.90],0.0040390380179149
ANXA3,Annexin A3,Chapter IX Diseases of the circulatory system,Atrial fibrillation and flutter,9632,692,0.80 [0.72-0.88],2.1131073752849244e-05
ANXA3,Annexin A3,Chapter IX Diseases of the circulatory system,Other arrhythmias,17121,94,0.86 [0.66-1.13],0.2803454101715672
ANXA3,Annexin A3,Chapter IX Diseases of the circulatory system,Other or ill-defined heart diseases,17151,124,0.56 [0.44-0.71],1.1852112161362566e-06
ANXA3,Annexin A3,Chapter IX Diseases of the circulatory system,"Heart failure, strict",21641,297,0.93 [0.80-1.08],0.3599666387381168
ANXA3,Annexin A3,Chapter IX Diseases of the circulatory system,"Stroke, including SAH",22005,196,0.92 [0.77-1.11],0.3983187956504465
ANXA3,Annexin A3,Chapter IX Diseases of the circulatory system,"Stroke, excluding SAH",22041,177,0.94 [0.78-1.14],0.5244238767207967
ANXA3,Annexin A3,Chapter IX Diseases of the circulatory system,"Ischaemic Stroke, excluding all haemorrhages",22150,157,0.95 [0.78-1.17],0.6399724665905164
ANXA3,Annexin A3,Chapter IX Diseases of the circulatory system,Other diseases of arteries and capillaries,21648,107,0.90 [0.71-1.15],0.4176777749520618
ANXA3,Annexin A3,Chapter IX Diseases of the circulatory system,Other peripheral vascular diseases,21719,178,0.99 [0.82-1.19],0.8765223609219475
ANXA3,Annexin A3,Chapter IX Diseases of the circulatory system,Phlebitis and thrombophlebitis (not including DVT),21560,166,1.13 [0.93-1.38],0.2185483928118003
ANXA3,Annexin A3,Chapter IX Diseases of the circulatory system,DVT of lower extremities,21538,144,1.12 [0.91-1.38],0.2969093742971315
ANXA3,Annexin A3,Chapter IX Diseases of the circulatory system,"!Phlebitis/thrombophlebitis venae iliacae [externae/internae/communis], drug-induced",23019,138,1.15 [0.92-1.42],0.2159231205687577
ANXA3,Annexin A3,Chapter IX Diseases of the circulatory system,Varicose veins,21909,515,0.94 [0.84-1.06],0.3116553261990685
ANXA3,Annexin A3,Chapter IX Diseases of the circulatory system,Hypotension,21600,119,0.81 [0.64-1.03],0.0871662322364262
ANXA3,Annexin A3,Chapter X Diseases of the respiratory system,Diseases of the respiratory system,17160,2174,1.04 [0.98-1.11],0.14792927002317
ANXA3,Annexin A3,Chapter X Diseases of the respiratory system,Acute upper respiratory infections,23136,77,1.02 [0.76-1.36],0.9098207934224702
ANXA3,Annexin A3,Chapter X Diseases of the respiratory system,Influenza and pneumonia,20711,264,0.96 [0.82-1.12],0.6038748105399991
ANXA3,Annexin A3,Chapter X Diseases of the respiratory system,"Pneumonia, organism unspecified",20683,236,1.00 [0.85-1.18],0.9936235145715012
ANXA3,Annexin A3,Chapter X Diseases of the respiratory system,Other acute lower respiratory infections,22012,289,0.98 [0.84-1.14],0.7898907286411879
ANXA3,Annexin A3,Chapter X Diseases of the respiratory system,Unspecified acute lower respiratory infection,22003,280,0.97 [0.83-1.13],0.689603903683668
ANXA3,Annexin A3,Chapter X Diseases of the respiratory system,Other diseases of upper respiratory tract,22566,551,1.01 [0.90-1.12],0.917358026265027
ANXA3,Annexin A3,Chapter X Diseases of the respiratory system,Chronic sinusitis,22106,91,0.86 [0.66-1.13],0.2785791426904478
ANXA3,Annexin A3,Chapter X Diseases of the respiratory system,Nasal polyp,22156,141,1.05 [0.85-1.29],0.6809166753764675
ANXA3,Annexin A3,Chapter X Diseases of the respiratory system,"Diseases of vocal cords and larynx+other diseases of upper respiratory tract, no elsewhere classified",22365,350,1.02 [0.89-1.17],0.7331625509280326
ANXA3,Annexin A3,Chapter X Diseases of the respiratory system,Deviated nasal septum,22152,137,0.90 [0.73-1.12],0.3576624061700814
ANXA3,Annexin A3,Chapter X Diseases of the respiratory system,Vocal cord dysfunction,7378,76,1.25 [0.93-1.68],0.1474388567909811
ANXA3,Annexin A3,Chapter X Diseases of the respiratory system,Chronic lower respiratory diseases,20169,1144,1.15 [1.06-1.24],0.0004809506364126
ANXA3,Annexin A3,Chapter X Diseases of the respiratory system,Early onset COPD,21623,248,1.19 [1.01-1.40],0.0383365106060711
ANXA3,Annexin A3,Chapter X Diseases of the respiratory system,"COPD, hospital admissions 1, only main diagnosis",21675,300,1.17 [1.01-1.35],0.0389310526085474
ANXA3,Annexin A3,Chapter X Diseases of the respiratory system,"Other chronic obstructive pulmonary disease, including avohilmo",21675,300,1.17 [1.01-1.35],0.0389310526085474
ANXA3,Annexin A3,Chapter X Diseases of the respiratory system,"Asthma, hospital admissions , main diagnosis only",21596,868,1.13 [1.04-1.24],0.0053600321711498
ANXA3,Annexin A3,Chapter X Diseases of the respiratory system,Asthma,15128,868,1.16 [1.06-1.26],0.0015463081654867
ANXA3,Annexin A3,Chapter X Diseases of the respiratory system,"Asthma, excluding more controls",14731,868,1.15 [1.06-1.26],0.0016664244035416
ANXA3,Annexin A3,Chapter X Diseases of the respiratory system,"Asthma, unspecified (mode)",15119,859,1.15 [1.05-1.26],0.0019875601599447
ANXA3,Annexin A3,Chapter X Diseases of the respiratory system,Other respiratory diseases principally affecting the interstitium,22728,127,1.05 [0.84-1.31],0.6812799171558731
ANXA3,Annexin A3,Chapter X Diseases of the respiratory system,Interstitial lung disease,21640,99,1.13 [0.88-1.45],0.3510296219850252
ANXA3,Annexin A3,Chapter X Diseases of the respiratory system,"ILD, hospital admissions",22825,99,1.13 [0.88-1.45],0.3516273743577809
ANXA3,Annexin A3,Chapter X Diseases of the respiratory system,Idiopathic pulmonary fibrosis,21633,92,1.06 [0.82-1.38],0.643784191858705
ANXA3,Annexin A3,Chapter X Diseases of the respiratory system,Pleural effusion,20460,145,0.91 [0.74-1.12],0.3795697489958262
ANXA3,Annexin A3,Chapter X Diseases of the respiratory system,Other diseases of pleura,20614,299,0.97 [0.84-1.13],0.7006401826735538
ANXA3,Annexin A3,Chapter X Diseases of the respiratory system,Other respiratory disorders and diseases,21597,136,1.08 [0.87-1.34],0.5051475432697341
ANXA3,Annexin A3,Chapter XI Diseases of the digestive system,Gastrointestinal diseases,15038,6496,0.97 [0.93-1.01],0.130197753444573
ANXA3,Annexin A3,Chapter XI Diseases of the digestive system,"Diseases of oral cavity, salivary glands and jaws",22852,341,0.90 [0.78-1.03],0.1205473612439455
ANXA3,Annexin A3,Chapter XI Diseases of the digestive system,Embedded and impacted teeth,23297,43,1.08 [0.74-1.58],0.6726876989128628
ANXA3,Annexin A3,Chapter XI Diseases of the digestive system,Impacted teeth,23299,39,1.15 [0.78-1.71],0.4822806221974318
ANXA3,Annexin A3,Chapter XI Diseases of the digestive system,Dental caries,22603,92,0.97 [0.74-1.26],0.7998956059427544
ANXA3,Annexin A3,Chapter XI Diseases of the digestive system,Diseases of pulp and periapical tissues,22603,92,0.95 [0.73-1.24],0.7103192505597409
ANXA3,Annexin A3,Chapter XI Diseases of the digestive system,Palatinal maxillary canine,23293,47,1.00 [0.69-1.44],0.9986910499125958
ANXA3,Annexin A3,Chapter XI Diseases of the digestive system,Other disorders of teeth and supporting structures,22611,100,0.81 [0.63-1.05],0.1064327460473775
ANXA3,Annexin A3,Chapter XI Diseases of the digestive system,Other diseases of lip and oral mucosa,22336,92,1.16 [0.89-1.50],0.2825930843116644
ANXA3,Annexin A3,Chapter XI Diseases of the digestive system,Oral lichen ruber planus,23189,60,1.23 [0.89-1.70],0.2125872685791734
ANXA3,Annexin A3,Chapter XI Diseases of the digestive system,Gastroduodenal ulcer,16439,344,0.97 [0.85-1.11],0.675970347094564
ANXA3,Annexin A3,Chapter XI Diseases of the digestive system,"Diseases of oesophagus, stomach and duodenum",18681,2586,0.94 [0.89-1.00],0.0328941485511808
ANXA3,Annexin A3,Chapter XI Diseases of the digestive system,Oesophagitis,16499,404,0.98 [0.86-1.11],0.7616171396552652
ANXA3,Annexin A3,Chapter XI Diseases of the digestive system,Gastro-oesophageal reflux disease,16938,843,0.94 [0.86-1.03],0.1861293413679013
ANXA3,Annexin A3,Chapter XI Diseases of the digestive system,Other diseases of oesophagus,16184,89,1.01 [0.77-1.31],0.9657932231952032
ANXA3,Annexin A3,Chapter XI Diseases of the digestive system,Ulcer of oesophagus,16379,284,0.91 [0.79-1.06],0.2468571898437068
ANXA3,Annexin A3,Chapter XI Diseases of the digestive system,Oesophageal obstruction,16178,83,1.16 [0.88-1.53],0.2848224443251527
ANXA3,Annexin A3,Chapter XI Diseases of the digestive system,Gastric ulcer,16300,205,0.91 [0.76-1.09],0.2955518825123316
ANXA3,Annexin A3,Chapter XI Diseases of the digestive system,Duodenal ulcer,16240,145,1.14 [0.93-1.40],0.2194008164805176
ANXA3,Annexin A3,Chapter XI Diseases of the digestive system,"Duodenal ulcer - Unspecified as acute or chronic, without haemorrhage or perforation, drug-induced",23121,99,1.14 [0.89-1.47],0.3008743401611736
ANXA3,Annexin A3,Chapter XI Diseases of the digestive system,Chronic gastritis,16241,146,0.87 [0.70-1.07],0.1782050722388115
ANXA3,Annexin A3,Chapter XI Diseases of the digestive system,Other gastritis (incl. Duodenitis),17086,991,0.90 [0.83-0.98],0.01733216181085
ANXA3,Annexin A3,Chapter XI Diseases of the digestive system,Diseases of appendix,23165,91,0.91 [0.70-1.19],0.503230205191239
ANXA3,Annexin A3,Chapter XI Diseases of the digestive system,Functional dyspepsia,16581,486,0.92 [0.81-1.03],0.1360029824263598
ANXA3,Annexin A3,Chapter XI Diseases of the digestive system,Other diseases of stomach and duodenum,16324,229,0.99 [0.83-1.17],0.8619405004132665
ANXA3,Annexin A3,Chapter XI Diseases of the digestive system,Colonic or urogenital fistula,23167,122,0.89 [0.71-1.12],0.3301422518630904
ANXA3,Annexin A3,Chapter XI Diseases of the digestive system,Acute appendicitis,23152,78,0.93 [0.70-1.24],0.6301955903824987
ANXA3,Annexin A3,Chapter XI Diseases of the digestive system,Hernia,19639,2082,0.99 [0.93-1.05],0.781841645017966
ANXA3,Annexin A3,Chapter XI Diseases of the digestive system,Inguinal hernia,18358,801,0.91 [0.83-1.00],0.0579518032889702
ANXA3,Annexin A3,Chapter XI Diseases of the digestive system,Umbilical hernia,17695,138,0.94 [0.75-1.17],0.5696878757335951
ANXA3,Annexin A3,Chapter XI Diseases of the digestive system,Ventral hernia,17666,109,0.98 [0.77-1.26],0.8948643939643479
ANXA3,Annexin A3,Chapter XI Diseases of the digestive system,Diaphragmatic hernia,18687,1130,1.06 [0.98-1.14],0.1703631859275065
ANXA3,Annexin A3,Chapter XI Diseases of the digestive system,Noninfective enteritis and colitis,22222,768,0.98 [0.90-1.08],0.7346607926423152
ANXA3,Annexin A3,Chapter XI Diseases of the digestive system,Other diseases of intestines,17060,2343,0.98 [0.92-1.04],0.4794973869045352
ANXA3,Annexin A3,Chapter XI Diseases of the digestive system,"Crohn disease (strict definition, all UC cases excluded)",22944,46,0.99 [0.68-1.44],0.9646667309854062
ANXA3,Annexin A3,Chapter XI Diseases of the digestive system,"Crohn disease (strict definition, require KELA, min 2 HDR)",23235,60,0.87 [0.62-1.20],0.39162439642018
ANXA3,Annexin A3,Chapter XI Diseases of the digestive system,Crohn disease,21514,60,0.87 [0.62-1.20],0.3917604342276657
ANXA3,Annexin A3,Chapter XI Diseases of the digestive system,Crohn's disease NAS,21499,45,0.76 [0.52-1.11],0.1596864702043415
ANXA3,Annexin A3,Chapter XI Diseases of the digestive system,"Ulcerative colitis (strict definition, require KELA, min 2 HDR)",23156,143,0.97 [0.79-1.20],0.7890357381040607
ANXA3,Annexin A3,Chapter XI Diseases of the digestive system,Ulcerative colitis,21597,143,0.97 [0.79-1.21],0.8142761976524802
ANXA3,Annexin A3,Chapter XI Diseases of the digestive system,"Ulcerative colitis, NAS",21587,133,1.01 [0.81-1.26],0.9422265106619848
ANXA3,Annexin A3,Chapter XI Diseases of the digestive system,Other noninfective gastroenteritis and colitis,22088,634,0.97 [0.87-1.07],0.5160670122868611
ANXA3,Annexin A3,Chapter XI Diseases of the digestive system,Noninfectious colitis NAS,22079,625,0.96 [0.87-1.07],0.4836920373202039
ANXA3,Annexin A3,Chapter XI Diseases of the digestive system,Paralytic ileus and intestinal obstruction,14847,130,0.99 [0.79-1.24],0.9253703474978934
ANXA3,Annexin A3,Chapter XI Diseases of the digestive system,Intestinal stricture,22702,130,1.00 [0.80-1.24],0.9763644767701816
ANXA3,Annexin A3,Chapter XI Diseases of the digestive system,"Other or unspecified ileus, impaction or obstruction",14801,84,1.12 [0.85-1.48],0.4141916793700534
ANXA3,Annexin A3,Chapter XI Diseases of the digestive system,Diverticular disease of intestine,15628,911,1.01 [0.92-1.10],0.8967030795461077
ANXA3,Annexin A3,Chapter XI Diseases of the digestive system,Irritable bowel syndrome,14872,155,0.96 [0.78-1.18],0.6881813131633301
ANXA3,Annexin A3,Chapter XI Diseases of the digestive system,Other functional intestinal disorders,15041,324,1.06 [0.92-1.22],0.4329791350445948
ANXA3,Annexin A3,Chapter XI Diseases of the digestive system,Constipation,21175,291,1.07 [0.92-1.24],0.4054622976634513
ANXA3,Annexin A3,Chapter XI Diseases of the digestive system,Diseases of peritoneum,22805,98,0.97 [0.76-1.26],0.8430465970982434
ANXA3,Annexin A3,Chapter XI Diseases of the digestive system,Fissure and fistula of anal and rectal regions,14824,107,0.88 [0.68-1.13],0.3169172644188288
ANXA3,Annexin A3,Chapter XI Diseases of the digestive system,Abscess of anal and rectal regions,14772,55,0.96 [0.68-1.36],0.8169919517945439
ANXA3,Annexin A3,Chapter XI Diseases of the digestive system,Other diseases of anus and rectum,15688,971,0.99 [0.91-1.08],0.7970751674878189
ANXA3,Annexin A3,Chapter XI Diseases of the digestive system,Other diseases of intestine,15085,368,0.97 [0.84-1.11],0.623045198627646
ANXA3,Annexin A3,Chapter XI Diseases of the digestive system,Other diseases of peritoneum,22789,82,0.98 [0.74-1.29],0.8700694719221014
ANXA3,Annexin A3,Chapter XI Diseases of the digestive system,Diseases of liver,22396,126,0.74 [0.59-0.93],0.0089100521456227
ANXA3,Annexin A3,Chapter XI Diseases of the digestive system,Other diseases of liver,22342,72,0.75 [0.55-1.01],0.0605914670694325
ANXA3,Annexin A3,Chapter XI Diseases of the digestive system,"Disorders of gallbladder, biliary tract and pancreas",21791,734,1.06 [0.96-1.16],0.2563119902338098
ANXA3,Annexin A3,Chapter XI Diseases of the digestive system,Cholelithiasis,21657,600,1.08 [0.97-1.20],0.1477025305486317
ANXA3,Annexin A3,Chapter XI Diseases of the digestive system,Cholecystitis,21177,120,1.22 [0.98-1.53],0.0791383035862014
ANXA3,Annexin A3,Chapter XI Diseases of the digestive system,Other diseases of biliary tract,21114,57,0.99 [0.71-1.39],0.973790535603241
ANXA3,Annexin A3,Chapter XI Diseases of the digestive system,Acute pancreatitis,21133,76,1.15 [0.87-1.53],0.3269213777901392
ANXA3,Annexin A3,Chapter XI Diseases of the digestive system,Acute pancreatitis (for exclusion),23109,76,1.15 [0.86-1.53],0.3476436304655544
ANXA3,Annexin A3,Chapter XI Diseases of the digestive system,Diseases of the digestive system,21781,348,1.04 [0.90-1.19],0.611697252346382
ANXA3,Annexin A3,Chapter XI Diseases of the digestive system,Intestinal malabsorption,21509,76,1.34 [1.01-1.78],0.0395305587412182
ANXA3,Annexin A3,Chapter XI Diseases of the digestive system,Coeliac disease,21498,65,1.41 [1.04-1.92],0.0253069975168662
ANXA3,Annexin A3,Chapter XI Diseases of the digestive system,"Postprocedural disorders of digestive system, not elsewhere classified",21491,58,0.98 [0.70-1.37],0.9100345514735771
ANXA3,Annexin A3,Chapter XI Diseases of the digestive system,Other diseases of the digestive system,21651,218,0.96 [0.81-1.14],0.6406079436209495
ANXA3,Annexin A3,Chapter XI Diseases of the digestive system,GI-bleeding,21642,209,0.95 [0.80-1.13],0.5536061571540551
ANXA3,Annexin A3,Chapter XII Diseases of the skin and subcutaneous tissue,Diseases of the skin and subcutaneous tissue,19550,1615,0.92 [0.86-0.99],0.0173171665347854
ANXA3,Annexin A3,Chapter XII Diseases of the skin and subcutaneous tissue,Dermatitis and eczema,22760,107,0.97 [0.76-1.25],0.8287280159580375
ANXA3,Annexin A3,Chapter XII Diseases of the skin and subcutaneous tissue,Disorders of skin appendages,22882,438,0.89 [0.79-1.01],0.0615678931702425
ANXA3,Annexin A3,Chapter XII Diseases of the skin and subcutaneous tissue,Other disorders of skin and subcutaneous tissue,21189,623,0.98 [0.88-1.08],0.6481558607757967
ANXA3,Annexin A3,Chapter XII Diseases of the skin and subcutaneous tissue,Infections of the skin and subcutaneous tissue,22235,392,0.88 [0.77-1.00],0.0520652933863165
ANXA3,Annexin A3,Chapter XII Diseases of the skin and subcutaneous tissue,"Cutaneous abscess, furuncle and carbuncle",21912,69,0.92 [0.68-1.24],0.5796559688716478
ANXA3,Annexin A3,Chapter XII Diseases of the skin and subcutaneous tissue,Cellulitis,22126,283,0.89 [0.76-1.04],0.129959497324838
ANXA3,Annexin A3,Chapter XII Diseases of the skin and subcutaneous tissue,Papulosquamous disorders,22981,98,0.99 [0.77-1.28],0.9553245179343692
ANXA3,Annexin A3,Chapter XII Diseases of the skin and subcutaneous tissue,Psoriasis,22954,71,1.04 [0.77-1.40],0.7966308743426617
ANXA3,Annexin A3,Chapter XII Diseases of the skin and subcutaneous tissue,Other and unspecified psoriasis,22941,58,1.18 [0.85-1.64],0.3298437312228981
ANXA3,Annexin A3,Chapter XII Diseases of the skin and subcutaneous tissue,Radiation-related disorders of the skin and subcutaneous tissue,22862,80,0.87 [0.65-1.15],0.3282867285431321
ANXA3,Annexin A3,Chapter XII Diseases of the skin and subcutaneous tissue,Skin changes due to chronic exposure to nonionizing radiation,22860,78,0.87 [0.65-1.17],0.3645209056745592
ANXA3,Annexin A3,Chapter XII Diseases of the skin and subcutaneous tissue,Nail disorders,22491,47,0.86 [0.59-1.25],0.4354377014291215
ANXA3,Annexin A3,Chapter XII Diseases of the skin and subcutaneous tissue,Follicular cysts of skin and subcutaneous tissue,22812,368,0.89 [0.78-1.02],0.0956080024909776
ANXA3,Annexin A3,Chapter XII Diseases of the skin and subcutaneous tissue,Seborrhoeic keratosis,20679,113,1.02 [0.80-1.30],0.8707294694176326
ANXA3,Annexin A3,Chapter XII Diseases of the skin and subcutaneous tissue,Atrophic disorders of skin,20669,103,0.76 [0.59-0.99],0.0380575982893939
ANXA3,Annexin A3,Chapter XII Diseases of the skin and subcutaneous tissue,Scar conditions and fibrosis of skin,20636,70,0.80 [0.59-1.09],0.1496663622273326
ANXA3,Annexin A3,Chapter XII Diseases of the skin and subcutaneous tissue,"Other disorders of skin and subcutaneous tissue, not elsewhere classified",20792,226,1.07 [0.90-1.27],0.4464663418010487
ANXA3,Annexin A3,Chapter XII Diseases of the skin and subcutaneous tissue,Other and unspecified disorders of skin and subcutaneous tissue,20775,209,1.05 [0.88-1.25],0.6231066158773089
ANXA3,Annexin A3,Chapter XIII Diseases of the musculoskeletal system and connective tissue,Diseases of the musculoskeletal system and connective tissue,15228,4474,1.01 [0.97-1.06],0.5355649455898932
ANXA3,Annexin A3,Chapter XIII Diseases of the musculoskeletal system and connective tissue,Arthropathies,16825,2788,1.04 [0.99-1.10],0.119863489237483
ANXA3,Annexin A3,Chapter XIII Diseases of the musculoskeletal system and connective tissue,Soft tissue disorders,20648,1309,1.03 [0.96-1.11],0.4336337306751502
ANXA3,Annexin A3,Chapter XIII Diseases of the musculoskeletal system and connective tissue,Rheumatoid arthritis,14217,180,1.17 [0.97-1.41],0.1019243619288467
ANXA3,Annexin A3,Chapter XIII Diseases of the musculoskeletal system and connective tissue,Polyarthropathies,14628,591,1.01 [0.90-1.12],0.8989085911480253
ANXA3,Annexin A3,Chapter XIII Diseases of the musculoskeletal system and connective tissue,"Other (seronegative) rheumatoid arthritis, wide",22774,174,1.17 [0.97-1.41],0.1064884798614537
ANXA3,Annexin A3,Chapter XIII Diseases of the musculoskeletal system and connective tissue,Other/unspecified rheumatoid arthritis,22780,159,1.22 [1.00-1.49],0.0459323129973593
ANXA3,Annexin A3,Chapter XIII Diseases of the musculoskeletal system and connective tissue,Arthrosis,15688,1651,1.07 [1.00-1.15],0.0376474069396793
ANXA3,Annexin A3,Chapter XIII Diseases of the musculoskeletal system and connective tissue,"Artrosis, including avohilmo",18247,1651,1.07 [1.00-1.15],0.0396475653085496
ANXA3,Annexin A3,Chapter XIII Diseases of the musculoskeletal system and connective tissue,Gout,14133,96,0.89 [0.68-1.16],0.377469062836977
ANXA3,Annexin A3,Chapter XIII Diseases of the musculoskeletal system and connective tissue,"Gout, unspecified",22518,93,0.86 [0.66-1.12],0.2672492530464611
ANXA3,Annexin A3,Chapter XIII Diseases of the musculoskeletal system and connective tissue,Other specified/unspecified arthritis,14334,297,1.00 [0.86-1.16],0.970515728078508
ANXA3,Annexin A3,Chapter XIII Diseases of the musculoskeletal system and connective tissue,Polyarthrosis,14156,119,0.96 [0.76-1.22],0.7433603090704459
ANXA3,Annexin A3,Chapter XIII Diseases of the musculoskeletal system and connective tissue,Coxarthrosis,14475,438,1.12 [0.98-1.26],0.0857521436383468
ANXA3,Annexin A3,Chapter XIII Diseases of the musculoskeletal system and connective tissue,"Coxarthrosis, primary",23075,216,1.28 [1.08-1.52],0.0042581731416806
ANXA3,Annexin A3,Chapter XIII Diseases of the musculoskeletal system and connective tissue,Gonarthrosis,14774,737,1.09 [0.99-1.21],0.0778284643163384
ANXA3,Annexin A3,Chapter XIII Diseases of the musculoskeletal system and connective tissue,Other arthrosis,14607,570,0.97 [0.87-1.09],0.6279074385322133
ANXA3,Annexin A3,Chapter XIII Diseases of the musculoskeletal system and connective tissue,Other joint disorders,15385,1348,1.01 [0.94-1.09],0.7683984658144778
ANXA3,Annexin A3,Chapter XIII Diseases of the musculoskeletal system and connective tissue,Other deformities of toe(s),14132,95,1.00 [0.77-1.30],0.9789892447492546
ANXA3,Annexin A3,Chapter XIII Diseases of the musculoskeletal system and connective tissue,Hallux valgus (acquired),14338,301,1.02 [0.88-1.19],0.7510679948949424
ANXA3,Annexin A3,Chapter XIII Diseases of the musculoskeletal system and connective tissue,Hallux rigidus,14115,78,0.85 [0.64-1.14],0.2827456483295245
ANXA3,Annexin A3,Chapter XIII Diseases of the musculoskeletal system and connective tissue,Other hammer toe(s) (acquired),14130,93,1.13 [0.86-1.47],0.3794536221541357
ANXA3,Annexin A3,Chapter XIII Diseases of the musculoskeletal system and connective tissue,Internal derangement of knee,14482,445,1.01 [0.89-1.14],0.8852229876679333
ANXA3,Annexin A3,Chapter XIII Diseases of the musculoskeletal system and connective tissue,Meniscus derangement,14438,401,1.04 [0.91-1.18],0.5852149750782221
ANXA3,Annexin A3,Chapter XIII Diseases of the musculoskeletal system and connective tissue,Pain in joint,17505,278,0.91 [0.78-1.07],0.2553521004925123
ANXA3,Annexin A3,Chapter XIII Diseases of the musculoskeletal system and connective tissue,Systemic lupus erythematosus,22561,105,0.92 [0.71-1.17],0.4878081464650401
ANXA3,Annexin A3,Chapter XIII Diseases of the musculoskeletal system and connective tissue,Other systemic involvement of connective tissue,22528,72,1.49 [1.11-1.98],0.0071313200998974
ANXA3,Annexin A3,Chapter XIII Diseases of the musculoskeletal system and connective tissue,Deforming dorsopathies,19270,79,0.84 [0.63-1.13],0.2556137624411262
ANXA3,Annexin A3,Chapter XIII Diseases of the musculoskeletal system and connective tissue,Spondylopathies,19566,375,0.85 [0.74-0.97],0.014799760232598
ANXA3,Annexin A3,Chapter XIII Diseases of the musculoskeletal system and connective tissue,Dorsopathies,20147,956,0.90 [0.83-0.98],0.016855046919878
ANXA3,Annexin A3,Chapter XIII Diseases of the musculoskeletal system and connective tissue,Spondylosis,19433,242,0.84 [0.71-0.99],0.0348968331353614
ANXA3,Annexin A3,Chapter XIII Diseases of the musculoskeletal system and connective tissue,Spinal stenosis,19308,117,0.94 [0.74-1.19],0.5993114645217199
ANXA3,Annexin A3,Chapter XIII Diseases of the musculoskeletal system and connective tissue,"Other dorsopathies, not elsewhere classified",19893,702,0.93 [0.84-1.03],0.1494172464359452
ANXA3,Annexin A3,Chapter XIII Diseases of the musculoskeletal system and connective tissue,Cervical disc disorders,19235,44,1.20 [0.82-1.75],0.3518768322343948
ANXA3,Annexin A3,Chapter XIII Diseases of the musculoskeletal system and connective tissue,Other intervertebral disc disorders,19410,219,0.99 [0.83-1.18],0.9243323145396862
ANXA3,Annexin A3,Chapter XIII Diseases of the musculoskeletal system and connective tissue,Lumbar disc prolapse,19280,89,0.97 [0.74-1.27],0.8223962669359429
ANXA3,Annexin A3,Chapter XIII Diseases of the musculoskeletal system and connective tissue,Sciatica+with lumbago,19277,86,0.93 [0.71-1.23],0.6092176714260205
ANXA3,Annexin A3,Chapter XIII Diseases of the musculoskeletal system and connective tissue,Other/unspecified dorsalgia,19324,133,0.94 [0.75-1.17],0.55955966043043
ANXA3,Annexin A3,Chapter XIII Diseases of the musculoskeletal system and connective tissue,Cervicalgia,19249,58,1.13 [0.81-1.58],0.4720257696797667
ANXA3,Annexin A3,Chapter XIII Diseases of the musculoskeletal system and connective tissue,Low back pain,19479,288,0.93 [0.80-1.08],0.357877726606256
ANXA3,Annexin A3,Chapter XIII Diseases of the musculoskeletal system and connective tissue,Disorders of synovium and tendon,19675,336,1.09 [0.94-1.25],0.2470418875144501
ANXA3,Annexin A3,Chapter XIII Diseases of the musculoskeletal system and connective tissue,Other/unspecified synovitis and tenosynovitis,19421,82,0.95 [0.71-1.26],0.7133352020874393
ANXA3,Annexin A3,Chapter XIII Diseases of the musculoskeletal system and connective tissue,Trigger finger,19458,119,0.95 [0.75-1.20],0.6594012731277525
ANXA3,Annexin A3,Chapter XIII Diseases of the musculoskeletal system and connective tissue,Ganglion,19425,86,1.36 [1.04-1.78],0.0229603924392009
ANXA3,Annexin A3,Chapter XIII Diseases of the musculoskeletal system and connective tissue,"Soft tissue disorders related to use, overuse and pressure",19381,42,1.26 [0.86-1.85],0.2299909832966521
ANXA3,Annexin A3,Chapter XIII Diseases of the musculoskeletal system and connective tissue,Fibroblastic disorders,19507,168,0.91 [0.75-1.11],0.3375047080489944
ANXA3,Annexin A3,Chapter XIII Diseases of the musculoskeletal system and connective tissue,Palmar fascial fibromatosis [Dupuytren],19496,157,0.89 [0.73-1.09],0.26552734897062
ANXA3,Annexin A3,Chapter XIII Diseases of the musculoskeletal system and connective tissue,Shoulder lesions,19639,300,1.12 [0.97-1.29],0.1344808375684027
ANXA3,Annexin A3,Chapter XIII Diseases of the musculoskeletal system and connective tissue,Other shoulder lesions,19399,60,1.15 [0.83-1.59],0.4036472455293967
ANXA3,Annexin A3,Chapter XIII Diseases of the musculoskeletal system and connective tissue,Rotator cuff syndrome,19440,101,0.91 [0.71-1.18],0.4731620399937688
ANXA3,Annexin A3,Chapter XIII Diseases of the musculoskeletal system and connective tissue,Impingement syndrome of shoulder,19481,142,1.16 [0.94-1.44],0.1587767788683868
ANXA3,Annexin A3,Chapter XIII Diseases of the musculoskeletal system and connective tissue,Other enthesopathies,19389,50,0.65 [0.45-0.94],0.0210649685948459
ANXA3,Annexin A3,Chapter XIII Diseases of the musculoskeletal system and connective tissue,"Other soft tissue disorders, not elsewhere classified",19800,461,0.96 [0.85-1.08],0.4732173595795317
ANXA3,Annexin A3,Chapter XIII Diseases of the musculoskeletal system and connective tissue,Other specified/unspecified soft tissue disorders,19530,191,0.99 [0.83-1.20],0.9457696794412352
ANXA3,Annexin A3,Chapter XIII Diseases of the musculoskeletal system and connective tissue,Pain in limb,19595,256,0.86 [0.73-1.01],0.0667279938731865
ANXA3,Annexin A3,Chapter XIII Diseases of the musculoskeletal system and connective tissue,Osteoporosis,20874,243,1.02 [0.86-1.20],0.8552232830224598
ANXA3,Annexin A3,Chapter XIII Diseases of the musculoskeletal system and connective tissue,Osteopathies and chondropathies,21071,440,0.97 [0.85-1.09],0.5824939457479871
ANXA3,Annexin A3,Chapter XIII Diseases of the musculoskeletal system and connective tissue,Disorders of continuity of bone,20672,41,0.97 [0.66-1.45],0.8970838506565182
ANXA3,Annexin A3,Chapter XIII Diseases of the musculoskeletal system and connective tissue,Other specified/unspecified disorders of  bone/cartilage,20679,48,0.95 [0.66-1.37],0.7693755414065165
ANXA3,Annexin A3,Chapter XIII Diseases of the musculoskeletal system and connective tissue,Other disorders of bone,20720,89,0.86 [0.66-1.13],0.2841175958530971
ANXA3,Annexin A3,Chapter XIV Diseases of the genitourinary system,Genitourinary diseases,16961,4112,0.97 [0.93-1.02],0.2000351771503067
ANXA3,Annexin A3,Chapter XIV Diseases of the genitourinary system,Diseases of male genital organs,8977,869,1.05 [0.95-1.15],0.3414820155131953
ANXA3,Annexin A3,Chapter XIV Diseases of the genitourinary system,Renal tubulo-interstitial diseases,19528,298,0.99 [0.85-1.15],0.8691668701543186
ANXA3,Annexin A3,Chapter XIV Diseases of the genitourinary system,Other obstructive and reflux uropathy,19312,82,0.95 [0.71-1.25],0.7003730873593477
ANXA3,Annexin A3,Chapter XIV Diseases of the genitourinary system,Acute renal failure,19577,66,1.20 [0.88-1.64],0.2460154253535195
ANXA3,Annexin A3,Chapter XIV Diseases of the genitourinary system,Chronic kidney disease,19601,90,0.92 [0.70-1.21],0.5447861188535245
ANXA3,Annexin A3,Chapter XIV Diseases of the genitourinary system,Unspecified kidney failure,19592,81,0.82 [0.62-1.10],0.185449923477972
ANXA3,Annexin A3,Chapter XIV Diseases of the genitourinary system,Urolithiasis,22921,250,0.96 [0.81-1.13],0.6020954493142258
ANXA3,Annexin A3,Chapter XIV Diseases of the genitourinary system,Other disorders of kidney and ureter,22689,91,1.39 [1.07-1.80],0.0134740826072756
ANXA3,Annexin A3,Chapter XIV Diseases of the genitourinary system,Calculus of kidney and ureter,22857,186,1.01 [0.84-1.22],0.922312472230812
ANXA3,Annexin A3,Chapter XIV Diseases of the genitourinary system,Unspecified renal colic,22746,75,0.85 [0.63-1.15],0.2949951033143335
ANXA3,Annexin A3,Chapter XIV Diseases of the genitourinary system,Other diseases of urinary system,20340,1224,1.08 [1.00-1.16],0.0567002013648188
ANXA3,Annexin A3,Chapter XIV Diseases of the genitourinary system,Cystitis,19230,114,1.08 [0.85-1.37],0.5129200623827999
ANXA3,Annexin A3,Chapter XIV Diseases of the genitourinary system,Neuromuscular dysfunction of bladder,19211,95,1.06 [0.82-1.37],0.6490849478372405
ANXA3,Annexin A3,Chapter XIV Diseases of the genitourinary system,Other disorders of  bladder,19491,375,1.04 [0.91-1.18],0.593054267142237
ANXA3,Annexin A3,Chapter XIV Diseases of the genitourinary system,Urethral stricture,19260,144,0.93 [0.75-1.15],0.5192116299495486
ANXA3,Annexin A3,Chapter XIV Diseases of the genitourinary system,Other disorders of urethra and urinary system,19864,748,1.09 [0.99-1.19],0.0876888578906437
ANXA3,Annexin A3,Chapter XIV Diseases of the genitourinary system,Hyperplasia of prostate,8606,498,1.06 [0.95-1.20],0.2988329249116147
ANXA3,Annexin A3,Chapter XIV Diseases of the genitourinary system,Inflammatory diseases of prostate (prostatitis),8179,71,0.97 [0.72-1.32],0.8472441872199812
ANXA3,Annexin A3,Chapter XIV Diseases of the genitourinary system,Hydrocele,8171,63,0.96 [0.69-1.33],0.7959816499128719
ANXA3,Annexin A3,Chapter XIV Diseases of the genitourinary system,"Redundant prepuce, phimosis and paraphimosis",8179,71,0.98 [0.72-1.33],0.892451393940313
ANXA3,Annexin A3,Chapter XIV Diseases of the genitourinary system,Other disorders of penis,8201,93,1.20 [0.92-1.56],0.1805040103077968
ANXA3,Annexin A3,Chapter XIV Diseases of the genitourinary system,Other disorders of male genital organs,8220,112,1.04 [0.81-1.32],0.762012681788077
ANXA3,Annexin A3,Chapter XIV Diseases of the genitourinary system,Disorders of breast,12043,229,0.90 [0.76-1.06],0.2180544784401366
ANXA3,Annexin A3,Chapter XIV Diseases of the genitourinary system,Benign mammary dysplasia,11890,76,0.87 [0.65-1.17],0.3687283638331515
ANXA3,Annexin A3,Chapter XIV Diseases of the genitourinary system,Unspecified lump in breast,11894,80,0.95 [0.72-1.26],0.7408281742739224
ANXA3,Annexin A3,Chapter XIV Diseases of the genitourinary system,Other disorders of breast,11872,58,0.90 [0.65-1.25],0.527493621802041
ANXA3,Annexin A3,Chapter XIV Diseases of the genitourinary system,Inflammatory diseases of female pelvic organs,12018,166,1.03 [0.84-1.25],0.7832133822834797
ANXA3,Annexin A3,Chapter XIV Diseases of the genitourinary system,Inflammatory disease of cervix uteri,11902,50,0.73 [0.51-1.04],0.0838662616462931
ANXA3,Annexin A3,Chapter XIV Diseases of the genitourinary system,Other female pelvic inflammatory diseases,11909,57,1.15 [0.83-1.61],0.3986127611969065
ANXA3,Annexin A3,Chapter XIV Diseases of the genitourinary system,Noninflammatory disorders of female genital tract,11135,1825,0.96 [0.90-1.02],0.1655516024293302
ANXA3,Annexin A3,Chapter XIV Diseases of the genitourinary system,Endometriosis,9375,65,1.10 [0.80-1.51],0.5604479632622728
ANXA3,Annexin A3,Chapter XIV Diseases of the genitourinary system,Adenomyosis (Endometriosis of uterus),9362,52,1.10 [0.77-1.56],0.6030739746101381
ANXA3,Annexin A3,Chapter XIV Diseases of the genitourinary system,Female genital prolapse,9802,492,1.02 [0.90-1.14],0.771947708375429
ANXA3,Annexin A3,Chapter XIV Diseases of the genitourinary system,Ovarian cyst,9416,106,1.08 [0.85-1.39],0.5225626106197716
ANXA3,Annexin A3,Chapter XIV Diseases of the genitourinary system,Polyp of the female genital tract,9794,484,0.88 [0.78-1.00],0.0425674621673468
ANXA3,Annexin A3,Chapter XIV Diseases of the genitourinary system,Uterine polyps,9462,152,0.75 [0.61-0.92],0.0061120167662842
ANXA3,Annexin A3,Chapter XIV Diseases of the genitourinary system,"Other noninflammatory disorders of uterus, except cervix",9534,224,1.02 [0.86-1.21],0.7930720640958885
ANXA3,Annexin A3,Chapter XIV Diseases of the genitourinary system,Erosion and ectropion of cervix uteri,9327,17,0.98 [0.53-1.83],0.9582715043890064
ANXA3,Annexin A3,Chapter XIV Diseases of the genitourinary system,Dysplasia of cervi uteri,9358,48,0.77 [0.53-1.12],0.1732261485159589
ANXA3,Annexin A3,Chapter XIV Diseases of the genitourinary system,"All dysplastic lesions of the cervix uteri, vagina or vulva",12167,64,0.74 [0.53-1.02],0.062072911635439
ANXA3,Annexin A3,Chapter XIV Diseases of the genitourinary system,All dysplastic lesions of the cervix uteri,12169,59,0.75 [0.53-1.04],0.0882580722689412
ANXA3,Annexin A3,Chapter XIV Diseases of the genitourinary system,HSIL lesion of the cervix uteri,12175,29,0.74 [0.47-1.19],0.2150858500563621
ANXA3,Annexin A3,Chapter XIV Diseases of the genitourinary system,"HSIL lesion of the cervix uteri, vagina or vulva",12173,33,0.72 [0.46-1.11],0.1394528483918555
ANXA3,Annexin A3,Chapter XIV Diseases of the genitourinary system,Other noninflammatory disorders of cervix uteri,9385,75,0.91 [0.67-1.22],0.5161920744417401
ANXA3,Annexin A3,Chapter XIV Diseases of the genitourinary system,Other noninflammatory disorders of vagina,9364,54,1.11 [0.78-1.56],0.5642070286147224
ANXA3,Annexin A3,Chapter XIV Diseases of the genitourinary system,Other noninflammatory disorders of vulva and perineum,9379,69,1.41 [1.05-1.91],0.0240867088732954
ANXA3,Annexin A3,Chapter XIV Diseases of the genitourinary system,Irregular menses,12174,87,1.20 [0.91-1.57],0.1923182827792019
ANXA3,Annexin A3,Chapter XIV Diseases of the genitourinary system,"Excessive, frequent and irregular menstruation",9502,192,0.94 [0.78-1.14],0.5506691911213832
ANXA3,Annexin A3,Chapter XIV Diseases of the genitourinary system,Menorrhagia,9398,88,0.79 [0.60-1.05],0.1012488937315936
ANXA3,Annexin A3,"Chapter IV Endocrine, nutritional and metabolic diseases","Polycystic ovarian syndrome, consortium definition",12175,37,1.06 [0.70-1.61],0.7748350190819451
ANXA3,Annexin A3,Chapter XIV Diseases of the genitourinary system,Other abnormal uterine and vaginal bleeding,9422,112,0.84 [0.66-1.07],0.1565475257954519
ANXA3,Annexin A3,Chapter XIV Diseases of the genitourinary system,Pain and other conditions associated with female genital organs and menstrual cycle,9359,49,1.26 [0.88-1.80],0.2030137567949363
ANXA3,Annexin A3,Chapter XIV Diseases of the genitourinary system,Postmenopausal bleeding,9946,636,0.90 [0.81-1.00],0.044795447220088
ANXA3,Annexin A3,Chapter IX Diseases of the circulatory system,"Bradycardia, unspecified, drug-induced",22744,87,0.93 [0.71-1.22],0.6042926129830417
ANXA3,Annexin A3,Chapter VI Diseases of the nervous system,Falls/tendency to fall,19851,668,0.95 [0.86-1.05],0.2921065117264281
