Protein,Protein_definition,Disease_category,Disease,NB_individual,NB_case,HR[95%CI],P_value
BTN3A2,Butyrophilin subfamily 3 member A2,Chapter I Certain infectious and parasitic diseases,"Bacterial infection, other or unspecified",49364,304,1.60 [1.29-1.99],2.55780874758956e-05
BTN3A2,Butyrophilin subfamily 3 member A2,Chapter I Certain infectious and parasitic diseases,"Bacterial intestinal infections, IBD co-morbidities",51149,391,1.65 [1.35-2.02],9.805192447825942e-07
BTN3A2,Butyrophilin subfamily 3 member A2,Chapter I Certain infectious and parasitic diseases,"Bacterial, viral and other infectious agents",50624,2760,1.57 [1.46-1.69],9.563710712125691e-32
BTN3A2,Butyrophilin subfamily 3 member A2,Chapter I Certain infectious and parasitic diseases,Candidiasis,51191,851,1.30 [1.12-1.51],0.0005120639820657
BTN3A2,Butyrophilin subfamily 3 member A2,Chapter I Certain infectious and parasitic diseases,Certain infectious and parasitic diseases,49636,6988,1.44 [1.36-1.51],2.914362657344341e-43
BTN3A2,Butyrophilin subfamily 3 member A2,Chapter I Certain infectious and parasitic diseases,Condition for Implicit Sepsis (Organ dysfunction codes),49845,6386,1.55 [1.47-1.63],3.849307176352842e-63
BTN3A2,Butyrophilin subfamily 3 member A2,Chapter I Certain infectious and parasitic diseases,Diarrhoea and gastroenteritis of presumed infectious origin,50686,2432,1.54 [1.41-1.67],2.6908900657951404e-23
BTN3A2,Butyrophilin subfamily 3 member A2,Chapter I Certain infectious and parasitic diseases,Enterocolitis due to Clostridium difficile,51007,170,2.07 [1.63-2.62],1.8441607766578302e-09
BTN3A2,Butyrophilin subfamily 3 member A2,Chapter I Certain infectious and parasitic diseases,Explicit Sepsis,47114,1948,1.87 [1.71-2.03],1.48630993040212e-45
BTN3A2,Butyrophilin subfamily 3 member A2,Chapter I Certain infectious and parasitic diseases,Implicit bacterial Sepsis,45516,2205,2.02 [1.87-2.18],2.1368739576718798e-75
BTN3A2,Butyrophilin subfamily 3 member A2,Chapter I Certain infectious and parasitic diseases,Implicit fungal Sepsis,45253,514,1.87 [1.58-2.20],1.298312295691194e-13
BTN3A2,Butyrophilin subfamily 3 member A2,Chapter I Certain infectious and parasitic diseases,Implicit Sepsis,35971,3950,1.64 [1.54-1.75],2.1028760571318689e-50
BTN3A2,Butyrophilin subfamily 3 member A2,Chapter I Certain infectious and parasitic diseases,Implicit viral Sepsis,44949,784,2.09 [1.86-2.35],1.013505251241873e-35
BTN3A2,Butyrophilin subfamily 3 member A2,Chapter I Certain infectious and parasitic diseases,Intestinal infectious diseases,51116,2862,1.52 [1.40-1.64],1.509328953132952e-25
BTN3A2,Butyrophilin subfamily 3 member A2,Chapter I Certain infectious and parasitic diseases,Mycoses,51347,1007,1.34 [1.17-1.53],2.468202824621978e-05
BTN3A2,Butyrophilin subfamily 3 member A2,Chapter I Certain infectious and parasitic diseases,Other bacterial agents as the cause of diseases classified to other chapters,49727,1863,1.70 [1.56-1.85],3.0574548701186147e-33
BTN3A2,Butyrophilin subfamily 3 member A2,Chapter I Certain infectious and parasitic diseases,Other bacterial diseases,51212,2152,1.73 [1.59-1.87],1.1299675679842274e-40
BTN3A2,Butyrophilin subfamily 3 member A2,Chapter I Certain infectious and parasitic diseases,Other bacterial intestinal infections,48647,393,1.70 [1.38-2.08],3.487615308188375e-07
BTN3A2,Butyrophilin subfamily 3 member A2,Chapter I Certain infectious and parasitic diseases,Other infectious diseases,51447,98,1.94 [1.37-2.73],0.0001549942556414
BTN3A2,Butyrophilin subfamily 3 member A2,Chapter I Certain infectious and parasitic diseases,Other septicaemia,50942,1882,1.76 [1.62-1.91],2.2954104510272755e-39
BTN3A2,Butyrophilin subfamily 3 member A2,Chapter I Certain infectious and parasitic diseases,Other viral diseases,51284,315,1.88 [1.54-2.30],5.627954523106844e-10
BTN3A2,Butyrophilin subfamily 3 member A2,Chapter I Certain infectious and parasitic diseases,"Other viral diseases, not elsewhere classified",51244,275,1.80 [1.44-2.25],2.81346076089912e-07
BTN3A2,Butyrophilin subfamily 3 member A2,Chapter I Certain infectious and parasitic diseases,Streptococcus and staphylococcus as the cause of diseases classified to other chapters,48694,830,1.73 [1.53-1.96],6.539714564071568e-18
BTN3A2,Butyrophilin subfamily 3 member A2,Chapter I Certain infectious and parasitic diseases,Viral agents as the cause of diseases classified to other chapters,48416,552,1.39 [1.15-1.66],0.000465845725825
BTN3A2,Butyrophilin subfamily 3 member A2,Chapter I Certain infectious and parasitic diseases,Viral and other specified intestinal infections,48476,222,1.93 [1.54-2.42],1.402901489317982e-08
BTN3A2,Butyrophilin subfamily 3 member A2,Chapter II Neoplasms,"Benign neoplasm of colon, rectum, anus and anal canal",50782,2869,1.19 [1.09-1.29],7.933720799517671e-05
BTN3A2,Butyrophilin subfamily 3 member A2,Chapter II Neoplasms,"Diffuse large B-cell lymphoma, excluding all cancers (controls excluding all cancers)",41011,140,1.75 [1.26-2.43],0.0008531308681663
BTN3A2,Butyrophilin subfamily 3 member A2,Chapter II Neoplasms,Lung cancer and mesothelioma,35668,657,1.42 [1.20-1.68],5.704746565738336e-05
BTN3A2,Butyrophilin subfamily 3 member A2,Chapter II Neoplasms,"Malignant neoplasm of intrahepatic ducts, biliary tract and gallbladder, excluding all cancers (controls excluding all cancers)",41034,163,1.78 [1.31-2.41],0.0002034623993976
BTN3A2,Butyrophilin subfamily 3 member A2,Chapter II Neoplasms,"Malignant neoplasm of kidney, except renal pelvis, excluding all cancers (controls excluding all cancers)",41086,215,1.82 [1.39-2.37],1.1366007004751752e-05
BTN3A2,Butyrophilin subfamily 3 member A2,Chapter II Neoplasms,"Non-follicular lymphoma, hilmo, excluding all cancers",41055,184,1.85 [1.40-2.45],1.4458054110054773e-05
BTN3A2,Butyrophilin subfamily 3 member A2,Chapter II Neoplasms,"Non-Hodgkin lymphoma, all, excluding all cancers (controls excluding all cancers)",41195,324,1.89 [1.53-2.33],4.325324859603469e-09
BTN3A2,Butyrophilin subfamily 3 member A2,Chapter II Neoplasms,"Other and unspecified types of non-Hodgkin lymphoma, hilmo, excluding all cancers",41068,197,2.16 [1.70-2.75],3.5388674488806874e-10
BTN3A2,Butyrophilin subfamily 3 member A2,Chapter III Diseases of the blood and blood-forming organs and certain disorders involving the immune mechanism,Agranulocytosis,50859,685,1.67 [1.44-1.95],2.6976618849576262e-11
BTN3A2,Butyrophilin subfamily 3 member A2,Chapter III Diseases of the blood and blood-forming organs and certain disorders involving the immune mechanism,Anaemia in chronic diseases classified elsewhere,47681,225,2.78 [2.42-3.20],5.064784767846769e-47
BTN3A2,Butyrophilin subfamily 3 member A2,Chapter III Diseases of the blood and blood-forming organs and certain disorders involving the immune mechanism,Diseases of spleen,50315,141,1.80 [1.32-2.46],0.0001845455045356
BTN3A2,Butyrophilin subfamily 3 member A2,Chapter III Diseases of the blood and blood-forming organs and certain disorders involving the immune mechanism,Diseases of the blood and blood-forming organs and certain disorders involving the immune mechanism,49859,5768,1.56 [1.48-1.65],6.503727016328925e-58
BTN3A2,Butyrophilin subfamily 3 member A2,Chapter III Diseases of the blood and blood-forming organs and certain disorders involving the immune mechanism,Folate deficiency anaemia,48516,95,1.96 [1.45-2.64],1.022849612862906e-05
BTN3A2,Butyrophilin subfamily 3 member A2,Chapter III Diseases of the blood and blood-forming organs and certain disorders involving the immune mechanism,Idiopathic thrombocytopenic purpura,50616,100,2.10 [1.52-2.89],5.552596818751947e-06
BTN3A2,Butyrophilin subfamily 3 member A2,Chapter III Diseases of the blood and blood-forming organs and certain disorders involving the immune mechanism,Other anaemias,50478,3022,1.68 [1.56-1.80],2.9105807077612888e-46
BTN3A2,Butyrophilin subfamily 3 member A2,Chapter III Diseases of the blood and blood-forming organs and certain disorders involving the immune mechanism,Other and unspecified anaemias,50476,3020,1.68 [1.56-1.80],2.505219597614105e-46
BTN3A2,Butyrophilin subfamily 3 member A2,Chapter III Diseases of the blood and blood-forming organs and certain disorders involving the immune mechanism,Other and unspecified aplastic anaemias,47630,174,2.05 [1.63-2.58],8.053064878099355e-10
BTN3A2,Butyrophilin subfamily 3 member A2,Chapter III Diseases of the blood and blood-forming organs and certain disorders involving the immune mechanism,Other and unspecified iron deficiency,50795,2374,1.63 [1.50-1.77],1.76812593292973e-32
BTN3A2,Butyrophilin subfamily 3 member A2,Chapter III Diseases of the blood and blood-forming organs and certain disorders involving the immune mechanism,Other coagulation defects,50738,222,1.92 [1.51-2.45],1.0844645603220549e-07
BTN3A2,Butyrophilin subfamily 3 member A2,Chapter III Diseases of the blood and blood-forming organs and certain disorders involving the immune mechanism,Other diseases of blood and blood-forming organs,50304,130,1.82 [1.33-2.51],0.0002136159447748
BTN3A2,Butyrophilin subfamily 3 member A2,Chapter III Diseases of the blood and blood-forming organs and certain disorders involving the immune mechanism,Purpura and other haemorrhagic conditions,51069,553,1.83 [1.57-2.14],2.3078181310480333e-14
BTN3A2,Butyrophilin subfamily 3 member A2,Chapter III Diseases of the blood and blood-forming organs and certain disorders involving the immune mechanism,Sarcoidosis,51234,108,2.28 [1.72-3.03],9.797139679047037e-09
BTN3A2,Butyrophilin subfamily 3 member A2,Chapter III Diseases of the blood and blood-forming organs and certain disorders involving the immune mechanism,"Thrombocytopenia, unspecified",50974,458,1.84 [1.55-2.18],2.4901893302040965e-12
BTN3A2,Butyrophilin subfamily 3 member A2,Chapter III Diseases of the blood and blood-forming organs and certain disorders involving the immune mechanism,Vitamin B12 deficiency anaemia,48630,209,1.73 [1.35-2.21],1.4517351547816368e-05
BTN3A2,Butyrophilin subfamily 3 member A2,"Chapter IV Endocrine, nutritional and metabolic diseases",Acidosis,39796,635,2.18 [1.93-2.45],2.7998414024800864e-37
BTN3A2,Butyrophilin subfamily 3 member A2,"Chapter IV Endocrine, nutritional and metabolic diseases",Alcohol dependence,47992,254,1.82 [1.40-2.35],5.8918250450511855e-06
BTN3A2,Butyrophilin subfamily 3 member A2,"Chapter IV Endocrine, nutritional and metabolic diseases",Deficiency of other B group vitamins,46638,470,1.61 [1.35-1.92],1.8665558020299164e-07
BTN3A2,Butyrophilin subfamily 3 member A2,"Chapter IV Endocrine, nutritional and metabolic diseases","Delirium, not induced by alcohol and other psychoactive substances",50499,1128,1.38 [1.22-1.56],4.5383967314517226e-07
BTN3A2,Butyrophilin subfamily 3 member A2,"Chapter IV Endocrine, nutritional and metabolic diseases",Depression,50740,3115,1.36 [1.25-1.47],1.9133367027095933e-14
BTN3A2,Butyrophilin subfamily 3 member A2,"Chapter IV Endocrine, nutritional and metabolic diseases",Depression or dysthymia,44828,3018,1.39 [1.29-1.51],5.456709140417488e-16
BTN3A2,Butyrophilin subfamily 3 member A2,"Chapter IV Endocrine, nutritional and metabolic diseases",Disorders of calcium metabolism,39715,554,1.81 [1.55-2.11],2.2778814242539896e-14
BTN3A2,Butyrophilin subfamily 3 member A2,"Chapter IV Endocrine, nutritional and metabolic diseases",Disorders of iron metabolism,39283,122,1.94 [1.40-2.69],7.077091254279578e-05
BTN3A2,Butyrophilin subfamily 3 member A2,"Chapter IV Endocrine, nutritional and metabolic diseases",Disorders of lipoprotein metabolism and other lipidaemias,46206,7045,1.30 [1.24-1.38],2.1753698378217253e-22
BTN3A2,Butyrophilin subfamily 3 member A2,"Chapter IV Endocrine, nutritional and metabolic diseases",Disorders of magnesium metabolism,39548,387,1.67 [1.37-2.02],2.3580097611817306e-07
BTN3A2,Butyrophilin subfamily 3 member A2,"Chapter IV Endocrine, nutritional and metabolic diseases",Disorders of mineral metabolism,40267,1106,1.71 [1.52-1.92],1.5383632852915217e-19
BTN3A2,Butyrophilin subfamily 3 member A2,"Chapter IV Endocrine, nutritional and metabolic diseases",Disorders of other endocrine glands,51283,653,1.90 [1.66-2.18],5.059983325034382e-20
BTN3A2,Butyrophilin subfamily 3 member A2,"Chapter IV Endocrine, nutritional and metabolic diseases",Disorders of parathyroid gland,50905,275,2.51 [2.17-2.91],4.2262733496462446e-35
BTN3A2,Butyrophilin subfamily 3 member A2,"Chapter IV Endocrine, nutritional and metabolic diseases","Disorders of plasma-protein metabolism, not elsewhere classified",39281,120,2.21 [1.65-2.96],9.040342057531005e-08
BTN3A2,Butyrophilin subfamily 3 member A2,"Chapter IV Endocrine, nutritional and metabolic diseases",Disorders of the thyroid gland,50373,3094,1.37 [1.27-1.48],2.4870032146497767e-15
BTN3A2,Butyrophilin subfamily 3 member A2,"Chapter IV Endocrine, nutritional and metabolic diseases",Fluid overload,39674,513,2.34 [2.07-2.64],5.085559854305434e-43
BTN3A2,Butyrophilin subfamily 3 member A2,"Chapter IV Endocrine, nutritional and metabolic diseases",Hyperkalaemia,39762,601,2.58 [2.33-2.86],1.0868048082664689e-72
BTN3A2,Butyrophilin subfamily 3 member A2,"Chapter IV Endocrine, nutritional and metabolic diseases","Hyperlipidaemia, other/unspecified",40431,1270,1.41 [1.26-1.59],9.988741717078634e-09
BTN3A2,Butyrophilin subfamily 3 member A2,"Chapter IV Endocrine, nutritional and metabolic diseases",Hyperosmolality and hypernatraemia,39401,240,1.60 [1.23-2.08],0.0004053328754455
BTN3A2,Butyrophilin subfamily 3 member A2,"Chapter IV Endocrine, nutritional and metabolic diseases",Hyperparathyroidism,50888,258,2.54 [2.19-2.94],1.1361712842092598e-34
BTN3A2,Butyrophilin subfamily 3 member A2,"Chapter IV Endocrine, nutritional and metabolic diseases",Hypo-osmolality and hyponatraemia,40357,1196,1.63 [1.45-1.83],2.668142637913126e-16
BTN3A2,Butyrophilin subfamily 3 member A2,"Chapter IV Endocrine, nutritional and metabolic diseases",Hypokalaemia,40116,955,1.60 [1.41-1.82],8.553688986071732e-13
BTN3A2,Butyrophilin subfamily 3 member A2,"Chapter IV Endocrine, nutritional and metabolic diseases",Metabolic disorders,49089,9928,1.34 [1.28-1.40],4.367943558980803e-38
BTN3A2,Butyrophilin subfamily 3 member A2,"Chapter IV Endocrine, nutritional and metabolic diseases",Obesity,51073,3881,1.19 [1.11-1.27],2.3769347775640667e-06
BTN3A2,Butyrophilin subfamily 3 member A2,"Chapter IV Endocrine, nutritional and metabolic diseases","Obesity, other/unspecified",51075,3876,1.19 [1.10-1.27],2.458246634108708e-06
BTN3A2,Butyrophilin subfamily 3 member A2,"Chapter IV Endocrine, nutritional and metabolic diseases",Other anxiety disorders,50758,2394,1.23 [1.12-1.35],9.74422623432093e-06
BTN3A2,Butyrophilin subfamily 3 member A2,"Chapter IV Endocrine, nutritional and metabolic diseases","Other disorders of fluid, electrolyte and acid-base balance",42313,3152,1.77 [1.66-1.89],2.3901545601546079e-63
BTN3A2,Butyrophilin subfamily 3 member A2,"Chapter IV Endocrine, nutritional and metabolic diseases",Other disorders of glucose regulation and pancreatic internal secretion,51421,457,1.93 [1.66-2.24],3.408314281648914e-18
BTN3A2,Butyrophilin subfamily 3 member A2,"Chapter IV Endocrine, nutritional and metabolic diseases","Postprocedural endocrine and metabolic disorders, not elsewhere classified",39496,335,1.72 [1.39-2.12],5.769845067818052e-07
BTN3A2,Butyrophilin subfamily 3 member A2,"Chapter IV Endocrine, nutritional and metabolic diseases",Type 1 diabetes without complications,46808,305,1.61 [1.31-1.99],7.206989900814345e-06
BTN3A2,Butyrophilin subfamily 3 member A2,"Chapter IV Endocrine, nutritional and metabolic diseases",Type 2 diabetes with neurological complications,4226,172,2.56 [1.86-3.52],6.726349022074502e-09
BTN3A2,Butyrophilin subfamily 3 member A2,"Chapter IV Endocrine, nutritional and metabolic diseases",Type 2 diabetes with ophthalmic complications,4504,507,1.42 [1.15-1.74],0.0008633663044344
BTN3A2,Butyrophilin subfamily 3 member A2,"Chapter IV Endocrine, nutritional and metabolic diseases",Type 2 diabetes with peripheral circulatory complications,46626,123,2.22 [1.79-2.76],4.3348191960439723e-13
BTN3A2,Butyrophilin subfamily 3 member A2,"Chapter IV Endocrine, nutritional and metabolic diseases",Type 2 diabetes with renal complications,4164,113,6.01 [4.48-8.07],6.805577251096982e-33
BTN3A2,Butyrophilin subfamily 3 member A2,"Chapter IV Endocrine, nutritional and metabolic diseases",Type 2 diabetes without complications,50168,3665,1.27 [1.18-1.37],5.127621353795981e-11
BTN3A2,Butyrophilin subfamily 3 member A2,"Chapter IV Endocrine, nutritional and metabolic diseases",Vitamin D deficiency,46900,732,1.57 [1.34-1.84],1.8843577510552174e-08
BTN3A2,Butyrophilin subfamily 3 member A2,"Chapter IV Endocrine, nutritional and metabolic diseases",Volume depletion,40701,1540,1.76 [1.60-1.94],1.3989549043478118e-30
BTN3A2,Butyrophilin subfamily 3 member A2,Chapter IX Diseases of the circulatory system,"!Phlebitis/thrombophlebitis venae iliacae [externae/internae/communis], drug-induced",51222,481,1.48 [1.23-1.79],3.906736026782446e-05
BTN3A2,Butyrophilin subfamily 3 member A2,Chapter IX Diseases of the circulatory system,Abdominal aortic aneurysm (AAA),49206,328,1.55 [1.27-1.91],2.195324510906385e-05
BTN3A2,Butyrophilin subfamily 3 member A2,Chapter IX Diseases of the circulatory system,Angina pectoris,46984,2381,1.33 [1.21-1.45],5.421978091422069e-10
BTN3A2,Butyrophilin subfamily 3 member A2,Chapter IX Diseases of the circulatory system,Aortic aneurysm,49359,481,1.56 [1.31-1.86],5.400963289640959e-07
BTN3A2,Butyrophilin subfamily 3 member A2,Chapter IX Diseases of the circulatory system,Arterial embolism and thrombosis of lower extremity artery,48993,115,2.03 [1.61-2.56],2.4739045586954158e-09
BTN3A2,Butyrophilin subfamily 3 member A2,Chapter IX Diseases of the circulatory system,"Atherosclerosis, excluding cerebral and coronary sclerosis",49277,399,1.88 [1.61-2.19],7.153915493002127e-16
BTN3A2,Butyrophilin subfamily 3 member A2,Chapter IX Diseases of the circulatory system,Atrial fibrillation and flutter,31920,3805,1.37 [1.27-1.47],5.979455459168029e-18
BTN3A2,Butyrophilin subfamily 3 member A2,Chapter IX Diseases of the circulatory system,AV-block,43348,872,1.36 [1.17-1.58],7.413075419104417e-05
BTN3A2,Butyrophilin subfamily 3 member A2,Chapter IX Diseases of the circulatory system,Cardiac arrest,28499,384,2.12 [1.81-2.50],1.0739213517611386e-19
BTN3A2,Butyrophilin subfamily 3 member A2,Chapter IX Diseases of the circulatory system,Cardiomyopathy,42818,342,1.52 [1.21-1.91],0.000388168899087
BTN3A2,Butyrophilin subfamily 3 member A2,Chapter IX Diseases of the circulatory system,"Cardiomyopathy, other and unspecified",42670,194,2.03 [1.57-2.63],5.776799587315239e-08
BTN3A2,Butyrophilin subfamily 3 member A2,Chapter IX Diseases of the circulatory system,Conduction disorders,44573,2097,1.46 [1.33-1.61],1.0794443640995944e-14
BTN3A2,Butyrophilin subfamily 3 member A2,Chapter IX Diseases of the circulatory system,Coronary atherosclerosis,48719,4151,1.34 [1.25-1.43],4.1006692876927013e-17
BTN3A2,Butyrophilin subfamily 3 member A2,Chapter IX Diseases of the circulatory system,Death due to cardiac causes,44893,15066,1.20 [1.15-1.24],1.9478830856453823e-20
BTN3A2,Butyrophilin subfamily 3 member A2,Chapter IX Diseases of the circulatory system,DVT of lower extremities,48692,518,1.51 [1.26-1.80],7.162544094945001e-06
BTN3A2,Butyrophilin subfamily 3 member A2,Chapter IX Diseases of the circulatory system,Endocarditis,42622,146,1.92 [1.40-2.64],4.685929254492907e-05
BTN3A2,Butyrophilin subfamily 3 member A2,Chapter IX Diseases of the circulatory system,"Heart failure, strict",51039,2186,1.79 [1.65-1.94],1.865149485868042e-46
BTN3A2,Butyrophilin subfamily 3 member A2,Chapter IX Diseases of the circulatory system,Hypertension,46725,12928,1.23 [1.18-1.28],1.837501747606043e-22
BTN3A2,Butyrophilin subfamily 3 member A2,Chapter IX Diseases of the circulatory system,"Hypertension, essential",46761,12964,1.24 [1.19-1.29],2.3315144154822853e-24
BTN3A2,Butyrophilin subfamily 3 member A2,Chapter IX Diseases of the circulatory system,"Hypertension, portal",51103,155,2.18 [1.75-2.72],2.640471159683892e-12
BTN3A2,Butyrophilin subfamily 3 member A2,Chapter IX Diseases of the circulatory system,"Hypertension, Pulmonary Arterial",34146,349,1.96 [1.63-2.36],9.044479914372262e-13
BTN3A2,Butyrophilin subfamily 3 member A2,Chapter IX Diseases of the circulatory system,Hypertensive Renal Disease,34068,271,24.42 [9.61-62.08],1.9173080699454088e-11
BTN3A2,Butyrophilin subfamily 3 member A2,Chapter IX Diseases of the circulatory system,Hypotension,51160,2361,1.48 [1.36-1.61],6.127262741765281e-20
BTN3A2,Butyrophilin subfamily 3 member A2,Chapter IX Diseases of the circulatory system,"Ischaemic heart disease, wide definition",49059,4456,1.30 [1.22-1.39],5.217187217132053e-15
BTN3A2,Butyrophilin subfamily 3 member A2,Chapter IX Diseases of the circulatory system,"Ischaemic Stroke, excluding all haemorrhages",50690,1111,1.50 [1.32-1.70],3.0104494273636187e-10
BTN3A2,Butyrophilin subfamily 3 member A2,Chapter IX Diseases of the circulatory system,Left bundle-branch block,43198,722,1.71 [1.47-1.99],2.094018367741559e-12
BTN3A2,Butyrophilin subfamily 3 member A2,Chapter IX Diseases of the circulatory system,Major coronary heart disease event,50493,1672,1.34 [1.21-1.49],6.443560487456835e-08
BTN3A2,Butyrophilin subfamily 3 member A2,Chapter IX Diseases of the circulatory system,"Myocardial infarction, strict",46014,1411,1.43 [1.27-1.59],5.900626158550411e-10
BTN3A2,Butyrophilin subfamily 3 member A2,Chapter IX Diseases of the circulatory system,"Myocardial infarction, without ST-elevation",51392,616,1.37 [1.15-1.63],0.0004772554624695
BTN3A2,Butyrophilin subfamily 3 member A2,Chapter IX Diseases of the circulatory system,Oesophageal varices,48282,108,2.18 [1.66-2.86],1.9496998133564425e-08
BTN3A2,Butyrophilin subfamily 3 member A2,Chapter IX Diseases of the circulatory system,Other arrhythmias,43316,840,1.42 [1.22-1.66],7.74977907913355e-06
BTN3A2,Butyrophilin subfamily 3 member A2,Chapter IX Diseases of the circulatory system,Other arterial embolism and thrombosis,49072,194,1.98 [1.63-2.40],6.049543828708708e-12
BTN3A2,Butyrophilin subfamily 3 member A2,Chapter IX Diseases of the circulatory system,Other diseases of arteries and capillaries,49346,468,1.60 [1.34-1.91],1.3175060582609177e-07
BTN3A2,Butyrophilin subfamily 3 member A2,Chapter IX Diseases of the circulatory system,Other diseases of pericardium,42831,355,1.53 [1.21-1.93],0.0003322195931524
BTN3A2,Butyrophilin subfamily 3 member A2,Chapter IX Diseases of the circulatory system,Other or ill-defined heart diseases,44538,2062,1.61 [1.47-1.76],2.4170607093769256e-25
BTN3A2,Butyrophilin subfamily 3 member A2,Chapter IX Diseases of the circulatory system,Other other unspecified disorders of the circulatory system,48908,109,2.19 [1.69-2.85],5.222777748804168e-09
BTN3A2,Butyrophilin subfamily 3 member A2,Chapter IX Diseases of the circulatory system,Other peripheral vascular diseases,49954,1076,1.44 [1.27-1.64],8.477069012291761e-09
BTN3A2,Butyrophilin subfamily 3 member A2,Chapter IX Diseases of the circulatory system,Other pulmonary heart/vessel disease,50213,688,1.69 [1.48-1.94],2.5167951542819608e-14
BTN3A2,Butyrophilin subfamily 3 member A2,Chapter IX Diseases of the circulatory system,"Other specified cerebrovascular diseases, other cerebrovascular disorders in diseases classified elsewhere",49685,1217,1.48 [1.32-1.66],3.9734108527494855e-11
BTN3A2,Butyrophilin subfamily 3 member A2,Chapter IX Diseases of the circulatory system,Paroxysmal tachycardia,28787,672,1.56 [1.33-1.83],8.167172353666707e-08
BTN3A2,Butyrophilin subfamily 3 member A2,Chapter IX Diseases of the circulatory system,Peripheral artery disease,49623,805,1.63 [1.44-1.85],6.396115665998907e-15
BTN3A2,Butyrophilin subfamily 3 member A2,Chapter IX Diseases of the circulatory system,Phlebitis and thrombophlebitis (not including DVT),48852,678,1.35 [1.14-1.59],0.000392913346523
BTN3A2,Butyrophilin subfamily 3 member A2,Chapter IX Diseases of the circulatory system,Pulmonary embolism,50475,950,1.32 [1.15-1.52],0.0001035066153392
BTN3A2,Butyrophilin subfamily 3 member A2,Chapter IX Diseases of the circulatory system,Rheumatic valve diseases,51306,1310,1.55 [1.39-1.73],1.0319283091980907e-14
BTN3A2,Butyrophilin subfamily 3 member A2,Chapter IX Diseases of the circulatory system,Right bundle-branch block,43164,688,1.52 [1.29-1.80],5.843739698799173e-07
BTN3A2,Butyrophilin subfamily 3 member A2,Chapter IX Diseases of the circulatory system,Secondary right heart disease,50202,677,1.69 [1.47-1.93],7.942960549195751e-14
BTN3A2,Butyrophilin subfamily 3 member A2,Chapter IX Diseases of the circulatory system,Sequelae of cerebrovascular disease,48856,388,1.73 [1.45-2.08],1.708823592327447e-09
BTN3A2,Butyrophilin subfamily 3 member A2,Chapter IX Diseases of the circulatory system,"Stroke, excluding SAH",50667,1274,1.47 [1.31-1.66],1.265836947817563e-10
BTN3A2,Butyrophilin subfamily 3 member A2,Chapter IX Diseases of the circulatory system,"Stroke, including SAH",50625,1348,1.47 [1.31-1.65],3.868150459269417e-11
BTN3A2,Butyrophilin subfamily 3 member A2,Chapter IX Diseases of the circulatory system,Venous thromboembolism,50993,1489,1.31 [1.17-1.47],2.1966472667029035e-06
BTN3A2,Butyrophilin subfamily 3 member A2,Chapter V Mental and behavioural disorders,"Alcohol use disorder, ICD-based",51205,717,1.37 [1.17-1.61],7.964376332383683e-05
BTN3A2,Butyrophilin subfamily 3 member A2,Chapter V Mental and behavioural disorders,"Anxiety disorders, excluding more controls",44997,2831,1.32 [1.21-1.43],1.2359951753960563e-10
BTN3A2,Butyrophilin subfamily 3 member A2,Chapter V Mental and behavioural disorders,Any mental disorder,50144,7978,1.28 [1.21-1.34],3.476827686836832e-21
BTN3A2,Butyrophilin subfamily 3 member A2,Chapter V Mental and behavioural disorders,"Mental and behavioural disorders due to alcohol, excluding acute intoxication",51111,848,1.32 [1.14-1.53],0.0002454122710795
BTN3A2,Butyrophilin subfamily 3 member A2,Chapter V Mental and behavioural disorders,"Mood disorders, excluding more controls",45336,3170,1.40 [1.29-1.51],3.797713340708721e-17
BTN3A2,Butyrophilin subfamily 3 member A2,Chapter V Mental and behavioural disorders,"Schizophrenia or delusion, excluding more controls",42345,179,1.80 [1.37-2.37],2.7926640219705924e-05
BTN3A2,Butyrophilin subfamily 3 member A2,Chapter V Mental and behavioural disorders,Smoking dependency,50387,2734,1.30 [1.19-1.41],1.868600892407162e-09
BTN3A2,Butyrophilin subfamily 3 member A2,Chapter V Mental and behavioural disorders,"Substance abuse, excluding more controls",45425,3259,1.30 [1.20-1.40],6.357692281150136e-11
BTN3A2,Butyrophilin subfamily 3 member A2,Chapter VI Diseases of the nervous system,Cerebral cysts,50634,461,1.53 [1.26-1.85],1.269427648736526e-05
BTN3A2,Butyrophilin subfamily 3 member A2,Chapter VI Diseases of the nervous system,Cerebral palsy and other paralytic syndromes,51285,646,1.47 [1.25-1.73],2.922522386359009e-06
BTN3A2,Butyrophilin subfamily 3 member A2,Chapter VI Diseases of the nervous system,Episodal and paroxysmal disorders,50487,2732,1.25 [1.15-1.37],2.784619756170713e-07
BTN3A2,Butyrophilin subfamily 3 member A2,Chapter VI Diseases of the nervous system,Falls/tendency to fall,50253,5144,1.24 [1.16-1.32],2.4756595483472647e-11
BTN3A2,Butyrophilin subfamily 3 member A2,Chapter VI Diseases of the nervous system,Hemiplegia,51145,506,1.56 [1.32-1.86],4.186910236991042e-07
BTN3A2,Butyrophilin subfamily 3 member A2,Chapter VI Diseases of the nervous system,"Nerve, nerve root and plexus disorders",50122,2398,1.25 [1.14-1.37],2.408557766306268e-06
BTN3A2,Butyrophilin subfamily 3 member A2,Chapter VI Diseases of the nervous system,Neurological diseases,48500,7525,1.23 [1.16-1.29],2.0149294308548285e-14
BTN3A2,Butyrophilin subfamily 3 member A2,Chapter VI Diseases of the nervous system,"Other and unspecified polyneuropathies, also in other diseases",51293,598,1.79 [1.55-2.08],5.2561381060455355e-15
BTN3A2,Butyrophilin subfamily 3 member A2,Chapter VI Diseases of the nervous system,Other degenerative diseases of the nervous system,40914,1287,1.31 [1.16-1.49],2.59339381880672e-05
BTN3A2,Butyrophilin subfamily 3 member A2,Chapter VI Diseases of the nervous system,Other neurological diseases,51208,1035,1.38 [1.21-1.58],2.9173016597942304e-06
BTN3A2,Butyrophilin subfamily 3 member A2,Chapter VI Diseases of the nervous system,Other sleep disorders,48868,1113,1.30 [1.14-1.49],0.0001249565252095
BTN3A2,Butyrophilin subfamily 3 member A2,Chapter VI Diseases of the nervous system,Sleep apnoea,50961,956,1.33 [1.15-1.53],7.846607394262626e-05
BTN3A2,Butyrophilin subfamily 3 member A2,"Chapter VII Diseases of the eye, adnexa, ear and mastoid process",Background diabetic retinopathy,51101,469,1.55 [1.29-1.87],3.808831393294177e-06
BTN3A2,Butyrophilin subfamily 3 member A2,"Chapter VII Diseases of the eye, adnexa, ear and mastoid process","Conjunctivitis (acute, non atopic)",51232,103,1.93 [1.38-2.70],0.0001340121560865
BTN3A2,Butyrophilin subfamily 3 member A2,"Chapter VII Diseases of the eye, adnexa, ear and mastoid process","Diabetic nephropathy, excluding more controls",4174,120,5.71 [4.25-7.66],6.383674327595325e-31
BTN3A2,Butyrophilin subfamily 3 member A2,"Chapter VII Diseases of the eye, adnexa, ear and mastoid process",Diabetic neuropathy,5059,202,2.47 [1.84-3.31],1.889311719460477e-09
BTN3A2,Butyrophilin subfamily 3 member A2,"Chapter VII Diseases of the eye, adnexa, ear and mastoid process",Other cataract,48242,4337,1.13 [1.06-1.22],0.0004504379962988
BTN3A2,Butyrophilin subfamily 3 member A2,"Chapter VII Diseases of the eye, adnexa, ear and mastoid process",Visual impairment including blindness (binocular or monocular),50447,341,1.64 [1.33-2.03],3.2357414349108577e-06
BTN3A2,Butyrophilin subfamily 3 member A2,Chapter VIII Diseases of the ear and mastoid process,Other disorders of ear,51247,1792,1.23 [1.10-1.36],0.000137747198614
BTN3A2,Butyrophilin subfamily 3 member A2,Chapter X Diseases of the respiratory system,All influenza,47432,236,2.04 [1.65-2.52],4.004096107401624e-11
BTN3A2,Butyrophilin subfamily 3 member A2,Chapter X Diseases of the respiratory system,All influenza (not pneumonia),47427,231,2.03 [1.64-2.52],9.719243772919936e-11
BTN3A2,Butyrophilin subfamily 3 member A2,Chapter X Diseases of the respiratory system,"Asthma, excluding more controls",38002,3528,1.25 [1.16-1.35],1.5313992643676733e-08
BTN3A2,Butyrophilin subfamily 3 member A2,Chapter X Diseases of the respiratory system,"Asthma, unspecified (mode)",38486,3475,1.25 [1.16-1.35],2.1020144337317625e-08
BTN3A2,Butyrophilin subfamily 3 member A2,Chapter X Diseases of the respiratory system,Bacterial pneumonia (organism specified),50638,277,1.69 [1.35-2.11],3.2982548096876223e-06
BTN3A2,Butyrophilin subfamily 3 member A2,Chapter X Diseases of the respiratory system,"Bacterial pneumonia, not elsewhere classified",47359,163,1.81 [1.35-2.42],6.774429580061662e-05
BTN3A2,Butyrophilin subfamily 3 member A2,Chapter X Diseases of the respiratory system,Bronchiectasis,44581,702,1.76 [1.51-2.04],1.3709801934997465e-13
BTN3A2,Butyrophilin subfamily 3 member A2,Chapter X Diseases of the respiratory system,"Bronchitis, not specified as acute or chronic",43995,116,2.12 [1.55-2.91],2.569399877727988e-06
BTN3A2,Butyrophilin subfamily 3 member A2,Chapter X Diseases of the respiratory system,Chronic lower respiratory diseases,49435,5556,1.24 [1.17-1.32],2.2377642808394496e-12
BTN3A2,Butyrophilin subfamily 3 member A2,Chapter X Diseases of the respiratory system,"COPD, hospital admissions 1, only main diagnosis",51052,2374,1.33 [1.22-1.44],3.58998257422568e-11
BTN3A2,Butyrophilin subfamily 3 member A2,Chapter X Diseases of the respiratory system,Diseases of the respiratory system,47332,10476,1.31 [1.25-1.37],9.943943660248327e-33
BTN3A2,Butyrophilin subfamily 3 member A2,Chapter X Diseases of the respiratory system,Early onset COPD,49299,621,1.45 [1.21-1.75],6.134221618884185e-05
BTN3A2,Butyrophilin subfamily 3 member A2,Chapter X Diseases of the respiratory system,Emphysema,44504,625,1.63 [1.39-1.92],2.69291292333214e-09
BTN3A2,Butyrophilin subfamily 3 member A2,Chapter X Diseases of the respiratory system,Idiopathic pulmonary fibrosis,48877,572,1.40 [1.18-1.67],0.0001306710030589
BTN3A2,Butyrophilin subfamily 3 member A2,Chapter X Diseases of the respiratory system,Influenza and pneumonia,51004,3808,1.60 [1.50-1.70],8.427254145707221e-50
BTN3A2,Butyrophilin subfamily 3 member A2,Chapter X Diseases of the respiratory system,Interstitial lung disease,48945,640,1.49 [1.27-1.75],8.648017084241595e-07
BTN3A2,Butyrophilin subfamily 3 member A2,Chapter X Diseases of the respiratory system,Later onset COPD,49466,1753,1.30 [1.18-1.43],1.593026803824549e-07
BTN3A2,Butyrophilin subfamily 3 member A2,Chapter X Diseases of the respiratory system,Lung diseases due to external agents,51421,655,1.56 [1.34-1.82],1.0477267867699348e-08
BTN3A2,Butyrophilin subfamily 3 member A2,Chapter X Diseases of the respiratory system,Other acute lower respiratory infections,50948,1933,1.54 [1.40-1.69],5.924001824078918e-20
BTN3A2,Butyrophilin subfamily 3 member A2,Chapter X Diseases of the respiratory system,Other diseases of pleura,50976,3956,1.56 [1.46-1.66],1.0585770488405133e-42
BTN3A2,Butyrophilin subfamily 3 member A2,Chapter X Diseases of the respiratory system,Other respiratory diseases principally affecting the interstitium,51270,801,1.59 [1.38-1.82],4.4085697569092575e-11
BTN3A2,Butyrophilin subfamily 3 member A2,Chapter X Diseases of the respiratory system,Other respiratory disorders and diseases,51233,2581,1.56 [1.44-1.69],5.983111573028406e-29
BTN3A2,Butyrophilin subfamily 3 member A2,Chapter X Diseases of the respiratory system,Pleural effusion,48997,1977,1.67 [1.52-1.83],2.497790924892942e-28
BTN3A2,Butyrophilin subfamily 3 member A2,Chapter X Diseases of the respiratory system,Pleural plaque,47326,306,1.71 [1.36-2.15],4.317893104199049e-06
BTN3A2,Butyrophilin subfamily 3 member A2,Chapter X Diseases of the respiratory system,"Pneumonia, organism unspecified",50505,3309,1.62 [1.52-1.73],1.1582162970861108e-47
BTN3A2,Butyrophilin subfamily 3 member A2,Chapter X Diseases of the respiratory system,Pneumonitis due to solids and liquids,51291,525,1.58 [1.33-1.87],1.11193478753833e-07
BTN3A2,Butyrophilin subfamily 3 member A2,Chapter X Diseases of the respiratory system,Pulmonary oedema,50601,132,2.03 [1.57-2.62],6.63336172316854e-08
BTN3A2,Butyrophilin subfamily 3 member A2,Chapter X Diseases of the respiratory system,Respiratory insufficiency,35120,109,1.79 [1.28-2.50],0.0006971453336731
BTN3A2,Butyrophilin subfamily 3 member A2,Chapter X Diseases of the respiratory system,Unspecified acute lower respiratory infection,50906,1891,1.56 [1.42-1.71],3.7482300274288496e-21
BTN3A2,Butyrophilin subfamily 3 member A2,Chapter X Diseases of the respiratory system,Viral pneumonia,47693,497,1.57 [1.30-1.88],1.884245033221137e-06
BTN3A2,Butyrophilin subfamily 3 member A2,Chapter X Diseases of the respiratory system,"Viral pneumonia (unknown virus, not influenza)",50663,408,1.46 [1.19-1.79],0.0002454460909627
BTN3A2,Butyrophilin subfamily 3 member A2,Chapter XI Diseases of the digestive system,Acute peritonitis,50507,189,2.14 [1.71-2.67],2.0443113139855097e-11
BTN3A2,Butyrophilin subfamily 3 member A2,Chapter XI Diseases of the digestive system,Alcoholic liver disease,49667,147,1.79 [1.39-2.32],8.084475827936563e-06
BTN3A2,Butyrophilin subfamily 3 member A2,Chapter XI Diseases of the digestive system,Barrett oesophagus,39377,868,1.31 [1.13-1.53],0.0004314490163653
BTN3A2,Butyrophilin subfamily 3 member A2,Chapter XI Diseases of the digestive system,"Cholangitis (primary sclerosing, PSC)",47606,201,1.77 [1.37-2.28],1.3739269128135328e-05
BTN3A2,Butyrophilin subfamily 3 member A2,Chapter XI Diseases of the digestive system,"Cholangitis (primary sclerosing, PSC), with reimbursement 202",50606,201,1.73 [1.34-2.25],2.98927835403768e-05
BTN3A2,Butyrophilin subfamily 3 member A2,Chapter XI Diseases of the digestive system,Cholelithiasis,49381,1976,1.35 [1.23-1.49],1.0923199061037727e-09
BTN3A2,Butyrophilin subfamily 3 member A2,Chapter XI Diseases of the digestive system,Chronic gastritis,39120,611,1.62 [1.38-1.91],3.62771114880723e-09
BTN3A2,Butyrophilin subfamily 3 member A2,Chapter XI Diseases of the digestive system,"Cirrhosis of liver, NAS",51152,204,1.90 [1.52-2.38],1.9617856970411384e-08
BTN3A2,Butyrophilin subfamily 3 member A2,Chapter XI Diseases of the digestive system,Constipation,50934,3339,1.23 [1.14-1.33],1.1175160137906489e-07
BTN3A2,Butyrophilin subfamily 3 member A2,Chapter XI Diseases of the digestive system,Crohn disease,48115,184,1.79 [1.35-2.37],5.572142463936154e-05
BTN3A2,Butyrophilin subfamily 3 member A2,Chapter XI Diseases of the digestive system,"Crohn disease (strict definition, all UC cases excluded)",50737,135,1.76 [1.28-2.43],0.0005813890428764
BTN3A2,Butyrophilin subfamily 3 member A2,Chapter XI Diseases of the digestive system,Crohn's disease NAS,48104,173,1.91 [1.46-2.51],2.470448481680784e-06
BTN3A2,Butyrophilin subfamily 3 member A2,Chapter XI Diseases of the digestive system,Diaphragmatic hernia,46162,4431,1.26 [1.18-1.35],2.1329825485915927e-11
BTN3A2,Butyrophilin subfamily 3 member A2,Chapter XI Diseases of the digestive system,Diseases of liver,51202,1682,1.48 [1.34-1.64],3.254286547514397e-14
BTN3A2,Butyrophilin subfamily 3 member A2,Chapter XI Diseases of the digestive system,"Diseases of oesophagus, stomach and duodenum",47121,8612,1.20 [1.15-1.27],1.4313466596968053e-13
BTN3A2,Butyrophilin subfamily 3 member A2,Chapter XI Diseases of the digestive system,Diseases of peritoneum,51275,957,1.32 [1.14-1.52],0.0001771892699825
BTN3A2,Butyrophilin subfamily 3 member A2,Chapter XI Diseases of the digestive system,Diseases of the digestive system,50827,2839,1.30 [1.19-1.41],1.108719389390272e-09
BTN3A2,Butyrophilin subfamily 3 member A2,Chapter XI Diseases of the digestive system,"Disorders of gallbladder, biliary tract and pancreas",50190,2785,1.37 [1.26-1.49],3.958432666844752e-14
BTN3A2,Butyrophilin subfamily 3 member A2,Chapter XI Diseases of the digestive system,Diverticular disease of intestine,42466,6290,1.16 [1.10-1.23],4.63553908463495e-07
BTN3A2,Butyrophilin subfamily 3 member A2,Chapter XI Diseases of the digestive system,Duodenal ulcer,38905,396,1.43 [1.16-1.76],0.000805421238968
BTN3A2,Butyrophilin subfamily 3 member A2,Chapter XI Diseases of the digestive system,Fibrosis and cirrhosis of liver,49769,249,2.00 [1.65-2.42],2.2254539425380108e-12
BTN3A2,Butyrophilin subfamily 3 member A2,Chapter XI Diseases of the digestive system,Gastric ulcer,39224,715,1.40 [1.20-1.64],1.982361762705596e-05
BTN3A2,Butyrophilin subfamily 3 member A2,Chapter XI Diseases of the digestive system,Gastro-oesophageal reflux disease,43497,4988,1.18 [1.11-1.26],4.210990122625635e-07
BTN3A2,Butyrophilin subfamily 3 member A2,Chapter XI Diseases of the digestive system,Gastroduodenal ulcer,39578,1069,1.39 [1.22-1.58],6.996196455428417e-07
BTN3A2,Butyrophilin subfamily 3 member A2,Chapter XI Diseases of the digestive system,Gastrointestinal diseases,39814,16511,1.17 [1.13-1.21],2.4935906014538888e-17
BTN3A2,Butyrophilin subfamily 3 member A2,Chapter XI Diseases of the digestive system,GI-bleeding,50317,2329,1.29 [1.18-1.42],4.312734069512999e-08
BTN3A2,Butyrophilin subfamily 3 member A2,Chapter XI Diseases of the digestive system,Haemorrhoids and perianal venous thrombosis,38123,2512,1.18 [1.08-1.30],0.0003699011434411
BTN3A2,Butyrophilin subfamily 3 member A2,Chapter XI Diseases of the digestive system,Hernia,48199,6468,1.18 [1.11-1.25],2.030246024008673e-08
BTN3A2,Butyrophilin subfamily 3 member A2,Chapter XI Diseases of the digestive system,Intestinal malabsorption,48269,281,1.56 [1.22-2.01],0.0005014035283844
BTN3A2,Butyrophilin subfamily 3 member A2,Chapter XI Diseases of the digestive system,Nonalcoholic fatty liver disease,51387,739,1.46 [1.26-1.70],9.16400740260178e-07
BTN3A2,Butyrophilin subfamily 3 member A2,Chapter XI Diseases of the digestive system,Noninfectious colitis NAS,49436,1505,1.40 [1.25-1.56],4.1822652491547596e-09
BTN3A2,Butyrophilin subfamily 3 member A2,Chapter XI Diseases of the digestive system,Noninfective enteritis and colitis,49933,2002,1.35 [1.22-1.49],2.032971540703969e-09
BTN3A2,Butyrophilin subfamily 3 member A2,Chapter XI Diseases of the digestive system,Oesophagitis,39705,1196,1.44 [1.28-1.63],6.0935890933907644e-09
BTN3A2,Butyrophilin subfamily 3 member A2,Chapter XI Diseases of the digestive system,Other diseases of anus and rectum,38885,2709,1.22 [1.12-1.33],7.677328587930255e-06
BTN3A2,Butyrophilin subfamily 3 member A2,Chapter XI Diseases of the digestive system,Other diseases of biliary tract,47967,562,1.42 [1.19-1.70],0.0001046550639614
BTN3A2,Butyrophilin subfamily 3 member A2,Chapter XI Diseases of the digestive system,Other diseases of intestine,39648,3472,1.27 [1.17-1.37],1.133111573501937e-09
BTN3A2,Butyrophilin subfamily 3 member A2,Chapter XI Diseases of the digestive system,Other diseases of intestines,47427,11251,1.17 [1.13-1.23],2.754031690223488e-13
BTN3A2,Butyrophilin subfamily 3 member A2,Chapter XI Diseases of the digestive system,Other diseases of liver,50898,1378,1.52 [1.36-1.70],5.954021442683276e-14
BTN3A2,Butyrophilin subfamily 3 member A2,Chapter XI Diseases of the digestive system,Other diseases of oesophagus,39828,1319,1.38 [1.22-1.55],1.5823370620376469e-07
BTN3A2,Butyrophilin subfamily 3 member A2,Chapter XI Diseases of the digestive system,Other diseases of stomach and duodenum,40400,1891,1.29 [1.16-1.43],1.314816660103321e-06
BTN3A2,Butyrophilin subfamily 3 member A2,Chapter XI Diseases of the digestive system,Other diseases of the digestive system,50348,2360,1.30 [1.18-1.42],2.0428740643658732e-08
BTN3A2,Butyrophilin subfamily 3 member A2,Chapter XI Diseases of the digestive system,Other functional intestinal disorders,39607,3431,1.28 [1.19-1.38],6.401829691120048e-11
BTN3A2,Butyrophilin subfamily 3 member A2,Chapter XI Diseases of the digestive system,Other gastritis (incl. Duodenitis),42502,3993,1.29 [1.20-1.39],1.8560584343124696e-12
BTN3A2,Butyrophilin subfamily 3 member A2,Chapter XI Diseases of the digestive system,Other inflammatory liver diseases,49718,198,1.63 [1.23-2.15],0.0005975974176631
BTN3A2,Butyrophilin subfamily 3 member A2,Chapter XI Diseases of the digestive system,Other noninfective gastroenteritis and colitis,49691,1760,1.38 [1.24-1.53],1.325296034699123e-09
BTN3A2,Butyrophilin subfamily 3 member A2,Chapter XI Diseases of the digestive system,"Other or unspecified ileus, impaction or obstruction",36860,684,1.34 [1.13-1.58],0.0005900939630013
BTN3A2,Butyrophilin subfamily 3 member A2,Chapter XI Diseases of the digestive system,Paralytic ileus and intestinal obstruction,37154,978,1.32 [1.14-1.52],0.0001277404818239
BTN3A2,Butyrophilin subfamily 3 member A2,Chapter XI Diseases of the digestive system,Ulcer of oesophagus,39043,534,1.38 [1.15-1.67],0.0005908805348699
BTN3A2,Butyrophilin subfamily 3 member A2,Chapter XI Diseases of the digestive system,Vascular disorders of the intestines,36530,354,1.47 [1.18-1.82],0.0005999426761776
BTN3A2,Butyrophilin subfamily 3 member A2,Chapter XII Diseases of the skin and subcutaneous tissue,Arthropathic psoriasis,50801,145,1.82 [1.36-2.43],4.580846666553336e-05
BTN3A2,Butyrophilin subfamily 3 member A2,Chapter XII Diseases of the skin and subcutaneous tissue,Cellulitis,50177,1400,1.52 [1.37-1.69],1.01873626613688e-14
BTN3A2,Butyrophilin subfamily 3 member A2,Chapter XII Diseases of the skin and subcutaneous tissue,Decubitus ulcer and pressure area,47862,812,1.64 [1.44-1.86],2.8473432301914346e-14
BTN3A2,Butyrophilin subfamily 3 member A2,Chapter XII Diseases of the skin and subcutaneous tissue,Diseases of the skin and subcutaneous tissue,48338,6368,1.21 [1.15-1.28],3.457981042125134e-11
BTN3A2,Butyrophilin subfamily 3 member A2,Chapter XII Diseases of the skin and subcutaneous tissue,Infections of the skin and subcutaneous tissue,50664,1887,1.45 [1.31-1.59],3.865636994545315e-14
BTN3A2,Butyrophilin subfamily 3 member A2,Chapter XII Diseases of the skin and subcutaneous tissue,Other and unspecified local infections of skin and subcutaneous tissue,49150,373,1.66 [1.36-2.01],3.6956276828372773e-07
BTN3A2,Butyrophilin subfamily 3 member A2,Chapter XII Diseases of the skin and subcutaneous tissue,Other contact dermatitis,50416,131,1.71 [1.27-2.30],0.0003806943401557
BTN3A2,Butyrophilin subfamily 3 member A2,Chapter XII Diseases of the skin and subcutaneous tissue,Other disorders of skin and subcutaneous tissue,50290,3240,1.29 [1.19-1.39],2.389814367548352e-10
BTN3A2,Butyrophilin subfamily 3 member A2,Chapter XII Diseases of the skin and subcutaneous tissue,Psoriasis,51155,499,1.41 [1.16-1.70],0.0004235628228609
BTN3A2,Butyrophilin subfamily 3 member A2,Chapter XII Diseases of the skin and subcutaneous tissue,"Ulcer of lower limb, not elsewhere classified",47520,470,1.88 [1.63-2.16],1.7529670982840605e-18
BTN3A2,Butyrophilin subfamily 3 member A2,Chapter XIII Diseases of the musculoskeletal system and connective tissue,Arthropathies,46832,11218,1.24 [1.19-1.30],2.739449690617518e-23
BTN3A2,Butyrophilin subfamily 3 member A2,Chapter XIII Diseases of the musculoskeletal system and connective tissue,Arthrosis,44019,8405,1.21 [1.15-1.27],1.9862983659403785e-13
BTN3A2,Butyrophilin subfamily 3 member A2,Chapter XIII Diseases of the musculoskeletal system and connective tissue,Cervicalgia,44656,361,1.47 [1.18-1.82],0.0005738853225565
BTN3A2,Butyrophilin subfamily 3 member A2,Chapter XIII Diseases of the musculoskeletal system and connective tissue,"Collapsed vertebra, not elsewhere classified",44494,199,1.59 [1.22-2.08],0.0005926252637438
BTN3A2,Butyrophilin subfamily 3 member A2,Chapter XIII Diseases of the musculoskeletal system and connective tissue,Diseases of the musculoskeletal system and connective tissue,43491,14444,1.20 [1.15-1.25],1.3476047292505541e-20
BTN3A2,Butyrophilin subfamily 3 member A2,Chapter XIII Diseases of the musculoskeletal system and connective tissue,Disorders of muscles,44218,298,1.53 [1.21-1.94],0.0003691713097364
BTN3A2,Butyrophilin subfamily 3 member A2,Chapter XIII Diseases of the musculoskeletal system and connective tissue,Dorsopathies,49603,5308,1.18 [1.11-1.26],9.73721857032332e-08
BTN3A2,Butyrophilin subfamily 3 member A2,Chapter XIII Diseases of the musculoskeletal system and connective tissue,Fibromyalgia,44359,439,1.51 [1.25-1.84],2.866369693478457e-05
BTN3A2,Butyrophilin subfamily 3 member A2,Chapter XIII Diseases of the musculoskeletal system and connective tissue,Gonarthrosis,38976,3362,1.23 [1.14-1.33],2.1551957693129066e-07
BTN3A2,Butyrophilin subfamily 3 member A2,Chapter XIII Diseases of the musculoskeletal system and connective tissue,Gout,36810,1196,2.11 [1.93-2.31],2.055820881781952e-61
BTN3A2,Butyrophilin subfamily 3 member A2,Chapter XIII Diseases of the musculoskeletal system and connective tissue,"Gout, unspecified",51295,1179,2.11 [1.92-2.31],2.332260471106741e-56
BTN3A2,Butyrophilin subfamily 3 member A2,Chapter XIII Diseases of the musculoskeletal system and connective tissue,Low back pain,45552,1257,1.28 [1.13-1.45],8.267730843244612e-05
BTN3A2,Butyrophilin subfamily 3 member A2,Chapter XIII Diseases of the musculoskeletal system and connective tissue,"Neuralgia and neuritis, unspecified",44043,123,1.79 [1.29-2.50],0.0005598900285926
BTN3A2,Butyrophilin subfamily 3 member A2,Chapter XIII Diseases of the musculoskeletal system and connective tissue,Osteomyelitis,47406,144,1.81 [1.36-2.41],4.0910506922911565e-05
BTN3A2,Butyrophilin subfamily 3 member A2,Chapter XIII Diseases of the musculoskeletal system and connective tissue,Osteopathies and chondropathies,50666,3404,1.29 [1.20-1.39],5.3742354840736715e-11
BTN3A2,Butyrophilin subfamily 3 member A2,Chapter XIII Diseases of the musculoskeletal system and connective tissue,Osteoporosis,49491,2229,1.32 [1.20-1.45],1.184668689260653e-08
BTN3A2,Butyrophilin subfamily 3 member A2,Chapter XIII Diseases of the musculoskeletal system and connective tissue,"Other (seronegative) rheumatoid arthritis, wide",51164,896,1.65 [1.45-1.88],1.280013098017575e-13
BTN3A2,Butyrophilin subfamily 3 member A2,Chapter XIII Diseases of the musculoskeletal system and connective tissue,Other arthrosis,40565,4951,1.31 [1.23-1.40],9.196232985452104e-17
BTN3A2,Butyrophilin subfamily 3 member A2,Chapter XIII Diseases of the musculoskeletal system and connective tissue,Other disorders of the musculoskeletal system and connective tissue,51380,198,1.74 [1.33-2.28],6.4660448467091e-05
BTN3A2,Butyrophilin subfamily 3 member A2,Chapter XIII Diseases of the musculoskeletal system and connective tissue,"Other dorsopathies, not elsewhere classified",47894,3599,1.22 [1.13-1.32],1.4652184672876186e-07
BTN3A2,Butyrophilin subfamily 3 member A2,Chapter XIII Diseases of the musculoskeletal system and connective tissue,Other joint disorders,39905,4291,1.23 [1.14-1.32],1.4650899360303924e-08
BTN3A2,Butyrophilin subfamily 3 member A2,Chapter XIII Diseases of the musculoskeletal system and connective tissue,Other psoriatic arthropathies,51408,138,1.87 [1.41-2.48],1.6520600921828805e-05
BTN3A2,Butyrophilin subfamily 3 member A2,Chapter XIII Diseases of the musculoskeletal system and connective tissue,"Other soft tissue disorders, not elsewhere classified",46395,2475,1.38 [1.27-1.50],2.2458606571836898e-13
BTN3A2,Butyrophilin subfamily 3 member A2,Chapter XIII Diseases of the musculoskeletal system and connective tissue,Other specified/unspecified arthritis,38829,3215,1.36 [1.26-1.47],2.9175119419927427e-15
BTN3A2,Butyrophilin subfamily 3 member A2,Chapter XIII Diseases of the musculoskeletal system and connective tissue,Other specified/unspecified soft tissue disorders,45021,1101,1.41 [1.25-1.60],6.555626514142098e-08
BTN3A2,Butyrophilin subfamily 3 member A2,Chapter XIII Diseases of the musculoskeletal system and connective tissue,Other systemic involvement of connective tissue,50735,707,1.62 [1.38-1.89],1.4605198489720823e-09
BTN3A2,Butyrophilin subfamily 3 member A2,Chapter XIII Diseases of the musculoskeletal system and connective tissue,Other/unspecified dorsalgia,45432,1137,1.31 [1.16-1.49],2.650673276171413e-05
BTN3A2,Butyrophilin subfamily 3 member A2,Chapter XIII Diseases of the musculoskeletal system and connective tissue,Other/unspecified rheumatoid arthritis,51188,870,1.65 [1.44-1.89],2.2202456364171882e-13
BTN3A2,Butyrophilin subfamily 3 member A2,Chapter XIII Diseases of the musculoskeletal system and connective tissue,Pain in joint,40730,1510,1.32 [1.17-1.47],2.1389552933790194e-06
BTN3A2,Butyrophilin subfamily 3 member A2,Chapter XIII Diseases of the musculoskeletal system and connective tissue,Pain in limb,45071,1151,1.43 [1.26-1.62],2.0983222198527332e-08
BTN3A2,Butyrophilin subfamily 3 member A2,Chapter XIII Diseases of the musculoskeletal system and connective tissue,Polyarthropathies,40543,4929,1.50 [1.41-1.59],1.027479787205801e-40
BTN3A2,Butyrophilin subfamily 3 member A2,Chapter XIII Diseases of the musculoskeletal system and connective tissue,Polyarthrosis,36920,1306,1.37 [1.21-1.55],5.932627185827505e-07
BTN3A2,Butyrophilin subfamily 3 member A2,Chapter XIII Diseases of the musculoskeletal system and connective tissue,"Postprocedural musculoskeletal disorders, not elsewhere classified",51313,131,1.84 [1.34-2.52],0.0001729113776383
BTN3A2,Butyrophilin subfamily 3 member A2,Chapter XIII Diseases of the musculoskeletal system and connective tissue,Psoriatic arthropathies,35755,141,1.91 [1.46-2.49],2.022983005815149e-06
BTN3A2,Butyrophilin subfamily 3 member A2,Chapter XIII Diseases of the musculoskeletal system and connective tissue,Rheumatoid arthritis,36521,907,1.76 [1.55-2.00],6.486867734464014e-18
BTN3A2,Butyrophilin subfamily 3 member A2,Chapter XIII Diseases of the musculoskeletal system and connective tissue,Sciatica+with lumbago,44800,505,1.48 [1.23-1.77],3.110420272129933e-05
BTN3A2,Butyrophilin subfamily 3 member A2,Chapter XIII Diseases of the musculoskeletal system and connective tissue,Seronegative rheumatoid arthritis,40251,118,1.84 [1.29-2.62],0.0007640860419541
BTN3A2,Butyrophilin subfamily 3 member A2,Chapter XIII Diseases of the musculoskeletal system and connective tissue,Sicca syndrome [Sjgren],50209,181,2.42 [1.97-2.98],8.541978053069149e-17
BTN3A2,Butyrophilin subfamily 3 member A2,Chapter XIII Diseases of the musculoskeletal system and connective tissue,Soft tissue disorders,49037,5117,1.19 [1.12-1.27],8.195428614021898e-08
BTN3A2,Butyrophilin subfamily 3 member A2,Chapter XIII Diseases of the musculoskeletal system and connective tissue,Spinal stenosis,45378,1083,1.28 [1.12-1.47],0.000296524934689
BTN3A2,Butyrophilin subfamily 3 member A2,Chapter XIII Diseases of the musculoskeletal system and connective tissue,Spondylopathies,47394,3099,1.23 [1.13-1.33],5.093433776601101e-07
BTN3A2,Butyrophilin subfamily 3 member A2,Chapter XIII Diseases of the musculoskeletal system and connective tissue,Spondylosis,46328,2033,1.23 [1.12-1.36],2.5665266048340733e-05
BTN3A2,Butyrophilin subfamily 3 member A2,Chapter XIII Diseases of the musculoskeletal system and connective tissue,Systemic lupus erythematosus,50286,258,2.14 [1.76-2.60],1.3444484134057872e-14
BTN3A2,Butyrophilin subfamily 3 member A2,Chapter XIV Diseases of the genitourinary system,Acute renal failure,49353,3132,1.96 [1.86-2.07],6.16461763646805e-126
BTN3A2,Butyrophilin subfamily 3 member A2,Chapter XIV Diseases of the genitourinary system,Adenomyosis (Endometriosis of uterus),20769,105,1.81 [1.27-2.56],0.000880282350158
BTN3A2,Butyrophilin subfamily 3 member A2,Chapter XIV Diseases of the genitourinary system,Chronic kidney disease,49268,3047,2.34 [2.23-2.46],4.299212348280652e-253
BTN3A2,Butyrophilin subfamily 3 member A2,Chapter XIV Diseases of the genitourinary system,Chronic nephritic syndrome,51018,164,2.22 [1.90-2.58],4.60862768717082e-24
BTN3A2,Butyrophilin subfamily 3 member A2,Chapter XIV Diseases of the genitourinary system,Cyst of kidney,50950,602,1.42 [1.19-1.68],7.821883946107872e-05
BTN3A2,Butyrophilin subfamily 3 member A2,Chapter XIV Diseases of the genitourinary system,Dialysis,46384,163,3.69 [3.29-4.15],7.716114100034468e-107
BTN3A2,Butyrophilin subfamily 3 member A2,Chapter XIV Diseases of the genitourinary system,Genitourinary diseases,42921,10681,1.32 [1.26-1.38],4.7414140193455415e-35
BTN3A2,Butyrophilin subfamily 3 member A2,Chapter XIV Diseases of the genitourinary system,Glomerular disorders in diseases classified elsewhere,51020,166,2.87 [2.45-3.35],4.424822468926041e-40
BTN3A2,Butyrophilin subfamily 3 member A2,Chapter XIV Diseases of the genitourinary system,Hydronephrosis,46201,585,1.44 [1.20-1.72],7.914361995250605e-05
BTN3A2,Butyrophilin subfamily 3 member A2,Chapter XIV Diseases of the genitourinary system,Other diseases of urinary system,49361,4519,1.29 [1.21-1.38],2.6100052898240115e-14
BTN3A2,Butyrophilin subfamily 3 member A2,Chapter XIV Diseases of the genitourinary system,Other disorders of kidney and ureter,51304,956,1.72 [1.52-1.94],1.362748351933719e-18
BTN3A2,Butyrophilin subfamily 3 member A2,Chapter XIV Diseases of the genitourinary system,Other disorders of urethra and urinary system,48326,3484,1.46 [1.35-1.56],1.5488725040101855e-24
BTN3A2,Butyrophilin subfamily 3 member A2,Chapter XIV Diseases of the genitourinary system,Other obstructive and reflux uropathy,46298,682,1.57 [1.34-1.84],2.5475206062685892e-08
BTN3A2,Butyrophilin subfamily 3 member A2,Chapter XIV Diseases of the genitourinary system,Other specified disorders of kidney and ureter,50665,317,1.81 [1.49-2.20],2.525599647077436e-09
BTN3A2,Butyrophilin subfamily 3 member A2,Chapter XIV Diseases of the genitourinary system,Recurrent and persistent haematuria,50950,96,2.19 [1.64-2.92],9.309505563207825e-08
BTN3A2,Butyrophilin subfamily 3 member A2,Chapter XIV Diseases of the genitourinary system,Renal tubulo-interstitial diseases,50943,5327,1.89 [1.81-1.98],4.1912415970333797e-162
BTN3A2,Butyrophilin subfamily 3 member A2,Chapter XIV Diseases of the genitourinary system,"Tubulo-interstitial nephritis, not specified as acute or chronic",45857,241,1.97 [1.58-2.45],1.042332611742875e-09
BTN3A2,Butyrophilin subfamily 3 member A2,Chapter XIV Diseases of the genitourinary system,Unspecified kidney failure,46478,257,2.41 [2.09-2.78],1.345538254247014e-33
