Protein,Protein_definition,Disease_category,Disease,NB_individual,NB_case,HR[95%CI],P_value
TNFRSF1A,Tumor necrosis factor receptor superfamily member 1A,Chapter I Certain infectious and parasitic diseases,"Bacterial infection, other or unspecified",49452,298,3.89 [3.01-5.04],6.407760395770886e-25
TNFRSF1A,Tumor necrosis factor receptor superfamily member 1A,Chapter I Certain infectious and parasitic diseases,"Bacterial intestinal infections, IBD co-morbidities",51237,395,2.53 [1.98-3.23],7.083433284731459e-14
TNFRSF1A,Tumor necrosis factor receptor superfamily member 1A,Chapter I Certain infectious and parasitic diseases,"Bacterial, viral and other infectious agents",50709,2761,2.85 [2.60-3.13],3.027337480335788e-110
TNFRSF1A,Tumor necrosis factor receptor superfamily member 1A,Chapter I Certain infectious and parasitic diseases,Candidiasis,51276,859,2.86 [2.43-3.36],1.5813282728356222e-36
TNFRSF1A,Tumor necrosis factor receptor superfamily member 1A,Chapter I Certain infectious and parasitic diseases,Certain infectious and parasitic diseases,49724,7005,2.38 [2.23-2.53],3.962948547721822e-158
TNFRSF1A,Tumor necrosis factor receptor superfamily member 1A,Chapter I Certain infectious and parasitic diseases,Condition for Implicit Sepsis (Organ dysfunction codes),49927,6407,2.91 [2.74-3.11],7.602897901503076e-240
TNFRSF1A,Tumor necrosis factor receptor superfamily member 1A,Chapter I Certain infectious and parasitic diseases,Diarrhoea and gastroenteritis of presumed infectious origin,50767,2426,2.62 [2.37-2.90],4.4493376482356716e-77
TNFRSF1A,Tumor necrosis factor receptor superfamily member 1A,Chapter I Certain infectious and parasitic diseases,Enterocolitis due to Clostridium difficile,51092,173,4.06 [2.96-5.55],2.1342898526013265e-18
TNFRSF1A,Tumor necrosis factor receptor superfamily member 1A,Chapter I Certain infectious and parasitic diseases,Explicit Sepsis,47174,1944,4.14 [3.72-4.60],4.6315747222578454e-154
TNFRSF1A,Tumor necrosis factor receptor superfamily member 1A,Chapter I Certain infectious and parasitic diseases,Implicit bacterial Sepsis,45578,2207,4.87 [4.44-5.35],6.300766575409711e-243
TNFRSF1A,Tumor necrosis factor receptor superfamily member 1A,Chapter I Certain infectious and parasitic diseases,Implicit fungal Sepsis,45317,516,6.10 [5.00-7.43],2.0096055343994575e-71
TNFRSF1A,Tumor necrosis factor receptor superfamily member 1A,Chapter I Certain infectious and parasitic diseases,Implicit Sepsis,36001,3969,3.09 [2.86-3.34],2.141340284892633e-176
TNFRSF1A,Tumor necrosis factor receptor superfamily member 1A,Chapter I Certain infectious and parasitic diseases,Implicit viral Sepsis,45009,781,6.30 [5.38-7.37],9.12942725105788e-117
TNFRSF1A,Tumor necrosis factor receptor superfamily member 1A,Chapter I Certain infectious and parasitic diseases,Intestinal infectious diseases,51204,2863,2.50 [2.28-2.75],1.9451569955152278e-81
TNFRSF1A,Tumor necrosis factor receptor superfamily member 1A,Chapter I Certain infectious and parasitic diseases,Mycoses,51433,1016,2.75 [2.37-3.20],9.033229110306106e-40
TNFRSF1A,Tumor necrosis factor receptor superfamily member 1A,Chapter I Certain infectious and parasitic diseases,Other bacterial agents as the cause of diseases classified to other chapters,49802,1854,3.33 [3.00-3.71],1.140563760127497e-109
TNFRSF1A,Tumor necrosis factor receptor superfamily member 1A,Chapter I Certain infectious and parasitic diseases,Other bacterial diseases,51298,2144,3.32 [3.01-3.66],2.082574269864557e-127
TNFRSF1A,Tumor necrosis factor receptor superfamily member 1A,Chapter I Certain infectious and parasitic diseases,Other bacterial intestinal infections,48738,397,2.67 [2.09-3.40],4.270939140141962e-15
TNFRSF1A,Tumor necrosis factor receptor superfamily member 1A,Chapter I Certain infectious and parasitic diseases,Other septicaemia,51029,1875,3.39 [3.05-3.76],4.259141181298418e-116
TNFRSF1A,Tumor necrosis factor receptor superfamily member 1A,Chapter I Certain infectious and parasitic diseases,Other viral diseases,51375,316,3.01 [2.30-3.94],1.0921768411635658e-15
TNFRSF1A,Tumor necrosis factor receptor superfamily member 1A,Chapter I Certain infectious and parasitic diseases,"Other viral diseases, not elsewhere classified",51337,278,2.75 [2.04-3.71],2.651356425237899e-11
TNFRSF1A,Tumor necrosis factor receptor superfamily member 1A,Chapter I Certain infectious and parasitic diseases,Streptococcus and staphylococcus as the cause of diseases classified to other chapters,48780,832,3.63 [3.10-4.24],3.279244799129888e-58
TNFRSF1A,Tumor necrosis factor receptor superfamily member 1A,Chapter I Certain infectious and parasitic diseases,Viral agents as the cause of diseases classified to other chapters,48503,555,3.04 [2.45-3.77],7.552332088226631e-24
TNFRSF1A,Tumor necrosis factor receptor superfamily member 1A,Chapter I Certain infectious and parasitic diseases,Viral and other specified intestinal infections,48562,221,4.30 [3.25-5.68],1.0693004109509764e-24
TNFRSF1A,Tumor necrosis factor receptor superfamily member 1A,Chapter I Certain infectious and parasitic diseases,Viral infections characterized by skin and mucous membrane lesions,51401,305,2.28 [1.70-3.04],2.8757879580840925e-08
TNFRSF1A,Tumor necrosis factor receptor superfamily member 1A,Chapter II Neoplasms,Lung cancer and mesothelioma,35727,664,2.46 [2.01-3.01],1.360641911964796e-18
TNFRSF1A,Tumor necrosis factor receptor superfamily member 1A,Chapter II Neoplasms,"Malignant neoplasm of kidney, except renal pelvis, excluding all cancers (controls excluding all cancers)",41135,211,2.52 [1.80-3.54],7.792563166888477e-08
TNFRSF1A,Tumor necrosis factor receptor superfamily member 1A,Chapter II Neoplasms,"Other malignant neoplasms of skin (=non-melanoma skin cancer), excluding all cancers (controls excluding all cancers)",43081,2157,1.44 [1.27-1.63],1.04656401271195e-08
TNFRSF1A,Tumor necrosis factor receptor superfamily member 1A,Chapter II Neoplasms,"Squamous cell neoplasms and carcinomas of the skin, excluding all cancers (controls excluding all cancers)",43198,2274,1.43 [1.27-1.62],5.915481603959993e-09
TNFRSF1A,Tumor necrosis factor receptor superfamily member 1A,Chapter III Diseases of the blood and blood-forming organs and certain disorders involving the immune mechanism,Agranulocytosis,50944,682,2.34 [1.93-2.84],6.670120026270392e-18
TNFRSF1A,Tumor necrosis factor receptor superfamily member 1A,Chapter III Diseases of the blood and blood-forming organs and certain disorders involving the immune mechanism,Anaemia in chronic diseases classified elsewhere,47752,220,14.62 [12.11-17.64],3.9463333850211424e-172
TNFRSF1A,Tumor necrosis factor receptor superfamily member 1A,Chapter III Diseases of the blood and blood-forming organs and certain disorders involving the immune mechanism,Diseases of spleen,50405,143,3.31 [2.27-4.84],5.636655768813461e-10
TNFRSF1A,Tumor necrosis factor receptor superfamily member 1A,Chapter III Diseases of the blood and blood-forming organs and certain disorders involving the immune mechanism,Diseases of the blood and blood-forming organs and certain disorders involving the immune mechanism,49954,5804,2.79 [2.61-2.99],1.7695712605362666e-187
TNFRSF1A,Tumor necrosis factor receptor superfamily member 1A,Chapter III Diseases of the blood and blood-forming organs and certain disorders involving the immune mechanism,Folate deficiency anaemia,48590,99,4.86 [3.23-7.30],3.1143536316581545e-14
TNFRSF1A,Tumor necrosis factor receptor superfamily member 1A,Chapter III Diseases of the blood and blood-forming organs and certain disorders involving the immune mechanism,Idiopathic thrombocytopenic purpura,50700,102,4.43 [2.96-6.61],3.615529956069425e-13
TNFRSF1A,Tumor necrosis factor receptor superfamily member 1A,Chapter III Diseases of the blood and blood-forming organs and certain disorders involving the immune mechanism,Other anaemias,50570,3038,3.34 [3.06-3.64],3.4536281625765937e-159
TNFRSF1A,Tumor necrosis factor receptor superfamily member 1A,Chapter III Diseases of the blood and blood-forming organs and certain disorders involving the immune mechanism,Other and unspecified anaemias,50568,3036,3.34 [3.06-3.65],2.858155860125555e-159
TNFRSF1A,Tumor necrosis factor receptor superfamily member 1A,Chapter III Diseases of the blood and blood-forming organs and certain disorders involving the immune mechanism,Other and unspecified aplastic anaemias,47705,173,6.21 [4.55-8.46],7.776697512599394e-31
TNFRSF1A,Tumor necrosis factor receptor superfamily member 1A,Chapter III Diseases of the blood and blood-forming organs and certain disorders involving the immune mechanism,Other and unspecified iron deficiency,50881,2390,2.63 [2.38-2.92],7.379357702837569e-77
TNFRSF1A,Tumor necrosis factor receptor superfamily member 1A,Chapter III Diseases of the blood and blood-forming organs and certain disorders involving the immune mechanism,Other coagulation defects,50826,228,3.25 [2.39-4.42],6.718753021363467e-14
TNFRSF1A,Tumor necrosis factor receptor superfamily member 1A,Chapter III Diseases of the blood and blood-forming organs and certain disorders involving the immune mechanism,Other diseases of blood and blood-forming organs,50392,130,4.17 [2.89-6.02],1.9761240151949387e-14
TNFRSF1A,Tumor necrosis factor receptor superfamily member 1A,Chapter III Diseases of the blood and blood-forming organs and certain disorders involving the immune mechanism,Purpura and other haemorrhagic conditions,51154,556,3.82 [3.19-4.58],1.440211709909455e-47
TNFRSF1A,Tumor necrosis factor receptor superfamily member 1A,Chapter III Diseases of the blood and blood-forming organs and certain disorders involving the immune mechanism,Sarcoidosis,51322,113,3.99 [2.65-6.02],3.964664467927269e-11
TNFRSF1A,Tumor necrosis factor receptor superfamily member 1A,Chapter III Diseases of the blood and blood-forming organs and certain disorders involving the immune mechanism,"Thrombocytopenia, unspecified",51058,460,3.86 [3.16-4.71],2.613921748545586e-40
TNFRSF1A,Tumor necrosis factor receptor superfamily member 1A,Chapter III Diseases of the blood and blood-forming organs and certain disorders involving the immune mechanism,Vitamin B12 deficiency anaemia,48703,212,3.64 [2.65-5.00],1.236649662714914e-15
TNFRSF1A,Tumor necrosis factor receptor superfamily member 1A,"Chapter IV Endocrine, nutritional and metabolic diseases",Acidosis,39842,633,6.21 [5.37-7.18],1.634224907071083e-134
TNFRSF1A,Tumor necrosis factor receptor superfamily member 1A,"Chapter IV Endocrine, nutritional and metabolic diseases",Bipolar affective disorders,47853,136,3.57 [2.46-5.19],2.694545008214392e-11
TNFRSF1A,Tumor necrosis factor receptor superfamily member 1A,"Chapter IV Endocrine, nutritional and metabolic diseases",Deficiency of other B group vitamins,46722,469,2.39 [1.90-3.02],2.189388608341001e-13
TNFRSF1A,Tumor necrosis factor receptor superfamily member 1A,"Chapter IV Endocrine, nutritional and metabolic diseases","Delirium, not induced by alcohol and other psychoactive substances",50588,1135,2.40 [2.08-2.77],2.1730481229020924e-32
TNFRSF1A,Tumor necrosis factor receptor superfamily member 1A,"Chapter IV Endocrine, nutritional and metabolic diseases",Depression,50829,3112,1.69 [1.53-1.87],1.2407295822448074e-24
TNFRSF1A,Tumor necrosis factor receptor superfamily member 1A,"Chapter IV Endocrine, nutritional and metabolic diseases",Depression or dysthymia,44894,3017,1.78 [1.60-1.97],2.1350805588326656e-27
TNFRSF1A,Tumor necrosis factor receptor superfamily member 1A,"Chapter IV Endocrine, nutritional and metabolic diseases","Disorder of lipoprotein metabolism, unspecified",39345,136,3.34 [2.18-5.11],2.8506937050087826e-08
TNFRSF1A,Tumor necrosis factor receptor superfamily member 1A,"Chapter IV Endocrine, nutritional and metabolic diseases",Disorders of calcium metabolism,39771,562,4.87 [4.07-5.84],1.1239390256480425e-65
TNFRSF1A,Tumor necrosis factor receptor superfamily member 1A,"Chapter IV Endocrine, nutritional and metabolic diseases",Disorders of lipoprotein metabolism and other lipidaemias,46285,7076,1.45 [1.35-1.55],7.5286951903848105e-25
TNFRSF1A,Tumor necrosis factor receptor superfamily member 1A,"Chapter IV Endocrine, nutritional and metabolic diseases",Disorders of magnesium metabolism,39592,383,3.65 [2.84-4.69],6.683543877406358e-24
TNFRSF1A,Tumor necrosis factor receptor superfamily member 1A,"Chapter IV Endocrine, nutritional and metabolic diseases",Disorders of mineral metabolism,40318,1109,3.65 [3.16-4.22],3.7079286026308e-69
TNFRSF1A,Tumor necrosis factor receptor superfamily member 1A,"Chapter IV Endocrine, nutritional and metabolic diseases",Disorders of other endocrine glands,51370,650,4.28 [3.61-5.08],6.59916720017943e-63
TNFRSF1A,Tumor necrosis factor receptor superfamily member 1A,"Chapter IV Endocrine, nutritional and metabolic diseases",Disorders of parathyroid gland,50997,277,8.20 [6.66-10.09],1.540005207193356e-87
TNFRSF1A,Tumor necrosis factor receptor superfamily member 1A,"Chapter IV Endocrine, nutritional and metabolic diseases",Disorders of phosphorus metabolism and phosphatases,39463,254,3.11 [2.24-4.32],1.5894372976772646e-11
TNFRSF1A,Tumor necrosis factor receptor superfamily member 1A,"Chapter IV Endocrine, nutritional and metabolic diseases","Disorders of plasma-protein metabolism, not elsewhere classified",39330,121,6.46 [4.60-9.06],3.3185450379133806e-27
TNFRSF1A,Tumor necrosis factor receptor superfamily member 1A,"Chapter IV Endocrine, nutritional and metabolic diseases",Disorders of the thyroid gland,50446,3104,1.98 [1.80-2.19],1.326988557693934e-42
TNFRSF1A,Tumor necrosis factor receptor superfamily member 1A,"Chapter IV Endocrine, nutritional and metabolic diseases",Fluid overload,39728,519,7.52 [6.51-8.69],2.2788858377582738e-164
TNFRSF1A,Tumor necrosis factor receptor superfamily member 1A,"Chapter IV Endocrine, nutritional and metabolic diseases",Hyperkalaemia,39803,594,8.03 [7.05-9.13],9.246051295967684e-219
TNFRSF1A,Tumor necrosis factor receptor superfamily member 1A,"Chapter IV Endocrine, nutritional and metabolic diseases","Hyperlipidaemia, other/unspecified",40473,1264,1.83 [1.56-2.15],1.6337159547049253e-13
TNFRSF1A,Tumor necrosis factor receptor superfamily member 1A,"Chapter IV Endocrine, nutritional and metabolic diseases",Hyperosmolality and hypernatraemia,39449,240,3.41 [2.49-4.65],1.2515737093323404e-14
TNFRSF1A,Tumor necrosis factor receptor superfamily member 1A,"Chapter IV Endocrine, nutritional and metabolic diseases",Hyperparathyroidism,50980,260,8.35 [6.74-10.35],4.919635637941287e-84
TNFRSF1A,Tumor necrosis factor receptor superfamily member 1A,"Chapter IV Endocrine, nutritional and metabolic diseases",Hypo-osmolality and hyponatraemia,40411,1202,3.29 [2.85-3.79],6.001368970522687e-60
TNFRSF1A,Tumor necrosis factor receptor superfamily member 1A,"Chapter IV Endocrine, nutritional and metabolic diseases",Hypokalaemia,40169,960,2.69 [2.27-3.19],1.2485522636099893e-29
TNFRSF1A,Tumor necrosis factor receptor superfamily member 1A,"Chapter IV Endocrine, nutritional and metabolic diseases",Iron deficiency,46388,135,4.22 [2.90-6.14],5.1012533396414274e-14
TNFRSF1A,Tumor necrosis factor receptor superfamily member 1A,"Chapter IV Endocrine, nutritional and metabolic diseases",Metabolic disorders,49183,9974,1.71 [1.62-1.81],2.525576724866533e-77
TNFRSF1A,Tumor necrosis factor receptor superfamily member 1A,"Chapter IV Endocrine, nutritional and metabolic diseases",Obesity,51160,3883,1.37 [1.25-1.50],2.570682628623763e-11
TNFRSF1A,Tumor necrosis factor receptor superfamily member 1A,"Chapter IV Endocrine, nutritional and metabolic diseases","Obesity, other/unspecified",51162,3878,1.37 [1.25-1.50],1.857694677902549e-11
TNFRSF1A,Tumor necrosis factor receptor superfamily member 1A,"Chapter IV Endocrine, nutritional and metabolic diseases",Other anxiety disorders,50850,2412,1.39 [1.23-1.56],8.83256199575467e-08
TNFRSF1A,Tumor necrosis factor receptor superfamily member 1A,"Chapter IV Endocrine, nutritional and metabolic diseases","Other disorders of fluid, electrolyte and acid-base balance",42371,3162,3.61 [3.33-3.92],2.8210742448652543e-213
TNFRSF1A,Tumor necrosis factor receptor superfamily member 1A,"Chapter IV Endocrine, nutritional and metabolic diseases",Other disorders of glucose regulation and pancreatic internal secretion,51508,453,6.11 [5.18-7.20],3.1520880363194125e-103
TNFRSF1A,Tumor necrosis factor receptor superfamily member 1A,"Chapter IV Endocrine, nutritional and metabolic diseases","Postprocedural endocrine and metabolic disorders, not elsewhere classified",39545,336,3.75 [2.84-4.93],5.862584952761224e-21
TNFRSF1A,Tumor necrosis factor receptor superfamily member 1A,"Chapter IV Endocrine, nutritional and metabolic diseases",Type 1 diabetes without complications,46880,309,4.25 [3.39-5.32],2.3622378222850693e-36
TNFRSF1A,Tumor necrosis factor receptor superfamily member 1A,"Chapter IV Endocrine, nutritional and metabolic diseases",Type 2 diabetes with neurological complications,4246,172,4.75 [3.52-6.40],1.327292784705738e-24
TNFRSF1A,Tumor necrosis factor receptor superfamily member 1A,"Chapter IV Endocrine, nutritional and metabolic diseases",Type 2 diabetes with ophthalmic complications,4525,508,2.69 [2.20-3.28],1.8955071936035408e-22
TNFRSF1A,Tumor necrosis factor receptor superfamily member 1A,"Chapter IV Endocrine, nutritional and metabolic diseases",Type 2 diabetes with peripheral circulatory complications,46698,127,7.07 [5.44-9.20],2.240241999527533e-48
TNFRSF1A,Tumor necrosis factor receptor superfamily member 1A,"Chapter IV Endocrine, nutritional and metabolic diseases",Type 2 diabetes with renal complications,4184,113,14.85 [10.87-20.28],1.4446010830548215e-64
TNFRSF1A,Tumor necrosis factor receptor superfamily member 1A,"Chapter IV Endocrine, nutritional and metabolic diseases",Type 2 diabetes without complications,50252,3681,2.15 [1.98-2.34],1.8412546852311643e-70
TNFRSF1A,Tumor necrosis factor receptor superfamily member 1A,"Chapter IV Endocrine, nutritional and metabolic diseases",Unspecified dementia,50158,705,1.84 [1.52-2.24],6.391812482378823e-10
TNFRSF1A,Tumor necrosis factor receptor superfamily member 1A,"Chapter IV Endocrine, nutritional and metabolic diseases",Vitamin D deficiency,46984,731,2.63 [2.18-3.18],9.41033020902678e-24
TNFRSF1A,Tumor necrosis factor receptor superfamily member 1A,"Chapter IV Endocrine, nutritional and metabolic diseases",Volume depletion,40750,1541,3.93 [3.50-4.41],3.079589170048974e-119
TNFRSF1A,Tumor necrosis factor receptor superfamily member 1A,Chapter IX Diseases of the circulatory system,"!Phlebitis/thrombophlebitis venae iliacae [externae/internae/communis], drug-induced",51307,482,2.70 [2.17-3.35],4.966799185908015e-19
TNFRSF1A,Tumor necrosis factor receptor superfamily member 1A,Chapter IX Diseases of the circulatory system,Abdominal aortic aneurysm (AAA),49283,326,2.96 [2.29-3.83],1.1100988058701741e-16
TNFRSF1A,Tumor necrosis factor receptor superfamily member 1A,Chapter IX Diseases of the circulatory system,Angina pectoris,47054,2383,1.78 [1.59-1.99],1.2466046217924963e-24
TNFRSF1A,Tumor necrosis factor receptor superfamily member 1A,Chapter IX Diseases of the circulatory system,Aortic aneurysm,49438,481,2.57 [2.05-3.22],1.6465529668196863e-16
TNFRSF1A,Tumor necrosis factor receptor superfamily member 1A,Chapter IX Diseases of the circulatory system,Arterial embolism and thrombosis of lower extremity artery,49077,120,5.72 [4.10-8.00],1.4254484617328111e-24
TNFRSF1A,Tumor necrosis factor receptor superfamily member 1A,Chapter IX Diseases of the circulatory system,"Atherosclerosis, excluding cerebral and coronary sclerosis",49357,400,4.95 [4.05-6.05],6.221622060309295e-55
TNFRSF1A,Tumor necrosis factor receptor superfamily member 1A,Chapter IX Diseases of the circulatory system,Atrial fibrillation and flutter,31967,3818,2.10 [1.93-2.30],1.269555490493086e-62
TNFRSF1A,Tumor necrosis factor receptor superfamily member 1A,Chapter IX Diseases of the circulatory system,AV-block,43401,858,1.93 [1.60-2.33],8.072442968491609e-12
TNFRSF1A,Tumor necrosis factor receptor superfamily member 1A,Chapter IX Diseases of the circulatory system,"Bradycardia, unspecified, drug-induced",51420,841,1.87 [1.56-2.23],1.1719171694794305e-11
TNFRSF1A,Tumor necrosis factor receptor superfamily member 1A,Chapter IX Diseases of the circulatory system,Cardiac arrest,28531,382,6.78 [5.29-8.70],1.5772520540332306e-51
TNFRSF1A,Tumor necrosis factor receptor superfamily member 1A,Chapter IX Diseases of the circulatory system,Cardiomyopathy,42882,339,2.66 [1.99-3.54],2.8343734884961727e-11
TNFRSF1A,Tumor necrosis factor receptor superfamily member 1A,Chapter IX Diseases of the circulatory system,"Cardiomyopathy, other and unspecified",42733,190,3.57 [2.49-5.11],4.280765365031614e-12
TNFRSF1A,Tumor necrosis factor receptor superfamily member 1A,Chapter IX Diseases of the circulatory system,Conduction disorders,44640,2097,2.13 [1.90-2.40],6.912002358291368e-37
TNFRSF1A,Tumor necrosis factor receptor superfamily member 1A,Chapter IX Diseases of the circulatory system,Coronary atherosclerosis,48790,4155,1.81 [1.67-1.97],2.128459290158817e-44
TNFRSF1A,Tumor necrosis factor receptor superfamily member 1A,Chapter IX Diseases of the circulatory system,Death due to cardiac causes,44977,15111,1.50 [1.42-1.57],1.363069199863062e-52
TNFRSF1A,Tumor necrosis factor receptor superfamily member 1A,Chapter IX Diseases of the circulatory system,DVT of lower extremities,48763,522,2.81 [2.28-3.48],1.0922657167890502e-21
TNFRSF1A,Tumor necrosis factor receptor superfamily member 1A,Chapter IX Diseases of the circulatory system,Endocarditis,42688,145,3.13 [2.07-4.74],7.064930288135853e-08
TNFRSF1A,Tumor necrosis factor receptor superfamily member 1A,Chapter IX Diseases of the circulatory system,"Heart failure, strict",51122,2202,2.97 [2.69-3.27],1.019376394634688e-105
TNFRSF1A,Tumor necrosis factor receptor superfamily member 1A,Chapter IX Diseases of the circulatory system,Hypertension,46810,12982,1.55 [1.46-1.63],4.379357702044837e-55
TNFRSF1A,Tumor necrosis factor receptor superfamily member 1A,Chapter IX Diseases of the circulatory system,"Hypertension, essential",46846,13018,1.57 [1.49-1.66],5.706052687835727e-61
TNFRSF1A,Tumor necrosis factor receptor superfamily member 1A,Chapter IX Diseases of the circulatory system,"Hypertension, portal",51190,155,5.91 [4.51-7.74],3.8309031936226224e-38
TNFRSF1A,Tumor necrosis factor receptor superfamily member 1A,Chapter IX Diseases of the circulatory system,"Hypertension, Pulmonary Arterial",34181,353,5.10 [4.15-6.28],9.126726370870184e-54
TNFRSF1A,Tumor necrosis factor receptor superfamily member 1A,Chapter IX Diseases of the circulatory system,Hypertensive Renal Disease,34095,267,21.05 [17.80-24.89],7.152583734365003e-278
TNFRSF1A,Tumor necrosis factor receptor superfamily member 1A,Chapter IX Diseases of the circulatory system,Hypotension,51247,2358,2.78 [2.52-3.07],2.9428753395881375e-91
TNFRSF1A,Tumor necrosis factor receptor superfamily member 1A,Chapter IX Diseases of the circulatory system,"Ischaemic heart disease, wide definition",49128,4457,1.76 [1.63-1.91],4.830158121523818e-43
TNFRSF1A,Tumor necrosis factor receptor superfamily member 1A,Chapter IX Diseases of the circulatory system,"Ischaemic Stroke, excluding all haemorrhages",50787,1119,2.05 [1.76-2.38],1.5151065588061934e-20
TNFRSF1A,Tumor necrosis factor receptor superfamily member 1A,Chapter IX Diseases of the circulatory system,Left bundle-branch block,43264,721,2.72 [2.25-3.29],6.713080334894036e-25
TNFRSF1A,Tumor necrosis factor receptor superfamily member 1A,Chapter IX Diseases of the circulatory system,Major coronary heart disease event,50571,1678,1.98 [1.75-2.25],5.7492070022396665e-27
TNFRSF1A,Tumor necrosis factor receptor superfamily member 1A,Chapter IX Diseases of the circulatory system,"Myocardial infarction, strict",46085,1414,2.40 [2.10-2.74],3.490659148735734e-37
TNFRSF1A,Tumor necrosis factor receptor superfamily member 1A,Chapter IX Diseases of the circulatory system,"Myocardial infarction, with ST-elevation",51344,307,2.25 [1.70-2.98],1.505914994532842e-08
TNFRSF1A,Tumor necrosis factor receptor superfamily member 1A,Chapter IX Diseases of the circulatory system,"Myocardial infarction, without ST-elevation",51475,618,2.15 [1.75-2.64],2.7047946475905365e-13
TNFRSF1A,Tumor necrosis factor receptor superfamily member 1A,Chapter IX Diseases of the circulatory system,Oesophageal varices,48351,110,5.91 [4.10-8.53],1.997158987151863e-21
TNFRSF1A,Tumor necrosis factor receptor superfamily member 1A,Chapter IX Diseases of the circulatory system,Other arrhythmias,43389,846,1.92 [1.58-2.33],5.2328945586604586e-11
TNFRSF1A,Tumor necrosis factor receptor superfamily member 1A,Chapter IX Diseases of the circulatory system,Other arterial embolism and thrombosis,49159,202,5.05 [3.84-6.64],5.107164363182778e-31
TNFRSF1A,Tumor necrosis factor receptor superfamily member 1A,Chapter IX Diseases of the circulatory system,Other diseases of arteries and capillaries,49436,479,3.82 [3.13-4.66],6.0859085053165315e-40
TNFRSF1A,Tumor necrosis factor receptor superfamily member 1A,Chapter IX Diseases of the circulatory system,Other diseases of pericardium,42898,355,2.48 [1.86-3.30],4.68852680366404e-10
TNFRSF1A,Tumor necrosis factor receptor superfamily member 1A,Chapter IX Diseases of the circulatory system,Other disorders of veins,48439,198,3.20 [2.30-4.44],4.3189997625853975e-12
TNFRSF1A,Tumor necrosis factor receptor superfamily member 1A,Chapter IX Diseases of the circulatory system,Other or ill-defined heart diseases,44613,2070,2.51 [2.25-2.81],3.340209351941536e-58
TNFRSF1A,Tumor necrosis factor receptor superfamily member 1A,Chapter IX Diseases of the circulatory system,Other other unspecified disorders of the circulatory system,48998,109,6.47 [4.55-9.21],2.772175445292951e-25
TNFRSF1A,Tumor necrosis factor receptor superfamily member 1A,Chapter IX Diseases of the circulatory system,Other peripheral vascular diseases,50034,1077,3.50 [3.05-4.03],2.2222209200901235e-70
TNFRSF1A,Tumor necrosis factor receptor superfamily member 1A,Chapter IX Diseases of the circulatory system,Other pulmonary heart/vessel disease,50308,689,3.42 [2.91-4.02],5.0843304870897815e-50
TNFRSF1A,Tumor necrosis factor receptor superfamily member 1A,Chapter IX Diseases of the circulatory system,"Other specified cerebrovascular diseases, other cerebrovascular disorders in diseases classified elsewhere",49759,1224,2.29 [1.99-2.64],1.7413903154978865e-30
TNFRSF1A,Tumor necrosis factor receptor superfamily member 1A,Chapter IX Diseases of the circulatory system,Paroxysmal tachycardia,28828,679,3.08 [2.45-3.87],4.901602035526463e-22
TNFRSF1A,Tumor necrosis factor receptor superfamily member 1A,Chapter IX Diseases of the circulatory system,Peripheral artery disease,49699,804,4.29 [3.71-4.96],2.4455870645803e-85
TNFRSF1A,Tumor necrosis factor receptor superfamily member 1A,Chapter IX Diseases of the circulatory system,Phlebitis and thrombophlebitis (not including DVT),48922,681,2.31 [1.90-2.81],7.441583893466491e-17
TNFRSF1A,Tumor necrosis factor receptor superfamily member 1A,Chapter IX Diseases of the circulatory system,Pulmonary embolism,50568,949,1.86 [1.56-2.21],2.514062276529907e-12
TNFRSF1A,Tumor necrosis factor receptor superfamily member 1A,Chapter IX Diseases of the circulatory system,Rheumatic valve diseases,51393,1320,2.23 [1.94-2.55],7.946559776601462e-31
TNFRSF1A,Tumor necrosis factor receptor superfamily member 1A,Chapter IX Diseases of the circulatory system,Right bundle-branch block,43239,696,2.42 [1.98-2.95],3.4945939911027534e-18
TNFRSF1A,Tumor necrosis factor receptor superfamily member 1A,Chapter IX Diseases of the circulatory system,Secondary right heart disease,50297,678,3.41 [2.89-4.01],6.861837953100403e-49
TNFRSF1A,Tumor necrosis factor receptor superfamily member 1A,Chapter IX Diseases of the circulatory system,Sequelae of cerebrovascular disease,48920,385,3.41 [2.73-4.26],4.207146672961315e-27
TNFRSF1A,Tumor necrosis factor receptor superfamily member 1A,Chapter IX Diseases of the circulatory system,"Stroke, excluding SAH",50764,1283,1.95 [1.69-2.25],5.466714845651838e-20
TNFRSF1A,Tumor necrosis factor receptor superfamily member 1A,Chapter IX Diseases of the circulatory system,"Stroke, including SAH",50723,1360,1.97 [1.71-2.26],1.9009042343354144e-21
TNFRSF1A,Tumor necrosis factor receptor superfamily member 1A,Chapter IX Diseases of the circulatory system,Venous thromboembolism,51081,1493,1.95 [1.70-2.23],5.986646782103462e-22
TNFRSF1A,Tumor necrosis factor receptor superfamily member 1A,Chapter V Mental and behavioural disorders,"Anxiety disorders, excluding more controls",45077,2846,1.54 [1.38-1.72],1.0349026797119742e-14
TNFRSF1A,Tumor necrosis factor receptor superfamily member 1A,Chapter V Mental and behavioural disorders,Any mental disorder,50231,8000,1.57 [1.48-1.68],2.81032930765901e-44
TNFRSF1A,Tumor necrosis factor receptor superfamily member 1A,Chapter V Mental and behavioural disorders,"Mood disorders, excluding more controls",45401,3170,1.82 [1.65-2.01],6.435454938228796e-32
TNFRSF1A,Tumor necrosis factor receptor superfamily member 1A,Chapter V Mental and behavioural disorders,Smoking dependency,50464,2743,2.07 [1.87-2.29],2.3273017701074572e-45
TNFRSF1A,Tumor necrosis factor receptor superfamily member 1A,Chapter V Mental and behavioural disorders,"Substance abuse, excluding more controls",45494,3263,1.75 [1.59-1.93],7.250508802785539e-30
TNFRSF1A,Tumor necrosis factor receptor superfamily member 1A,Chapter VI Diseases of the nervous system,Cerebral cysts,50713,462,2.32 [1.82-2.94],5.036620986704081e-12
TNFRSF1A,Tumor necrosis factor receptor superfamily member 1A,Chapter VI Diseases of the nervous system,Cerebral palsy and other paralytic syndromes,51374,649,2.29 [1.89-2.77],4.228438632992186e-17
TNFRSF1A,Tumor necrosis factor receptor superfamily member 1A,Chapter VI Diseases of the nervous system,Epilepsy,48405,566,1.97 [1.57-2.47],3.323313420957313e-09
TNFRSF1A,Tumor necrosis factor receptor superfamily member 1A,Chapter VI Diseases of the nervous system,Episodal and paroxysmal disorders,50575,2736,1.59 [1.43-1.77],2.854662182021972e-17
TNFRSF1A,Tumor necrosis factor receptor superfamily member 1A,Chapter VI Diseases of the nervous system,Falls/tendency to fall,50348,5157,1.78 [1.65-1.92],7.778464297394472e-51
TNFRSF1A,Tumor necrosis factor receptor superfamily member 1A,Chapter VI Diseases of the nervous system,Hemiplegia,51231,506,2.68 [2.18-3.30],1.562396285167868e-20
TNFRSF1A,Tumor necrosis factor receptor superfamily member 1A,Chapter VI Diseases of the nervous system,"Nerve, nerve root and plexus disorders",50208,2386,1.38 [1.23-1.55],6.593148169851957e-08
TNFRSF1A,Tumor necrosis factor receptor superfamily member 1A,Chapter VI Diseases of the nervous system,Neurological diseases,48590,7523,1.52 [1.42-1.62],1.8440592581521548e-35
TNFRSF1A,Tumor necrosis factor receptor superfamily member 1A,Chapter VI Diseases of the nervous system,Other and unspecified degenerative diseases of nervous system,50838,403,2.13 [1.67-2.73],1.440665094585422e-09
TNFRSF1A,Tumor necrosis factor receptor superfamily member 1A,Chapter VI Diseases of the nervous system,"Other and unspecified polyneuropathies, also in other diseases",51382,594,3.77 [3.17-4.48],1.113872838299641e-50
TNFRSF1A,Tumor necrosis factor receptor superfamily member 1A,Chapter VI Diseases of the nervous system,Other degenerative diseases of the nervous system,40982,1291,1.71 [1.47-2.00],1.366618852654079e-11
TNFRSF1A,Tumor necrosis factor receptor superfamily member 1A,Chapter VI Diseases of the nervous system,Other disorders of nervous system,50531,280,2.32 [1.73-3.12],2.5827983453184613e-08
TNFRSF1A,Tumor necrosis factor receptor superfamily member 1A,Chapter VI Diseases of the nervous system,Other extrapyramidal and movement disorders in other diseases,50578,328,2.21 [1.67-2.93],3.355473555094339e-08
TNFRSF1A,Tumor necrosis factor receptor superfamily member 1A,Chapter VI Diseases of the nervous system,Other neurological diseases,51290,1039,1.99 [1.69-2.34],1.8385681677099438e-16
TNFRSF1A,Tumor necrosis factor receptor superfamily member 1A,Chapter VI Diseases of the nervous system,Other sleep disorders,48960,1121,1.60 [1.36-1.89],1.4816847659666949e-08
TNFRSF1A,Tumor necrosis factor receptor superfamily member 1A,"Chapter VII Diseases of the eye, adnexa, ear and mastoid process",Background diabetic retinopathy,51187,468,4.19 [3.48-5.05],1.5045896669254394e-51
TNFRSF1A,Tumor necrosis factor receptor superfamily member 1A,"Chapter VII Diseases of the eye, adnexa, ear and mastoid process","Diabetic nephropathy, excluding more controls",4195,121,13.50 [10.08-18.08],3.1344984633169168e-68
TNFRSF1A,Tumor necrosis factor receptor superfamily member 1A,"Chapter VII Diseases of the eye, adnexa, ear and mastoid process",Diabetic neuropathy,5082,203,3.97 [3.07-5.15],1.7159772453676307e-25
TNFRSF1A,Tumor necrosis factor receptor superfamily member 1A,"Chapter VII Diseases of the eye, adnexa, ear and mastoid process",Disorders of choroid and retina,51103,2066,1.62 [1.44-1.83],4.814220896394206e-15
TNFRSF1A,Tumor necrosis factor receptor superfamily member 1A,"Chapter VII Diseases of the eye, adnexa, ear and mastoid process",Other cataract,48348,4337,1.36 [1.25-1.49],2.1266343227283733e-12
TNFRSF1A,Tumor necrosis factor receptor superfamily member 1A,"Chapter VII Diseases of the eye, adnexa, ear and mastoid process",Visual impairment including blindness (binocular or monocular),50539,340,2.48 [1.89-3.24],3.795343559711576e-11
TNFRSF1A,Tumor necrosis factor receptor superfamily member 1A,Chapter VIII Diseases of the ear and mastoid process,Other disorders of ear,51338,1788,1.62 [1.42-1.84],2.911141768649534e-13
TNFRSF1A,Tumor necrosis factor receptor superfamily member 1A,Chapter VIII Diseases of the ear and mastoid process,Other specified/unspecified hearing loss,50828,1278,1.72 [1.48-1.99],1.881831939172492e-12
TNFRSF1A,Tumor necrosis factor receptor superfamily member 1A,Chapter X Diseases of the respiratory system,Acute upper respiratory infections,51327,426,2.17 [1.68-2.79],1.907823567394612e-09
TNFRSF1A,Tumor necrosis factor receptor superfamily member 1A,Chapter X Diseases of the respiratory system,Acute upper respiratory infections of multiple and unspecified sites,51028,127,3.22 [2.15-4.83],1.4164923940790344e-08
TNFRSF1A,Tumor necrosis factor receptor superfamily member 1A,Chapter X Diseases of the respiratory system,All influenza,47487,237,5.23 [3.98-6.88],2.472486999655493e-32
TNFRSF1A,Tumor necrosis factor receptor superfamily member 1A,Chapter X Diseases of the respiratory system,All influenza (not pneumonia),47482,232,5.05 [3.81-6.68],1.175721443933376e-29
TNFRSF1A,Tumor necrosis factor receptor superfamily member 1A,Chapter X Diseases of the respiratory system,"Asthma, excluding more controls",38036,3517,1.60 [1.44-1.78],9.59882564832965e-19
TNFRSF1A,Tumor necrosis factor receptor superfamily member 1A,Chapter X Diseases of the respiratory system,"Asthma, unspecified (mode)",38530,3467,1.59 [1.43-1.76],2.5651694372885385e-18
TNFRSF1A,Tumor necrosis factor receptor superfamily member 1A,Chapter X Diseases of the respiratory system,Bacterial pneumonia (organism specified),50717,275,4.02 [3.12-5.18],3.88445873487384e-27
TNFRSF1A,Tumor necrosis factor receptor superfamily member 1A,Chapter X Diseases of the respiratory system,"Bacterial pneumonia, not elsewhere classified",47411,161,4.95 [3.55-6.89],3.332789684202701e-21
TNFRSF1A,Tumor necrosis factor receptor superfamily member 1A,Chapter X Diseases of the respiratory system,Bronchiectasis,44676,709,2.70 [2.24-3.24],3.992563643547281e-26
TNFRSF1A,Tumor necrosis factor receptor superfamily member 1A,Chapter X Diseases of the respiratory system,Chronic lower respiratory diseases,49517,5550,1.61 [1.50-1.74],5.9221138777800825e-36
TNFRSF1A,Tumor necrosis factor receptor superfamily member 1A,Chapter X Diseases of the respiratory system,"COPD, hospital admissions 1, only main diagnosis",51129,2382,2.14 [1.93-2.37],1.2841923548529226e-47
TNFRSF1A,Tumor necrosis factor receptor superfamily member 1A,Chapter X Diseases of the respiratory system,Diseases of the respiratory system,47421,10496,1.79 [1.69-1.89],5.385606950010094e-95
TNFRSF1A,Tumor necrosis factor receptor superfamily member 1A,Chapter X Diseases of the respiratory system,Early onset COPD,49381,634,2.59 [2.11-3.18],7.108104955907012e-20
TNFRSF1A,Tumor necrosis factor receptor superfamily member 1A,Chapter X Diseases of the respiratory system,Emphysema,44592,625,2.76 [2.27-3.35],8.0440089169894605e-25
TNFRSF1A,Tumor necrosis factor receptor superfamily member 1A,Chapter X Diseases of the respiratory system,Idiopathic pulmonary fibrosis,48943,569,2.59 [2.12-3.15],3.7054672201660566e-21
TNFRSF1A,Tumor necrosis factor receptor superfamily member 1A,Chapter X Diseases of the respiratory system,Influenza and pneumonia,51082,3832,2.89 [2.67-3.12],2.8628138237351827e-159
TNFRSF1A,Tumor necrosis factor receptor superfamily member 1A,Chapter X Diseases of the respiratory system,Interstitial lung disease,49013,639,2.72 [2.27-3.27],1.328077554339166e-26
TNFRSF1A,Tumor necrosis factor receptor superfamily member 1A,Chapter X Diseases of the respiratory system,Later onset COPD,49531,1748,1.94 [1.72-2.19],3.909516726423384e-27
TNFRSF1A,Tumor necrosis factor receptor superfamily member 1A,Chapter X Diseases of the respiratory system,Lung diseases due to external agents,51508,656,2.46 [2.04-2.96],2.2526171983847538e-21
TNFRSF1A,Tumor necrosis factor receptor superfamily member 1A,Chapter X Diseases of the respiratory system,Other acute lower respiratory infections,51037,1939,2.65 [2.38-2.96],6.229577790785552e-70
TNFRSF1A,Tumor necrosis factor receptor superfamily member 1A,Chapter X Diseases of the respiratory system,Other diseases of pleura,51066,3979,2.51 [2.32-2.71],2.482075535813267e-117
TNFRSF1A,Tumor necrosis factor receptor superfamily member 1A,Chapter X Diseases of the respiratory system,Other respiratory diseases principally affecting the interstitium,51356,798,3.08 [2.64-3.61],1.0259585306272517e-44
TNFRSF1A,Tumor necrosis factor receptor superfamily member 1A,Chapter X Diseases of the respiratory system,Other respiratory disorders and diseases,51321,2589,2.64 [2.40-2.90],7.854035022978473e-90
TNFRSF1A,Tumor necrosis factor receptor superfamily member 1A,Chapter X Diseases of the respiratory system,Pleural effusion,49069,1982,2.84 [2.54-3.16],1.8269692169137865e-79
TNFRSF1A,Tumor necrosis factor receptor superfamily member 1A,Chapter X Diseases of the respiratory system,Pleural plaque,47399,312,2.23 [1.68-2.96],2.88229399036786e-08
TNFRSF1A,Tumor necrosis factor receptor superfamily member 1A,Chapter X Diseases of the respiratory system,"Pneumonia, organism unspecified",50578,3328,2.94 [2.71-3.19],6.456290672507315e-145
TNFRSF1A,Tumor necrosis factor receptor superfamily member 1A,Chapter X Diseases of the respiratory system,Pneumonitis due to solids and liquids,51378,526,2.78 [2.28-3.41],2.4821672250952376e-23
TNFRSF1A,Tumor necrosis factor receptor superfamily member 1A,Chapter X Diseases of the respiratory system,Pulmonary oedema,50687,129,5.99 [4.40-8.16],6.0095232429235406e-30
TNFRSF1A,Tumor necrosis factor receptor superfamily member 1A,Chapter X Diseases of the respiratory system,Respiratory insufficiency,35172,109,3.74 [2.31-6.07],9.02083250919842e-08
TNFRSF1A,Tumor necrosis factor receptor superfamily member 1A,Chapter X Diseases of the respiratory system,Unspecified acute lower respiratory infection,50994,1896,2.71 [2.43-3.03],1.4113010689972161e-72
TNFRSF1A,Tumor necrosis factor receptor superfamily member 1A,Chapter X Diseases of the respiratory system,Viral pneumonia,47749,499,3.17 [2.53-3.97],1.370075281746117e-23
TNFRSF1A,Tumor necrosis factor receptor superfamily member 1A,Chapter X Diseases of the respiratory system,"Viral pneumonia (unknown virus, not influenza)",50750,412,2.87 [2.25-3.65],9.085069552961317e-18
TNFRSF1A,Tumor necrosis factor receptor superfamily member 1A,Chapter XI Diseases of the digestive system,Acute gastritis,38775,179,2.82 [1.94-4.11],5.772580549059977e-08
TNFRSF1A,Tumor necrosis factor receptor superfamily member 1A,Chapter XI Diseases of the digestive system,Acute pancreatitis,47848,368,2.16 [1.65-2.83],2.496648405304292e-08
TNFRSF1A,Tumor necrosis factor receptor superfamily member 1A,Chapter XI Diseases of the digestive system,Acute peritonitis,50584,188,4.91 [3.70-6.50],1.844964711577788e-28
TNFRSF1A,Tumor necrosis factor receptor superfamily member 1A,Chapter XI Diseases of the digestive system,Alcoholic liver disease,49760,150,3.83 [2.71-5.41],2.4786287627923622e-14
TNFRSF1A,Tumor necrosis factor receptor superfamily member 1A,Chapter XI Diseases of the digestive system,"Cholangitis (primary sclerosing, PSC)",47684,204,2.63 [1.87-3.70],2.4719824669804024e-08
TNFRSF1A,Tumor necrosis factor receptor superfamily member 1A,Chapter XI Diseases of the digestive system,Cholecystitis,47887,407,2.33 [1.81-3.00],4.694244394685858e-11
TNFRSF1A,Tumor necrosis factor receptor superfamily member 1A,Chapter XI Diseases of the digestive system,Cholelithiasis,49470,1990,2.02 [1.79-2.28],1.4588568653798577e-30
TNFRSF1A,Tumor necrosis factor receptor superfamily member 1A,Chapter XI Diseases of the digestive system,"Cirrhosis of liver, NAS",51244,209,5.13 [3.99-6.60],5.486244230804942e-37
TNFRSF1A,Tumor necrosis factor receptor superfamily member 1A,Chapter XI Diseases of the digestive system,Coeliac disease,48319,245,2.75 [1.99-3.81],9.951649903280547e-10
TNFRSF1A,Tumor necrosis factor receptor superfamily member 1A,Chapter XI Diseases of the digestive system,Constipation,51021,3344,1.76 [1.60-1.93],2.683038071755538e-32
TNFRSF1A,Tumor necrosis factor receptor superfamily member 1A,Chapter XI Diseases of the digestive system,Crohn disease,48189,188,3.88 [2.81-5.37],2.449192255498028e-16
TNFRSF1A,Tumor necrosis factor receptor superfamily member 1A,Chapter XI Diseases of the digestive system,"Crohn disease (strict definition, all UC cases excluded)",50820,138,3.20 [2.17-4.73],5.123563477390783e-09
TNFRSF1A,Tumor necrosis factor receptor superfamily member 1A,Chapter XI Diseases of the digestive system,Crohn's disease NAS,48179,178,4.43 [3.21-6.11],1.0979004157443472e-19
TNFRSF1A,Tumor necrosis factor receptor superfamily member 1A,Chapter XI Diseases of the digestive system,Dental caries,50041,457,2.14 [1.67-2.73],1.583949378875601e-09
TNFRSF1A,Tumor necrosis factor receptor superfamily member 1A,Chapter XI Diseases of the digestive system,Diaphragmatic hernia,46237,4450,1.43 [1.31-1.56],4.786747467047535e-16
TNFRSF1A,Tumor necrosis factor receptor superfamily member 1A,Chapter XI Diseases of the digestive system,Diseases of liver,51292,1682,2.49 [2.20-2.81],7.201120695259046e-49
TNFRSF1A,Tumor necrosis factor receptor superfamily member 1A,Chapter XI Diseases of the digestive system,"Diseases of oesophagus, stomach and duodenum",47226,8630,1.47 [1.38-1.57],6.34011430623993e-34
TNFRSF1A,Tumor necrosis factor receptor superfamily member 1A,Chapter XI Diseases of the digestive system,"Diseases of oral cavity, salivary glands and jaws",50696,1112,1.70 [1.44-2.01],3.5372572208731256e-10
TNFRSF1A,Tumor necrosis factor receptor superfamily member 1A,Chapter XI Diseases of the digestive system,Diseases of peritoneum,51357,961,2.06 [1.74-2.45],1.11293413615449e-16
TNFRSF1A,Tumor necrosis factor receptor superfamily member 1A,Chapter XI Diseases of the digestive system,Diseases of the digestive system,50908,2834,1.81 [1.64-2.01],1.9026051336765844e-30
TNFRSF1A,Tumor necrosis factor receptor superfamily member 1A,Chapter XI Diseases of the digestive system,"Disorders of gallbladder, biliary tract and pancreas",50283,2803,2.06 [1.86-2.27],4.7989101157644384e-46
TNFRSF1A,Tumor necrosis factor receptor superfamily member 1A,Chapter XI Diseases of the digestive system,Diverticular disease of intestine,42551,6300,1.46 [1.36-1.58],1.3028699033899443e-24
TNFRSF1A,Tumor necrosis factor receptor superfamily member 1A,Chapter XI Diseases of the digestive system,Duodenal ulcer,38994,398,2.76 [2.15-3.53],8.012937799046399e-16
TNFRSF1A,Tumor necrosis factor receptor superfamily member 1A,Chapter XI Diseases of the digestive system,Fibrosis and cirrhosis of liver,49862,252,4.94 [3.90-6.26],6.951494749644861e-40
TNFRSF1A,Tumor necrosis factor receptor superfamily member 1A,Chapter XI Diseases of the digestive system,Gastric ulcer,39316,720,2.04 [1.67-2.48],2.390982742924368e-12
TNFRSF1A,Tumor necrosis factor receptor superfamily member 1A,Chapter XI Diseases of the digestive system,Gastro-oesophageal reflux disease,43581,4985,1.41 [1.30-1.54],7.19093794338468e-16
TNFRSF1A,Tumor necrosis factor receptor superfamily member 1A,Chapter XI Diseases of the digestive system,Gastroduodenal ulcer,39670,1074,2.13 [1.81-2.50],2.41450409250156e-20
TNFRSF1A,Tumor necrosis factor receptor superfamily member 1A,Chapter XI Diseases of the digestive system,Gastrointestinal diseases,39891,16556,1.37 [1.31-1.44],8.102511157070921e-39
TNFRSF1A,Tumor necrosis factor receptor superfamily member 1A,Chapter XI Diseases of the digestive system,GI-bleeding,50395,2321,1.80 [1.61-2.02],5.748927438473675e-25
TNFRSF1A,Tumor necrosis factor receptor superfamily member 1A,Chapter XI Diseases of the digestive system,"Hepatic failure, not elsewhere classified",49737,127,4.81 [3.40-6.79],4.9369443500944425e-19
TNFRSF1A,Tumor necrosis factor receptor superfamily member 1A,Chapter XI Diseases of the digestive system,Hernia,48277,6490,1.33 [1.23-1.42],1.6894244872119103e-14
TNFRSF1A,Tumor necrosis factor receptor superfamily member 1A,Chapter XI Diseases of the digestive system,Intestinal malabsorption,48359,285,2.70 [2.00-3.66],1.2808831741360726e-10
TNFRSF1A,Tumor necrosis factor receptor superfamily member 1A,Chapter XI Diseases of the digestive system,Irritable bowel syndrome,37360,1109,1.67 [1.40-2.00],1.5984289819580827e-08
TNFRSF1A,Tumor necrosis factor receptor superfamily member 1A,Chapter XI Diseases of the digestive system,Nonalcoholic fatty liver disease,51475,728,2.34 [1.94-2.82],6.122544265646295e-19
TNFRSF1A,Tumor necrosis factor receptor superfamily member 1A,Chapter XI Diseases of the digestive system,Noninfectious colitis NAS,49512,1511,2.21 [1.94-2.53],7.302733738808262e-32
TNFRSF1A,Tumor necrosis factor receptor superfamily member 1A,Chapter XI Diseases of the digestive system,Noninfective enteritis and colitis,50012,2011,2.05 [1.82-2.30],1.0723127165203171e-32
TNFRSF1A,Tumor necrosis factor receptor superfamily member 1A,Chapter XI Diseases of the digestive system,Oesophagitis,39791,1195,2.00 [1.71-2.34],4.15783773106889e-18
TNFRSF1A,Tumor necrosis factor receptor superfamily member 1A,Chapter XI Diseases of the digestive system,Other diseases of anus and rectum,38965,2714,1.38 [1.23-1.54],3.860704065435594e-08
TNFRSF1A,Tumor necrosis factor receptor superfamily member 1A,Chapter XI Diseases of the digestive system,Other diseases of biliary tract,48042,562,1.89 [1.51-2.38],3.514506809113655e-08
TNFRSF1A,Tumor necrosis factor receptor superfamily member 1A,Chapter XI Diseases of the digestive system,Other diseases of intestine,39739,3488,1.53 [1.39-1.69],1.2086229363939457e-17
TNFRSF1A,Tumor necrosis factor receptor superfamily member 1A,Chapter XI Diseases of the digestive system,Other diseases of intestines,47519,11268,1.47 [1.39-1.55],1.5622621540854606e-43
TNFRSF1A,Tumor necrosis factor receptor superfamily member 1A,Chapter XI Diseases of the digestive system,Other diseases of liver,50983,1373,2.48 [2.17-2.84],1.119152511167044e-39
TNFRSF1A,Tumor necrosis factor receptor superfamily member 1A,Chapter XI Diseases of the digestive system,Other diseases of oesophagus,39924,1328,1.75 [1.50-2.04],1.3075509783242872e-12
TNFRSF1A,Tumor necrosis factor receptor superfamily member 1A,Chapter XI Diseases of the digestive system,Other diseases of pancreas,47784,304,3.28 [2.51-4.27],1.6356575013419225e-18
TNFRSF1A,Tumor necrosis factor receptor superfamily member 1A,Chapter XI Diseases of the digestive system,Other diseases of stomach and duodenum,40498,1902,1.99 [1.75-2.25],8.810877002058248e-27
TNFRSF1A,Tumor necrosis factor receptor superfamily member 1A,Chapter XI Diseases of the digestive system,Other diseases of the digestive system,50426,2352,1.80 [1.61-2.01],4.097453322108688e-25
TNFRSF1A,Tumor necrosis factor receptor superfamily member 1A,Chapter XI Diseases of the digestive system,Other functional intestinal disorders,39691,3440,1.89 [1.72-2.07],5.17228040163482e-41
TNFRSF1A,Tumor necrosis factor receptor superfamily member 1A,Chapter XI Diseases of the digestive system,Other gastritis (incl. Duodenitis),42613,4017,1.73 [1.58-1.89],1.3534857442285909e-33
TNFRSF1A,Tumor necrosis factor receptor superfamily member 1A,Chapter XI Diseases of the digestive system,Other inflammatory liver diseases,49809,199,3.71 [2.71-5.07],1.835998379766178e-16
TNFRSF1A,Tumor necrosis factor receptor superfamily member 1A,Chapter XI Diseases of the digestive system,Other noninfective gastroenteritis and colitis,49765,1764,2.15 [1.90-2.44],8.831234488060682e-34
TNFRSF1A,Tumor necrosis factor receptor superfamily member 1A,Chapter XI Diseases of the digestive system,"Other or unspecified ileus, impaction or obstruction",36939,688,2.34 [1.92-2.86],4.680375853330277e-17
TNFRSF1A,Tumor necrosis factor receptor superfamily member 1A,Chapter XI Diseases of the digestive system,Paralytic ileus and intestinal obstruction,37230,979,2.20 [1.86-2.61],1.0489236473296821e-19
TNFRSF1A,Tumor necrosis factor receptor superfamily member 1A,Chapter XI Diseases of the digestive system,Ulcer of oesophagus,39130,534,1.90 [1.50-2.40],8.213975259304557e-08
TNFRSF1A,Tumor necrosis factor receptor superfamily member 1A,Chapter XI Diseases of the digestive system,Vascular disorders of the intestines,36598,347,2.82 [2.16-3.69],3.6612992837247966e-14
TNFRSF1A,Tumor necrosis factor receptor superfamily member 1A,Chapter XII Diseases of the skin and subcutaneous tissue,Cellulitis,50265,1405,2.83 [2.49-3.21],9.504886846261865e-59
TNFRSF1A,Tumor necrosis factor receptor superfamily member 1A,Chapter XII Diseases of the skin and subcutaneous tissue,"Cutaneous abscess, furuncle and carbuncle",49210,350,2.21 [1.67-2.94],3.978561043463536e-08
TNFRSF1A,Tumor necrosis factor receptor superfamily member 1A,Chapter XII Diseases of the skin and subcutaneous tissue,Decubitus ulcer and pressure area,47954,819,3.74 [3.21-4.34],1.1292430377904493e-65
TNFRSF1A,Tumor necrosis factor receptor superfamily member 1A,Chapter XII Diseases of the skin and subcutaneous tissue,Dermatitis and eczema,51333,963,2.17 [1.84-2.56],7.550978373246294e-20
TNFRSF1A,Tumor necrosis factor receptor superfamily member 1A,Chapter XII Diseases of the skin and subcutaneous tissue,Diseases of the skin and subcutaneous tissue,48427,6390,1.77 [1.65-1.90],6.468188699004727e-58
TNFRSF1A,Tumor necrosis factor receptor superfamily member 1A,Chapter XII Diseases of the skin and subcutaneous tissue,Infections of the skin and subcutaneous tissue,50751,1891,2.53 [2.26-2.83],3.271271653867279e-58
TNFRSF1A,Tumor necrosis factor receptor superfamily member 1A,Chapter XII Diseases of the skin and subcutaneous tissue,Lupus erythematosus,47249,114,4.96 [3.34-7.37],1.80255963572412e-15
TNFRSF1A,Tumor necrosis factor receptor superfamily member 1A,Chapter XII Diseases of the skin and subcutaneous tissue,Other and unspecified erythematous conditions,51359,162,3.44 [2.44-4.86],1.7328665395679098e-12
TNFRSF1A,Tumor necrosis factor receptor superfamily member 1A,Chapter XII Diseases of the skin and subcutaneous tissue,Other and unspecified local infections of skin and subcutaneous tissue,49236,376,3.34 [2.64-4.23],7.80739390190841e-24
TNFRSF1A,Tumor necrosis factor receptor superfamily member 1A,Chapter XII Diseases of the skin and subcutaneous tissue,Other contact dermatitis,50499,129,4.75 [3.31-6.81],2.4275697127973134e-17
TNFRSF1A,Tumor necrosis factor receptor superfamily member 1A,Chapter XII Diseases of the skin and subcutaneous tissue,Other disorders of skin and subcutaneous tissue,50382,3247,2.11 [1.93-2.32],9.845212566888829e-58
TNFRSF1A,Tumor necrosis factor receptor superfamily member 1A,Chapter XII Diseases of the skin and subcutaneous tissue,"Other disorders of skin and subcutaneous tissue, not elsewhere classified",48113,978,1.79 [1.50-2.14],1.7340565943067376e-10
TNFRSF1A,Tumor necrosis factor receptor superfamily member 1A,Chapter XII Diseases of the skin and subcutaneous tissue,"Ulcer of lower limb, not elsewhere classified",47610,475,5.06 [4.26-6.00],4.927291227502436e-77
TNFRSF1A,Tumor necrosis factor receptor superfamily member 1A,Chapter XII Diseases of the skin and subcutaneous tissue,Urticaria and erythema,51472,275,2.74 [2.06-3.66],6.812886964643932e-12
TNFRSF1A,Tumor necrosis factor receptor superfamily member 1A,Chapter XIII Diseases of the musculoskeletal system and connective tissue,Arthropathies,46885,11248,1.42 [1.34-1.50],3.0944144908468234e-35
TNFRSF1A,Tumor necrosis factor receptor superfamily member 1A,Chapter XIII Diseases of the musculoskeletal system and connective tissue,Arthrosis,44066,8429,1.33 [1.25-1.42],6.712005105773174e-18
TNFRSF1A,Tumor necrosis factor receptor superfamily member 1A,Chapter XIII Diseases of the musculoskeletal system and connective tissue,Cervicalgia,44732,354,2.33 [1.77-3.07],1.6530944253425641e-09
TNFRSF1A,Tumor necrosis factor receptor superfamily member 1A,Chapter XIII Diseases of the musculoskeletal system and connective tissue,Diseases of the musculoskeletal system and connective tissue,43546,14475,1.37 [1.30-1.44],3.319388398069024e-33
TNFRSF1A,Tumor necrosis factor receptor superfamily member 1A,Chapter XIII Diseases of the musculoskeletal system and connective tissue,Disorders of muscles,44297,304,2.45 [1.84-3.25],7.445123138078644e-10
TNFRSF1A,Tumor necrosis factor receptor superfamily member 1A,Chapter XIII Diseases of the musculoskeletal system and connective tissue,Dorsopathies,49684,5306,1.44 [1.33-1.56],8.114955955809815e-20
TNFRSF1A,Tumor necrosis factor receptor superfamily member 1A,Chapter XIII Diseases of the musculoskeletal system and connective tissue,Gonarthrosis,39010,3373,1.32 [1.19-1.46],7.959611231916682e-08
TNFRSF1A,Tumor necrosis factor receptor superfamily member 1A,Chapter XIII Diseases of the musculoskeletal system and connective tissue,Gout,36849,1212,3.86 [3.42-4.34],1.0891955315518956e-109
TNFRSF1A,Tumor necrosis factor receptor superfamily member 1A,Chapter XIII Diseases of the musculoskeletal system and connective tissue,"Gout, unspecified",51379,1195,3.73 [3.30-4.22],3.927428596025725e-98
TNFRSF1A,Tumor necrosis factor receptor superfamily member 1A,Chapter XIII Diseases of the musculoskeletal system and connective tissue,Kyphosis,44490,112,3.35 [2.16-5.19],6.88202392036494e-08
TNFRSF1A,Tumor necrosis factor receptor superfamily member 1A,Chapter XIII Diseases of the musculoskeletal system and connective tissue,Low back pain,45635,1257,1.81 [1.55-2.11],4.010759101990211e-14
TNFRSF1A,Tumor necrosis factor receptor superfamily member 1A,Chapter XIII Diseases of the musculoskeletal system and connective tissue,Osteomyelitis,47476,146,5.08 [3.71-6.96],3.1911762332464994e-24
TNFRSF1A,Tumor necrosis factor receptor superfamily member 1A,Chapter XIII Diseases of the musculoskeletal system and connective tissue,Osteopathies and chondropathies,50758,3428,1.78 [1.62-1.96],1.88369247912693e-32
TNFRSF1A,Tumor necrosis factor receptor superfamily member 1A,Chapter XIII Diseases of the musculoskeletal system and connective tissue,Osteoporosis,49574,2244,1.76 [1.56-1.98],8.178927798498245e-21
TNFRSF1A,Tumor necrosis factor receptor superfamily member 1A,Chapter XIII Diseases of the musculoskeletal system and connective tissue,"Other (seronegative) rheumatoid arthritis, wide",51247,901,2.53 [2.14-2.99],6.609239049928722e-28
TNFRSF1A,Tumor necrosis factor receptor superfamily member 1A,Chapter XIII Diseases of the musculoskeletal system and connective tissue,Other arthrosis,40604,4967,1.59 [1.46-1.72],1.8998910327294462e-28
TNFRSF1A,Tumor necrosis factor receptor superfamily member 1A,Chapter XIII Diseases of the musculoskeletal system and connective tissue,Other disorders of bone density and structure,48094,764,2.09 [1.71-2.56],5.146913517911572e-13
TNFRSF1A,Tumor necrosis factor receptor superfamily member 1A,Chapter XIII Diseases of the musculoskeletal system and connective tissue,"Other dorsopathies, not elsewhere classified",47981,3603,1.49 [1.36-1.64],1.1567450202479654e-16
TNFRSF1A,Tumor necrosis factor receptor superfamily member 1A,Chapter XIII Diseases of the musculoskeletal system and connective tissue,Other joint disorders,39929,4292,1.53 [1.40-1.67],2.0305180454932502e-20
TNFRSF1A,Tumor necrosis factor receptor superfamily member 1A,Chapter XIII Diseases of the musculoskeletal system and connective tissue,"Other soft tissue disorders, not elsewhere classified",46484,2491,1.88 [1.68-2.09],5.047762573834034e-30
TNFRSF1A,Tumor necrosis factor receptor superfamily member 1A,Chapter XIII Diseases of the musculoskeletal system and connective tissue,Other specified disorders of muscle,44173,180,2.82 [1.96-4.03],1.7285977055673132e-08
TNFRSF1A,Tumor necrosis factor receptor superfamily member 1A,Chapter XIII Diseases of the musculoskeletal system and connective tissue,Other specified/unspecified arthritis,38852,3215,1.63 [1.48-1.81],1.936022358209176e-21
TNFRSF1A,Tumor necrosis factor receptor superfamily member 1A,Chapter XIII Diseases of the musculoskeletal system and connective tissue,Other specified/unspecified soft tissue disorders,45098,1105,2.21 [1.89-2.58],5.054417905207811e-24
TNFRSF1A,Tumor necrosis factor receptor superfamily member 1A,Chapter XIII Diseases of the musculoskeletal system and connective tissue,Other systemic involvement of connective tissue,50820,707,2.23 [1.83-2.71],1.968124448876628e-15
TNFRSF1A,Tumor necrosis factor receptor superfamily member 1A,Chapter XIII Diseases of the musculoskeletal system and connective tissue,Other/unspecified dorsalgia,45518,1140,1.96 [1.68-2.30],6.164579796924775e-17
TNFRSF1A,Tumor necrosis factor receptor superfamily member 1A,Chapter XIII Diseases of the musculoskeletal system and connective tissue,Other/unspecified rheumatoid arthritis,51271,875,2.61 [2.21-3.09],1.6094424207378377e-29
TNFRSF1A,Tumor necrosis factor receptor superfamily member 1A,Chapter XIII Diseases of the musculoskeletal system and connective tissue,Other/unspecified seropositive rheumatoid arthritis,51488,108,3.66 [2.39-5.59],2.0269902158544954e-09
TNFRSF1A,Tumor necrosis factor receptor superfamily member 1A,Chapter XIII Diseases of the musculoskeletal system and connective tissue,Pain in joint,40799,1505,2.22 [1.93-2.54],4.358104687514887e-30
TNFRSF1A,Tumor necrosis factor receptor superfamily member 1A,Chapter XIII Diseases of the musculoskeletal system and connective tissue,Pain in limb,45153,1160,1.83 [1.56-2.15],8.14250502104754e-14
TNFRSF1A,Tumor necrosis factor receptor superfamily member 1A,Chapter XIII Diseases of the musculoskeletal system and connective tissue,Polyarthropathies,40583,4946,1.96 [1.82-2.12],2.543932277445895e-66
TNFRSF1A,Tumor necrosis factor receptor superfamily member 1A,Chapter XIII Diseases of the musculoskeletal system and connective tissue,Polyarthrosis,36947,1310,1.61 [1.37-1.89],6.473271571234153e-09
TNFRSF1A,Tumor necrosis factor receptor superfamily member 1A,Chapter XIII Diseases of the musculoskeletal system and connective tissue,Rheumatoid arthritis,36550,913,2.95 [2.49-3.48],8.246756272927708e-37
TNFRSF1A,Tumor necrosis factor receptor superfamily member 1A,Chapter XIII Diseases of the musculoskeletal system and connective tissue,"Seropositive rheumatoid arthritis, wide",51496,116,3.70 [2.46-5.56],2.9568410659023404e-10
TNFRSF1A,Tumor necrosis factor receptor superfamily member 1A,Chapter XIII Diseases of the musculoskeletal system and connective tissue,Sicca syndrome [Sjgren],50300,187,4.54 [3.29-6.27],2.9178583116055393e-20
TNFRSF1A,Tumor necrosis factor receptor superfamily member 1A,Chapter XIII Diseases of the musculoskeletal system and connective tissue,Soft tissue disorders,49124,5131,1.44 [1.33-1.56],7.350103064997172e-19
TNFRSF1A,Tumor necrosis factor receptor superfamily member 1A,Chapter XIII Diseases of the musculoskeletal system and connective tissue,Spondylopathies,47474,3096,1.53 [1.39-1.69],8.109958805586399e-17
TNFRSF1A,Tumor necrosis factor receptor superfamily member 1A,Chapter XIII Diseases of the musculoskeletal system and connective tissue,Spondylosis,46411,2033,1.58 [1.39-1.78],5.529330095557245e-13
TNFRSF1A,Tumor necrosis factor receptor superfamily member 1A,Chapter XIII Diseases of the musculoskeletal system and connective tissue,Systemic lupus erythematosus,50380,267,4.77 [3.68-6.19],5.894126039594873e-32
TNFRSF1A,Tumor necrosis factor receptor superfamily member 1A,Chapter XIV Diseases of the genitourinary system,Acute renal failure,49443,3158,6.78 [6.26-7.34],0.0
TNFRSF1A,Tumor necrosis factor receptor superfamily member 1A,Chapter XIV Diseases of the genitourinary system,Chronic kidney disease,49341,3056,11.47 [10.69-12.30],0.0
TNFRSF1A,Tumor necrosis factor receptor superfamily member 1A,Chapter XIV Diseases of the genitourinary system,Chronic nephritic syndrome,51105,163,12.84 [10.69-15.43],1.1022892690277276e-163
TNFRSF1A,Tumor necrosis factor receptor superfamily member 1A,Chapter XIV Diseases of the genitourinary system,Cyst of kidney,51044,603,2.64 [2.15-3.25],2.580176019711241e-20
TNFRSF1A,Tumor necrosis factor receptor superfamily member 1A,Chapter XIV Diseases of the genitourinary system,Dialysis,46440,155,10.80 [8.84-13.19],1.574055335240449e-120
TNFRSF1A,Tumor necrosis factor receptor superfamily member 1A,Chapter XIV Diseases of the genitourinary system,Genitourinary diseases,43001,10718,2.23 [2.10-2.36],1.4541156559293772e-160
TNFRSF1A,Tumor necrosis factor receptor superfamily member 1A,Chapter XIV Diseases of the genitourinary system,Glomerular disorders in diseases classified elsewhere,51109,167,13.87 [11.25-17.10],3.9752011085392816e-134
TNFRSF1A,Tumor necrosis factor receptor superfamily member 1A,Chapter XIV Diseases of the genitourinary system,Hydronephrosis,46275,587,3.96 [3.11-5.04],6.282807113680314e-29
TNFRSF1A,Tumor necrosis factor receptor superfamily member 1A,Chapter XIV Diseases of the genitourinary system,Other diseases of urinary system,49423,4534,1.96 [1.81-2.13],1.1432436010121085e-61
TNFRSF1A,Tumor necrosis factor receptor superfamily member 1A,Chapter XIV Diseases of the genitourinary system,Other disorders of kidney and ureter,51396,955,4.00 [3.46-4.62],1.2283494850383426e-78
TNFRSF1A,Tumor necrosis factor receptor superfamily member 1A,Chapter XIV Diseases of the genitourinary system,Other disorders of urethra and urinary system,48384,3495,2.41 [2.21-2.62],2.439009451233353e-88
TNFRSF1A,Tumor necrosis factor receptor superfamily member 1A,Chapter XIV Diseases of the genitourinary system,Other obstructive and reflux uropathy,46370,682,4.68 [3.80-5.75],3.948797482138972e-48
TNFRSF1A,Tumor necrosis factor receptor superfamily member 1A,Chapter XIV Diseases of the genitourinary system,Other specified disorders of kidney and ureter,50756,315,5.37 [4.27-6.77],2.7475285572337843e-46
TNFRSF1A,Tumor necrosis factor receptor superfamily member 1A,Chapter XIV Diseases of the genitourinary system,Recurrent and persistent haematuria,51038,96,6.48 [4.47-9.41],8.087924173307222e-23
TNFRSF1A,Tumor necrosis factor receptor superfamily member 1A,Chapter XIV Diseases of the genitourinary system,Renal tubulo-interstitial diseases,51035,5347,6.50 [6.09-6.95],0.0
TNFRSF1A,Tumor necrosis factor receptor superfamily member 1A,Chapter XIV Diseases of the genitourinary system,"Tubulo-interstitial nephritis, not specified as acute or chronic",45926,238,8.28 [5.93-11.55],2.0100284642210249e-35
TNFRSF1A,Tumor necrosis factor receptor superfamily member 1A,Chapter XIV Diseases of the genitourinary system,Unspecified kidney failure,46543,258,19.64 [15.76-24.48],1.3091785761302803e-154
TNFRSF1A,Tumor necrosis factor receptor superfamily member 1A,Chapter XIV Diseases of the genitourinary system,Urethral stricture,45331,442,2.19 [1.70-2.82],1.2570750542160594e-09
