Protein,Protein_definition,Trait_category,Trait,sample_size,Estimated_effect,se,lowerCI,upperCI,Pvalue
FBP1,"Fructose-1,6-bisphosphatase 1",Lifestyle factors,X1050.Time spend outdoors in summer,50276,-0.0281341280772509,0.0162880782490276,-0.0600587614453449,0.00379050529084316,0.0841310149333832
FBP1,"Fructose-1,6-bisphosphatase 1",Lifestyle factors,X1060.Time spent outdoors in winter,48082,-0.0638524922949972,0.0181355922481258,-0.0993982531013237,-0.0283067314886707,0.000431167094179262
FBP1,"Fructose-1,6-bisphosphatase 1",Physical activities,X1070.Time spent watching television (TV),51092,-0.00484453759803442,0.0161493914146634,-0.0364973447707747,0.0268082695747058,0.764193144885021
FBP1,"Fructose-1,6-bisphosphatase 1",Physical activities,X1080.Time spent using computer,48101,0.0413533825695995,0.0162956563134468,0.00941389619524373,0.0732928689439553,0.011166281426835
FBP1,"Fructose-1,6-bisphosphatase 1",Physical activities,X1090.Time spent driving,45396,-0.0613682577329711,0.01768717518102,-0.0960351210877703,-0.0267013943781719,0.000522449913956339
FBP1,"Fructose-1,6-bisphosphatase 1",Lifestyle factors,X1160.Sleep duration,52160,-0.0134923289495448,0.0148570434327497,-0.0426121340777342,0.0156274761786446,0.363811645451084
FBP1,"Fructose-1,6-bisphosphatase 1",Health and medical history,X120039#0.Location of pain during the past week_None of the given areas,36016,0.00626668796804167,0.0307561730850866,-0.054015411278728,0.0665487872148113,0.838551467205857
FBP1,"Fructose-1,6-bisphosphatase 1",Health and medical history,X120039#1.Location of pain during the past week_Left shoulder,36016,-0.0113772692935405,0.0338690706094842,-0.0777606476881295,0.0550061091010485,0.736941341478217
FBP1,"Fructose-1,6-bisphosphatase 1",Health and medical history,X120039#10.Location of pain during the past week_Upper right leg,36016,0.00981329718633132,0.0360087141250419,-0.0607637824987508,0.0803903768714135,0.785225481099126
FBP1,"Fructose-1,6-bisphosphatase 1",Health and medical history,X120039#11.Location of pain during the past week_Lower left leg,36016,-0.0160065904908528,0.0368359287311703,-0.0882050108039467,0.056191829822241,0.663910849592037
FBP1,"Fructose-1,6-bisphosphatase 1",Health and medical history,X120039#12.Location of pain during the past week_Lower right leg,36016,-0.0347938656099949,0.0378205520123827,-0.108922147554265,0.0393344163342752,0.357617083068843
FBP1,"Fructose-1,6-bisphosphatase 1",Health and medical history,X120039#13.Location of pain during the past week_Left jaw pain,36016,0.0299044766990003,0.0996515262788108,-0.165412514807469,0.225221468205469,0.764116533672769
FBP1,"Fructose-1,6-bisphosphatase 1",Health and medical history,X120039#14.Location of pain during the past week_Right jaw pain,36016,0.218067865080835,0.117963340561548,-0.0131402824197991,0.44927601258147,0.0645543508670699
FBP1,"Fructose-1,6-bisphosphatase 1",Health and medical history,X120039#15.Location of pain during the past week_Chest pain,36016,0.028333425718587,0.0597653805054061,-0.088806720072009,0.145473571509183,0.635458557569437
FBP1,"Fructose-1,6-bisphosphatase 1",Health and medical history,X120039#16.Location of pain during the past week_Abdomen,36016,0.088303073267493,0.045520012041272,-0.000916150333400159,0.177522296868386,0.0524329091353443
FBP1,"Fructose-1,6-bisphosphatase 1",Health and medical history,X120039#17.Location of pain during the past week_Neck pain,36016,0.0327805706439699,0.0308140312110255,-0.0276149305296401,0.0931760718175798,0.287445063577048
FBP1,"Fructose-1,6-bisphosphatase 1",Health and medical history,X120039#18.Location of pain during the past week_Upper back,36016,-0.0204426554461283,0.0490996038238605,-0.116677878940895,0.0757925680486383,0.677165431581826
FBP1,"Fructose-1,6-bisphosphatase 1",Health and medical history,X120039#19.Location of pain during the past week_Lower back,36016,-0.0142317971405952,0.0229951885478184,-0.0593023666943192,0.0308387724131287,0.535999101215007
FBP1,"Fructose-1,6-bisphosphatase 1",Health and medical history,X120039#2.Location of pain during the past week_Right shoulder,36016,0.0224401776248775,0.0315003123904925,-0.0393004346604878,0.0841807899102427,0.476252201200415
FBP1,"Fructose-1,6-bisphosphatase 1",Health and medical history,X120039#3.Location of pain during the past week_Upper left arm,36016,-0.0544667419340975,0.0500532010127456,-0.152571015919079,0.0436375320508839,0.276552340370171
FBP1,"Fructose-1,6-bisphosphatase 1",Health and medical history,X120039#4.Location of pain during the past week_Upper right arm,36016,-0.0251615579401961,0.0464982788136551,-0.11629818441496,0.0659750685345678,0.588435060640803
FBP1,"Fructose-1,6-bisphosphatase 1",Health and medical history,X120039#5.Location of pain during the past week_Lower left arm,36016,0.0596397102810528,0.0564140023820199,-0.0509317343877063,0.170211154949812,0.290464243024893
FBP1,"Fructose-1,6-bisphosphatase 1",Health and medical history,X120039#6.Location of pain during the past week_Lower right arm,36016,-0.0401312371306728,0.0554503031960435,-0.148813831394918,0.0685513571335725,0.469252244149015
FBP1,"Fructose-1,6-bisphosphatase 1",Health and medical history,X120039#7.Location of pain during the past week_Left hip,36016,0.080633933841023,0.0351509823078548,0.0117380085176276,0.149529859164418,0.0218222782292148
FBP1,"Fructose-1,6-bisphosphatase 1",Health and medical history,X120039#8.Location of pain during the past week_Right hip,36016,0.0219601248487297,0.0346149227425147,-0.0458851237265992,0.0898053734240585,0.525831502550413
FBP1,"Fructose-1,6-bisphosphatase 1",Health and medical history,X120039#9.Location of pain during the past week_Upper left leg,36016,0.0194191188295099,0.0383764698174656,-0.0557987620127226,0.0946369996717424,0.612860255771248
FBP1,"Fructose-1,6-bisphosphatase 1",Health and medical history,X120040.Fatigue severity over the past week,36022,0.0527859693549048,0.0277914642078046,-0.00168530049239213,0.107257239202202,0.057556025709032
FBP1,"Fructose-1,6-bisphosphatase 1",Health and medical history,X120041.Waking unrefreshed severity over the past week,36025,0.024940768338647,0.0272895580462702,-0.0285467654320427,0.0784283021093367,0.360782878569524
FBP1,"Fructose-1,6-bisphosphatase 1",Health and medical history,X120042.Cognitive symptoms severity over the past week,36025,-0.00967491938846219,0.0303198361966965,-0.0691017983339873,0.0497519595570629,0.749663172239632
FBP1,"Fructose-1,6-bisphosphatase 1",Health and medical history,X120098.Mobility problems today,36027,-0.0270553930117396,0.0322861549056965,-0.0903362566269047,0.0362254706034255,0.402064722403496
FBP1,"Fructose-1,6-bisphosphatase 1",Health and medical history,X120099.Self-care problems today,36027,0.000902845422839503,0.0481026330891105,-0.0933783154318171,0.0951840062774961,0.98502577047162
FBP1,"Fructose-1,6-bisphosphatase 1",Health and medical history,X120100.Problems doing usual activities,36027,-0.0361493808353689,0.0311799927128247,-0.0972621665525054,0.0249634048817675,0.246339646279916
FBP1,"Fructose-1,6-bisphosphatase 1",Health and medical history,X120101.Pain or discomfort today,36027,-0.0101742560293696,0.0276764821200415,-0.064420160984651,0.0440716489259118,0.713171722415122
FBP1,"Fructose-1,6-bisphosphatase 1",Health and medical history,X120102.Anxiety or depression today,36027,0.0517138870038058,0.0348126320076677,-0.0165188717312229,0.119946645738834,0.137455996134497
FBP1,"Fructose-1,6-bisphosphatase 1",Health and medical history,X120103.Scale to indicate how health is today,36009,-0.00802708644871897,0.0100596078534141,-0.0277439178414105,0.0116897449439726,0.424923790072303
FBP1,"Fructose-1,6-bisphosphatase 1",Health and medical history,X120104.Little interest or pleasure in doing things over the last two weeks,36011,-0.019948601484813,0.0342114868610862,-0.087003115732542,0.0471059127629159,0.55984602311534
FBP1,"Fructose-1,6-bisphosphatase 1",Health and medical history,"X120105.Feeling down, depressed, or hopeless over the last two weeks",36009,0.0370903202322082,0.036218344896405,-0.0338976357647457,0.108078276229162,0.30583305138961
FBP1,"Fructose-1,6-bisphosphatase 1",Health and medical history,"X120106.Trouble falling or staying asleep, or sleeping too much over the last two weeks",36015,0.0378238596755913,0.0278281210541432,-0.0167192575905294,0.092366976941712,0.174125962312992
FBP1,"Fructose-1,6-bisphosphatase 1",Health and medical history,X120107.Feeling tired or having little energy over the last two weeks,36020,0.0347674767318313,0.0281688652952516,-0.0204434992468618,0.0899784527105245,0.217148136262116
FBP1,"Fructose-1,6-bisphosphatase 1",Health and medical history,X120108.Poor appetite or overeating over the last two weeks,36019,0.0153796747373497,0.0400180797355394,-0.0630557615443076,0.093815111019007,0.700753668166425
FBP1,"Fructose-1,6-bisphosphatase 1",Health and medical history,X120109.Feeling bad about self over the last two weeks,36002,0.0670118712457577,0.0380494577358231,-0.0075650659164556,0.141588808407971,0.0782495594173452
FBP1,"Fructose-1,6-bisphosphatase 1",Health and medical history,X120110.Trouble concentrating over the last two weeks,36022,-0.0142481085811002,0.0366451202853339,-0.0860725443403548,0.0575763271781543,0.697425449491297
FBP1,"Fructose-1,6-bisphosphatase 1",Health and medical history,X120111.Moving or speaking slower or faster than usual over the last two weeks,36014,0.0105115152052178,0.0535429015124268,-0.0944325717591388,0.115455602169574,0.844365488263817
FBP1,"Fructose-1,6-bisphosphatase 1",Health and medical history,X120112.Thoughts of being better off dead or of hurting self over the last two weeks,35980,0.0798532537536186,0.0722288404247574,-0.0617152734789059,0.221421780986143,0.268953438115735
FBP1,"Fructose-1,6-bisphosphatase 1",Health and medical history,"X120113.Level of difficultly depression has made to do work, take care of things at home, or get along with other people",33207,0.0195421667069169,0.038821366845226,-0.0565477123097261,0.0956320457235599,0.614716371566094
FBP1,"Fructose-1,6-bisphosphatase 1",Lifestyle factors,X1269.Exposure to tobacco smoke at home,49643,0.031984295090762,0.0352752654888107,-0.0371552252673069,0.101123815448831,0.364572669088123
FBP1,"Fructose-1,6-bisphosphatase 1",Lifestyle factors,X1279.Exposure to tobacco smoke outside home,48414,0.0217486150835143,0.0204427513791206,-0.0183191776195621,0.0618164077865907,0.287396456698089
FBP1,"Fructose-1,6-bisphosphatase 1",Diet and food preferences,X1289.Cooked vegetable intake,51218,-0.0306637641183409,0.0154679530792702,-0.0609809521537104,-0.000346576082971357,0.0474458917415244
FBP1,"Fructose-1,6-bisphosphatase 1",Diet and food preferences,X1299.Salad  or  raw vegetable intake,50379,-0.0098700684783786,0.0158739247278693,-0.0409829609450025,0.0212428239882453,0.534093894580334
FBP1,"Fructose-1,6-bisphosphatase 1",Diet and food preferences,X1309.Fresh fruit intake,51085,-0.104738494845595,0.0164799138825225,-0.137039126055339,-0.0724378636358506,2.11702797496784e-10
FBP1,"Fructose-1,6-bisphosphatase 1",Diet and food preferences,X1319.Dried fruit intake,50088,-0.066510173889123,0.0175163229674416,-0.100842166905309,-0.0321781808729374,0.000146836915280372
FBP1,"Fructose-1,6-bisphosphatase 1",Health and medical history,X134.Number of self-reported cancers,52309,0.00379685530408937,0.0326101636261967,-0.0601190654032562,0.067712776011435,0.907311435604104
FBP1,"Fructose-1,6-bisphosphatase 1",Health and medical history,X135.Number of self-reported non-cancer illnesses,52310,0.131603294191388,0.0156098781060338,0.101007933103561,0.162198655279214,3.6268759552783e-17
FBP1,"Fructose-1,6-bisphosphatase 1",Health and medical history,"X136.Number of operations, self-reported",52310,0.0220840012191718,0.0148449785398715,-0.00701215671897625,0.0511801591573199,0.136858849356476
FBP1,"Fructose-1,6-bisphosphatase 1",Health and medical history,X137.Number of treatments or medications taken,52310,0.146296423875403,0.0151764206958469,0.116550639311543,0.176042208439263,5.96181911584344e-22
FBP1,"Fructose-1,6-bisphosphatase 1",Diet and food preferences,X1438.Bread intake,51761,-0.0153146050375506,0.00550604788493774,-0.0261064588920286,-0.00452275118307263,0.00541662164791817
FBP1,"Fructose-1,6-bisphosphatase 1",Diet and food preferences,X1458.Cereal intake,51094,-0.0779716391867826,0.0154163655537582,-0.108187715672149,-0.0477555627014166,4.27636045796293e-07
FBP1,"Fructose-1,6-bisphosphatase 1",Diet and food preferences,X1488.Tea intake,51444,-0.0261984667706226,0.00542263596996679,-0.0368268332717575,-0.0155701002694877,1.36512840191681e-06
FBP1,"Fructose-1,6-bisphosphatase 1",Diet and food preferences,X1498.Coffee intake,50462,0.0074426377993817,0.0153753721140715,-0.0226930915441984,0.0375783671429618,0.628346513524653
FBP1,"Fructose-1,6-bisphosphatase 1",Diet and food preferences,X1528.Water intake,50138,0.0228683349680991,0.0155553098263229,-0.00762007229149379,0.0533567422276919,0.14154102907689
FBP1,"Fructose-1,6-bisphosphatase 1",Lifestyle factors,X1568.Average weekly red wine intake,46668,0.0909096320195081,0.0169978179311605,0.0575939088744335,0.124225355164583,8.98582386758011e-08
FBP1,"Fructose-1,6-bisphosphatase 1",Lifestyle factors,X1578.Average weekly champagne plus white wine intake,46655,0.0631750860669318,0.0176957323323699,0.0284914506954867,0.0978587214383769,0.000357806016983928
FBP1,"Fructose-1,6-bisphosphatase 1",Lifestyle factors,X1588.Average weekly beer plus cider intake,46728,-0.0151042877330274,0.0176580257721433,-0.0497140182464283,0.0195054427803736,0.392353194219509
FBP1,"Fructose-1,6-bisphosphatase 1",Lifestyle factors,X1598.Average weekly spirits intake,46657,0.0464279815864888,0.018213701771052,0.010729126115227,0.0821268370577507,0.0108092916625648
FBP1,"Fructose-1,6-bisphosphatase 1",Lifestyle factors,X1608.Average weekly fortified wine intake,46696,0.0138911274199182,0.0326773990893904,-0.0501565747952869,0.0779388296351233,0.670769612060261
FBP1,"Fructose-1,6-bisphosphatase 1",Lifestyle factors,X1737.Childhood sunburn occasions,46053,-0.0187149513977151,0.0181156297142046,-0.0542215856375561,0.0167916828421258,0.30157931415776
FBP1,"Fructose-1,6-bisphosphatase 1",Health and medical history,X1807.Father's age at death,46240,-0.00928328495242688,0.00624727361436125,-0.0215279412365749,0.00296137133172116,0.137303920603203
FBP1,"Fructose-1,6-bisphosphatase 1",Health and medical history,X1845.Mother's age,37358,0.00913789062061245,0.0146772097929225,-0.0196294405735156,0.0379052218147405,0.533569899258124
FBP1,"Fructose-1,6-bisphosphatase 1",Health and medical history,X1873.Number of full brothers,51895,-0.026814018989631,0.0148569613365738,-0.0559336632093157,0.00230562523005372,0.0711170475355315
FBP1,"Fructose-1,6-bisphosphatase 1",Health and medical history,X1883.Number of full sisters,51897,-0.037627350740257,0.0149487673316912,-0.0669269347103717,-0.00832776677014232,0.0118396101194438
FBP1,"Fructose-1,6-bisphosphatase 1",Physical measures,X20015.Sitting height,52101,-0.00918966587009457,0.00711537297850347,-0.0231357969079614,0.00475646516777223,0.1965351836911
FBP1,"Fructose-1,6-bisphosphatase 1",Cognitive function,X20016.Fluid intelligence score,36187,0.0640061188934784,0.0242637192549166,0.0164492291538418,0.111563008633115,0.00835830239674655
FBP1,"Fructose-1,6-bisphosphatase 1",Cognitive function,X20018.Prospective memory result,36536,-0.0371952735764067,0.032301994833705,-0.100507183450468,0.0261166362976551,0.249567315815993
FBP1,"Fructose-1,6-bisphosphatase 1",Physical measures,X20019.Speech-reception-threshold (SRT) estimate (left),36101,0.0164914757111416,0.00985107705121215,-0.00281663530923417,0.0357995867315174,0.0941568752751265
FBP1,"Fructose-1,6-bisphosphatase 1",Physical measures,X20021.Speech-reception-threshold (SRT) estimate (right),36104,0.00856870118783372,0.00985034512579655,-0.0107379752587275,0.027875377634395,0.384389206777617
FBP1,"Fructose-1,6-bisphosphatase 1",Cognitive function,X20023.Mean time to correctly identify matches,52001,-0.0090590765266869,0.00559422243860749,-0.0200237525063576,0.00190559945298377,0.1053826700102
FBP1,"Fructose-1,6-bisphosphatase 1",Health and medical history,X20107#1.Illnesses of father_Heart disease,48851,0.0175405893733023,0.0125108716428808,-0.00698071904674411,0.0420618977933487,0.160922283930417
FBP1,"Fructose-1,6-bisphosphatase 1",Health and medical history,X20107#10.Illnesses of father_Alzheimer's disease or dementia,48407,0.0333898295764484,0.028139268874652,-0.0217631374178695,0.0885427965707662,0.235402849754145
FBP1,"Fructose-1,6-bisphosphatase 1",Health and medical history,X20107#11.Illnesses of father_Parkinson's disease,48366,0.0502698726708083,0.0368988190322425,-0.022051812632387,0.122591557974004,0.173096425273069
FBP1,"Fructose-1,6-bisphosphatase 1",Health and medical history,X20107#12.Illnesses of father_Severe depression,48390,-0.0249781944276111,0.0331836570515853,-0.0900181622487184,0.0400617733934961,0.451623663084627
FBP1,"Fructose-1,6-bisphosphatase 1",Health and medical history,X20107#13.Illnesses of father_Prostate cancer,48412,-0.0226623135908128,0.0222570975713193,-0.0662862248305986,0.020961597648973,0.308592431662676
FBP1,"Fructose-1,6-bisphosphatase 1",Health and medical history,X20107#2.Illnesses of father_Stroke,48584,0.032640332662607,0.0159588844637313,0.00136091911369356,0.0639197462115204,0.0408406657376658
FBP1,"Fructose-1,6-bisphosphatase 1",Health and medical history,X20107#3.Illnesses of father_Lung cancer,48530,-0.00149142343797708,0.0202329576662795,-0.041148020463885,0.0381651735879308,0.941239831237295
FBP1,"Fructose-1,6-bisphosphatase 1",Health and medical history,X20107#4.Illnesses of father_Bowel cancer,48427,-0.00520849503906081,0.0246287385786634,-0.053480822653241,0.0430638325751194,0.832514612654811
FBP1,"Fructose-1,6-bisphosphatase 1",Health and medical history,X20107#6.Illnesses of father_Chronic bronchitis or emphysema,48554,-0.0112952227955492,0.018950240038686,-0.0484376932713737,0.0258472476802753,0.551150975220438
FBP1,"Fructose-1,6-bisphosphatase 1",Health and medical history,X20107#8.Illnesses of father_High blood pressure,48644,0.0228967188829029,0.0141546721897177,-0.0048464386089438,0.0506398763747496,0.105762718656669
FBP1,"Fructose-1,6-bisphosphatase 1",Health and medical history,X20107#9.Illnesses of father_Diabetes,48500,0.0194005492719629,0.0195007053072066,-0.018820833130162,0.0576219316740879,0.319814520809012
FBP1,"Fructose-1,6-bisphosphatase 1",Health and medical history,X20110#1.Illnesses of mother_Heart disease,49637,0.0115795244153512,0.0148789433132646,-0.0175832044786473,0.0407422533093498,0.436430922024434
FBP1,"Fructose-1,6-bisphosphatase 1",Health and medical history,X20110#10.Illnesses of mother_Alzheimer's disease or dementia,49478,-0.0103146624957076,0.0208650560509152,-0.0512101723555015,0.0305808473640862,0.621063474643611
FBP1,"Fructose-1,6-bisphosphatase 1",Health and medical history,X20110#11.Illnesses of mother_Parkinson's disease,49399,-0.0299853679080771,0.0467225286452008,-0.121561524052671,0.0615907882365165,0.521026119220716
FBP1,"Fructose-1,6-bisphosphatase 1",Health and medical history,X20110#12.Illnesses of mother_Severe depression,49433,0.0249953478560525,0.0248362019796349,-0.0236836080240319,0.073674303736137,0.3142311229641
FBP1,"Fructose-1,6-bisphosphatase 1",Health and medical history,X20110#2.Illnesses of mother_Stroke,49584,0.0270396576645443,0.0166641104425119,-0.00562199880277902,0.0597013141318676,0.104683903236647
FBP1,"Fructose-1,6-bisphosphatase 1",Health and medical history,X20110#3.Illnesses of mother_Lung cancer,49476,0.0121928791839453,0.027912323672076,-0.0425152752133237,0.0669010335812143,0.662240747932351
FBP1,"Fructose-1,6-bisphosphatase 1",Health and medical history,X20110#4.Illnesses of mother_Bowel cancer,49443,-0.00418642595578472,0.0253801934242142,-0.0539316050672445,0.0455587531556751,0.868986082580507
FBP1,"Fructose-1,6-bisphosphatase 1",Health and medical history,X20110#5.Illnesses of mother_Breast cancer,49452,-0.0119039677582269,0.0212564432391361,-0.0535665965069337,0.0297586609904799,0.575473916307955
FBP1,"Fructose-1,6-bisphosphatase 1",Health and medical history,X20110#6.Illnesses of mother_Chronic bronchitis or emphysema,49486,-0.0391792970886127,0.0254104810601349,-0.0889838399664772,0.0106252457892518,0.123123793596194
FBP1,"Fructose-1,6-bisphosphatase 1",Health and medical history,X20110#8.Illnesses of mother_High blood pressure,49688,0.0186472144888952,0.0127921548292064,-0.00642540897634933,0.0437198379541397,0.144936194567144
FBP1,"Fructose-1,6-bisphosphatase 1",Health and medical history,X20110#9.Illnesses of mother_Diabetes,49536,-0.0143200442642874,0.0192812341007714,-0.0521112631017993,0.0234711745732245,0.457675692191749
FBP1,"Fructose-1,6-bisphosphatase 1",Health and medical history,X20111#1.Illnesses of siblings_Heart disease,46577,0.00243419328954258,0.0204236904483099,-0.0375962399891449,0.04246462656823,0.905130287062969
FBP1,"Fructose-1,6-bisphosphatase 1",Health and medical history,X20111#10.Illnesses of siblings_Alzheimer's disease or dementia,46432,-0.158723441244714,0.0821703027371007,-0.319777234609431,0.00233035212000382,0.0534197842991843
FBP1,"Fructose-1,6-bisphosphatase 1",Health and medical history,X20111#11.Illnesses of siblings_Parkinson's disease,46425,-0.0204368680590469,0.0817037826743673,-0.180576282100807,0.139702545982713,0.802486851243173
FBP1,"Fructose-1,6-bisphosphatase 1",Health and medical history,X20111#12.Illnesses of siblings_Severe depression,46480,-0.0175108285965988,0.0267331963217205,-0.0699078933871709,0.0348862361939733,0.512462091363419
FBP1,"Fructose-1,6-bisphosphatase 1",Health and medical history,X20111#13.Illnesses of siblings_Prostate cancer,46441,-0.027060256962375,0.0474555989430539,-0.120073230890761,0.0659527169660106,0.568533882292495
FBP1,"Fructose-1,6-bisphosphatase 1",Health and medical history,X20111#2.Illnesses of siblings_Stroke,46475,0.0229286134659473,0.0340590085932403,-0.0438270433768037,0.0896842703086984,0.500827104634838
FBP1,"Fructose-1,6-bisphosphatase 1",Health and medical history,X20111#3.Illnesses of siblings_Lung cancer,46447,0.0278730611896393,0.0391853172772527,-0.048930160673776,0.104676283053055,0.47689903109262
FBP1,"Fructose-1,6-bisphosphatase 1",Health and medical history,X20111#4.Illnesses of siblings_Bowel cancer,46451,-0.0444268700734851,0.037810853246893,-0.118536142437395,0.0296824022904252,0.240019725879068
FBP1,"Fructose-1,6-bisphosphatase 1",Health and medical history,X20111#5.Illnesses of siblings_Breast cancer,46458,-0.0354948863767902,0.0301142720691367,-0.0945188596322982,0.0235290868787178,0.238544023118985
FBP1,"Fructose-1,6-bisphosphatase 1",Health and medical history,X20111#6.Illnesses of siblings_Chronic bronchitis or emphysema,46475,-0.0789313417202335,0.0381184664477468,-0.153643535957817,-0.00421914748264984,0.0384025512621514
FBP1,"Fructose-1,6-bisphosphatase 1",Health and medical history,X20111#8.Illnesses of siblings_High blood pressure,46645,0.025033189996742,0.0155468291659408,-0.00543859516850197,0.055504975161986,0.10737610506967
FBP1,"Fructose-1,6-bisphosphatase 1",Health and medical history,X20111#9.Illnesses of siblings_Diabetes,46546,0.0247631646842119,0.0216140913871472,-0.0176004544345966,0.0671267838030203,0.251936492719216
FBP1,"Fructose-1,6-bisphosphatase 1",Mental health,X20127.Neuroticism score,47704,0.00115848410929344,0.0155104222239228,-0.0292419434495952,0.0315589116681821,0.94046159924553
FBP1,"Fructose-1,6-bisphosphatase 1",Cognitive function,X20128.Number of fluid intelligence questions attempted within time limit,36187,0.0648692875580346,0.0244438356089122,0.0169593697645667,0.112779205351503,0.00797548923845024
FBP1,"Fructose-1,6-bisphosphatase 1",Lifestyle factors,X20161.Pack years of smoking,36861,0.0328919030265014,0.00943536739808672,0.0143985829262515,0.0513852231267514,0.000492806864013962
FBP1,"Fructose-1,6-bisphosphatase 1",Lifestyle factors,X20162.Pack years adult smoking as proportion of life span exposed to smoking,36861,0.0342435433976497,0.00929724809462609,0.0160209371321826,0.0524661496631168,0.000231802894463803
FBP1,"Fructose-1,6-bisphosphatase 1",Cognitive function,X20191.Fluid intelligence score,34228,0.094769892704335,0.0292300851681457,0.0374789257747694,0.152060859633901,0.00119301894481165
FBP1,"Fructose-1,6-bisphosphatase 1",Cognitive function,X20192.Number of fluid intelligence questions attempted within time limit,34229,0.0684096815911777,0.0296707386110238,0.010255033913571,0.126564329268784,0.0211676909789245
FBP1,"Fructose-1,6-bisphosphatase 1",Cognitive function,X20240.Maximum digits remembered correctly,33688,-0.0230273285737822,0.0311334005727483,-0.0840487936963688,0.0379941365488044,0.459556146155009
FBP1,"Fructose-1,6-bisphosphatase 1",Physical measures,X20255.Spirometry QC measure,45542,-0.00135032823906439,0.0190297940263813,-0.0386487245307718,0.035948068052643,0.943431513112381
FBP1,"Fructose-1,6-bisphosphatase 1",Eye measures,X20261.avMSE,33822,-0.04194502481988,0.0121774392934178,-0.0658128058349788,-0.0180772438047812,0.000576646044728334
FBP1,"Fructose-1,6-bisphosphatase 1",Eye measures,X20262.Myopia diagnosis,33822,0.0757641476696976,0.0364990113480923,0.00422608542743672,0.147302209911958,0.0379625522002507
FBP1,"Fructose-1,6-bisphosphatase 1",NMR metabolomics,X20280.Glucose-lactate,42117,0.0667027796203369,0.00697894071012459,0.0530240558284927,0.0803815034121811,1.40839563983785e-21
FBP1,"Fructose-1,6-bisphosphatase 1",NMR metabolomics,X20281.Spectrometer-corrected alanine,42142,0.0634597346673423,0.0073669340179165,0.0490205439922259,0.0778989253424586,7.81976628859319e-18
FBP1,"Fructose-1,6-bisphosphatase 1",Mental health,X20544#11.Mental health problems ever diagnosed by a professional_Depression,35939,0.0190237833726963,0.0461208280276694,-0.0713730395615358,0.109420606306928,0.680001842558038
FBP1,"Fructose-1,6-bisphosphatase 1",Mental health,X20544#6.Mental health problems ever diagnosed by a professional_Panic attacks,35939,0.0792583414326601,0.103692907175836,-0.123979756631979,0.282496439497299,0.444679433839758
FBP1,"Fructose-1,6-bisphosphatase 1",Mental health,X20546#1.Substances taken for depression_Unprescribed medication (more than once),35939,-0.225421976482605,0.12318132369845,-0.466857370931567,0.0160134179663574,0.0672902911483698
FBP1,"Fructose-1,6-bisphosphatase 1",Mental health,X20546#3.Substances taken for depression_Medication prescribed to you (for at least two weeks),35939,0.0992553383525666,0.0450159759089879,0.0110240255709504,0.187486651134183,0.0274926212701514
FBP1,"Fructose-1,6-bisphosphatase 1",Mental health,X20546#4.Substances taken for depression_Drugs or alcohol (more than once),35939,0.0695906022910116,0.064220658805181,-0.0562818889671432,0.195463093549166,0.278570216158975
FBP1,"Fructose-1,6-bisphosphatase 1",Mental health,X20548#1.Manifestations of mania or irritability_I was more talkative than usual,35942,-0.00498868652882471,0.0868626817499043,-0.175239542758637,0.165262169700988,0.954202736587819
FBP1,"Fructose-1,6-bisphosphatase 1",Mental health,X20548#2.Manifestations of mania or irritability_I was more restless than usual,35942,0.0267126175501031,0.054353096822063,-0.0798194522211404,0.133244687321347,0.623112645826342
FBP1,"Fructose-1,6-bisphosphatase 1",Mental health,X20548#3.Manifestations of mania or irritability_My thoughts were racing,35942,-0.0319912574861612,0.0621165968853851,-0.153739787381516,0.0897572724091936,0.606554911455244
FBP1,"Fructose-1,6-bisphosphatase 1",Mental health,X20548#5.Manifestations of mania or irritability_I needed less sleep than usual,35942,0.0340136394843395,0.0914177570210326,-0.145165164276884,0.213192443245563,0.709852816859175
FBP1,"Fructose-1,6-bisphosphatase 1",Mental health,X20548#6.Manifestations of mania or irritability_I was more creative or had more ideas than usual,35942,0.00909074943803863,0.100714807572497,-0.188310273404056,0.206491772280133,0.928081246059624
FBP1,"Fructose-1,6-bisphosphatase 1",Mental health,X20548#7.Manifestations of mania or irritability_I was easily distracted,35942,0.0747454650087632,0.0660683026772751,-0.054748408238696,0.204239338256222,0.257950548731427
FBP1,"Fructose-1,6-bisphosphatase 1",Mental health,X20548#8.Manifestations of mania or irritability_I was more confident than usual,35942,0.11439799872829,0.0973024312700844,-0.0763147665610753,0.305110764017656,0.239754830719965
FBP1,"Fructose-1,6-bisphosphatase 1",Mental health,X20548#9.Manifestations of mania or irritability_I was more active than usual,35942,0.0178827120961574,0.0793748856604968,-0.137692063798416,0.173457487990731,0.821756576570222
FBP1,"Fructose-1,6-bisphosphatase 1",Mental health,X20549#1.Substances taken for anxiety_Unprescribed medication (more than once),35945,0.158038288301628,0.135283201688165,-0.107116787007174,0.423193363610431,0.242762669150245
FBP1,"Fructose-1,6-bisphosphatase 1",Mental health,X20549#3.Substances taken for anxiety_Medication prescribed to you (for at least two weeks),35945,0.086263099169459,0.0597060217963299,-0.0307607035513476,0.203286901890266,0.148557487134823
FBP1,"Fructose-1,6-bisphosphatase 1",Mental health,X20549#4.Substances taken for anxiety_Drugs or alcohol (more than once),35945,0.121698546483147,0.0781393419592614,-0.0314545637570049,0.2748516567233,0.119405465950377
FBP1,"Fructose-1,6-bisphosphatase 1",Mental health,X20553#4.Methods of self-harm used_Ingesting a medication in excess of the normal dose,35945,0.277764346340249,0.166842010209012,-0.0492459936694135,0.604774686349912,0.0959884157142892
FBP1,"Fructose-1,6-bisphosphatase 1",Diet and food preferences,X20600.Liking for adding salt to foods,36614,0.0533844894500567,0.0243219010896063,0.0057135633144283,0.101055415585685,0.0281983585505678
FBP1,"Fructose-1,6-bisphosphatase 1",Diet and food preferences,X20601.Liking for aniseed,36614,0.0149555829293674,0.024283544511695,-0.0326401643135548,0.0625513301722895,0.537995757431305
FBP1,"Fructose-1,6-bisphosphatase 1",Diet and food preferences,X20602.Liking for apple juice,36614,-0.0201307771859254,0.0243320725581138,-0.0678216393998284,0.0275600850279776,0.408071827656492
FBP1,"Fructose-1,6-bisphosphatase 1",Diet and food preferences,X20603.Liking for apples,36614,-0.037262065184711,0.0246507785784744,-0.0855775911985207,0.0110534608290988,0.130675659119847
FBP1,"Fructose-1,6-bisphosphatase 1",Diet and food preferences,X20604.Liking for asparagus,36614,0.0189394784941356,0.0245741622271096,-0.0292258794709993,0.0671048364592705,0.440903376092333
FBP1,"Fructose-1,6-bisphosphatase 1",Diet and food preferences,X20605.Liking for aubergine,36614,-0.00311177354236826,0.0242440965653436,-0.0506302028104418,0.0444066557257052,0.89787379432251
FBP1,"Fructose-1,6-bisphosphatase 1",Diet and food preferences,X20606.Liking for avocados,36614,0.0153073795000937,0.0244393972760607,-0.0325938391609853,0.0632085981611726,0.531109615659775
FBP1,"Fructose-1,6-bisphosphatase 1",Diet and food preferences,X20607.Liking for bacon,36614,0.0322591281736049,0.0247623439475519,-0.0162750659635969,0.0807933223108067,0.192697813054688
FBP1,"Fructose-1,6-bisphosphatase 1",Diet and food preferences,X20608.Liking for baked or steamed fish,36614,0.055720081341497,0.0245793786665943,0.00754449915497224,0.103895663528022,0.023420189590605
FBP1,"Fructose-1,6-bisphosphatase 1",Diet and food preferences,X20609.Liking for bananas,36614,-0.0299801652131498,0.0248030442322559,-0.0785941319083713,0.0186338014820717,0.226802579843815
FBP1,"Fructose-1,6-bisphosphatase 1",Diet and food preferences,X20610.Liking for barbequed or grilled meat,36614,0.0521245294580257,0.0245385715054766,0.00402892930729157,0.10022012960876,0.0336850275939587
FBP1,"Fructose-1,6-bisphosphatase 1",Diet and food preferences,X20611.Liking for beef steak,36614,0.0261069015958759,0.0245913384613964,-0.0220921217884611,0.0743059249802129,0.28843573564152
FBP1,"Fructose-1,6-bisphosphatase 1",Diet and food preferences,X20612.Liking for beetroot,36614,-0.0378811624749641,0.0246195386269639,-0.0861354581838134,0.0103731332338852,0.123926220063654
FBP1,"Fructose-1,6-bisphosphatase 1",Diet and food preferences,X20613.Liking for bell pepper,36614,0.0537183567206779,0.0244671745694022,0.0057626945646496,0.101674018876706,0.0281543725178677
FBP1,"Fructose-1,6-bisphosphatase 1",Diet and food preferences,X20614.Liking for bicycling,36614,-0.0246938716094131,0.0243120207462637,-0.07234543227209,0.0229576890532638,0.30979998465656
FBP1,"Fructose-1,6-bisphosphatase 1",Diet and food preferences,X20615.Liking for biscuits,36614,-0.0692801051390821,0.024341693399064,-0.116989824201248,-0.0215703860769166,0.00443638627589914
FBP1,"Fructose-1,6-bisphosphatase 1",Diet and food preferences,X20616.Liking for bitter foods,36614,-0.0187271013894976,0.0246033525017211,-0.0669496722928709,0.0294954695138757,0.446583597706919
FBP1,"Fructose-1,6-bisphosphatase 1",Diet and food preferences,X20617.Liking for bitter or ale,36614,0.0300698468795146,0.0245310299920298,-0.0180109719048638,0.0781506656638929,0.220314452345241
FBP1,"Fructose-1,6-bisphosphatase 1",Diet and food preferences,X20618.Liking for black olives,36614,0.0353206840124915,0.0245936941187841,-0.0128829564603253,0.0835243244853083,0.150993531840178
FBP1,"Fructose-1,6-bisphosphatase 1",Diet and food preferences,X20619.Liking for black pepper,36614,0.0341608370806351,0.0244675594928736,-0.0137955795253971,0.0821172536866673,0.162702459599699
FBP1,"Fructose-1,6-bisphosphatase 1",Diet and food preferences,X20620.Liking for blue cheese,36614,0.0425235774793484,0.024500017719632,-0.00549645725113035,0.0905436122098271,0.0826633409131851
FBP1,"Fructose-1,6-bisphosphatase 1",Diet and food preferences,X20621.Liking for bolognese sauce,36614,0.0617892920811176,0.0246191586511274,0.013535741124908,0.110042843037327,0.0120993544947892
FBP1,"Fructose-1,6-bisphosphatase 1",Diet and food preferences,X20622.Liking for broad beans,36614,0.00155070661345666,0.0244044095300302,-0.0462819360654026,0.0493833492923159,0.949336449197614
FBP1,"Fructose-1,6-bisphosphatase 1",Diet and food preferences,X20623.Liking for broccoli,36614,-0.0138425214017821,0.0247152911314027,-0.0622844920193313,0.0345994492157671,0.57544106432034
FBP1,"Fructose-1,6-bisphosphatase 1",Diet and food preferences,X20624.Liking for brown rice,36614,-0.033387968373713,0.0243674342935896,-0.0811481395891487,0.0143722028417226,0.17066661847046
FBP1,"Fructose-1,6-bisphosphatase 1",Diet and food preferences,X20625.Liking for brussel sprouts,36614,-0.0381112861401973,0.0244091399026832,-0.0859532003494563,0.00973062806906169,0.118479992478698
FBP1,"Fructose-1,6-bisphosphatase 1",Diet and food preferences,X20626.Liking for burgers (meat),36614,0.0404583822715558,0.0242189458589192,-0.00701075161192593,0.0879275161550375,0.0948544039871966
FBP1,"Fructose-1,6-bisphosphatase 1",Diet and food preferences,X20627.Liking for burn of spicy foods,36614,0.0568085568082763,0.0244563653143282,0.00887408079219304,0.10474303282436,0.0202119550261467
FBP1,"Fructose-1,6-bisphosphatase 1",Diet and food preferences,X20628.Liking for butter on bread,36614,0.013660630095202,0.0246755391323637,-0.0347034266042308,0.0620246867946347,0.579861107532224
FBP1,"Fructose-1,6-bisphosphatase 1",Diet and food preferences,X20629.Liking for butternut squash,36614,-0.0272629757125186,0.0244360099791954,-0.0751575552717416,0.0206316038467045,0.2645889783813
FBP1,"Fructose-1,6-bisphosphatase 1",Diet and food preferences,X20630.Liking for cabbage,36614,-0.000735420563466777,0.0242717823511535,-0.0483081139717276,0.0468372728447941,0.975829026444216
FBP1,"Fructose-1,6-bisphosphatase 1",Diet and food preferences,X20631.Liking for cake,36614,-0.0995433776371345,0.0245345572955275,-0.147631109936368,-0.0514556453379005,5.0120991101303e-05
FBP1,"Fructose-1,6-bisphosphatase 1",Diet and food preferences,X20632.Liking for cake icing,36614,-0.0408206632132943,0.0242477242719312,-0.0883462027862794,0.00670487635969082,0.0923203668640716
FBP1,"Fructose-1,6-bisphosphatase 1",Diet and food preferences,X20633.Liking for capers,36614,0.0919388352012341,0.024281173890046,0.044347734376744,0.139529936025724,0.000153948115853224
FBP1,"Fructose-1,6-bisphosphatase 1",Diet and food preferences,X20634.Liking for cauliflower,36614,-0.0191013910210894,0.0246796085953275,-0.0674734238679313,0.0292706418257525,0.438968648770169
FBP1,"Fructose-1,6-bisphosphatase 1",Diet and food preferences,X20635.Liking for cereal or granola bar,36614,-0.0439719568270337,0.024297856409013,-0.0915957553886991,0.00365184173463171,0.0703790067107919
FBP1,"Fructose-1,6-bisphosphatase 1",Diet and food preferences,X20636.Liking for cheesecake,36614,-0.0415546022707609,0.0242148232981232,-0.0890156559350824,0.00590645139356051,0.086185878402481
FBP1,"Fructose-1,6-bisphosphatase 1",Diet and food preferences,X20637.Liking for cherries,36614,0.0316990852679073,0.0248691998753152,-0.0170445464877105,0.080442717023525,0.202476419095593
FBP1,"Fructose-1,6-bisphosphatase 1",Diet and food preferences,X20638.Liking for chicken,36614,0.000804462120902511,0.0250990401873454,-0.0483896566462945,0.0499985808880996,0.974431772532347
FBP1,"Fructose-1,6-bisphosphatase 1",Diet and food preferences,X20639.Liking for chilli pepper,36614,0.049079062936721,0.0244660958899654,0.00112551499238885,0.0970326108810532,0.0448895057785943
FBP1,"Fructose-1,6-bisphosphatase 1",Diet and food preferences,X20640.Liking for chips or french fries,36614,0.0190867882108983,0.024499903415892,-0.02893302248425,0.0671065989060466,0.435969962284785
FBP1,"Fructose-1,6-bisphosphatase 1",Diet and food preferences,X20641.Liking for cigarette smoking,36614,0.010607675630533,0.0384190638854833,-0.0646936895850143,0.0859090408460803,0.782474947853593
FBP1,"Fructose-1,6-bisphosphatase 1",Diet and food preferences,X20642.Liking for cod,36614,0.0338625451106218,0.025057783498953,-0.0152507105473261,0.0829758007685696,0.176612466468469
FBP1,"Fructose-1,6-bisphosphatase 1",Diet and food preferences,X20643.Liking for coffee with sugar,36614,-0.0152129599808836,0.0255164570870975,-0.0652252158715948,0.0347992959098276,0.551057219988686
FBP1,"Fructose-1,6-bisphosphatase 1",Diet and food preferences,X20644.Liking for coffee without sugar,36614,-0.00131682278235306,0.0245084199191467,-0.0493533258238807,0.0467196802591745,0.957152096799737
FBP1,"Fructose-1,6-bisphosphatase 1",Diet and food preferences,X20645.Liking for coriander,36614,0.0255491801830561,0.0243515702209026,-0.022179897449913,0.0732782578160253,0.294126960786038
FBP1,"Fructose-1,6-bisphosphatase 1",Diet and food preferences,X20646.Liking for corn flakes,36614,-0.0489867972139219,0.0242031265051597,-0.0964249251640348,-0.00154866926380893,0.0430047079889855
FBP1,"Fructose-1,6-bisphosphatase 1",Diet and food preferences,X20647.Liking for cream,36614,0.0193395572635099,0.024162222686048,-0.0280183992011443,0.066697513728164,0.423500095829203
FBP1,"Fructose-1,6-bisphosphatase 1",Diet and food preferences,X20648.Liking for croissant,36614,-0.0172222666929614,0.0244404493872786,-0.0651255474920275,0.0306810141061047,0.481040831154967
FBP1,"Fructose-1,6-bisphosphatase 1",Diet and food preferences,X20649.Liking for cucumber,36614,0.0180474086710165,0.0244114972601324,-0.029799125958843,0.065893943300876,0.459746806795929
FBP1,"Fructose-1,6-bisphosphatase 1",Diet and food preferences,X20650.Liking for curry,36614,0.0302209372083213,0.0247944426156754,-0.0183761703184025,0.0788180447350451,0.222933512472892
FBP1,"Fructose-1,6-bisphosphatase 1",Diet and food preferences,X20651.Liking for dairy products,36614,0.0292989552187199,0.0246111036734133,-0.0189388079811701,0.07753671841861,0.233894228853201
FBP1,"Fructose-1,6-bisphosphatase 1",Diet and food preferences,X20652.Liking for dark chocolate,36614,-0.0194782335672081,0.0242566386409629,-0.0670212453034955,0.0280647781690792,0.421994936049248
FBP1,"Fructose-1,6-bisphosphatase 1",Diet and food preferences,X20653.Liking for diet fizzy drinks,36614,0.0265259843415545,0.0246311960837241,-0.0217511599825447,0.0748031286656538,0.281545618840987
FBP1,"Fructose-1,6-bisphosphatase 1",Diet and food preferences,X20654.Liking for dried fruit,36614,-0.0419766113653976,0.0243968555491277,-0.0897944482416878,0.00584122551089267,0.0853666802727135
FBP1,"Fructose-1,6-bisphosphatase 1",Diet and food preferences,X20655.Liking for eggs,36614,0.0476858912891395,0.0249084598885143,-0.00113469009234854,0.0965064726706275,0.055598854508942
FBP1,"Fructose-1,6-bisphosphatase 1",Diet and food preferences,X20656.Liking for exercising alone,36614,-0.0384483855998188,0.0242856541359713,-0.0860482677063225,0.00915149650668498,0.113421601756587
FBP1,"Fructose-1,6-bisphosphatase 1",Diet and food preferences,X20657.Liking for exercising with others,36614,-0.0627171099039729,0.0242994276825568,-0.110343988161784,-0.0150902316461616,0.00986875040586662
FBP1,"Fructose-1,6-bisphosphatase 1",Diet and food preferences,X20658.Liking for extra virgin olive oil,36614,0.055296815015154,0.0245293551991731,0.00721927882477465,0.103374351205533,0.0242034817355028
FBP1,"Fructose-1,6-bisphosphatase 1",Diet and food preferences,X20659.Liking for fatty foods,36614,0.0142674594831261,0.0243500111673874,-0.0334585624049532,0.0619934813712053,0.557937489947762
FBP1,"Fructose-1,6-bisphosphatase 1",Diet and food preferences,X20660.Liking for fresh tomatoes,36614,0.0262225379946305,0.0249811398348828,-0.0227404960817398,0.0751855720710009,0.293890780830566
FBP1,"Fructose-1,6-bisphosphatase 1",Diet and food preferences,X20661.Liking for fried chicken,36614,0.0144475035545856,0.0243115382814109,-0.0332031114769798,0.0620981185861509,0.552351478354981
FBP1,"Fructose-1,6-bisphosphatase 1",Diet and food preferences,X20662.Liking for fried or battered fish,36614,0.00530432042801037,0.0244923523077759,-0.0427006900952304,0.0533093309512511,0.828548614076703
FBP1,"Fructose-1,6-bisphosphatase 1",Diet and food preferences,X20663.Liking for fruit,36614,-0.036300914153342,0.0256918618952307,-0.0866569634679943,0.0140551351613103,0.157713907499373
FBP1,"Fructose-1,6-bisphosphatase 1",Diet and food preferences,X20664.Liking for garlic,36614,0.0800768942510952,0.0248006784811307,0.0314675644280789,0.128686224074111,0.00124804001007787
FBP1,"Fructose-1,6-bisphosphatase 1",Diet and food preferences,X20665.Liking for gherkins,36614,0.0270804897076642,0.0243027897541324,-0.0205529782104352,0.0747139576257636,0.265185883255148
FBP1,"Fructose-1,6-bisphosphatase 1",Diet and food preferences,X20666.Liking for globe artichoke,36614,0.0554806410863586,0.0243718584229164,0.00771179857744241,0.103249483595275,0.0228470331525277
FBP1,"Fructose-1,6-bisphosphatase 1",Diet and food preferences,X20667.Liking for goat's cheese,36614,-0.0357360874756297,0.0242213681246837,-0.0832099690000098,0.0117377940487505,0.140145685733718
FBP1,"Fructose-1,6-bisphosphatase 1",Diet and food preferences,X20668.Liking for going to a cafe,36614,0.000887506443808482,0.0243379666281816,-0.0468149081474274,0.0485899210350444,0.970911758516059
FBP1,"Fructose-1,6-bisphosphatase 1",Diet and food preferences,X20669.Liking for going to the gym,36614,-0.0447607102091363,0.0239744027850732,-0.0917505396678799,0.00222911924960725,0.0619351993142214
FBP1,"Fructose-1,6-bisphosphatase 1",Diet and food preferences,X20670.Liking for going to the pub,36614,0.0339610636309123,0.0243793499852013,-0.0138224623400823,0.0817445896019068,0.163650669687487
FBP1,"Fructose-1,6-bisphosphatase 1",Diet and food preferences,X20671.Liking for grapefruit,36614,-0.0230758653762231,0.0242614392033772,-0.0706282862148425,0.0244765554623963,0.341565372790764
FBP1,"Fructose-1,6-bisphosphatase 1",Diet and food preferences,X20672.Liking for green olives,36614,0.0374975016132598,0.0244844704361194,-0.0104920604415342,0.0854870636680539,0.125690070801207
FBP1,"Fructose-1,6-bisphosphatase 1",Diet and food preferences,X20673.Liking for haddock,36614,0.0419358921054798,0.0248902858362402,-0.00684906813355096,0.0907208523445105,0.0920604188122196
FBP1,"Fructose-1,6-bisphosphatase 1",Diet and food preferences,X20674.Liking for ham,36614,0.0274427902295728,0.0245437835269913,-0.0206630254833301,0.0755486059424757,0.26355112595555
FBP1,"Fructose-1,6-bisphosphatase 1",Diet and food preferences,X20675.Liking for hard cheese,36614,0.0391138295597329,0.0246101537026112,-0.00912207169738512,0.0873497308168509,0.112023804799355
FBP1,"Fructose-1,6-bisphosphatase 1",Diet and food preferences,X20676.Liking for herring,36614,0.0361803777177232,0.0242223290946438,-0.0112953873077785,0.083656142743225,0.135299024028057
FBP1,"Fructose-1,6-bisphosphatase 1",Diet and food preferences,X20677.Liking for honey,36614,-0.0433788157695204,0.0243263671150735,-0.0910584953150645,0.00430086377602366,0.074591377251024
FBP1,"Fructose-1,6-bisphosphatase 1",Diet and food preferences,X20678.Liking for horseradish or wasabi,36614,0.0830891963480883,0.0244911481106332,0.0350865460512472,0.131091846644929,0.000695626566733334
FBP1,"Fructose-1,6-bisphosphatase 1",Diet and food preferences,X20679.Liking for ice cream,36614,-0.0516215161390833,0.0244960338847214,-0.0996337425531373,-0.00360928972502945,0.0351189822663741
FBP1,"Fructose-1,6-bisphosphatase 1",Diet and food preferences,X20680.Liking for jam,36614,-0.0570807486220805,0.0243346303944115,-0.104776624195127,-0.00938487304903389,0.0190177424725539
FBP1,"Fructose-1,6-bisphosphatase 1",Diet and food preferences,X20681.Liking for kiwi fruit,36614,-0.0372087307760996,0.0241982826960324,-0.0846373648603231,0.010219903308124,0.124171298139977
FBP1,"Fructose-1,6-bisphosphatase 1",Diet and food preferences,X20682.Liking for lager,36614,-0.0259780059709082,0.0242879122653113,-0.0735823140109183,0.021626302069102,0.28483804142683
FBP1,"Fructose-1,6-bisphosphatase 1",Diet and food preferences,X20683.Liking for lamb,36614,0.0280494680805769,0.0244685445453165,-0.0199088792282435,0.0760078153893973,0.251685437784196
FBP1,"Fructose-1,6-bisphosphatase 1",Diet and food preferences,X20684.Liking for lemons,36614,0.045992357452251,0.0244582156795892,-0.00194574527974373,0.0939304601842458,0.0600835755202858
FBP1,"Fructose-1,6-bisphosphatase 1",Diet and food preferences,X20685.Liking for lentils or beans,36614,0.0142661610980009,0.0246157490459691,-0.0339807070320986,0.0625130292281003,0.562231585970935
FBP1,"Fructose-1,6-bisphosphatase 1",Diet and food preferences,X20686.Liking for liver,36614,-0.00156649553446301,0.0241676756980919,-0.0489351399027232,0.0458021488337971,0.948320688575544
FBP1,"Fructose-1,6-bisphosphatase 1",Diet and food preferences,X20687.Liking for mackerel,36614,0.0150467811243308,0.0243119708965665,-0.0326046818329395,0.0626982440816011,0.5359970766689
FBP1,"Fructose-1,6-bisphosphatase 1",Diet and food preferences,X20688.Liking for marzipan,36614,-0.0251464434994815,0.0243121071352801,-0.0727981734846305,0.0225052864856675,0.301018895342204
FBP1,"Fructose-1,6-bisphosphatase 1",Diet and food preferences,X20689.Liking for mayonnaise,36614,0.026942331768961,0.0242290800377971,-0.0205466651051212,0.0744313286430432,0.266178735542911
FBP1,"Fructose-1,6-bisphosphatase 1",Diet and food preferences,X20690.Liking for melon,36614,-0.00639685683283933,0.0245694974223131,-0.0545530717805729,0.0417593581148943,0.794594596618042
FBP1,"Fructose-1,6-bisphosphatase 1",Diet and food preferences,X20691.Liking for milk chocolate,36614,-0.0238015897288019,0.024277736900251,-0.0713859540532939,0.0237827745956902,0.326924506805835
FBP1,"Fructose-1,6-bisphosphatase 1",Diet and food preferences,X20692.Liking for mushrooms,36614,0.00568936039410185,0.0249567478450032,-0.0432258653821043,0.054604586170308,0.81967630164627
FBP1,"Fructose-1,6-bisphosphatase 1",Diet and food preferences,X20694.Liking for orange juice,36614,0.0319555866979376,0.0244018529609751,-0.0158720451055736,0.0797832185014488,0.190383751675336
FBP1,"Fructose-1,6-bisphosphatase 1",Diet and food preferences,X20695.Liking for oranges,36614,-0.00732357309291048,0.024688989490918,-0.0557139924951098,0.0410668463092888,0.766754283608145
FBP1,"Fructose-1,6-bisphosphatase 1",Diet and food preferences,X20696.Liking for pasta,36614,0.0209752743748538,0.0244697830064718,-0.0269855003178308,0.0689360490675384,0.391365073101864
FBP1,"Fructose-1,6-bisphosphatase 1",Diet and food preferences,X20697.Liking for pears,36614,-0.0504746094942345,0.0246744671845807,-0.0988365651760127,-0.00211265381245633,0.0408262839870709
FBP1,"Fructose-1,6-bisphosphatase 1",Diet and food preferences,X20698.Liking for pizza,36614,0.0260732581120512,0.0244119379271327,-0.0217741402251289,0.0739206564492312,0.285528543000485
FBP1,"Fructose-1,6-bisphosphatase 1",Diet and food preferences,X20699.Liking for plain yogurt,36614,0.0133185960816811,0.0242072578588402,-0.0341276293216457,0.0607648214850079,0.582204274496937
FBP1,"Fructose-1,6-bisphosphatase 1",Diet and food preferences,X20700.Liking for plums,36614,-0.00142306016048064,0.0246482163591651,-0.0497335642244443,0.046887443903483,0.953961304252247
FBP1,"Fructose-1,6-bisphosphatase 1",Diet and food preferences,X20701.Liking for pollock,36614,0.0653994286492545,0.0241516093934397,0.0180622742381127,0.112736583060396,0.00678602987629746
FBP1,"Fructose-1,6-bisphosphatase 1",Diet and food preferences,X20702.Liking for pork chop,36614,0.0301133600735407,0.0244352607931013,-0.0177797510809379,0.0780064712280193,0.217845908605265
FBP1,"Fructose-1,6-bisphosphatase 1",Diet and food preferences,X20703.Liking for porridge,36614,-0.0533259551926109,0.0244447770889843,-0.10123771828702,-0.00541419209820165,0.029176432352588
FBP1,"Fructose-1,6-bisphosphatase 1",Diet and food preferences,X20704.Liking for potato crisps,36614,0.00953458719763009,0.0243610548090129,-0.0382130802280352,0.0572822546232954,0.695522010429798
FBP1,"Fructose-1,6-bisphosphatase 1",Diet and food preferences,X20705.Liking for potatoes,36614,0.0230000293772273,0.0249944660972306,-0.0259891241733447,0.0719891829277993,0.357493436128967
FBP1,"Fructose-1,6-bisphosphatase 1",Diet and food preferences,X20706.Liking for prawns,36614,0.0588804169034583,0.0246049749429902,0.0106546660151976,0.107106167791719,0.0167328241684686
FBP1,"Fructose-1,6-bisphosphatase 1",Diet and food preferences,X20707.Liking for raw carrots,36614,-0.0104375713199104,0.0242674406873117,-0.0580017550670414,0.0371266124272206,0.667130129316465
FBP1,"Fructose-1,6-bisphosphatase 1",Diet and food preferences,X20708.Liking for red meat,36614,0.0319406860740843,0.0245285214209816,-0.0161352159110397,0.0800165880592082,0.192890430431137
FBP1,"Fructose-1,6-bisphosphatase 1",Diet and food preferences,X20709.Liking for red wine,36614,0.0746118120595603,0.0248249137911342,0.0259549810289373,0.123268643090183,0.00265947546669871
FBP1,"Fructose-1,6-bisphosphatase 1",Diet and food preferences,X20710.Liking for regular (non-diet) fizzy drinks,36614,0.0134422782918996,0.0246256238629837,-0.0348239444795485,0.0617085010633477,0.585173611233164
FBP1,"Fructose-1,6-bisphosphatase 1",Diet and food preferences,X20711.Liking for roast chicken,36614,0.033138919786836,0.0252238923974755,-0.016299909312216,0.082577748885888,0.188954236971383
FBP1,"Fructose-1,6-bisphosphatase 1",Diet and food preferences,X20712.Liking for salad dressing,36614,0.030425794683776,0.0243196252542845,-0.0172406708146216,0.0780922601821735,0.21094188489859
FBP1,"Fructose-1,6-bisphosphatase 1",Diet and food preferences,X20713.Liking for salad leaves,36614,-0.0286687560330564,0.0245155560380675,-0.0767192458676687,0.019381733801556,0.242272978682333
FBP1,"Fructose-1,6-bisphosphatase 1",Diet and food preferences,X20714.Liking for salami,36614,0.0841086142280488,0.0242562309528465,0.0365664015604697,0.131650826895628,0.00052807417179305
FBP1,"Fructose-1,6-bisphosphatase 1",Diet and food preferences,X20715.Liking for salmon,36614,0.0385051831984222,0.0249054201595977,-0.0103094403143894,0.0873198067112337,0.122130487332431
FBP1,"Fructose-1,6-bisphosphatase 1",Diet and food preferences,X20716.Liking for salty foods,36614,0.033997443950974,0.0243230964910967,-0.0136758251715756,0.0816707130735236,0.162228912462014
FBP1,"Fructose-1,6-bisphosphatase 1",Diet and food preferences,X20717.Liking for salty pretzels,36614,0.013421097200842,0.0240830924896583,-0.0337817640788883,0.0606239584805723,0.57734969376822
FBP1,"Fructose-1,6-bisphosphatase 1",Diet and food preferences,X20718.Liking for sardines,36614,0.049401604797338,0.0243504056171851,0.00167480978765523,0.0971283998070208,0.0425137823588246
FBP1,"Fructose-1,6-bisphosphatase 1",Diet and food preferences,X20719.Liking for sausages (meat),36614,0.042416909051211,0.0244629425724241,-0.00553045839074025,0.0903642764931622,0.0829698816853985
FBP1,"Fructose-1,6-bisphosphatase 1",Diet and food preferences,X20720.Liking for savoury biscuits,36614,0.0159570526371162,0.0244339184129783,-0.0319334274523213,0.0638475327265537,0.513730077595564
FBP1,"Fructose-1,6-bisphosphatase 1",Diet and food preferences,X20721.Liking for shellfish (other than prawns),36614,0.0491104858233067,0.0244032118557044,0.00128019058612618,0.0969407810604873,0.0442049060572754
FBP1,"Fructose-1,6-bisphosphatase 1",Diet and food preferences,X20722.Liking for skimmed milk,36614,0.00653210926965969,0.0240964861019679,-0.0406970034901973,0.0537612220295167,0.786335413752902
FBP1,"Fructose-1,6-bisphosphatase 1",Diet and food preferences,X20723.Liking for smoked fish,36614,0.0413385812647977,0.0244507797534366,-0.00658494705193804,0.0892621095815334,0.0909357963678862
FBP1,"Fructose-1,6-bisphosphatase 1",Diet and food preferences,X20724.Liking for soft cheese,36614,0.0548090113258899,0.0243242660129121,0.00713344994058222,0.102484572711198,0.0242694132646636
FBP1,"Fructose-1,6-bisphosphatase 1",Diet and food preferences,X20725.Liking for soy sauce,36614,0.076721858691824,0.0243780237146921,0.0289409322110275,0.12450278517262,0.00165462333204701
FBP1,"Fructose-1,6-bisphosphatase 1",Diet and food preferences,X20726.Liking for soya milk,36614,-0.00756533159400043,0.0242880107542292,-0.0551698326722896,0.0400391694842887,0.755440664018169
FBP1,"Fructose-1,6-bisphosphatase 1",Diet and food preferences,X20727.Liking for spicy foods,36614,0.0505008251999867,0.0246261560896101,0.00223355926435094,0.0987680911356225,0.0403287897817357
FBP1,"Fructose-1,6-bisphosphatase 1",Diet and food preferences,X20728.Liking for spinach,36614,-0.0159182978083368,0.0244362653195534,-0.0638133778346615,0.0319767822179879,0.514793420782654
FBP1,"Fructose-1,6-bisphosphatase 1",Diet and food preferences,X20729.Liking for spirits,36614,0.0589119473507173,0.0242252636672259,0.0114304305629545,0.10639346413848,0.0150441548928957
FBP1,"Fructose-1,6-bisphosphatase 1",Diet and food preferences,X20730.Liking for strawberries,36614,-0.0343233401659089,0.0250547758016981,-0.0834307007372373,0.0147840204054194,0.17074653828003
FBP1,"Fructose-1,6-bisphosphatase 1",Diet and food preferences,X20731.Liking for sweet coffee house drinks,36614,-0.0183624178606686,0.0245557595282851,-0.0664917065361074,0.0297668708147702,0.454612082252724
FBP1,"Fructose-1,6-bisphosphatase 1",Diet and food preferences,X20732.Liking for sweet foods,36614,-0.0625017921384033,0.0244625638763402,-0.11044841733603,-0.0145551669407765,0.0106371844136215
FBP1,"Fructose-1,6-bisphosphatase 1",Diet and food preferences,X20733.Liking for taking the stairs,36614,0.00650204633675749,0.0246768045553052,-0.0418644905916408,0.0548685832651558,0.792181114105674
FBP1,"Fructose-1,6-bisphosphatase 1",Diet and food preferences,X20734.Liking for tea with sugar,36614,-0.0132016270457508,0.0268144481377428,-0.0657579453957267,0.039354691304225,0.622497737617771
FBP1,"Fructose-1,6-bisphosphatase 1",Diet and food preferences,X20735.Liking for tea without sugar,36614,-0.0472539629097653,0.0248033900888719,-0.0958686074839541,0.0013606816644235,0.0567975030834887
FBP1,"Fructose-1,6-bisphosphatase 1",Diet and food preferences,X20736.Liking for tomato ketchup,36614,-0.00434639839758807,0.0244164591135238,-0.0522026582600948,0.0435098614649186,0.858718838216758
FBP1,"Fructose-1,6-bisphosphatase 1",Diet and food preferences,X20737.Liking for tinned tuna,36614,0.0654031829689872,0.0244000939992661,0.0175789987304257,0.113227367207549,0.00736742698123938
FBP1,"Fructose-1,6-bisphosphatase 1",Diet and food preferences,X20738.Liking for turnip (white),36614,-0.0146981743668214,0.0243179299855417,-0.0623613171384831,0.0329649684048403,0.545583454495213
FBP1,"Fructose-1,6-bisphosphatase 1",Diet and food preferences,X20739.Liking for vegetables,36614,-0.0380297040234676,0.0252991235628491,-0.0876159862066518,0.0115565781597166,0.132826298806439
FBP1,"Fructose-1,6-bisphosphatase 1",Diet and food preferences,X20740.Liking for vinegar,36614,0.0253752536565481,0.024454056600535,-0.0225546972805005,0.0733052045935966,0.299454816252981
FBP1,"Fructose-1,6-bisphosphatase 1",Diet and food preferences,X20741.Liking for watching television,36614,0.0222337168715683,0.0243910306023011,-0.0255727031089418,0.0700401368520785,0.362031527781078
FBP1,"Fructose-1,6-bisphosphatase 1",Diet and food preferences,X20742.Liking for whisky,36614,0.0382323828950461,0.0245015329932021,-0.00979062177163003,0.0862553875617223,0.11870307618305
FBP1,"Fructose-1,6-bisphosphatase 1",Diet and food preferences,X20743.Liking for white bread,36614,0.0169063732494872,0.0243073474662781,-0.0307360277844178,0.0645487742833922,0.486746400338436
FBP1,"Fructose-1,6-bisphosphatase 1",Diet and food preferences,X20744.Liking for white rice,36614,0.00531882878712929,0.0245638992791407,-0.0428264137999864,0.053464071374245,0.82857991717258
FBP1,"Fructose-1,6-bisphosphatase 1",Diet and food preferences,X20745.Liking for white wine,36614,0.10645180582182,0.0245675386060434,0.0582994301539752,0.154604181489665,1.48869675960191e-05
FBP1,"Fructose-1,6-bisphosphatase 1",Diet and food preferences,X20746.Liking for whole grain breakfast cereal,36614,-0.0435972823738785,0.0243023893209784,-0.0912299654429962,0.00403540069523913,0.0728588023480364
FBP1,"Fructose-1,6-bisphosphatase 1",Diet and food preferences,X20747.Liking for whole milk,36614,-0.00532672509363434,0.0239923285315355,-0.052351689015444,0.0416982388281753,0.824305654740435
FBP1,"Fructose-1,6-bisphosphatase 1",Diet and food preferences,X20748.Liking for wholemeal bread,36614,-0.00894163142875542,0.0249190963324336,-0.0577830602403253,0.0398997973828145,0.71973437087908
FBP1,"Fructose-1,6-bisphosphatase 1",Diet and food preferences,X20749.Liking for working up a sweat,36614,-0.0493899217928376,0.0242084826754162,-0.0968385478366534,-0.00194129574902184,0.0413640840723881
FBP1,"Fructose-1,6-bisphosphatase 1",Physical measures,X21001.Body mass index (BMI),52171,0.183841999936913,0.0284135261547354,0.128151488673631,0.239532511200194,9.97763627285215e-11
FBP1,"Fructose-1,6-bisphosphatase 1",Physical measures,X21002.Weight,52203,0.00767449966673421,0.0137629312100056,-0.0193008455048767,0.0346498448383452,0.5771084916227
FBP1,"Fructose-1,6-bisphosphatase 1",Physical measures,X21021.Pulse wave Arterial Stiffness index,36522,0.0147909878449603,0.0105283360056963,-0.00584455072620443,0.0354265264161251,0.160097892452108
FBP1,"Fructose-1,6-bisphosphatase 1",Health and medical history,X21025.Frequency of discomfort or pain in abdomen in last 3 months,36381,0.0399449464163913,0.0271658424192088,-0.0133001047252578,0.0931899975580405,0.1414910052347
FBP1,"Fructose-1,6-bisphosphatase 1",Health and medical history,X21033.Frequency of hard or lumpy stools in the last 3 months,36383,-0.00270475812033879,0.0277114370166312,-0.0570191746729359,0.0516096584322583,0.922248946567129
FBP1,"Fructose-1,6-bisphosphatase 1",Health and medical history,X21034.Frequency of loose or mushy or watery stools in the last 3 months,36384,-0.0993280379732296,0.0268849729548459,-0.152022584964727,-0.0466334909817317,0.000221782214166494
FBP1,"Fructose-1,6-bisphosphatase 1",Health and medical history,X21040.Satisfaction with bowel habits,36356,0.040097194176189,0.0249330762487811,-0.00877163527142198,0.0889660236238,0.107833704524992
FBP1,"Fructose-1,6-bisphosphatase 1",Health and medical history,X21041.Degree to which abdominal pain or discomfort or altered bowel habits affect or interfere with life in general,36355,0.0462989174209735,0.0272887718997656,-0.00718707550256715,0.0997849103445141,0.0898070316523865
FBP1,"Fructose-1,6-bisphosphatase 1",Health and medical history,X21042.Greatest number of times bowels opened per day,36353,0.0778651044861094,0.0272371259457081,0.0244803376325216,0.131249871339697,0.00426400434252674
FBP1,"Fructose-1,6-bisphosphatase 1",Health and medical history,X21043.Least number of times bowels opened per week,36318,0.0340325873586338,0.0270894895586691,-0.0190628121763576,0.0871279868936253,0.209044426967389
FBP1,"Fructose-1,6-bisphosphatase 1",Health and medical history,X21044.Average number of times bowels opened per day,36328,0.096039399453625,0.0293271219836081,0.0385582403657531,0.153520558541497,0.00106216325205103
FBP1,"Fructose-1,6-bisphosphatase 1",Health and medical history,X21048.Degree bothered by back pain in the past 3 months,36390,0.00127451504522561,0.0272898953571023,-0.0522136798546949,0.0547627099451461,0.962751280820024
FBP1,"Fructose-1,6-bisphosphatase 1",Health and medical history,X21049.Degree bothered by pain in arms or legs or joints in the past 3 months,36386,-0.0182217884140419,0.0272699309638225,-0.071670853103134,0.0352272762750503,0.504025264421008
FBP1,"Fructose-1,6-bisphosphatase 1",Health and medical history,X21051.Degree bothered by headaches in the last 3 months,36388,0.00873256647001911,0.0313978298135267,-0.0528071799644932,0.0702723129045315,0.78092268810476
FBP1,"Fructose-1,6-bisphosphatase 1",Health and medical history,X21052.Degree bothered by chest pain in the last 3 months,36388,-0.000284007318939605,0.039410106490482,-0.0775278160402843,0.0769598014024051,0.99425031194866
FBP1,"Fructose-1,6-bisphosphatase 1",Health and medical history,X21053.Degree bothered by dizziness in the last 3 months,36388,-0.0283071029969634,0.0332292010221989,-0.0934363370004733,0.0368221310065465,0.394310048875878
FBP1,"Fructose-1,6-bisphosphatase 1",Health and medical history,X21054.Degree bothered by fainting spells in the last 3 months,36386,0.0543504299502164,0.0807113834761559,-0.103843881663049,0.212544741563482,0.500717690413458
FBP1,"Fructose-1,6-bisphosphatase 1",Health and medical history,X21055.Degree bothered by feeling heart pound or race in the last 3 months,36390,-0.0259679101632948,0.0337040537676583,-0.092027855547905,0.0400920352213154,0.441045429571444
FBP1,"Fructose-1,6-bisphosphatase 1",Health and medical history,X21056.Degree bothered by shortness of breath in the last 3 months,36387,-0.0243044804887149,0.0307665854946955,-0.0846069880583182,0.0359980270808883,0.429573124727439
FBP1,"Fructose-1,6-bisphosphatase 1",Health and medical history,X21057.Degree bothered by pain or problems during intercourse in the last 3 months,36245,0.0196543187011518,0.0309345432852707,-0.0409773861379786,0.0802860235402823,0.525217997606653
FBP1,"Fructose-1,6-bisphosphatase 1",Health and medical history,X21058.Degree bothered by urinary frequency or bladder irritability in the last 3 months,36384,0.0564165973750597,0.028012951832129,0.0015112117840869,0.111321982966033,0.0440494547215156
FBP1,"Fructose-1,6-bisphosphatase 1",Health and medical history,X21059.Degree bothered by nausea in the last 3 months,36389,0.034058520560891,0.0474887231146973,-0.0590193767439157,0.127136417865698,0.473277296257045
FBP1,"Fructose-1,6-bisphosphatase 1",Health and medical history,X21060.Degree bothered by feeling tired all the time in the last 3 months,36390,-0.0499300606413235,0.0273938803053162,-0.103622066039743,0.0037619447570962,0.0683913917706373
FBP1,"Fructose-1,6-bisphosphatase 1",Health and medical history,X21061.Degree bothered by trouble sleeping in the last 3 months,36389,-0.0175442423345456,0.027199040416437,-0.070854361550762,0.0357658768816708,0.518925665882155
FBP1,"Fructose-1,6-bisphosphatase 1",Working and living environment,X21100.Water hardness (USGS classification),52033,0.0263037818299052,0.0150276070001906,-0.00315032789046826,0.0557578915502787,0.0800686167524294
FBP1,"Fructose-1,6-bisphosphatase 1",Lifestyle factors,X2139.Age first had sexual intercourse,49206,-0.012815272015966,0.00560546107877046,-0.0238019757303561,-0.00182856830157592,0.0222519628154471
FBP1,"Fructose-1,6-bisphosphatase 1",Health and medical history,X2149.Lifetime number of sexual partners,47525,0.0546312139596106,0.017338920559574,0.0206469296628456,0.0886154982563756,0.00163085880494662
FBP1,"Fructose-1,6-bisphosphatase 1",Physical activities,X22032.IPAQ activity group,48399,-0.0879467175659028,0.0163654487741697,-0.120022997163275,-0.0558704379685301,7.79111315161337e-08
FBP1,"Fructose-1,6-bisphosphatase 1",Physical activities,X22033.Summed days activity,48804,-0.0225166428977579,0.00557451966116357,-0.0334427014336385,-0.0115905843618773,5.38301764651132e-05
FBP1,"Fructose-1,6-bisphosphatase 1",Physical activities,X22034.Summed minutes activity,48399,-0.026637429799145,0.0056295453171699,-0.037671338620798,-0.015603520977492,2.24162907262955e-06
FBP1,"Fructose-1,6-bisphosphatase 1",Physical activities,X22037.MET minutes per week for walking,47683,-0.0137943812851519,0.0057590652009188,-0.0250821490789527,-0.00250661349135104,0.0166187691241717
FBP1,"Fructose-1,6-bisphosphatase 1",Physical activities,X22038.MET minutes per week for moderate activity,48399,-0.0191382825554096,0.00571470141205282,-0.0303390973230331,-0.00793746778778608,0.000812680462468513
FBP1,"Fructose-1,6-bisphosphatase 1",Physical activities,X22039.MET minutes per week for vigorous activity,48399,-0.0811887656367725,0.016314700967046,-0.113165579532183,-0.0492119517413624,6.53151526496497e-07
FBP1,"Fructose-1,6-bisphosphatase 1",Physical activities,X22040.Summed MET minutes per week for all activity,47683,-0.0272592977419858,0.0057018023992325,-0.0384348304444815,-0.0160837650394901,1.75882077766358e-06
FBP1,"Fructose-1,6-bisphosphatase 1",Eye measures,X2217.Age started wearing glasses or contact lenses,48470,-0.00482794940242862,0.00584714659008549,-0.0162883567189962,0.00663245791413894,0.40898804225319
FBP1,"Fructose-1,6-bisphosphatase 1",Working and living environment,X22501.Year ended full time education,34167,0.0228609447431014,0.0256126241444105,-0.0273397985799432,0.073061688066146,0.37212847944812
FBP1,"Fructose-1,6-bisphosphatase 1",Lifestyle factors,X22506.Tobacco smoking,34129,0.0315497777729811,0.0601460714361067,-0.086336522241788,0.14943607778775,0.599915286206795
FBP1,"Fructose-1,6-bisphosphatase 1",Lifestyle factors,X2277.Frequency of solarium or sunlamp use,50820,0.00402771440074309,0.0459350577464804,-0.0860049987823584,0.0940604275838446,0.930129582146837
FBP1,"Fructose-1,6-bisphosphatase 1",Physical measures,X23098.Weight,51762,0.00699097981366362,0.0138965014085928,-0.0202461629471783,0.0342281225745056,0.614916459555282
FBP1,"Fructose-1,6-bisphosphatase 1",Physical measures,X23099.Body fat percentage,51731,0.147836269694019,0.0123416080844697,0.123646717848459,0.17202582153958,5.75315543578494e-33
FBP1,"Fructose-1,6-bisphosphatase 1",Physical measures,X23100.Whole body fat mass,51691,0.135454360639011,0.0123397152112482,0.111268518824965,0.159640202453057,5.7745776134377e-28
FBP1,"Fructose-1,6-bisphosphatase 1",Physical measures,X23101.Whole body fat-free mass,51756,-0.0724912065499674,0.0119771262262817,-0.0959663739534796,-0.0490160391464553,1.44833430970781e-09
FBP1,"Fructose-1,6-bisphosphatase 1",Physical measures,X23102.Whole body water mass,51762,-0.0727656932628375,0.0119472482083748,-0.0961822997512522,-0.0493490867744228,1.14273003736445e-09
FBP1,"Fructose-1,6-bisphosphatase 1",Physical measures,X23104.Body mass index (BMI),51762,0.179122179591455,0.0281328162409553,0.123981859759182,0.234262499423727,1.96352214699775e-10
FBP1,"Fructose-1,6-bisphosphatase 1",Physical measures,X23105.Basal metabolic rate,51762,-0.0661387535444558,0.0124503309256309,-0.0905414021586924,-0.0417361049302191,1.09304372831075e-07
FBP1,"Fructose-1,6-bisphosphatase 1",Physical measures,X23106.Impedance of whole body,51762,0.0983803598379728,0.00977828040270953,0.0792149302486622,0.117545789427284,9.18344275391833e-24
FBP1,"Fructose-1,6-bisphosphatase 1",Physical measures,X23107.Impedance of leg (right),51762,0.0656435326642666,0.00791761024320051,0.0501250165875936,0.0811620487409396,1.18510901911998e-16
FBP1,"Fructose-1,6-bisphosphatase 1",Physical measures,X23108.Impedance of leg (left),51762,0.0663050309861738,0.00788659415512406,0.0508473064421306,0.0817627555302169,4.43392514270895e-17
FBP1,"Fructose-1,6-bisphosphatase 1",Physical measures,X23109.Impedance of arm (right),51762,0.0627906139463532,0.00969983653202421,0.0437789343435858,0.0818022935491207,9.77610260434765e-11
FBP1,"Fructose-1,6-bisphosphatase 1",Physical measures,X23110.Impedance of arm (left),51762,0.0703597372022626,0.00967970620328669,0.0513875130438207,0.0893319613607045,3.74226843135698e-13
FBP1,"Fructose-1,6-bisphosphatase 1",Physical measures,X23111.Leg fat percentage (right),51762,0.132111592697005,0.0125845400649798,0.107445894169644,0.156777291224365,1.00861610838616e-25
FBP1,"Fructose-1,6-bisphosphatase 1",Physical measures,X23112.Leg fat mass (right),51762,0.121969483814664,0.0135778426452847,0.0953569122299063,0.148582055399422,2.83162479835906e-19
FBP1,"Fructose-1,6-bisphosphatase 1",Physical measures,X23113.Leg fat-free mass (right),51761,-0.0752416490316896,0.0131754327780002,-0.10106549727657,-0.0494178007868093,1.13853635946845e-08
FBP1,"Fructose-1,6-bisphosphatase 1",Physical measures,X23114.Leg predicted mass (right),51761,-0.0757060049154965,0.0132714906521527,-0.101718126593716,-0.0496938832372771,1.18170401718679e-08
FBP1,"Fructose-1,6-bisphosphatase 1",Physical measures,X23115.Leg fat percentage (left),51761,0.142671904250654,0.0131727329855128,0.116853347599049,0.168490460902259,2.85807035339364e-27
FBP1,"Fructose-1,6-bisphosphatase 1",Physical measures,X23116.Leg fat mass (left),51761,0.129282970902447,0.0143772119068244,0.101103635565071,0.157462306239823,2.60424942435744e-19
FBP1,"Fructose-1,6-bisphosphatase 1",Physical measures,X23117.Leg fat-free mass (left),51760,-0.0692057234318413,0.0143413244887776,-0.0973147194298454,-0.0410967274338372,1.40459529698442e-06
FBP1,"Fructose-1,6-bisphosphatase 1",Physical measures,X23118.Leg predicted mass (left),51760,-0.0706174109985791,0.0144533985178621,-0.0989460720935888,-0.0422887499035694,1.03661166206755e-06
FBP1,"Fructose-1,6-bisphosphatase 1",Physical measures,X23119.Arm fat percentage (right),51760,0.124699433395064,0.0139009979073123,0.0974534774967324,0.151945389293396,3.16927096881197e-19
FBP1,"Fructose-1,6-bisphosphatase 1",Physical measures,X23120.Arm fat mass (right),51759,0.108900552690555,0.0152013587555596,0.0791058895296584,0.138695215851452,8.07781719289839e-13
FBP1,"Fructose-1,6-bisphosphatase 1",Physical measures,X23121.Arm fat-free mass (right),51758,-0.0638320491991299,0.0131501049520044,-0.0896062549050586,-0.0380578434932012,1.21716276674589e-06
FBP1,"Fructose-1,6-bisphosphatase 1",Physical measures,X23122.Arm predicted mass (right),51758,-0.0630170571074008,0.0132070719728966,-0.0889029181742782,-0.0371311960405235,1.84006959374056e-06
FBP1,"Fructose-1,6-bisphosphatase 1",Physical measures,X23123.Arm fat percentage (left),51756,0.122595430765329,0.0130767015414136,0.0969650957441579,0.148225765786499,7.52447388969675e-21
FBP1,"Fructose-1,6-bisphosphatase 1",Physical measures,X23124.Arm fat mass (left),51756,0.10797718817096,0.0146027150321032,0.0793558667080374,0.136598509633882,1.46957300319527e-13
FBP1,"Fructose-1,6-bisphosphatase 1",Physical measures,X23125.Arm fat-free mass (left),51752,-0.0635866770367531,0.0119783125880592,-0.0870641697093491,-0.040109184364157,1.11559057900726e-07
FBP1,"Fructose-1,6-bisphosphatase 1",Physical measures,X23126.Arm predicted mass (left),51751,-0.0654597075834007,0.0120432971739077,-0.0890645700442597,-0.0418548451225416,5.52367310859254e-08
FBP1,"Fructose-1,6-bisphosphatase 1",Physical measures,X23127.Trunk fat percentage,51749,0.115791762123878,0.0104552100514413,0.0952995504230535,0.136283973824703,1.95482234134602e-28
FBP1,"Fructose-1,6-bisphosphatase 1",Physical measures,X23128.Trunk fat mass,51749,0.109455358294506,0.0110292438191112,0.0878380404090478,0.131072676179964,3.63804494427836e-23
FBP1,"Fructose-1,6-bisphosphatase 1",Physical measures,X23129.Trunk fat-free mass,51748,-0.0590546873742373,0.0103869712797229,-0.0794131510824942,-0.0386962236659805,1.32032792247189e-08
FBP1,"Fructose-1,6-bisphosphatase 1",Physical measures,X23130.Trunk predicted mass,51746,-0.0584566787403747,0.0103800627192762,-0.0788016016701562,-0.0381117558105933,1.80583975375175e-08
FBP1,"Fructose-1,6-bisphosphatase 1",NMR metabolomics,X23400.Total Cholesterol,42145,0.0189396097249687,0.00740789316980087,0.00442013911215896,0.0334590803377784,0.010578454010657
FBP1,"Fructose-1,6-bisphosphatase 1",NMR metabolomics,X23401.Total Cholesterol Minus HDL-C,42145,0.00892811813631906,0.00723926786311375,-0.00526084687538389,0.023117083148022,0.21748891328995
FBP1,"Fructose-1,6-bisphosphatase 1",NMR metabolomics,"X23402.Remnant Cholesterol (Non-HDL, Non-LDL -Cholesterol)",42145,0.00862159464968851,0.00727855100688896,-0.00564436532381385,0.0228875546231909,0.236227773909513
FBP1,"Fructose-1,6-bisphosphatase 1",NMR metabolomics,X23403.VLDL Cholesterol,42145,0.0122069905647707,0.00750428096215142,-0.00250140012104608,0.0269153812505875,0.103830412566583
FBP1,"Fructose-1,6-bisphosphatase 1",NMR metabolomics,X23404.Clinical LDL Cholesterol,42145,-0.00150235449017902,0.00722511464626066,-0.0156635791968499,0.0126588702164919,0.835282816715411
FBP1,"Fructose-1,6-bisphosphatase 1",NMR metabolomics,X23405.LDL Cholesterol,42145,0.00914057600864033,0.00719150548834604,-0.00495477474851791,0.0232359267657986,0.203741941028539
FBP1,"Fructose-1,6-bisphosphatase 1",NMR metabolomics,X23406.HDL Cholesterol,42145,0.0328948669066619,0.00819609055124667,0.0168305294262185,0.0489592043871054,6.01513974416494e-05
FBP1,"Fructose-1,6-bisphosphatase 1",NMR metabolomics,X23407.Total Triglycerides,42145,0.0587545451752726,0.0076142501937518,0.0438306147955191,0.0736784755550261,1.28014629800975e-14
FBP1,"Fructose-1,6-bisphosphatase 1",NMR metabolomics,X23408.Triglycerides in VLDL,42145,0.0477597558043283,0.00773325154052615,0.032602582784897,0.0629169288237595,6.76704528456873e-10
FBP1,"Fructose-1,6-bisphosphatase 1",NMR metabolomics,X23409.Triglycerides in LDL,42145,0.0903649716515751,0.0071478893504691,0.0763551085246557,0.104374834778495,1.98422849720749e-36
FBP1,"Fructose-1,6-bisphosphatase 1",NMR metabolomics,X23410.Triglycerides in HDL,42145,0.0869772405019317,0.00743404325985721,0.0724065157126116,0.101547965291252,1.80907304647236e-31
FBP1,"Fructose-1,6-bisphosphatase 1",NMR metabolomics,X23411.Total Phospholipids in Lipoprotein Particles,42145,0.0607996158168009,0.00742855566122449,0.0462396467208009,0.0753595849128009,2.97494880783505e-16
FBP1,"Fructose-1,6-bisphosphatase 1",NMR metabolomics,X23412.Phospholipids in VLDL,42145,0.0325027886545004,0.00757764184667398,0.0176506106350194,0.0473549666739813,1.80478536353933e-05
FBP1,"Fructose-1,6-bisphosphatase 1",NMR metabolomics,X23413.Phospholipids in LDL,42145,0.0104934875335974,0.00721653200836586,-0.00365091520279968,0.0246378902699945,0.145944506207224
FBP1,"Fructose-1,6-bisphosphatase 1",NMR metabolomics,X23414.Phospholipids in HDL,42145,0.0706973459013607,0.00783756167188777,0.0553357250244606,0.0860589667782607,2.12436572114998e-19
FBP1,"Fructose-1,6-bisphosphatase 1",NMR metabolomics,X23415.Total Esterified Cholesterol,42145,0.0195935819530202,0.00744775925877138,0.00499597380582832,0.0341911901002121,0.00852800036236615
FBP1,"Fructose-1,6-bisphosphatase 1",NMR metabolomics,X23416.Cholesteryl Esters in VLDL,42145,0.0024599578050964,0.00746448411825118,-0.0121704310666759,0.0170903466768687,0.741741351440068
FBP1,"Fructose-1,6-bisphosphatase 1",NMR metabolomics,X23417.Cholesteryl Esters in LDL,42145,0.0142838439833338,0.00718981716593379,0.000191802338103588,0.0283758856285641,0.0469783235470193
FBP1,"Fructose-1,6-bisphosphatase 1",NMR metabolomics,X23418.Cholesteryl Esters in HDL,42145,0.0254839119014851,0.00820477004351329,0.00940256261619903,0.0415652611867711,0.0019003651261501
FBP1,"Fructose-1,6-bisphosphatase 1",NMR metabolomics,X23419.Total Free Cholesterol,42145,0.0168538193854812,0.00731695247639286,0.00251259253175119,0.0311950462392112,0.02127179483889
FBP1,"Fructose-1,6-bisphosphatase 1",NMR metabolomics,X23420.Free Cholesterol in VLDL,42145,0.0240003972107528,0.00755192882221848,0.00919861671920462,0.0388021777023011,0.00148603048283824
FBP1,"Fructose-1,6-bisphosphatase 1",NMR metabolomics,X23421.Free Cholesterol in LDL,42145,-0.0050550957776035,0.00722814563724792,-0.0192222612266094,0.00911206967140242,0.484337372887747
FBP1,"Fructose-1,6-bisphosphatase 1",NMR metabolomics,X23422.Free Cholesterol in HDL,42145,0.0553622445892351,0.00813865581953872,0.0394104791829392,0.071314009995531,1.07222848062523e-11
FBP1,"Fructose-1,6-bisphosphatase 1",NMR metabolomics,X23423.Total Lipids in Lipoprotein Particles,42145,0.0478757832800266,0.00714299745861243,0.0338755082611463,0.061876058298907,2.13022597416948e-11
FBP1,"Fructose-1,6-bisphosphatase 1",NMR metabolomics,X23424.Total Lipids in VLDL,42145,0.0376896227627802,0.00758396380566977,0.0228250537036675,0.052554191821893,6.78942562099987e-07
FBP1,"Fructose-1,6-bisphosphatase 1",NMR metabolomics,X23425.Total Lipids in LDL,42145,0.015683909167692,0.00719170671872753,0.00158816399898608,0.029779654336398,0.02921293740219
FBP1,"Fructose-1,6-bisphosphatase 1",NMR metabolomics,X23426.Total Lipids in HDL,42145,0.0615059341758119,0.00797080872137539,0.0458831490819162,0.0771287192697077,1.28009193537839e-14
FBP1,"Fructose-1,6-bisphosphatase 1",NMR metabolomics,X23427.Total Concentration of Lipoprotein Particles,42145,0.0611207422441488,0.0075625195202578,0.0462982039844435,0.0759432805038541,6.90463789512255e-16
FBP1,"Fructose-1,6-bisphosphatase 1",NMR metabolomics,X23428.Concentration of VLDL Particles,42145,0.032085228392376,0.00748263570383902,0.0174192624128515,0.0467511943719005,1.81571547016674e-05
FBP1,"Fructose-1,6-bisphosphatase 1",NMR metabolomics,X23429.Concentration of LDL Particles,42145,-0.00145315651902342,0.00723042923550366,-0.0156247978206106,0.0127184847825638,0.8407188685907
FBP1,"Fructose-1,6-bisphosphatase 1",NMR metabolomics,X23430.Concentration of HDL Particles,42145,0.0630126349353967,0.00756784812212036,0.0481796526160408,0.0778456172547526,9.13026215436824e-17
FBP1,"Fructose-1,6-bisphosphatase 1",NMR metabolomics,X23431.Average Diameter for VLDL Particles,42145,0.0189637825838013,0.00786112897680853,0.00355596978925656,0.034371595378346,0.0158633269680646
FBP1,"Fructose-1,6-bisphosphatase 1",NMR metabolomics,X23432.Average Diameter for LDL Particles,42145,-0.044939097231274,0.00743679097667985,-0.0595152075455665,-0.0303629869169815,1.55428681402106e-09
FBP1,"Fructose-1,6-bisphosphatase 1",NMR metabolomics,X23433.Average Diameter for HDL Particles,42145,-0.00314053058102391,0.00821339305581452,-0.0192387809704204,0.0129577198083725,0.702195152758658
FBP1,"Fructose-1,6-bisphosphatase 1",NMR metabolomics,X23434.Phosphoglycerides,42136,0.0763308345868799,0.00743743779986983,0.061753456499135,0.0909082126746248,1.27249482410796e-24
FBP1,"Fructose-1,6-bisphosphatase 1",NMR metabolomics,X23435.Triglycerides to Phosphoglycerides ratio,42136,0.0334703966999077,0.00803681832080286,0.0177182327911341,0.0492225606086813,3.13787039445928e-05
FBP1,"Fructose-1,6-bisphosphatase 1",NMR metabolomics,X23436.Total Cholines,42136,0.0655223355895247,0.00757178389525589,0.0506816391548232,0.0803630320242263,5.55305582314388e-18
FBP1,"Fructose-1,6-bisphosphatase 1",NMR metabolomics,X23437.Phosphatidylcholines,42136,0.0735607354248378,0.00759558553283741,0.0586733877804764,0.0884480830691991,4.13256510981645e-22
FBP1,"Fructose-1,6-bisphosphatase 1",NMR metabolomics,X23438.Sphingomyelins,42136,0.0340721929982984,0.00765254209919246,0.0190732104838812,0.0490711755127156,8.55944937620352e-06
FBP1,"Fructose-1,6-bisphosphatase 1",NMR metabolomics,X23439.Apolipoprotein B,42145,0.00217663215927648,0.00725479015968532,-0.0120427565537067,0.0163960208722597,0.764161245590008
FBP1,"Fructose-1,6-bisphosphatase 1",NMR metabolomics,X23440.Apolipoprotein A1,42145,0.0674387988926525,0.00779643184354685,0.0521577924793007,0.0827198053060043,5.72618993223117e-18
FBP1,"Fructose-1,6-bisphosphatase 1",NMR metabolomics,X23441.Apolipoprotein B to Apolipoprotein A1 ratio,42145,-0.0338625612068889,0.0074073896655489,-0.0483810449513647,-0.019344077462413,4.88631346071071e-06
FBP1,"Fructose-1,6-bisphosphatase 1",NMR metabolomics,X23442.Total Fatty Acids,42136,0.0640443890033722,0.00695226461262318,0.0504179503626307,0.0776708276441136,3.66513535405958e-20
FBP1,"Fructose-1,6-bisphosphatase 1",NMR metabolomics,X23443.Degree of Unsaturation,42136,-0.0486867844661874,0.00754489732246726,-0.0634747832182232,-0.0338987857141515,1.13434198312776e-10
FBP1,"Fructose-1,6-bisphosphatase 1",NMR metabolomics,X23444.Omega-3 Fatty Acids,42136,0.0592092419692918,0.00732116472547531,0.0448597591073602,0.0735587248312234,6.61003519699996e-16
FBP1,"Fructose-1,6-bisphosphatase 1",NMR metabolomics,X23445.Omega-6 Fatty Acids,42136,0.0159754492999169,0.00722250821388431,0.00181933320070365,0.0301315653991302,0.0269903721697203
FBP1,"Fructose-1,6-bisphosphatase 1",NMR metabolomics,X23446.Polyunsaturated Fatty Acids,42136,0.028954411369397,0.00725310657161139,0.0147383224890387,0.0431705002497554,6.58637184529955e-05
FBP1,"Fructose-1,6-bisphosphatase 1",NMR metabolomics,X23447.Monounsaturated Fatty Acids,42136,0.066257065084452,0.00708182280369488,0.05237669238921,0.080137437779694,9.5709654348334e-21
FBP1,"Fructose-1,6-bisphosphatase 1",NMR metabolomics,X23448.Saturated Fatty Acids,42136,0.0786534227119743,0.00684637880473325,0.0652345202546971,0.0920723251692515,2.08896036857758e-30
FBP1,"Fructose-1,6-bisphosphatase 1",NMR metabolomics,X23449.Linoleic Acid,42136,0.000474631108376547,0.00720921670466883,-0.0136554336327744,0.0146046958495275,0.94750880167528
FBP1,"Fructose-1,6-bisphosphatase 1",NMR metabolomics,X23450.Docosahexaenoic Acid,42136,0.0421347490035466,0.00726611420297484,0.027893165165716,0.0563763328413773,6.82815788033727e-09
FBP1,"Fructose-1,6-bisphosphatase 1",NMR metabolomics,X23451.Omega-3 Fatty Acids to Total Fatty Acids percentage,42136,0.0309346266564452,0.00735315578300556,0.0165224413217543,0.0453468119911361,2.60465787102565e-05
FBP1,"Fructose-1,6-bisphosphatase 1",NMR metabolomics,X23452.Omega-6 Fatty Acids to Total Fatty Acids percentage,42136,-0.105336441177538,0.00717229625487597,-0.119394141837095,-0.091278740517981,1.85377765608092e-48
FBP1,"Fructose-1,6-bisphosphatase 1",NMR metabolomics,X23453.Polyunsaturated Fatty Acids to Total Fatty Acids percentage,42136,-0.0915781870256847,0.00735740627708908,-0.105998703328779,-0.0771576707225901,2.26517330563538e-35
FBP1,"Fructose-1,6-bisphosphatase 1",NMR metabolomics,X23454.Monounsaturated Fatty Acids to Total Fatty Acids percentage,42136,0.0562132397188063,0.00774862338131921,0.0410259378914207,0.071400541546192,4.24724972212424e-13
FBP1,"Fructose-1,6-bisphosphatase 1",NMR metabolomics,X23455.Saturated Fatty Acids to Total Fatty Acids percentage,42136,0.0933027744906532,0.0066883415137091,0.0801936251237834,0.106411923857523,6.329502602897e-44
FBP1,"Fructose-1,6-bisphosphatase 1",NMR metabolomics,X23456.Linoleic Acid to Total Fatty Acids percentage,42136,-0.112659583420603,0.00734589479698278,-0.127057537222689,-0.0982616296185167,1.20957396979792e-52
FBP1,"Fructose-1,6-bisphosphatase 1",NMR metabolomics,X23457.Docosahexaenoic Acid to Total Fatty Acids percentage,42136,0.00512176202985245,0.00720041677760685,-0.00899105485425698,0.0192345789139619,0.476901524741646
FBP1,"Fructose-1,6-bisphosphatase 1",NMR metabolomics,X23458.Polyunsaturated Fatty Acids to Monounsaturated Fatty Acids ratio,42136,-0.0762399874945699,0.00766381918435416,-0.0912610730959041,-0.0612189018932358,3.09040183995075e-23
FBP1,"Fructose-1,6-bisphosphatase 1",NMR metabolomics,X23459.Omega-6 Fatty Acids to Omega-3 Fatty Acids ratio,42136,-0.0592861397403205,0.00724818167400517,-0.0734925758213706,-0.0450797036592704,3.10391800877477e-16
FBP1,"Fructose-1,6-bisphosphatase 1",NMR metabolomics,X23460.Alanine,42142,0.0441638440895728,0.00724264043178584,0.0299682688432725,0.058359419335873,1.10494112170752e-09
FBP1,"Fructose-1,6-bisphosphatase 1",NMR metabolomics,X23461.Glutamine,42099,-0.0357396813070748,0.00713447674733223,-0.0497232557318459,-0.0217561068823036,5.52808388682338e-07
FBP1,"Fructose-1,6-bisphosphatase 1",NMR metabolomics,X23462.Glycine,42131,-0.0308283414619452,0.00862876585844584,-0.0477407225444991,-0.0139159603793914,0.00035449228061355
FBP1,"Fructose-1,6-bisphosphatase 1",NMR metabolomics,X23463.Histidine,42128,-0.00550305033673278,0.00718923269355671,-0.0195939464161039,0.00858784574263837,0.444012663384186
FBP1,"Fructose-1,6-bisphosphatase 1",NMR metabolomics,X23464.Total Concentration of Branched-Chain Amino Acids (Leucine + Isoleucine + Valine),42135,0.0524105769108783,0.00803486173195626,0.036662247916244,0.0681589059055125,7.14129929530804e-11
FBP1,"Fructose-1,6-bisphosphatase 1",NMR metabolomics,X23465.Isoleucine,42143,0.036259949521512,0.00776349438766571,0.0210435005216872,0.0514763985213368,3.03251168486086e-06
FBP1,"Fructose-1,6-bisphosphatase 1",NMR metabolomics,X23466.Leucine,42143,0.0424207870431766,0.00798222192140225,0.0267756320772282,0.058065942009125,1.08701054121333e-07
FBP1,"Fructose-1,6-bisphosphatase 1",NMR metabolomics,X23467.Valine,42135,0.0599983429281367,0.00798141980752101,0.0443547601053955,0.0756419257508779,5.94513019581188e-14
FBP1,"Fructose-1,6-bisphosphatase 1",NMR metabolomics,X23468.Phenylalanine,42137,0.0273809442854692,0.00740576801977194,0.0128656389667162,0.0418962496042222,0.000218812142354307
FBP1,"Fructose-1,6-bisphosphatase 1",NMR metabolomics,X23469.Tyrosine,42131,0.101374365694213,0.00760048416264737,0.0864774167354238,0.116271314653001,2.50446319502856e-40
FBP1,"Fructose-1,6-bisphosphatase 1",NMR metabolomics,X23470.Glucose,42123,0.0665335561305291,0.00697646082955333,0.0528596929046046,0.0802074193564536,1.71999171867434e-21
FBP1,"Fructose-1,6-bisphosphatase 1",NMR metabolomics,X23471.Lactate,42124,0.00605576655881123,0.00736375033297539,-0.00837718409382054,0.020488717211443,0.410877818310957
FBP1,"Fructose-1,6-bisphosphatase 1",NMR metabolomics,X23472.Pyruvate,42097,-0.00880560393769343,0.00707337221725157,-0.0226694134835065,0.00505820560811964,0.213192055224056
FBP1,"Fructose-1,6-bisphosphatase 1",NMR metabolomics,X23473.Citrate,42142,0.0129470425863476,0.00733723989696822,-0.00143394761171007,0.0273280327844054,0.0776593068023322
FBP1,"Fructose-1,6-bisphosphatase 1",NMR metabolomics,X23474.3-Hydroxybutyrate,41866,0.0108476059858001,0.00803553890847782,-0.00490205027481644,0.0265972622464166,0.177053847213447
FBP1,"Fructose-1,6-bisphosphatase 1",NMR metabolomics,X23475.Acetate,42133,-8.18445345621875e-05,0.00697182979087615,-0.0137466309246794,0.0135829418555551,0.990633766720133
FBP1,"Fructose-1,6-bisphosphatase 1",NMR metabolomics,X23476.Acetoacetate,42144,0.0150498359648665,0.00732624621222348,0.000690393388908521,0.0294092785408246,0.0399720401573605
FBP1,"Fructose-1,6-bisphosphatase 1",NMR metabolomics,X23477.Acetone,42144,0.000212108595114624,0.00727724326965022,-0.0140512882133998,0.014475505403629,0.976747913665974
FBP1,"Fructose-1,6-bisphosphatase 1",NMR metabolomics,X23478.Creatinine,41884,0.0217707192546154,0.0087590182451869,0.00460304349404912,0.0389383950151818,0.0129484194077186
FBP1,"Fructose-1,6-bisphosphatase 1",NMR metabolomics,X23479.Albumin,42143,0.0305541711716007,0.00724783882058824,0.0163484070832478,0.0447599352599537,2.50703604215862e-05
FBP1,"Fructose-1,6-bisphosphatase 1",NMR metabolomics,X23480.Glycoprotein Acetyls,42145,0.0672318273556602,0.00753566027970221,0.0524619332074439,0.0820017215038765,5.1684422582885e-19
FBP1,"Fructose-1,6-bisphosphatase 1",NMR metabolomics,X23481.Concentration of Chylomicrons and Extremely Large VLDL Particles,42145,0.046658080823504,0.00766920497473313,0.0316264390730271,0.0616897225739809,1.20512642334408e-09
FBP1,"Fructose-1,6-bisphosphatase 1",NMR metabolomics,X23482.Total Lipids in Chylomicrons and Extremely Large VLDL,42145,0.0436476266678981,0.00762392125513485,0.0287047410078338,0.0585905123279623,1.05572509322842e-08
FBP1,"Fructose-1,6-bisphosphatase 1",NMR metabolomics,X23483.Phospholipids in Chylomicrons and Extremely Large VLDL,42145,0.046522223948639,0.00787631492610471,0.0310846466934737,0.0619598012038042,3.57620353748555e-09
FBP1,"Fructose-1,6-bisphosphatase 1",NMR metabolomics,X23484.Cholesterol in Chylomicrons and Extremely Large VLDL,42145,0.0387783135788972,0.00775167841489822,0.0235850238856967,0.0539716032720977,5.72799920188037e-07
FBP1,"Fructose-1,6-bisphosphatase 1",NMR metabolomics,X23485.Cholesteryl Esters in Chylomicrons and Extremely Large VLDL,42145,0.0337459449845865,0.00774964752914638,0.0185566358274596,0.0489352541417134,1.34342087375129e-05
FBP1,"Fructose-1,6-bisphosphatase 1",NMR metabolomics,X23486.Free Cholesterol in Chylomicrons and Extremely Large VLDL,42145,0.0443615126708251,0.00770190754785868,0.0292657738770221,0.0594572514646281,8.60385776491365e-09
FBP1,"Fructose-1,6-bisphosphatase 1",NMR metabolomics,X23487.Triglycerides in Chylomicrons and Extremely Large VLDL,42145,0.0426508064138323,0.00747634793025751,0.0279971644705276,0.057304448357137,1.18940891068829e-08
FBP1,"Fructose-1,6-bisphosphatase 1",NMR metabolomics,X23488.Concentration of Very Large VLDL Particles,42145,0.0476685292723997,0.0079817216696968,0.0320243547997939,0.0633127037450054,2.39921514830358e-09
FBP1,"Fructose-1,6-bisphosphatase 1",NMR metabolomics,X23489.Total Lipids in Very Large VLDL,42145,0.0446323080689182,0.00792696858325308,0.0290954496457421,0.0601691664920942,1.83323749292028e-08
FBP1,"Fructose-1,6-bisphosphatase 1",NMR metabolomics,X23490.Phospholipids in Very Large VLDL,42145,0.0402327931725086,0.0079242249882568,0.0247013121955253,0.0557642741494919,3.8814280637568e-07
FBP1,"Fructose-1,6-bisphosphatase 1",NMR metabolomics,X23491.Cholesterol in Very Large VLDL,42145,0.0250392376714207,0.00788086205126572,0.00959274805093992,0.0404857272919015,0.00149027670403945
FBP1,"Fructose-1,6-bisphosphatase 1",NMR metabolomics,X23492.Cholesteryl Esters in Very Large VLDL,42145,0.0130247728893807,0.00787470120730228,-0.00240964147693182,0.0284591872556931,0.098150243197164
FBP1,"Fructose-1,6-bisphosphatase 1",NMR metabolomics,X23493.Free Cholesterol in Very Large VLDL,42145,0.0351865182755156,0.00786119913885548,0.0197785679633589,0.0505944685876724,7.66846269846232e-06
FBP1,"Fructose-1,6-bisphosphatase 1",NMR metabolomics,X23494.Triglycerides in Very Large VLDL,42145,0.0517705713676345,0.00794819663032541,0.0361921059721967,0.0673490367630723,7.60124819017485e-11
FBP1,"Fructose-1,6-bisphosphatase 1",NMR metabolomics,X23495.Concentration of Large VLDL Particles,42145,0.0389783066852091,0.00787008805342032,0.0235529341005052,0.0544036792699129,7.40671927007229e-07
FBP1,"Fructose-1,6-bisphosphatase 1",NMR metabolomics,X23496.Total Lipids in Large VLDL,42145,0.0332191670577876,0.00785082941248713,0.0178315414093129,0.0486067927062624,2.33879766428581e-05
FBP1,"Fructose-1,6-bisphosphatase 1",NMR metabolomics,X23497.Phospholipids in Large VLDL,42145,0.0401028412612795,0.00799927075503023,0.0244242705814202,0.0557814119411387,5.41770740029983e-07
FBP1,"Fructose-1,6-bisphosphatase 1",NMR metabolomics,X23498.Cholesterol in Large VLDL,42145,0.0238750204473932,0.00791166127312809,0.00836816435206215,0.0393818765427243,0.00255174191047799
FBP1,"Fructose-1,6-bisphosphatase 1",NMR metabolomics,X23499.Cholesteryl Esters in Large VLDL,42145,0.00946520235822242,0.00785707489022829,-0.00593466442662503,0.0248650691430699,0.228350789334202
FBP1,"Fructose-1,6-bisphosphatase 1",NMR metabolomics,X23500.Free Cholesterol in Large VLDL,42145,0.0359786892713555,0.00797921481613908,0.0203394282317229,0.0516179503109881,6.5664739198487e-06
FBP1,"Fructose-1,6-bisphosphatase 1",NMR metabolomics,X23501.Triglycerides in Large VLDL,42145,0.0326007224022688,0.00774662103429663,0.0174173451750474,0.0477840996294902,2.58866312908469e-05
FBP1,"Fructose-1,6-bisphosphatase 1",NMR metabolomics,X23502.Concentration of Medium VLDL Particles,42145,0.0056855981358244,0.0074218990283506,-0.00886132395974278,0.0202325202313916,0.443655701767164
FBP1,"Fructose-1,6-bisphosphatase 1",NMR metabolomics,X23503.Total Lipids in Medium VLDL,42145,0.0146452329932737,0.00744190399793367,5.91011573237137e-05,0.0292313648292237,0.0490951168482304
FBP1,"Fructose-1,6-bisphosphatase 1",NMR metabolomics,X23504.Phospholipids in Medium VLDL,42145,0.00526058943716072,0.00740147789107665,-0.00924630722934953,0.019767486103671,0.477252326244152
FBP1,"Fructose-1,6-bisphosphatase 1",NMR metabolomics,X23505.Cholesterol in Medium VLDL,42145,-0.0228869508598787,0.00727051078630913,-0.0371371520010446,-0.0086367497187128,0.00164796210932762
FBP1,"Fructose-1,6-bisphosphatase 1",NMR metabolomics,X23506.Cholesteryl Esters in Medium VLDL,42145,-0.0360666104682981,0.00724771219332803,-0.050272126367221,-0.0218610945693751,6.56153666820053e-07
FBP1,"Fructose-1,6-bisphosphatase 1",NMR metabolomics,X23507.Free Cholesterol in Medium VLDL,42145,-0.00420656546404617,0.00736423489144006,-0.0186404658512687,0.0102273349231763,0.567863017768232
FBP1,"Fructose-1,6-bisphosphatase 1",NMR metabolomics,X23508.Triglycerides in Medium VLDL,42145,0.0340448321560311,0.00764581491991028,0.019059034913007,0.0490306293990553,8.54592003267859e-06
FBP1,"Fructose-1,6-bisphosphatase 1",NMR metabolomics,X23509.Concentration of Small VLDL Particles,42145,0.036266691731738,0.0076583391708995,0.021256346956775,0.0512770365067011,2.20641692877731e-06
FBP1,"Fructose-1,6-bisphosphatase 1",NMR metabolomics,X23510.Total Lipids in Small VLDL,42145,0.0365228143843291,0.00766352212546894,0.02150231101841,0.0515433177502482,1.90059853222521e-06
FBP1,"Fructose-1,6-bisphosphatase 1",NMR metabolomics,X23511.Phospholipids in Small VLDL,42145,0.0171557092116279,0.00751605688161159,0.00242423772366914,0.0318871806995866,0.0224728385073758
FBP1,"Fructose-1,6-bisphosphatase 1",NMR metabolomics,X23512.Cholesterol in Small VLDL,42145,0.00942156705738371,0.00758234489014012,-0.00543982892729092,0.0242829630420583,0.214049165556661
FBP1,"Fructose-1,6-bisphosphatase 1",NMR metabolomics,X23513.Cholesteryl Esters in Small VLDL,42145,0.0145086975393776,0.00771726106719246,-0.000617134152319579,0.0296345292310749,0.0601251641304571
FBP1,"Fructose-1,6-bisphosphatase 1",NMR metabolomics,X23514.Free Cholesterol in Small VLDL,42145,0.000949639973467737,0.00737511034863682,-0.0135055763098604,0.0154048562567959,0.897547241163105
FBP1,"Fructose-1,6-bisphosphatase 1",NMR metabolomics,X23515.Triglycerides in Small VLDL,42145,0.0595264236264815,0.00772673276102369,0.0443820274148751,0.074670819838088,1.41055933217342e-14
FBP1,"Fructose-1,6-bisphosphatase 1",NMR metabolomics,X23516.Concentration of Very Small VLDL Particles,42145,0.0337386919287217,0.00732323916448171,0.0193851431663376,0.0480922406911059,4.12101395190028e-06
FBP1,"Fructose-1,6-bisphosphatase 1",NMR metabolomics,X23517.Total Lipids in Very Small VLDL,42145,0.0356334857433218,0.00737467964085262,0.0211791136472506,0.0500878578393929,1.36739141719081e-06
FBP1,"Fructose-1,6-bisphosphatase 1",NMR metabolomics,X23518.Phospholipids in Very Small VLDL,42145,0.0345931285093299,0.00735156723294712,0.0201840567327536,0.0490022002859063,2.55693251292782e-06
FBP1,"Fructose-1,6-bisphosphatase 1",NMR metabolomics,X23519.Cholesterol in Very Small VLDL,42145,0.0070420688081435,0.00742359229773461,-0.00750817209541634,0.0215923097117033,0.342837645937338
FBP1,"Fructose-1,6-bisphosphatase 1",NMR metabolomics,X23520.Cholesteryl Esters in Very Small VLDL,42145,0.000160271169612997,0.00747514797262373,-0.0144910188567295,0.0148115611959555,0.982894554776189
FBP1,"Fructose-1,6-bisphosphatase 1",NMR metabolomics,X23521.Free Cholesterol in Very Small VLDL,42145,0.022564255327601,0.00736139879696534,0.00813591368554897,0.0369925969696531,0.0021794300851779
FBP1,"Fructose-1,6-bisphosphatase 1",NMR metabolomics,X23522.Triglycerides in Very Small VLDL,42145,0.0840074956647064,0.00748264289449116,0.0693415155915037,0.098673475737909,4.04125189643386e-29
FBP1,"Fructose-1,6-bisphosphatase 1",NMR metabolomics,X23523.Concentration of IDL Particles,42145,-0.00249398239794624,0.00726018590469469,-0.0167239467711478,0.0117359819752554,0.731216427507394
FBP1,"Fructose-1,6-bisphosphatase 1",NMR metabolomics,X23524.Total Lipids in IDL,42145,0.0119956893880461,0.00741562381817024,-0.00253893329556762,0.0265303120716597,0.105766987418291
FBP1,"Fructose-1,6-bisphosphatase 1",NMR metabolomics,X23525.Phospholipids in IDL,42145,0.00601374280411104,0.007413644173308,-0.00851699977557265,0.0205444853837947,0.41728098298984
FBP1,"Fructose-1,6-bisphosphatase 1",NMR metabolomics,X23526.Cholesterol in IDL,42145,0.00252327742019073,0.00745354907885594,-0.0120856787743669,0.0171322336147484,0.734966295880858
FBP1,"Fructose-1,6-bisphosphatase 1",NMR metabolomics,X23527.Cholesteryl Esters in IDL,42145,0.00306618641522881,0.0074622968507277,-0.0115599154121975,0.0176922882426551,0.681159374799559
FBP1,"Fructose-1,6-bisphosphatase 1",NMR metabolomics,X23528.Free Cholesterol in IDL,42145,0.000312386755649657,0.00740466196256859,-0.0142007506909848,0.0148255242022841,0.966349571410186
FBP1,"Fructose-1,6-bisphosphatase 1",NMR metabolomics,X23529.Triglycerides in IDL,42145,0.0888462150995943,0.00722237703730695,0.0746903561064726,0.103002074092716,1.35969540237548e-34
FBP1,"Fructose-1,6-bisphosphatase 1",NMR metabolomics,X23530.Concentration of Large LDL Particles,42145,-0.00912143980582191,0.00719606829460598,-0.0232257336632496,0.00498285405160581,0.204977337389174
FBP1,"Fructose-1,6-bisphosphatase 1",NMR metabolomics,X23531.Total Lipids in Large LDL,42145,0.0139655080601811,0.00722482903341982,-0.000195156845321722,0.028126172965684,0.053258489848496
FBP1,"Fructose-1,6-bisphosphatase 1",NMR metabolomics,X23532.Phospholipids in Large LDL,42145,0.00733861914868807,0.00724883407959225,-0.00686909564731274,0.0215463339446889,0.3113715467253
FBP1,"Fructose-1,6-bisphosphatase 1",NMR metabolomics,X23533.Cholesterol in Large LDL,42145,0.00736870851396614,0.00722934832646938,-0.00680081420591385,0.0215382312338461,0.308089682204739
FBP1,"Fructose-1,6-bisphosphatase 1",NMR metabolomics,X23534.Cholesteryl Esters in Large LDL,42145,0.0116991498311156,0.00721816345648132,-0.00244845054358781,0.025846750205819,0.105085286847012
FBP1,"Fructose-1,6-bisphosphatase 1",NMR metabolomics,X23535.Free Cholesterol in Large LDL,42145,-0.0046274123224552,0.00729055393077018,-0.0189168980267648,0.00966207338185436,0.525626068471678
FBP1,"Fructose-1,6-bisphosphatase 1",NMR metabolomics,X23536.Triglycerides in Large LDL,42145,0.095214849560688,0.00713237573228887,0.0812353931254018,0.109194305995974,2.14124635898321e-40
FBP1,"Fructose-1,6-bisphosphatase 1",NMR metabolomics,X23537.Concentration of Medium LDL Particles,42145,0.0116675493164882,0.00728009677417349,-0.00260144036089181,0.0259365389938683,0.10903216386492
FBP1,"Fructose-1,6-bisphosphatase 1",NMR metabolomics,X23538.Total Lipids in Medium LDL,42145,0.0204195743280487,0.00722827638159301,0.00625215262012641,0.034586996035971,0.00473559986810727
FBP1,"Fructose-1,6-bisphosphatase 1",NMR metabolomics,X23539.Phospholipids in Medium LDL,42145,0.0180874567522475,0.00725593637890844,0.00386582144958696,0.032309092054908,0.012686566450933
FBP1,"Fructose-1,6-bisphosphatase 1",NMR metabolomics,X23540.Cholesterol in Medium LDL,42145,0.0142026768903557,0.00721999870010255,5.14794381547452e-05,0.0283538743425568,0.0491885901960856
FBP1,"Fructose-1,6-bisphosphatase 1",NMR metabolomics,X23541.Cholesteryl Esters in Medium LDL,42145,0.0195852810823811,0.0072465102911417,0.00538212091174338,0.0337884412530188,0.00688605944938534
FBP1,"Fructose-1,6-bisphosphatase 1",NMR metabolomics,X23542.Free Cholesterol in Medium LDL,42145,-0.00211489255230541,0.00718534459296411,-0.0161981679545151,0.0119683828499042,0.768507062616612
FBP1,"Fructose-1,6-bisphosphatase 1",NMR metabolomics,X23543.Triglycerides in Medium LDL,42145,0.0865986487481061,0.0071899297919995,0.0725063863557871,0.100690911140425,3.06761255940329e-33
FBP1,"Fructose-1,6-bisphosphatase 1",NMR metabolomics,X23544.Concentration of Small LDL Particles,42145,0.00739502864581542,0.00728269219629373,-0.00687904805892029,0.0216691053505511,0.309921357893464
FBP1,"Fructose-1,6-bisphosphatase 1",NMR metabolomics,X23545.Total Lipids in Small LDL,42145,0.0111592024487911,0.00717898697939729,-0.00291161203082757,0.0252300169284098,0.120106250669901
FBP1,"Fructose-1,6-bisphosphatase 1",NMR metabolomics,X23546.Phospholipids in Small LDL,42145,0.00609108865813189,0.00715479582723173,-0.00793231116324231,0.0201144884795061,0.394601399751273
FBP1,"Fructose-1,6-bisphosphatase 1",NMR metabolomics,X23547.Cholesterol in Small LDL,42145,0.00487991935664843,0.00720136985474505,-0.00923476555865187,0.0189946042719487,0.498013041337158
FBP1,"Fructose-1,6-bisphosphatase 1",NMR metabolomics,X23548.Cholesteryl Esters in Small LDL,42145,0.0120057751951897,0.00720342227949953,-0.0021129324726294,0.0261244828630088,0.0956018530972304
FBP1,"Fructose-1,6-bisphosphatase 1",NMR metabolomics,X23549.Free Cholesterol in Small LDL,42145,-0.0143799105092265,0.00719615987332831,-0.02848438386095,-0.000275437157502991,0.045706746951048
FBP1,"Fructose-1,6-bisphosphatase 1",NMR metabolomics,X23550.Triglycerides in Small LDL,42145,0.066695897262485,0.00729858622045822,0.0523906682703869,0.0810011262545831,7.2409544336741e-20
FBP1,"Fructose-1,6-bisphosphatase 1",NMR metabolomics,X23551.Concentration of Very Large HDL Particles,42145,-0.0201395355331597,0.00835267379309267,-0.0365107761676214,-0.00376829489869812,0.0159156028412578
FBP1,"Fructose-1,6-bisphosphatase 1",NMR metabolomics,X23552.Total Lipids in Very Large HDL,42145,-0.033001824989254,0.00837949875203012,-0.049425642543233,-0.016578007435275,8.24374248599751e-05
FBP1,"Fructose-1,6-bisphosphatase 1",NMR metabolomics,X23553.Phospholipids in Very Large HDL,42145,-0.033107608237261,0.00833975733835397,-0.0494535326204348,-0.0167616838540873,7.22883985626239e-05
FBP1,"Fructose-1,6-bisphosphatase 1",NMR metabolomics,X23554.Cholesterol in Very Large HDL,42145,-0.0438573960572834,0.00847144640242486,-0.0604614310060361,-0.0272533611085307,2.2860660956934e-07
FBP1,"Fructose-1,6-bisphosphatase 1",NMR metabolomics,X23555.Cholesteryl Esters in Very Large HDL,42145,-0.0424223437218121,0.00851378381704868,-0.0591093600032276,-0.0257353274403967,6.34494632677384e-07
FBP1,"Fructose-1,6-bisphosphatase 1",NMR metabolomics,X23556.Free Cholesterol in Very Large HDL,42145,-0.0433624425287776,0.0082433646717153,-0.0595194372853396,-0.0272054477722156,1.46023855724005e-07
FBP1,"Fructose-1,6-bisphosphatase 1",NMR metabolomics,X23557.Triglycerides in Very Large HDL,42145,0.0598125171624347,0.00696965419513936,0.0461519949399615,0.0734730393849078,1.03431829072795e-17
FBP1,"Fructose-1,6-bisphosphatase 1",NMR metabolomics,X23558.Concentration of Large HDL Particles,42145,-0.00263897223324356,0.0084310756110274,-0.0191638804308573,0.0138859359643702,0.754281375109205
FBP1,"Fructose-1,6-bisphosphatase 1",NMR metabolomics,X23559.Total Lipids in Large HDL,42145,0.00659394029663759,0.00836022911814991,-0.00979210877493622,0.0229799893682114,0.430285257488425
FBP1,"Fructose-1,6-bisphosphatase 1",NMR metabolomics,X23560.Phospholipids in Large HDL,42145,0.0220328865325576,0.00827953410136363,0.00580499969388484,0.0382607733712303,0.00779715605619491
FBP1,"Fructose-1,6-bisphosphatase 1",NMR metabolomics,X23561.Cholesterol in Large HDL,42145,-0.0186642227285438,0.00848126047465819,-0.0352874932588739,-0.00204095219821376,0.027778153581466
FBP1,"Fructose-1,6-bisphosphatase 1",NMR metabolomics,X23562.Cholesteryl Esters in Large HDL,42145,-0.0247625240216547,0.00850893756662324,-0.0414400416522363,-0.00808500639107319,0.00361810929241146
FBP1,"Fructose-1,6-bisphosphatase 1",NMR metabolomics,X23563.Free Cholesterol in Large HDL,42145,0.00128995279809892,0.00838601366790157,-0.0151466339909882,0.017726539587186,0.877752434433383
FBP1,"Fructose-1,6-bisphosphatase 1",NMR metabolomics,X23564.Triglycerides in Large HDL,42145,0.0725341332008044,0.00733681583198959,0.0581539741701048,0.086914292231504,5.70812874434535e-23
FBP1,"Fructose-1,6-bisphosphatase 1",NMR metabolomics,X23565.Concentration of Medium HDL Particles,42145,0.066920789572835,0.00771366160017505,0.0518020128364919,0.0820395663091781,4.57724345080143e-18
FBP1,"Fructose-1,6-bisphosphatase 1",NMR metabolomics,X23566.Total Lipids in Medium HDL,42145,0.0742186555432186,0.00757935822593368,0.0593631134203886,0.0890741976660486,1.4449355828678e-22
FBP1,"Fructose-1,6-bisphosphatase 1",NMR metabolomics,X23567.Phospholipids in Medium HDL,42145,0.0809703049002025,0.00744467707853601,0.0663787378262719,0.0955618719741331,1.94185948123127e-27
FBP1,"Fructose-1,6-bisphosphatase 1",NMR metabolomics,X23568.Cholesterol in Medium HDL,42145,0.0546262947823746,0.00780768127111154,0.0393232394909959,0.0699293500737532,2.74801413777098e-12
FBP1,"Fructose-1,6-bisphosphatase 1",NMR metabolomics,X23569.Cholesteryl Esters in Medium HDL,42145,0.0504383079571975,0.00779882705460018,0.0351526069301812,0.0657240089842139,1.03110810506699e-10
FBP1,"Fructose-1,6-bisphosphatase 1",NMR metabolomics,X23570.Free Cholesterol in Medium HDL,42145,0.0695111529537082,0.00783452467672115,0.0541554845873348,0.0848668213200817,8.04456408400424e-19
FBP1,"Fructose-1,6-bisphosphatase 1",NMR metabolomics,X23571.Triglycerides in Medium HDL,42145,0.089046677193604,0.00751395104128032,0.0743193331526945,0.103774021234513,3.07390614576158e-32
FBP1,"Fructose-1,6-bisphosphatase 1",NMR metabolomics,X23572.Concentration of Small HDL Particles,42145,0.061084497141021,0.00721818150118451,0.0469368613986994,0.0752321328833426,2.88130655080169e-17
FBP1,"Fructose-1,6-bisphosphatase 1",NMR metabolomics,X23573.Total Lipids in Small HDL,42145,0.0830492031217618,0.00719519246065821,0.0689466258988717,0.0971517803446519,1.12316301779464e-30
FBP1,"Fructose-1,6-bisphosphatase 1",NMR metabolomics,X23574.Phospholipids in Small HDL,42145,0.0871831336149617,0.00715352586738479,0.0731622229148876,0.101204044315036,5.46284310302822e-34
FBP1,"Fructose-1,6-bisphosphatase 1",NMR metabolomics,X23575.Cholesterol in Small HDL,42145,0.0575270752150062,0.0071839382584615,0.0434465562284217,0.0716075942015908,1.26318416144738e-15
FBP1,"Fructose-1,6-bisphosphatase 1",NMR metabolomics,X23576.Cholesteryl Esters in Small HDL,42145,0.0455303797305745,0.00723226420742957,0.0313551418840126,0.0597056175771365,3.15957942356079e-10
FBP1,"Fructose-1,6-bisphosphatase 1",NMR metabolomics,X23577.Free Cholesterol in Small HDL,42145,0.0870486539242702,0.0071386781081168,0.0730568448323612,0.101040463016179,5.04774617506118e-34
FBP1,"Fructose-1,6-bisphosphatase 1",NMR metabolomics,X23578.Triglycerides in Small HDL,42145,0.0916313648486267,0.0080839194663324,0.0757868826946152,0.107475847002638,1.19699079914755e-29
FBP1,"Fructose-1,6-bisphosphatase 1",NMR metabolomics,X23579.Phospholipids to Total Lipids in Chylomicrons and Extremely Large VLDL percentage,41765,0.0088033822582342,0.00815090490469343,-0.00717239135496492,0.0247791558714333,0.280139842260809
FBP1,"Fructose-1,6-bisphosphatase 1",NMR metabolomics,X23580.Cholesterol to Total Lipids in Chylomicrons and Extremely Large VLDL percentage,41765,-0.04905213275184,0.00781405019455461,-0.064367671133167,-0.0337365943705129,3.55026204815102e-10
FBP1,"Fructose-1,6-bisphosphatase 1",NMR metabolomics,X23581.Cholesteryl Esters to Total Lipids in Chylomicrons and Extremely Large VLDL percentage,41765,-0.0517088716625573,0.00791289749093901,-0.0672181507447978,-0.0361995925803169,6.60582192254175e-11
FBP1,"Fructose-1,6-bisphosphatase 1",NMR metabolomics,X23582.Free Cholesterol to Total Lipids in Chylomicrons and Extremely Large VLDL percentage,41765,-0.0337855291213853,0.00782310644954472,-0.0491188177624929,-0.0184522404802776,1.5811102846088e-05
FBP1,"Fructose-1,6-bisphosphatase 1",NMR metabolomics,X23583.Triglycerides to Total Lipids in Chylomicrons and Extremely Large VLDL percentage,41765,0.0364445880311417,0.00791949243217752,0.0209223828640738,0.0519667931982097,4.22596560680583e-06
FBP1,"Fructose-1,6-bisphosphatase 1",NMR metabolomics,X23584.Phospholipids to Total Lipids in Very Large VLDL percentage,42072,-0.0383262280208533,0.00797845101386414,-0.053963992008027,-0.0226884640336796,1.57423552463741e-06
FBP1,"Fructose-1,6-bisphosphatase 1",NMR metabolomics,X23585.Cholesterol to Total Lipids in Very Large VLDL percentage,42072,-0.078812319032529,0.00804698891799766,-0.0945844173118044,-0.0630402207532536,1.42085932090317e-22
FBP1,"Fructose-1,6-bisphosphatase 1",NMR metabolomics,X23586.Cholesteryl Esters to Total Lipids in Very Large VLDL percentage,42072,-0.0751838368126166,0.00799741327813203,-0.0908587668377554,-0.0595089067874779,6.26295392443105e-21
FBP1,"Fructose-1,6-bisphosphatase 1",NMR metabolomics,X23587.Free Cholesterol to Total Lipids in Very Large VLDL percentage,42072,-0.0739604355107123,0.0080685634069706,-0.0897748197883746,-0.0581460512330499,5.58481144831452e-20
FBP1,"Fructose-1,6-bisphosphatase 1",NMR metabolomics,X23588.Triglycerides to Total Lipids in Very Large VLDL percentage,42072,0.0798235726744995,0.00802111868746876,0.0641021800470607,0.0955449653019382,2.98294731380594e-23
FBP1,"Fructose-1,6-bisphosphatase 1",NMR metabolomics,X23589.Phospholipids to Total Lipids in Large VLDL percentage,42145,0.0477797428108949,0.00833376224898024,0.0314455688028936,0.0641139168188962,1.00611630713269e-08
FBP1,"Fructose-1,6-bisphosphatase 1",NMR metabolomics,X23590.Cholesterol to Total Lipids in Large VLDL percentage,42145,-0.0482881543532975,0.00780022790450637,-0.06357660104613,-0.032999707660465,6.16623604405941e-10
FBP1,"Fructose-1,6-bisphosphatase 1",NMR metabolomics,X23591.Cholesteryl Esters to Total Lipids in Large VLDL percentage,42145,-0.0621168069923701,0.00791831958437219,-0.0776367133777396,-0.0465969006070007,4.66376392161846e-15
FBP1,"Fructose-1,6-bisphosphatase 1",NMR metabolomics,X23592.Free Cholesterol to Total Lipids in Large VLDL percentage,42145,0.000145232422760955,0.00792481823845643,-0.0153874113246137,0.0156778761701356,0.985378834035205
FBP1,"Fructose-1,6-bisphosphatase 1",NMR metabolomics,X23593.Triglycerides to Total Lipids in Large VLDL percentage,42145,0.0254430143783204,0.00796121571276043,0.00983903158130998,0.0410469971753309,0.00139729464843109
FBP1,"Fructose-1,6-bisphosphatase 1",NMR metabolomics,X23594.Phospholipids to Total Lipids in Medium VLDL percentage,42145,-0.0390100928303453,0.00765478019009946,-0.0540134620029402,-0.0240067236577503,3.5125375147949e-07
FBP1,"Fructose-1,6-bisphosphatase 1",NMR metabolomics,X23595.Cholesterol to Total Lipids in Medium VLDL percentage,42145,-0.0579580111402641,0.00791027922368196,-0.0734621584186808,-0.0424538638618475,2.48814581795476e-13
FBP1,"Fructose-1,6-bisphosphatase 1",NMR metabolomics,X23596.Cholesteryl Esters to Total Lipids in Medium VLDL percentage,42145,-0.0608574449175218,0.00796065022092197,-0.0764603193505289,-0.0452545704845148,2.23353158761227e-14
FBP1,"Fructose-1,6-bisphosphatase 1",NMR metabolomics,X23597.Free Cholesterol to Total Lipids in Medium VLDL percentage,42145,-0.04902898919339,0.00774157230006444,-0.0642024709015163,-0.0338555074852637,2.47699538793741e-10
FBP1,"Fructose-1,6-bisphosphatase 1",NMR metabolomics,X23598.Triglycerides to Total Lipids in Medium VLDL percentage,42145,0.0542576690878459,0.00784740289499203,0.0388767594136615,0.0696385787620303,4.9196333679721e-12
FBP1,"Fructose-1,6-bisphosphatase 1",NMR metabolomics,X23599.Phospholipids to Total Lipids in Small VLDL percentage,42145,-0.0654384253403363,0.00770221901487599,-0.0805347746094932,-0.0503420760711793,2.16452184610864e-17
FBP1,"Fructose-1,6-bisphosphatase 1",NMR metabolomics,X23600.Cholesterol to Total Lipids in Small VLDL percentage,42145,-0.0575965096941296,0.00744555018767,-0.0721897880619628,-0.0430032313262964,1.10085192067612e-14
FBP1,"Fructose-1,6-bisphosphatase 1",NMR metabolomics,X23601.Cholesteryl Esters to Total Lipids in Small VLDL percentage,42145,-0.0489595464350577,0.00734190084172075,-0.0633496720848303,-0.034569420785285,2.68431624967315e-11
FBP1,"Fructose-1,6-bisphosphatase 1",NMR metabolomics,X23602.Free Cholesterol to Total Lipids in Small VLDL percentage,42145,-0.0652095017648604,0.00776932020082222,-0.0804373693584719,-0.0499816341712488,5.19613426681978e-17
FBP1,"Fructose-1,6-bisphosphatase 1",NMR metabolomics,X23603.Triglycerides to Total Lipids in Small VLDL percentage,42145,0.0605609189744624,0.00751766195088488,0.0458263015507281,0.0752955363981968,8.55120876701912e-16
FBP1,"Fructose-1,6-bisphosphatase 1",NMR metabolomics,X23604.Phospholipids to Total Lipids in Very Small VLDL percentage,42145,-0.00339255959852931,0.00731103215207269,-0.0177221826165918,0.0109370634195332,0.642631617304411
FBP1,"Fructose-1,6-bisphosphatase 1",NMR metabolomics,X23605.Cholesterol to Total Lipids in Very Small VLDL percentage,42145,-0.0690519636794032,0.00767835484744046,-0.0841015391803865,-0.0540023881784199,2.71947988188421e-19
FBP1,"Fructose-1,6-bisphosphatase 1",NMR metabolomics,X23606.Cholesteryl Esters to Total Lipids in Very Small VLDL percentage,42145,-0.0683167871510181,0.00778429551255838,-0.0835740063556325,-0.0530595679464037,1.89056947820311e-18
FBP1,"Fructose-1,6-bisphosphatase 1",NMR metabolomics,X23607.Free Cholesterol to Total Lipids in Very Small VLDL percentage,42145,-0.0558443932380471,0.00678509647855515,-0.0691431823360152,-0.042545604140079,2.03443559589369e-16
FBP1,"Fructose-1,6-bisphosphatase 1",NMR metabolomics,X23608.Triglycerides to Total Lipids in Very Small VLDL percentage,42145,0.0774448709592195,0.00757753561604515,0.062592901151771,0.092296840766668,1.97226048834491e-24
FBP1,"Fructose-1,6-bisphosphatase 1",NMR metabolomics,X23609.Phospholipids to Total Lipids in IDL percentage,42145,-0.0327533215165755,0.00712356419833691,-0.0467155073453158,-0.0187911356878351,4.30665066594623e-06
FBP1,"Fructose-1,6-bisphosphatase 1",NMR metabolomics,X23610.Cholesterol to Total Lipids in IDL percentage,42145,-0.0484879360223553,0.00746987006527735,-0.063128881350299,-0.0338469906944117,8.81592598284787e-11
FBP1,"Fructose-1,6-bisphosphatase 1",NMR metabolomics,X23611.Cholesteryl Esters to Total Lipids in IDL percentage,42145,-0.042489349164422,0.00736561644680305,-0.056925957400156,-0.028052740928688,8.16759270332558e-09
FBP1,"Fructose-1,6-bisphosphatase 1",NMR metabolomics,X23612.Free Cholesterol to Total Lipids in IDL percentage,42145,-0.0338936745241049,0.00686390465828649,-0.0473469276543464,-0.0204404213938634,7.98854790362503e-07
FBP1,"Fructose-1,6-bisphosphatase 1",NMR metabolomics,X23613.Triglycerides to Total Lipids in IDL percentage,42145,0.0756562400523976,0.00751119601513931,0.0609342958627245,0.0903781842420706,8.86684879714432e-24
FBP1,"Fructose-1,6-bisphosphatase 1",NMR metabolomics,X23614.Phospholipids to Total Lipids in Large LDL percentage,42145,-0.0538276378197709,0.00729361228290339,-0.0681231178942616,-0.0395321577452803,1.67372356682651e-13
FBP1,"Fructose-1,6-bisphosphatase 1",NMR metabolomics,X23615.Cholesterol to Total Lipids in Large LDL percentage,42145,-0.0657536379082056,0.00743631396644083,-0.0803288132824296,-0.0511784625339815,1.05283648006807e-18
FBP1,"Fructose-1,6-bisphosphatase 1",NMR metabolomics,X23616.Cholesteryl Esters to Total Lipids in Large LDL percentage,42145,-0.0138914617609656,0.0071280580950495,-0.0278624556272627,7.95321053313897e-05,0.0513348669574661
FBP1,"Fructose-1,6-bisphosphatase 1",NMR metabolomics,X23617.Free Cholesterol to Total Lipids in Large LDL percentage,42145,-0.0721659884929328,0.00795754186161584,-0.0877627705416998,-0.0565692064441657,1.36578887575651e-19
FBP1,"Fructose-1,6-bisphosphatase 1",NMR metabolomics,X23618.Triglycerides to Total Lipids in Large LDL percentage,42145,0.0840013885329126,0.00730867034315479,0.0696763946603292,0.098326382405496,1.97071274209527e-30
FBP1,"Fructose-1,6-bisphosphatase 1",NMR metabolomics,X23619.Phospholipids to Total Lipids in Medium LDL percentage,42145,-0.0229388330180678,0.00751248588014816,-0.0376633053431582,-0.00821436069297745,0.00226682099199474
FBP1,"Fructose-1,6-bisphosphatase 1",NMR metabolomics,X23620.Cholesterol to Total Lipids in Medium LDL percentage,42145,-0.064654796599896,0.00740295633323441,-0.0791645910130355,-0.0501450021867566,2.75204361940113e-18
FBP1,"Fructose-1,6-bisphosphatase 1",NMR metabolomics,X23621.Cholesteryl Esters to Total Lipids in Medium LDL percentage,42145,0.00109071419739895,0.0075056877241559,-0.0136204337419466,0.0158018621367445,0.884461685174034
FBP1,"Fructose-1,6-bisphosphatase 1",NMR metabolomics,X23622.Free Cholesterol to Total Lipids in Medium LDL percentage,42145,-0.0586541277783003,0.00770230895976622,-0.0737506533394421,-0.0435576022171585,2.8082764204953e-14
FBP1,"Fructose-1,6-bisphosphatase 1",NMR metabolomics,X23623.Triglycerides to Total Lipids in Medium LDL percentage,42145,0.081637425050779,0.00729005099108918,0.0673489251082442,0.0959259249933138,5.56100102988359e-29
FBP1,"Fructose-1,6-bisphosphatase 1",NMR metabolomics,X23624.Phospholipids to Total Lipids in Small LDL percentage,42145,-0.0264161423265116,0.00746183694610985,-0.0410413427408869,-0.0117909419121363,0.000401216537407832
FBP1,"Fructose-1,6-bisphosphatase 1",NMR metabolomics,X23625.Cholesterol to Total Lipids in Small LDL percentage,42145,-0.042087082472997,0.00727849443378769,-0.0563529315632209,-0.0278212333827732,7.52719023897507e-09
FBP1,"Fructose-1,6-bisphosphatase 1",NMR metabolomics,X23626.Cholesteryl Esters to Total Lipids in Small LDL percentage,42145,0.00858904454104746,0.00740046444274443,-0.00591586576673162,0.0230939548488265,0.24582145867492
FBP1,"Fructose-1,6-bisphosphatase 1",NMR metabolomics,X23627.Free Cholesterol to Total Lipids in Small LDL percentage,42145,-0.0524006277656274,0.00733340719845865,-0.0667741058746064,-0.0380271496566485,9.42749610043062e-13
FBP1,"Fructose-1,6-bisphosphatase 1",NMR metabolomics,X23628.Triglycerides to Total Lipids in Small LDL percentage,42145,0.0728258435985188,0.00744857786889519,0.0582266309754842,0.0874250562215534,1.67513846678897e-22
FBP1,"Fructose-1,6-bisphosphatase 1",NMR metabolomics,X23629.Phospholipids to Total Lipids in Very Large HDL percentage,42133,-0.0235628243501986,0.00796216075492392,-0.0391686594298494,-0.00795698927054767,0.00308822208087006
FBP1,"Fructose-1,6-bisphosphatase 1",NMR metabolomics,X23630.Cholesterol to Total Lipids in Very Large HDL percentage,42133,-0.0203165322402683,0.00691471890905136,-0.033869381302009,-0.00676368317852766,0.0033072647774356
FBP1,"Fructose-1,6-bisphosphatase 1",NMR metabolomics,X23631.Cholesteryl Esters to Total Lipids in Very Large HDL percentage,42133,-0.0214469599968097,0.00644696761616602,-0.0340830165244951,-0.0088109034691243,0.000881231630119593
FBP1,"Fructose-1,6-bisphosphatase 1",NMR metabolomics,X23632.Free Cholesterol to Total Lipids in Very Large HDL percentage,42133,0.00456843806808872,0.00825223070200392,-0.011605934107839,0.0207428102440164,0.579861510552029
FBP1,"Fructose-1,6-bisphosphatase 1",NMR metabolomics,X23633.Triglycerides to Total Lipids in Very Large HDL percentage,42133,0.0752065384220823,0.00774906504743171,0.0600183709291162,0.0903947059150485,3.38316921732497e-22
FBP1,"Fructose-1,6-bisphosphatase 1",NMR metabolomics,X23634.Phospholipids to Total Lipids in Large HDL percentage,42145,0.0929536075005226,0.00729056499926074,0.0786641001019716,0.107243114899074,5.09753370081478e-37
FBP1,"Fructose-1,6-bisphosphatase 1",NMR metabolomics,X23635.Cholesterol to Total Lipids in Large HDL percentage,42145,-0.0880560478043357,0.00771756510920972,-0.103182475418387,-0.0729296201902846,5.12077384352355e-30
FBP1,"Fructose-1,6-bisphosphatase 1",NMR metabolomics,X23636.Cholesteryl Esters to Total Lipids in Large HDL percentage,42145,-0.0913142135797812,0.00741995083875936,-0.10585731722375,-0.0767711099358129,1.27800006605416e-34
FBP1,"Fructose-1,6-bisphosphatase 1",NMR metabolomics,X23637.Free Cholesterol to Total Lipids in Large HDL percentage,42145,-0.00966766114387973,0.00741114982875674,-0.0241935148082429,0.00485819252048347,0.192093774415357
FBP1,"Fructose-1,6-bisphosphatase 1",NMR metabolomics,X23638.Triglycerides to Total Lipids in Large HDL percentage,42145,0.0534890295441336,0.00743086907801044,0.0389245261512331,0.068053532937034,6.42160914453607e-13
FBP1,"Fructose-1,6-bisphosphatase 1",NMR metabolomics,X23639.Phospholipids to Total Lipids in Medium HDL percentage,42145,0.0411631054266019,0.00794439743619308,0.0255920864516635,0.0567341244015404,2.23389187429443e-07
FBP1,"Fructose-1,6-bisphosphatase 1",NMR metabolomics,X23640.Cholesterol to Total Lipids in Medium HDL percentage,42145,-0.0483334165368552,0.00792077019491514,-0.0638581261188888,-0.0328087069548215,1.07530996787624e-09
FBP1,"Fructose-1,6-bisphosphatase 1",NMR metabolomics,X23641.Cholesteryl Esters to Total Lipids in Medium HDL percentage,42145,-0.0584666306903237,0.00752607203723002,-0.0732177318832946,-0.0437155294973529,8.50838333003852e-15
FBP1,"Fructose-1,6-bisphosphatase 1",NMR metabolomics,X23642.Free Cholesterol to Total Lipids in Medium HDL percentage,42145,0.0363937792213192,0.00825662551372084,0.0202107932144264,0.0525767652282121,1.05216075173606e-05
FBP1,"Fructose-1,6-bisphosphatase 1",NMR metabolomics,X23643.Triglycerides to Total Lipids in Medium HDL percentage,42145,0.0492343297194146,0.00780364731166474,0.0339391809885517,0.0645294784502775,2.89314003067624e-10
FBP1,"Fructose-1,6-bisphosphatase 1",NMR metabolomics,X23644.Phospholipids to Total Lipids in Small HDL percentage,42145,0.0491893262952778,0.00727218198296743,0.0349358496086616,0.0634428029818939,1.39703707746772e-11
FBP1,"Fructose-1,6-bisphosphatase 1",NMR metabolomics,X23645.Cholesterol to Total Lipids in Small HDL percentage,42145,-0.0629934162742166,0.00719366464730621,-0.0770929989829368,-0.0488938335654965,2.24454624115168e-18
FBP1,"Fructose-1,6-bisphosphatase 1",NMR metabolomics,X23646.Cholesteryl Esters to Total Lipids in Small HDL percentage,42145,-0.0663399357953101,0.00708792686476684,-0.0802322724502531,-0.0524475991403671,9.24856457453515e-21
FBP1,"Fructose-1,6-bisphosphatase 1",NMR metabolomics,X23647.Free Cholesterol to Total Lipids in Small HDL percentage,42145,0.0234273644003416,0.00768664429450255,0.00836154158311659,0.0384931872175666,0.00230966519812776
FBP1,"Fructose-1,6-bisphosphatase 1",NMR metabolomics,X23648.Triglycerides to Total Lipids in Small HDL percentage,42145,0.0548471820324695,0.00811887129847908,0.0389341942874505,0.0707601697774885,1.48137281024841e-11
FBP1,"Fructose-1,6-bisphosphatase 1",Working and living environment,X24003.Nitrogen dioxide air pollution; 2010,51955,0.00851368124801729,0.00617048633810445,-0.00358047197466743,0.020607834470702,0.16767920090374
FBP1,"Fructose-1,6-bisphosphatase 1",Working and living environment,X24004.Nitrogen oxides air pollution; 2010,51955,0.00468009963233855,0.00599514866710512,-0.00707039175518748,0.0164305910198646,0.435017580481529
FBP1,"Fructose-1,6-bisphosphatase 1",Working and living environment,X24005.Particulate matter air pollution (pm10); 2010,50419,0.00702482176901032,0.00571448444324391,-0.00417556773974774,0.0182252112777684,0.218972207413751
FBP1,"Fructose-1,6-bisphosphatase 1",Working and living environment,X24006.Particulate matter air pollution (pm2.5); 2010,50419,0.00553521663878156,0.00623107116280362,-0.00667768284031353,0.0177481161178767,0.374375718205839
FBP1,"Fructose-1,6-bisphosphatase 1",Working and living environment,X24007.Particulate matter air pollution (pm2.5) absorbance; 2010,50419,0.0123812220308374,0.00617051393219031,0.00028701472374436,0.0244754293379304,0.0448137623501822
FBP1,"Fructose-1,6-bisphosphatase 1",Working and living environment,X24008.Particulate matter air pollution 2.5-10um; 2010,50419,0.00942004173692424,0.00567110916197983,-0.00169533222055623,0.0205354156944047,0.0967161485597339
FBP1,"Fructose-1,6-bisphosphatase 1",Working and living environment,X24009.Traffic intensity on the nearest road,51955,-0.0234303653703123,0.0323202984265248,-0.0867781502863009,0.0399174195456762,0.46849442850667
FBP1,"Fructose-1,6-bisphosphatase 1",Working and living environment,X24010.Inverse distance to the nearest road,51955,0.00483942164399162,0.00538103703365041,-0.00570741094196319,0.0153862542299464,0.368476921541982
FBP1,"Fructose-1,6-bisphosphatase 1",Working and living environment,X24011.Traffic intensity on the nearest major road,51955,0.00889558678079333,0.00536847808518016,-0.00162663026615978,0.0194178038277464,0.0975322067747732
FBP1,"Fructose-1,6-bisphosphatase 1",Working and living environment,X24012.Inverse distance to the nearest major road,51955,0.00332070719839756,0.00544758406295606,-0.00735655756499631,0.0139979719617914,0.542149775676165
FBP1,"Fructose-1,6-bisphosphatase 1",Working and living environment,X24013.Total traffic load on major roads,51955,0.0202252384322175,0.0223756150017506,-0.0236309669712137,0.0640814438356487,0.366059647924671
FBP1,"Fructose-1,6-bisphosphatase 1",Working and living environment,X24015.Sum of road length of major roads within 100m,51955,0.0186125300895428,0.0217515446674201,-0.0240204974586007,0.0612455576376862,0.392179302365798
FBP1,"Fructose-1,6-bisphosphatase 1",Working and living environment,X24016.Nitrogen dioxide air pollution; 2005,51955,0.0125522652327892,0.00619557378843014,0.000408940607466156,0.0246955898581123,0.0427755879708322
FBP1,"Fructose-1,6-bisphosphatase 1",Working and living environment,X24017.Nitrogen dioxide air pollution; 2006,51955,0.0120355324907083,0.00619484205362546,-0.000106357934397606,0.0241774229158142,0.0520485569829721
FBP1,"Fructose-1,6-bisphosphatase 1",Working and living environment,X24018.Nitrogen dioxide air pollution; 2007,51955,0.0124997575530298,0.00612245050536962,0.000499754562505308,0.0244997605435542,0.0411998014555385
FBP1,"Fructose-1,6-bisphosphatase 1",Working and living environment,X24019.Particulate matter air pollution (pm10); 2007,51919,0.0161063034338136,0.00598655530457382,0.00437265503684887,0.0278399518307783,0.00714145687898537
FBP1,"Fructose-1,6-bisphosphatase 1",Working and living environment,X24020.Average daytime sound level of noise pollution,51955,0.00803870011760851,0.00537378775356,-0.0024939238793691,0.0185713241145861,0.134690754136473
FBP1,"Fructose-1,6-bisphosphatase 1",Working and living environment,X24021.Average evening sound level of noise pollution,51955,0.00805133671159834,0.00537407470809372,-0.00248184971626536,0.018584523139462,0.134099741325848
FBP1,"Fructose-1,6-bisphosphatase 1",Working and living environment,X24022.Average night-time sound level of noise pollution,51955,0.00802445056443093,0.00537398109585469,-0.00250855238344427,0.0185574535123061,0.135397279752152
FBP1,"Fructose-1,6-bisphosphatase 1",Working and living environment,X24023.Average 16-hour sound level of noise pollution,51955,0.0080517188595109,0.00537379175366664,-0.00248091297767571,0.0185843506966975,0.134060784705211
FBP1,"Fructose-1,6-bisphosphatase 1",Working and living environment,X24024.Average 24-hour sound level of noise pollution,51955,0.00805627052715608,0.00537387918688638,-0.00247653267914123,0.0185890737334534,0.133847295831179
FBP1,"Fructose-1,6-bisphosphatase 1",Health and medical history,X2405.Number of children fathered,51952,-0.030653019237454,0.0169382083544551,-0.0638519076121861,0.00254586913727809,0.0703556910924057
FBP1,"Fructose-1,6-bisphosphatase 1",Working and living environment,"X24500.Greenspace percentage, buffer 1000m",49453,-0.017440263346488,0.00637239585527218,-0.0299301592228215,-0.00495036747015452,0.00620839432318484
FBP1,"Fructose-1,6-bisphosphatase 1",Working and living environment,"X24501.Domestic garden percentage, buffer 1000m",49453,0.00660653694954019,0.00572978838170078,-0.00462384827859334,0.0178369221776737,0.248917085957905
FBP1,"Fructose-1,6-bisphosphatase 1",Working and living environment,"X24502.Water percentage, buffer 1000m",49453,0.00585183748273445,0.00578286875556143,-0.00548258527816595,0.0171862602436349,0.311584992991267
FBP1,"Fructose-1,6-bisphosphatase 1",Working and living environment,"X24503.Greenspace percentage, buffer 300m",49453,-0.0116565394816851,0.00598848584461842,-0.0233939717371372,8.08927737669506e-05,0.0516090853164128
FBP1,"Fructose-1,6-bisphosphatase 1",Working and living environment,"X24504.Domestic garden percentage, buffer 300m",49453,0.000308515129706689,0.00578817239980822,-0.0110363027739174,0.0116533330333308,0.957492628077508
FBP1,"Fructose-1,6-bisphosphatase 1",Working and living environment,"X24505.Water percentage, buffer 300m",49453,0.00841270205757565,0.00582006802416933,-0.00299463126979623,0.0198200353849475,0.148342468479213
FBP1,"Fructose-1,6-bisphosphatase 1",Working and living environment,"X24506.Natural environment percentage, buffer 1000m",52034,-0.013618449843478,0.0061148156480156,-0.0256034885135886,-0.00163341117336744,0.0259484806966333
FBP1,"Fructose-1,6-bisphosphatase 1",Working and living environment,"X24507.Natural environment percentage, buffer 300m",52034,-0.00665718633790051,0.00572381557382725,-0.0178758648626019,0.0045614921868009,0.244813785099467
FBP1,"Fructose-1,6-bisphosphatase 1",Working and living environment,X24508.Distance (Euclidean) to coast,52034,0.00427211215264256,0.00540639379601063,-0.00632441968753827,0.0148686439928234,0.429421156411555
FBP1,"Fructose-1,6-bisphosphatase 1",Lifestyle factors,X2867.Age started smoking in former smokers,35512,-0.00782952260609692,0.00980469629796398,-0.0270467273501063,0.0113876821379125,0.424579868526265
FBP1,"Fructose-1,6-bisphosphatase 1",Mental health,"X28735.Feeling anxious, nervous or on edge over the last 2 weeks",37023,0.000944275173265854,0.0335560581500496,-0.0648255988008314,0.0667141491473631,0.977550975186749
FBP1,"Fructose-1,6-bisphosphatase 1",Mental health,X28736.Not being able to stop or control worrying over the last 2 weeks,37022,0.00967351673915454,0.0380985920669423,-0.0649997237120523,0.0843467571903614,0.799573251113786
FBP1,"Fructose-1,6-bisphosphatase 1",Mental health,X28737.Little interest or pleasure in doing things over the last 2 weeks,37023,0.0402327263598017,0.0353464122378746,-0.0290462416264324,0.109511694346036,0.255052353590319
FBP1,"Fructose-1,6-bisphosphatase 1",Mental health,"X28738.Feeling down, depressed or hopeless over the last 2 weeks",37011,0.00705097136794335,0.0357805934231135,-0.063078991741359,0.0771809344772457,0.843784305929695
FBP1,"Fructose-1,6-bisphosphatase 1",Mental health,X28739.Difficulty with standing for long periods,37028,0.0300280480067251,0.03064549722895,-0.0300371265620169,0.090093222575467,0.327187375277784
FBP1,"Fructose-1,6-bisphosphatase 1",Mental health,X28740.Difficulty with taking care of household responsibilities,37045,0.0534374075066945,0.0355402304371672,-0.0162214441501533,0.123096259163542,0.132728199141146
FBP1,"Fructose-1,6-bisphosphatase 1",Mental health,X28741.Difficulty learning a new task,36997,0.000861720180644952,0.0423070291416023,-0.0820600569368956,0.0837834972981855,0.983750094890947
FBP1,"Fructose-1,6-bisphosphatase 1",Mental health,X28742.Difficulty with joining in community activities,36571,-0.0318956999653085,0.0388936131327679,-0.108127181705534,0.0443357817749166,0.412197587953875
FBP1,"Fructose-1,6-bisphosphatase 1",Mental health,X28743.Difficulty with being emotionally affected by health problems,36991,0.00370415751334995,0.0337936977289703,-0.0625314900354319,0.0699398050621318,0.912720590444116
FBP1,"Fructose-1,6-bisphosphatase 1",Mental health,X28744.Difficulty with concentrating on doing something for ten minutes,37051,-0.0100058761279329,0.045245512847187,-0.0986870813084193,0.0786753290525536,0.824983893055654
FBP1,"Fructose-1,6-bisphosphatase 1",Lifestyle factors,X2887.Number of cigarettes previously smoked daily,34904,0.0551642901572539,0.0319232982877085,-0.00740537448665467,0.117733954801163,0.0840325381524793
FBP1,"Fructose-1,6-bisphosphatase 1",Lifestyle factors,X2897.Age stopped smoking,35507,0.0245370866053138,0.0103669948708355,0.00421777665847616,0.0448563965521515,0.0179677884370486
FBP1,"Fructose-1,6-bisphosphatase 1",Mental health,X29001#0.Mental health conditions experienced by first degree blood relatives_None of the above,36084,-0.0142595607474363,0.021159470230967,-0.0557321224001316,0.0272130009052591,0.500389882754501
FBP1,"Fructose-1,6-bisphosphatase 1",Mental health,X29001#1.Mental health conditions experienced by first degree blood relatives_Depression,36084,0.0245179674661873,0.0239532418546245,-0.0224303865688766,0.0714663215012513,0.306068590970837
FBP1,"Fructose-1,6-bisphosphatase 1",Mental health,X29001#3.Mental health conditions experienced by first degree blood relatives_Schizophrenia,36084,0.0954912696409818,0.0798516954897692,-0.0610180535189659,0.25200059280093,0.231789958731111
FBP1,"Fructose-1,6-bisphosphatase 1",Mental health,X29001#4.Mental health conditions experienced by first degree blood relatives_Any other type of psychosis or psychotic illness,36084,0.0845704146688913,0.0790956700596124,-0.070457098647949,0.239597927985732,0.285006500237172
FBP1,"Fructose-1,6-bisphosphatase 1",Mental health,X29001#5.Mental health conditions experienced by first degree blood relatives_A personality disorder,36084,-0.101057947287586,0.0970280442598866,-0.291232914036964,0.0891170194617916,0.297661711635768
FBP1,"Fructose-1,6-bisphosphatase 1",Mental health,X29001#7.Mental health conditions experienced by first degree blood relatives_Attention deficit or attention deficit and hyperactivity disorder,36084,0.110557977923142,0.0878215777355185,-0.0615723144384746,0.282688270284758,0.208108213233216
FBP1,"Fructose-1,6-bisphosphatase 1",Mental health,X29001#8.Mental health conditions experienced by first degree blood relatives_An anxiety disorder,36084,0.0136682044989435,0.0358321320207416,-0.05656277426171,0.083899183259597,0.702879413104751
FBP1,"Fructose-1,6-bisphosphatase 1",Mental health,X29001#9.Mental health conditions experienced by first degree blood relatives_An eating disorder,36084,-0.067711070338062,0.0673686517180386,-0.199753627705418,0.0643314870292935,0.314889495826638
FBP1,"Fructose-1,6-bisphosphatase 1",Mental health,X29002.Recent lack of interest or pleasure in doing things,36037,0.0649996232191644,0.0357384257466398,-0.00504769124424966,0.135046937682578,0.0689882474975196
FBP1,"Fructose-1,6-bisphosphatase 1",Mental health,X29003.Recent feelings of depression,36038,0.0695983915781033,0.035516689843474,-1.43205151057896e-05,0.139211103671312,0.0500802378890059
FBP1,"Fructose-1,6-bisphosphatase 1",Mental health,"X29004.Trouble falling or staying asleep, or sleeping too much",36043,0.0295436729610348,0.0283102452591677,-0.0259444077469339,0.0850317536690034,0.296719092648907
FBP1,"Fructose-1,6-bisphosphatase 1",Mental health,X29005.Recent feelings of tiredness or low energy,36044,0.0498433230343488,0.0277324922564334,-0.00451236178826068,0.104199007856958,0.0723301651081703
FBP1,"Fructose-1,6-bisphosphatase 1",Mental health,X29006.Recent poor appetite or overeating,36051,0.0486034545126389,0.0431588414593629,-0.0359878747477124,0.13319478377299,0.260137084760777
FBP1,"Fructose-1,6-bisphosphatase 1",Mental health,X29007.Recent feelings of inadequacy,36026,0.0448681474500926,0.0388509989384922,-0.0312798104693522,0.121016105369537,0.248177734039938
FBP1,"Fructose-1,6-bisphosphatase 1",Mental health,X29008.Recent trouble concentrating on things,36045,0.0203262861053773,0.0371968434792091,-0.0525795271138726,0.0932320993246272,0.584771716842132
FBP1,"Fructose-1,6-bisphosphatase 1",Mental health,X29009.Recent changes in speed or amount of moving or speaking,36043,0.0186050499879146,0.0636874782081785,-0.106222407300115,0.143432507275944,0.770195050329054
FBP1,"Fructose-1,6-bisphosphatase 1",Mental health,X29010.Recent thoughts of suicide or self-harm,36022,0.0472788429309082,0.0694178114163256,-0.0887800674450901,0.183337753306906,0.495844313287452
FBP1,"Fructose-1,6-bisphosphatase 1",Mental health,X29038#0.Substances taken for depression_None of options listed,35972,0.0118361818693542,0.0413708952958399,-0.0692507729104921,0.0929231366492004,0.774810149455098
FBP1,"Fructose-1,6-bisphosphatase 1",Mental health,X29038#1.Substances taken for depression_Drugs or alcohol (more than once),35972,-0.00482243211891768,0.0759923105226062,-0.153767360743226,0.14412249650539,0.949402349049157
FBP1,"Fructose-1,6-bisphosphatase 1",Mental health,X29038#2.Substances taken for depression_Medication prescribed to participant (for at least 2 weeks),35972,0.0183568758767156,0.045967572834719,-0.0717395668793337,0.108453318632765,0.689651295188453
FBP1,"Fructose-1,6-bisphosphatase 1",Mental health,X29038#3.Substances taken for depression_Unprescribed medication (more than once),35972,0.0534316773878738,0.136690817935123,-0.214482325764967,0.321345680540715,0.695886577839461
FBP1,"Fructose-1,6-bisphosphatase 1",Mental health,X29039#1.Use of specific medications_Citalopram (sometimes called Cipramil),35972,-0.13232359445312,0.0911269316868716,-0.310932380559389,0.0462851916531478,0.146521920290157
FBP1,"Fructose-1,6-bisphosphatase 1",Mental health,X29039#2.Use of specific medications_Fluoxetine (Prozac or Oxactin),35972,0.125419200431121,0.104150613512079,-0.0787160020525531,0.329554402914795,0.228547119969654
FBP1,"Fructose-1,6-bisphosphatase 1",Mental health,X29039#3.Use of specific medications_Sertraline (Lustral),35972,0.113186462628554,0.107532846775928,-0.0975779170522649,0.323950842309373,0.292569993057487
FBP1,"Fructose-1,6-bisphosphatase 1",Mental health,X29039#5.Use of specific medications_Amitriptyline (Elavil),35972,-0.0372040413986713,0.12680295438106,-0.285737831985549,0.211329749188206,0.769224355285899
FBP1,"Fructose-1,6-bisphosphatase 1",Mental health,X29039#7.Use of specific medications_Other antidepressant(s),35972,0.0511292139473086,0.0904067757555903,-0.126068066533648,0.228326494428265,0.571719479991785
FBP1,"Fructose-1,6-bisphosphatase 1",Mental health,X29047#0.Activities undertaken to treat depression_None of options listed,35972,-0.0115692574285402,0.0389426537337909,-0.0878968587467704,0.06475834388969,0.76641039496753
FBP1,"Fructose-1,6-bisphosphatase 1",Mental health,X29051#0.Manifestations of mania or irritability_None of options listed,35972,0.010591020767575,0.0630664031348425,-0.113019129376716,0.134201170911866,0.86663946634257
FBP1,"Fructose-1,6-bisphosphatase 1",Mental health,X29051#1.Manifestations of mania or irritability_More active than usual,35972,-0.110606250617339,0.0995995732212803,-0.305821414131049,0.0846089128963702,0.266815849761828
FBP1,"Fructose-1,6-bisphosphatase 1",Mental health,X29051#2.Manifestations of mania or irritability_More confident than usual,35972,-0.0690022708548347,0.12403834370806,-0.312117424522632,0.174112882812963,0.57802410295825
FBP1,"Fructose-1,6-bisphosphatase 1",Mental health,X29051#3.Manifestations of mania or irritability_Easily distracted,35972,0.0878504958431257,0.0735888815355276,-0.0563837119665084,0.23208470365276,0.232594151434062
FBP1,"Fructose-1,6-bisphosphatase 1",Mental health,X29051#4.Manifestations of mania or irritability_More creative or had more ideas than usual,35972,-0.174489636586004,0.112259201619682,-0.394517671760581,0.045538398588572,0.120144842223865
FBP1,"Fructose-1,6-bisphosphatase 1",Mental health,X29051#5.Manifestations of mania or irritability_Neded less sleep than usual,35972,-0.0538366345938241,0.110465128052437,-0.270348285576602,0.162675016388953,0.626015482761731
FBP1,"Fructose-1,6-bisphosphatase 1",Mental health,X29051#6.Manifestations of mania or irritability_Thoughts were racing,35972,-0.0322377609870148,0.0630203784576434,-0.155757702763996,0.0912821807899662,0.60898479139837
FBP1,"Fructose-1,6-bisphosphatase 1",Mental health,X29051#7.Manifestations of mania or irritability_More restless than usual,35972,0.00670773427028972,0.0598491913611155,-0.110596680797497,0.124012149338076,0.910765187314185
FBP1,"Fructose-1,6-bisphosphatase 1",Mental health,X29051#8.Manifestations of mania or irritability_More talkative than usual,35972,-0.153134414865188,0.0894839370530743,-0.328522931489214,0.0222541017588374,0.0870666707153279
FBP1,"Fructose-1,6-bisphosphatase 1",Mental health,X29058.Recent feelings or nervousness or anxiety,35930,0.019141002138,0.0347863628815898,-0.0490402691099159,0.0873222733859159,0.582168509926439
FBP1,"Fructose-1,6-bisphosphatase 1",Mental health,X29059.Recent inability to stop or control worrying,35935,0.0140936331534596,0.0370309169937177,-0.0584869641542272,0.0866742304611463,0.703517796199371
FBP1,"Fructose-1,6-bisphosphatase 1",Mental health,X29060.Recent worrying too much about different things,35933,0.0330791565782559,0.0330389731607768,-0.0316772308168666,0.0978355439733783,0.316755320933508
FBP1,"Fructose-1,6-bisphosphatase 1",Mental health,X29061.Recent trouble relaxing,35931,0.000496197077215104,0.0350847301715521,-0.0682698740590271,0.0692622682134573,0.988716422178272
FBP1,"Fructose-1,6-bisphosphatase 1",Mental health,X29062.Recent restlessness,35938,0.024067013477712,0.0480106475141371,-0.0700338556499966,0.118167882605421,0.616185659829498
FBP1,"Fructose-1,6-bisphosphatase 1",Mental health,X29063.Recent easy annoyance or irritability,35926,0.0367315025495918,0.0335077559290975,-0.0289436990714394,0.102406704170623,0.273023378994845
FBP1,"Fructose-1,6-bisphosphatase 1",Mental health,X29064.Recent feelings of foreboding,35931,0.0726875941785107,0.0414610320686738,-0.00857602867609004,0.153951217033111,0.0796172978099405
FBP1,"Fructose-1,6-bisphosphatase 1",Mental health,X29065#1.Symptoms of panic attack_Heart was pounding or racing,35972,0.0377860896939647,0.0491076555227496,-0.0584649151306244,0.134037094518554,0.441648401410695
FBP1,"Fructose-1,6-bisphosphatase 1",Mental health,X29065#11.Symptoms of panic attack_Felt like things weren't real or detached from self,35972,0.0637668557004713,0.0752331560039755,-0.0836901300673208,0.211223841468263,0.39669397298542
FBP1,"Fructose-1,6-bisphosphatase 1",Mental health,X29065#12.Symptoms of panic attack_Afraid of losing control or 'going crazy',35972,0.0796920314523464,0.102671237729095,-0.121543594496681,0.280927657401373,0.437663760692908
FBP1,"Fructose-1,6-bisphosphatase 1",Mental health,X29065#13.Symptoms of panic attack_Afraid I was going to die,35972,0.00485793233942824,0.103334417284776,-0.197677525538733,0.207393390217589,0.962505131937421
FBP1,"Fructose-1,6-bisphosphatase 1",Mental health,X29065#2.Symptoms of panic attack_Sweating,35972,0.00564703272218635,0.0628810623470029,-0.117599849477939,0.128893914922312,0.928444628131164
FBP1,"Fructose-1,6-bisphosphatase 1",Mental health,X29065#3.Symptoms of panic attack_Trembling or shaking,35972,0.110770618324446,0.0797638028877683,-0.0455664353355801,0.267107671984471,0.164955935712048
FBP1,"Fructose-1,6-bisphosphatase 1",Mental health,X29065#6.Symptoms of panic attack_Pain or discomfort in chest,35972,0.00356953917251294,0.0756175984319865,-0.144640953754181,0.151780032099206,0.962351011195293
FBP1,"Fructose-1,6-bisphosphatase 1",Mental health,X29065#7.Symptoms of panic attack_Nauseous or felt sick in the stomach,35972,0.105903357781888,0.0747302440831726,-0.0405679206211306,0.252374636184906,0.156483712387811
FBP1,"Fructose-1,6-bisphosphatase 1",Mental health,X29065#9.Symptoms of panic attack_Felt hot or cold,35972,0.114940836982831,0.095088868361829,-0.071433345006354,0.301315018972016,0.226788915245876
FBP1,"Fructose-1,6-bisphosphatase 1",Mental health,X29076.Felt loved as a child,35897,0.0138600683518454,0.0284736549145434,-0.0419482952806598,0.0696684319843505,0.626437268997225
FBP1,"Fructose-1,6-bisphosphatase 1",Mental health,X29077.Physically abused by family as a child,35909,0.0426692896038536,0.0362492825427997,-0.0283793041800338,0.113717883387741,0.239191088252053
FBP1,"Fructose-1,6-bisphosphatase 1",Mental health,X29078.Felt hated by family member as a child,35902,-0.0207552128891947,0.0416933593876606,-0.10247419728901,0.0609637715106201,0.618635641104579
FBP1,"Fructose-1,6-bisphosphatase 1",Mental health,X29079.Sexually molested as a child,35887,0.0446226213969563,0.0608507231305085,-0.0746447959388403,0.163890038732753,0.463391196857291
FBP1,"Fructose-1,6-bisphosphatase 1",Mental health,X29080.Someone to take to doctor when needed as a child,35896,-0.00186360179505167,0.0431706001804769,-0.0864779781487863,0.082750774558683,0.965568549304625
FBP1,"Fructose-1,6-bisphosphatase 1",Mental health,X29081.Stopped from seeing friends or family by partner or ex-partner as an adult,35906,-0.104496038636183,0.0639862125125842,-0.229909015160848,0.020916937888482,0.102490553975249
FBP1,"Fructose-1,6-bisphosphatase 1",Mental health,X29082.Belittlement by partner or ex-partner as an adult,35881,-0.00589894200685011,0.0534127125904782,-0.110587858684187,0.0987899746704872,0.912062852012508
FBP1,"Fructose-1,6-bisphosphatase 1",Mental health,X29083.Physical violence by partner or ex-partner as an adult,35918,-0.042300032939252,0.0606729374954726,-0.161218990430378,0.0766189245518742,0.485711536469259
FBP1,"Fructose-1,6-bisphosphatase 1",Mental health,X29084.Sexual interference by partner or ex-partner without consent as an adult,35910,-0.127669589492093,0.194366261044614,-0.508627461139536,0.253288282155351,0.511297684453967
FBP1,"Fructose-1,6-bisphosphatase 1",Mental health,X29085.Sexual intercourse by partner or ex-partner without consent as an adult,35903,-0.0599861235294019,0.118321058665884,-0.291895398514535,0.171923151455732,0.612185861527356
FBP1,"Fructose-1,6-bisphosphatase 1",Mental health,X29086.Experienced a violent or sexual assault,35924,0.00878327306908186,0.0648091355637931,-0.118242632635953,0.135809178774116,0.892200341761877
FBP1,"Fructose-1,6-bisphosphatase 1",Mental health,X29087.Experienced a life-threatening injury or illness,35916,0.0734021401561977,0.0321454106262001,0.0103971353288455,0.13640714498355,0.022432962165322
FBP1,"Fructose-1,6-bisphosphatase 1",Mental health,X29088.Experienced a marital separation or divorce,35914,0.0161792920325961,0.032186607366852,-0.0469064584064337,0.079265042471626,0.615210347175279
FBP1,"Fructose-1,6-bisphosphatase 1",Mental health,X29089.Experienced the death of a spouse or partner,35925,-0.0761662420011215,0.050004448446032,-0.174174960955344,0.0218424769531012,0.127754520376302
FBP1,"Fructose-1,6-bisphosphatase 1",Mental health,X29090.Experienced the death of a close friend or family member due to suicide,35918,0.000727059706607412,0.0394366823077654,-0.0765688376166128,0.0780229570298276,0.985291434358895
FBP1,"Fructose-1,6-bisphosphatase 1",Lifestyle factors,X29091.Frequency of drinking alcohol,35911,0.132939269183125,0.0263723585381867,0.0812494464482792,0.184629091917971,4.7459060510617e-07
FBP1,"Fructose-1,6-bisphosphatase 1",Lifestyle factors,X29092.Amount of alcohol drunk on a typical drinking day,35307,0.147962217486136,0.0278158272179954,0.0934431961388645,0.202481238833407,1.07506754711462e-07
FBP1,"Fructose-1,6-bisphosphatase 1",Lifestyle factors,X29093.Frequency of consuming six or more units of alcohol,35328,0.160041351044645,0.0278893465890178,0.10537823173017,0.21470447035912,9.97101367089928e-09
FBP1,"Fructose-1,6-bisphosphatase 1",Mental health,X29104.Ever used cannabis,35905,0.0704867027908965,0.034743481990838,0.00238947808885395,0.138583927492939,0.0425174402695402
FBP1,"Fructose-1,6-bisphosphatase 1",Mental health,X29108.Ever thought that life not worth living,35880,0.0012863292016639,0.0351713875820947,-0.0676495904592418,0.0702222488625696,0.970826337880252
FBP1,"Fructose-1,6-bisphosphatase 1",Mental health,X29109.Ever contemplated self-harm,35886,-0.025089731005736,0.0494906623653807,-0.122091429241882,0.0719119672304102,0.612199011584947
FBP1,"Fructose-1,6-bisphosphatase 1",Mental health,X29111.Ever self-harmed,35898,-0.0778037524660748,0.0871740059958502,-0.248664804217941,0.0930572992857917,0.372148572345873
FBP1,"Fructose-1,6-bisphosphatase 1",Diet and food preferences,X29132.Ever had recurrent episodes of excessive overeating or binge eating,35899,-0.021735218555287,0.0521195842466067,-0.123889603678636,0.0804191665680621,0.676671700950437
FBP1,"Fructose-1,6-bisphosphatase 1",Diet and food preferences,X29136#1.Actions and feelings during periods of overeating or binge eating_Eaten much more rapidly than normal,36569,-0.17751634988279,0.0976266597403544,-0.368864602973884,0.0138319032083046,0.0690530086635491
FBP1,"Fructose-1,6-bisphosphatase 1",Diet and food preferences,X29136#2.Actions and feelings during periods of overeating or binge eating_Eaten until feeling uncomfortably full,36569,-0.099903937081033,0.0766296827842347,-0.250098115338133,0.0502902411760671,0.192365449900491
FBP1,"Fructose-1,6-bisphosphatase 1",Diet and food preferences,X29136#3.Actions and feelings during periods of overeating or binge eating_Eaten large amounts of food when not physically hungry,36569,-0.149905955380659,0.0945781884842799,-0.335279204809848,0.0354672940485291,0.113007150132316
FBP1,"Fructose-1,6-bisphosphatase 1",Diet and food preferences,X29136#4.Actions and feelings during periods of overeating or binge eating_Eaten alone because of feeling embarrassed by overeating,36569,0.0454962858527449,0.155956027466323,-0.260177527981248,0.351170099686738,0.770504419008136
FBP1,"Fructose-1,6-bisphosphatase 1",Diet and food preferences,X29149.Dependency of self-esteem on body shape or weight currently,35889,0.00216507641640282,0.0301142195848881,-0.0568587939699779,0.0611889468027835,0.942687056158347
FBP1,"Fructose-1,6-bisphosphatase 1",Health and medical history,X29153.Pain or discomfort today,35902,0.0577509950052379,0.027526765763505,0.00379853410876816,0.111703455901708,0.0359399495850789
FBP1,"Fructose-1,6-bisphosphatase 1",Mental health,X29154.Anxiety or depression today,35902,0.066670905720682,0.0363330073337878,-0.00454178865354203,0.137883600094906,0.066547024060193
FBP1,"Fructose-1,6-bisphosphatase 1",Mental health,X29166.Frequency of confiding in someone close,35727,-0.0243524644667114,0.0277052758718086,-0.0786548051754563,0.0299498762420335,0.379440183353471
FBP1,"Fructose-1,6-bisphosphatase 1",Lifestyle factors,X29167#0.Sports and social activities attended in person at least once a week_None of the above,35885,0.0159167796872309,0.0199893346562118,-0.0232623162389442,0.0550958756134059,0.425904780963032
FBP1,"Fructose-1,6-bisphosphatase 1",Lifestyle factors,X29167#1.Sports and social activities attended in person at least once a week_Sports club or gym or fitness class,35885,-0.0417320035799659,0.0206950057209651,-0.0822942147930574,-0.00116979236687443,0.0437816957575091
FBP1,"Fructose-1,6-bisphosphatase 1",Lifestyle factors,X29167#2.Sports and social activities attended in person at least once a week_Pub or social club,35885,0.043305914648702,0.0220148112425489,0.000156884613306159,0.0864549446840978,0.0492065398393887
FBP1,"Fructose-1,6-bisphosphatase 1",Lifestyle factors,X29167#3.Sports and social activities attended in person at least once a week_Religious group,35885,-0.0175330314905978,0.0304257384957901,-0.0771674789423464,0.0421014159611508,0.564459580454647
FBP1,"Fructose-1,6-bisphosphatase 1",Lifestyle factors,X29167#4.Sports and social activities attended in person at least once a week_Adult education class,35885,0.0256798600958902,0.0602268019647255,-0.0923646717549717,0.143724391946752,0.669839260957764
FBP1,"Fructose-1,6-bisphosphatase 1",Lifestyle factors,X29167#5.Sports and social activities attended in person at least once a week_Other group activity,35885,-0.0257711194362174,0.0222575205051137,-0.0693958596262402,0.0178536207538055,0.246958641407416
FBP1,"Fructose-1,6-bisphosphatase 1",Lifestyle factors,X29168#0.Sports and social activities attended virtually at least once a week_None of the above,35880,0.00434944246052691,0.0234136888047034,-0.0415413875966918,0.0502402725177456,0.852634276353012
FBP1,"Fructose-1,6-bisphosphatase 1",Lifestyle factors,X29168#1.Sports and social activities attended virtually at least once a week_Sports club or gym or fitness class,35880,-0.0292122985941836,0.0367876021901216,-0.101315998886822,0.0428914016984548,0.427174751655531
FBP1,"Fructose-1,6-bisphosphatase 1",Lifestyle factors,X29168#2.Sports and social activities attended virtually at least once a week_Pub or social club,35880,0.0503169643703386,0.0422942392666191,-0.0325797445922348,0.133213673332912,0.23420769773828
FBP1,"Fructose-1,6-bisphosphatase 1",Lifestyle factors,X29168#3.Sports and social activities attended virtually at least once a week_Religious group,35880,-0.0349716111303394,0.0512965199277469,-0.135512790188723,0.0655695679280444,0.495416160328382
FBP1,"Fructose-1,6-bisphosphatase 1",Lifestyle factors,X29168#4.Sports and social activities attended virtually at least once a week_Adult education class,35880,0.219803020553735,0.0841108883151746,0.0549456794559926,0.384660361651477,0.00898693812858255
FBP1,"Fructose-1,6-bisphosphatase 1",Lifestyle factors,X29168#5.Sports and social activities attended virtually at least once a week_Other group activity,35880,-0.0341163864963353,0.0340421350383211,-0.100838971171445,0.032606198178774,0.316289412677974
FBP1,"Fructose-1,6-bisphosphatase 1",Mental health,X29171.Frequency of feeling 'in tune' with people,35707,0.0696880740174071,0.0340298441749646,0.00298957943447649,0.136386568600338,0.0406112123275125
FBP1,"Fructose-1,6-bisphosphatase 1",Mental health,X29172.Freuency of feeling that lacks companionship,35841,0.0264661449057535,0.0315528027165637,-0.0353773484187114,0.0883096382302183,0.401615398070348
FBP1,"Fructose-1,6-bisphosphatase 1",Mental health,X29173.Frequency of feeling left out,35814,-0.00937344402487827,0.0327464451949666,-0.0735564766070128,0.0548095885572562,0.774700154718772
FBP1,"Fructose-1,6-bisphosphatase 1",Mental health,X29174.Frequency of feeling isolated from others,35845,-0.0262492603604316,0.0337879593924954,-0.0924736607697226,0.0399751400488594,0.437253708320411
FBP1,"Fructose-1,6-bisphosphatase 1",Mental health,X29175.Tendency to bounce back quickly after hard times,35895,-0.0447484993488393,0.0271529410309662,-0.097968263769533,0.00847126507185449,0.0993923334477531
FBP1,"Fructose-1,6-bisphosphatase 1",Mental health,X29176.Ability to make it through stressful events,35895,0.0398666688472617,0.0263222439742224,-0.0117249293422143,0.0914582670367376,0.129926718937813
FBP1,"Fructose-1,6-bisphosphatase 1",Mental health,X29177.Quick recovery from stressful events,35895,-0.0400838065328802,0.0270795504507495,-0.0931597254163493,0.0129921123505888,0.138856619657006
FBP1,"Fructose-1,6-bisphosphatase 1",Mental health,X29178.Hard to snap back when something bad happens,35895,0.00860580559468098,0.0265191866882253,-0.0433718003142407,0.0605834115036027,0.745559424982356
FBP1,"Fructose-1,6-bisphosphatase 1",Mental health,X29179.Comes through difficult times with little trouble,35895,-0.0188892044738368,0.0270497476001406,-0.0719067097701124,0.0341283008224388,0.485003413604822
FBP1,"Fructose-1,6-bisphosphatase 1",Mental health,X29180.Tendency to take a long time to get over setbacks,35895,0.0225198977542551,0.0266905845790746,-0.0297936480207312,0.0748334435292414,0.398842723916944
FBP1,"Fructose-1,6-bisphosphatase 1",Mental health,X29181.General happiness,35856,0.033933942787578,0.027490419052407,-0.0199472785551397,0.0878151641302957,0.217097008897686
FBP1,"Fructose-1,6-bisphosphatase 1",Mental health,X29182.Belief that own life is meaningful,35756,-0.0277591710175281,0.0280111551262306,-0.08266103506494,0.0271426930298838,0.321717074161804
FBP1,"Fructose-1,6-bisphosphatase 1",Lifestyle factors,X2926.Number of unsuccessful stop-smoking attempts,34836,-0.00789608640333485,0.0283947571246019,-0.0635498103675547,0.047757637560885,0.780958213195547
FBP1,"Fructose-1,6-bisphosphatase 1",Health and medical history,X2946.Father's age,33542,-0.00345792595762875,0.0178779451022303,-0.0384986983580001,0.0315828464427426,0.846639148974442
FBP1,"Fructose-1,6-bisphosphatase 1",Health and medical history,X2966.Age high blood pressure diagnosed,35525,0.0212715269709316,0.0140132806710508,-0.00619450314432794,0.0487375570861911,0.12907143632334
FBP1,"Fructose-1,6-bisphosphatase 1",Blood and urine assays,X30000.White blood cell (leukocyte) count,51591,-0.00945209667962458,0.00577209583730168,-0.0207654045207359,0.00186121116148672,0.101529244543562
FBP1,"Fructose-1,6-bisphosphatase 1",Blood and urine assays,X30010.Red blood cell (erythrocyte) count,51592,-0.0203608243259029,0.00619504671498274,-0.0325031158872691,-0.00821853276453675,0.00101545992223358
FBP1,"Fructose-1,6-bisphosphatase 1",Blood and urine assays,X30020.Haemoglobin concentration,51592,0.028122296783401,0.0065219271930126,0.0153393194850963,0.0409052740817057,1.62486350167075e-05
FBP1,"Fructose-1,6-bisphosphatase 1",Blood and urine assays,X30030.Haematocrit percentage,51592,0.0130644118852106,0.00640144257454235,0.000517584439107623,0.0256112393313136,0.0412767034302196
FBP1,"Fructose-1,6-bisphosphatase 1",Blood and urine assays,X30040.Mean corpuscular volume,51592,0.0504526742854821,0.00570365499884173,0.0392735104877523,0.0616318380832119,9.73895826658843e-19
FBP1,"Fructose-1,6-bisphosphatase 1",Blood and urine assays,X30050.Mean corpuscular haemoglobin,51592,0.0619806453990459,0.00572499733720261,0.0507596506181288,0.0732016401799631,3.00562601018841e-27
FBP1,"Fructose-1,6-bisphosphatase 1",Blood and urine assays,X30060.Mean corpuscular haemoglobin concentration,51592,0.0316148601122901,0.00557663299388698,0.0206846594442716,0.0425450607803085,1.45213350527963e-08
FBP1,"Fructose-1,6-bisphosphatase 1",Blood and urine assays,X30070.Red blood cell (erythrocyte) distribution width,51592,-0.00912555624404327,0.00584738799917116,-0.0205864367224188,0.00233532423433221,0.118626974787177
FBP1,"Fructose-1,6-bisphosphatase 1",Blood and urine assays,X30080.Platelet count,51592,-0.0303978827055917,0.00569945759605303,-0.0415688195938557,-0.0192269458173278,9.7263886950751e-08
FBP1,"Fructose-1,6-bisphosphatase 1",Blood and urine assays,X30090.Platelet crit,51592,-0.0282903119337736,0.00579701203853146,-0.0396524555292953,-0.016928168338252,1.06712675640127e-06
FBP1,"Fructose-1,6-bisphosphatase 1",Blood and urine assays,X30100.Mean platelet (thrombocyte) volume,51592,0.0115023908842153,0.00539901402450427,0.000920323396186921,0.0220844583722437,0.0331441238144324
FBP1,"Fructose-1,6-bisphosphatase 1",Blood and urine assays,X30110.Platelet distribution width,51592,0.0202935671136205,0.00554609511948665,0.00942322067942666,0.0311639135478143,0.00025369501414088
FBP1,"Fructose-1,6-bisphosphatase 1",Blood and urine assays,X30120.Lymphocyte count,51555,0.0220650485312839,0.00560474074264278,0.011079756675704,0.0330503403868637,8.28001614769712e-05
FBP1,"Fructose-1,6-bisphosphatase 1",Blood and urine assays,X30130.Monocyte count,51555,0.0531989982489536,0.00560895898288678,0.0422054386424955,0.0641925578554117,2.66067757900153e-21
FBP1,"Fructose-1,6-bisphosphatase 1",Blood and urine assays,X30140.Neutrophill count,51555,-0.0292194616183495,0.00570401729199134,-0.0403993355106525,-0.0180395877260465,3.03771174045452e-07
FBP1,"Fructose-1,6-bisphosphatase 1",Blood and urine assays,X30150.Eosinophill count,51555,0.0181440361999199,0.0054252549416825,0.0075105365142222,0.0287775358856176,0.000826029750290847
FBP1,"Fructose-1,6-bisphosphatase 1",Blood and urine assays,X30160.Basophill count,51555,0.0240470591820076,0.0164911778166991,-0.00827564933872268,0.0563697677027379,0.144805393485045
FBP1,"Fructose-1,6-bisphosphatase 1",Blood and urine assays,X30170.Nucleated red blood cell count,51555,-0.0729476391289734,0.0845555765776559,-0.238676569221179,0.0927812909632322,0.388301408596829
FBP1,"Fructose-1,6-bisphosphatase 1",Blood and urine assays,X30180.Lymphocyte percentage,51556,0.030154150686067,0.00555172976630785,0.0192727603441036,0.0410355410280304,5.64537500281202e-08
FBP1,"Fructose-1,6-bisphosphatase 1",Blood and urine assays,X30190.Monocyte percentage,51556,0.0668496176354623,0.00554292569738803,0.0559854832685817,0.0777137520023428,2.15848159348372e-33
FBP1,"Fructose-1,6-bisphosphatase 1",Blood and urine assays,X30200.Neutrophill percentage,51556,-0.0477971879878477,0.00546983577805254,-0.0585180661128306,-0.0370763098628647,2.5248924468422e-18
FBP1,"Fructose-1,6-bisphosphatase 1",Blood and urine assays,X30210.Eosinophill percentage,51556,0.0223747513003077,0.00537641253713679,0.0118369827275196,0.0329125198730958,3.17105813693538e-05
FBP1,"Fructose-1,6-bisphosphatase 1",Blood and urine assays,X30220.Basophill percentage,51556,0.000599958757315581,0.00562633224828785,-0.0104276524493286,0.0116275699639598,0.915080213392562
FBP1,"Fructose-1,6-bisphosphatase 1",Blood and urine assays,X30230.Nucleated red blood cell percentage,51554,-0.060650352842351,0.0845214344866353,-0.226312364436156,0.105011658751454,0.473027522454902
FBP1,"Fructose-1,6-bisphosphatase 1",Blood and urine assays,X30240.Reticulocyte percentage,51205,0.078940589260921,0.00591360921832092,0.067349915193012,0.09053126332883,1.70984429227388e-40
FBP1,"Fructose-1,6-bisphosphatase 1",Blood and urine assays,X30250.Reticulocyte count,51205,0.0736082486139374,0.00596609898691204,0.0619146945995898,0.085301802628285,7.34454656653362e-35
FBP1,"Fructose-1,6-bisphosphatase 1",Blood and urine assays,X30260.Mean reticulocyte volume,51205,0.0222381857110041,0.00561029016320769,0.011242016991117,0.0332343544308911,7.39863044023843e-05
FBP1,"Fructose-1,6-bisphosphatase 1",Blood and urine assays,X30270.Mean sphered cell volume,51205,0.0340342669166692,0.00563654230983991,0.022986643989383,0.0450818898439554,1.58327076043364e-09
FBP1,"Fructose-1,6-bisphosphatase 1",Blood and urine assays,X30280.Immature reticulocyte fraction,51205,0.0739081261309129,0.00582428080912294,0.062492535745032,0.0853237165167939,9.00887210372739e-37
FBP1,"Fructose-1,6-bisphosphatase 1",Blood and urine assays,X30290.High light scatter reticulocyte percentage,51205,0.0949217313772499,0.00598296074542412,0.0831951283162187,0.106648334438281,2.21976101063467e-56
FBP1,"Fructose-1,6-bisphosphatase 1",Blood and urine assays,X30300.High light scatter reticulocyte count,51205,0.0906344109196544,0.00600668573828559,0.0788613068726147,0.102407514966694,3.4022084833618e-51
FBP1,"Fructose-1,6-bisphosphatase 1",Blood and urine assays,X30500.Microalbumin in urine,37050,0.0432802304692667,0.00915776254227023,0.025331015886417,0.0612294450521164,2.32605764747097e-06
FBP1,"Fructose-1,6-bisphosphatase 1",Blood and urine assays,X30510.Creatinine (enzymatic) in urine,51644,0.0262274659919266,0.00604212033234602,0.0143849101405284,0.0380700218433248,1.42587883576872e-05
FBP1,"Fructose-1,6-bisphosphatase 1",Blood and urine assays,X30520.Potassium in urine,51597,0.0230224809565534,0.00563722861026379,0.0119735128804364,0.0340714490326704,4.44154840166637e-05
FBP1,"Fructose-1,6-bisphosphatase 1",Blood and urine assays,X30530.Sodium in urine,51610,-0.00513243265133784,0.00583971252496887,-0.0165782692002768,0.00631340389760114,0.3794730971573
FBP1,"Fructose-1,6-bisphosphatase 1",Blood and urine assays,X30600.Albumin,49442,0.0393201812866353,0.00595440211224638,0.0276495531466324,0.0509908094266381,4.11105473684788e-11
FBP1,"Fructose-1,6-bisphosphatase 1",Blood and urine assays,X30610.Alkaline phosphatase,51163,0.0418535074957462,0.00586818175485351,0.0303518712562334,0.0533551437352591,1.01701341543701e-12
FBP1,"Fructose-1,6-bisphosphatase 1",Blood and urine assays,X30620.Alanine aminotransferase,51149,0.381115639230694,0.00580081607630033,0.369746039721145,0.392485238740242,0
FBP1,"Fructose-1,6-bisphosphatase 1",Blood and urine assays,X30630.Apolipoprotein A,49378,0.0420633984799812,0.00645046787753024,0.0294204814400219,0.0547063155199405,7.14540460510583e-11
FBP1,"Fructose-1,6-bisphosphatase 1",Blood and urine assays,X30640.Apolipoprotein B,51001,0.0220701323925226,0.00550916536308303,0.0112721682808799,0.0328680965041654,6.19352659048279e-05
FBP1,"Fructose-1,6-bisphosphatase 1",Blood and urine assays,X30650.Aspartate aminotransferase,51084,0.347224297087635,0.00537191765134013,0.336695338491008,0.357753255684261,0
FBP1,"Fructose-1,6-bisphosphatase 1",Blood and urine assays,X30660.Direct bilirubin,49594,0.0322392974214696,0.00598007839849744,0.0205183437604146,0.0439602510825246,7.07769169880327e-08
FBP1,"Fructose-1,6-bisphosphatase 1",Blood and urine assays,X30670.Urea,51146,-0.0121495093856153,0.00574235732917497,-0.0234045297507982,-0.000894489020432364,0.0343752768580156
FBP1,"Fructose-1,6-bisphosphatase 1",Blood and urine assays,X30680.Calcium,49432,0.0448799496542607,0.0059005704324311,0.0333148316066957,0.0564450677018256,2.94597209029088e-14
FBP1,"Fructose-1,6-bisphosphatase 1",Blood and urine assays,X30690.Cholesterol,51167,0.0183732563708837,0.00554851323561077,0.00749817042908654,0.0292483423126808,0.000929815170408669
FBP1,"Fructose-1,6-bisphosphatase 1",Blood and urine assays,X30700.Creatinine,51154,-0.0131769112928262,0.00714937135580464,-0.0271896791502033,0.000835856564550912,0.0653294656253294
FBP1,"Fructose-1,6-bisphosphatase 1",Blood and urine assays,X30710.C-reactive protein,51087,0.0642349432616457,0.00611548360277021,0.0522485954002161,0.0762212911230753,9.53283077703272e-26
FBP1,"Fructose-1,6-bisphosphatase 1",Blood and urine assays,X30720.Cystatin C,51172,0.0352064626303076,0.0066061800960138,0.0222583496421206,0.0481545756184947,9.95255806060298e-08
FBP1,"Fructose-1,6-bisphosphatase 1",Blood and urine assays,X30730.Gamma glutamyltransferase,51150,0.285926639021815,0.00641248112383611,0.273358176019097,0.298495102024534,0
FBP1,"Fructose-1,6-bisphosphatase 1",Blood and urine assays,X30740.Glucose,49410,0.0460751527039706,0.00562930088203516,0.0350417229751817,0.0571085824327596,2.88100773948032e-16
FBP1,"Fructose-1,6-bisphosphatase 1",Blood and urine assays,X30750.Glycated haemoglobin (HbA1c),51054,0.0826731086861151,0.00565235463987889,0.0715944935919525,0.0937517237802777,3.18164453636584e-48
FBP1,"Fructose-1,6-bisphosphatase 1",Blood and urine assays,X30760.HDL cholesterol,49420,0.0228633296335653,0.00667096729529884,0.00978823373477956,0.035938425532351,0.000610819420208775
FBP1,"Fructose-1,6-bisphosphatase 1",Blood and urine assays,X30770.IGF-1,51060,-0.116067754607463,0.00583362853262884,-0.127501666531415,-0.10463384268351,2.47697880986326e-87
FBP1,"Fructose-1,6-bisphosphatase 1",Blood and urine assays,X30780.LDL direct,51112,0.0048914648121335,0.005530872581924,-0.00594904544843755,0.0157319750727045,0.376493563429596
FBP1,"Fructose-1,6-bisphosphatase 1",Blood and urine assays,X30790.Lipoprotein A,46595,-0.0306462374948532,0.00605213085107678,-0.0425084139629637,-0.0187840610267427,4.15234711798731e-07
FBP1,"Fructose-1,6-bisphosphatase 1",Blood and urine assays,X30810.Phosphate,49378,-0.00173420276814908,0.00576670466888856,-0.0130369439191707,0.0095685383828725,0.763625822946479
FBP1,"Fructose-1,6-bisphosphatase 1",Blood and urine assays,X30830.SHBG,49286,-0.0307720164794121,0.00766615778467286,-0.0457976857373709,-0.0157463472214533,5.99067241362826e-05
FBP1,"Fructose-1,6-bisphosphatase 1",Blood and urine assays,X30840.Total bilirubin,51068,0.0232268406650251,0.00604024456183508,0.0113879613238283,0.0350657200062218,0.000120713549352754
FBP1,"Fructose-1,6-bisphosphatase 1",Blood and urine assays,X30850.Testosterone,50934,-0.0371964788321497,0.00949356631201569,-0.0558038688037005,-0.018589088860599,8.95257165591912e-05
FBP1,"Fructose-1,6-bisphosphatase 1",Blood and urine assays,X30860.Total protein,49407,0.0741203644718795,0.00583785861619795,0.0626781615841316,0.0855625673596275,8.46846271324305e-37
FBP1,"Fructose-1,6-bisphosphatase 1",Blood and urine assays,X30870.Triglycerides,51139,0.0486097163239121,0.005795684448769,0.0372501748043248,0.0599692578434993,5.26585595293515e-17
FBP1,"Fructose-1,6-bisphosphatase 1",Blood and urine assays,X30880.Urate,51133,0.0992928900130065,0.00692120140132326,0.0857273352664129,0.1128584447596,1.80375967792076e-46
FBP1,"Fructose-1,6-bisphosphatase 1",Blood and urine assays,X30890.Vitamin D,50482,-0.0333604435995655,0.00623915192081727,-0.0455891813643674,-0.0211317058347637,9.03445505926961e-08
FBP1,"Fructose-1,6-bisphosphatase 1",Physical measures,X3137.Number of measurements made,49870,-0.0364517124154772,0.0197865849179095,-0.0752334188545798,0.00232999402362542,0.0654534145713136
FBP1,"Fructose-1,6-bisphosphatase 1",Physical measures,X3143.Ankle spacing width,42004,-0.0100501363169664,0.00997920727062266,-0.0296093825673869,0.00950910993345398,0.313901208927507
FBP1,"Fructose-1,6-bisphosphatase 1",Physical measures,"X3144.Heel Broadband ultrasound attenuation, direct entry",42003,-0.0199723612421845,0.00728215432602078,-0.0342453837211853,-0.0056993387631838,0.00610275419825342
FBP1,"Fructose-1,6-bisphosphatase 1",Physical measures,X3146.Speed of sound through heel,42004,-0.0242120536360609,0.00703747645130718,-0.0380055074806229,-0.0104185997914988,0.000582526957862599
FBP1,"Fructose-1,6-bisphosphatase 1",Physical measures,"X3147.Heel quantitative ultrasound index (QUI), direct entry",42004,-0.0231844120338379,0.00710406621500041,-0.0371083818152387,-0.00926044225243712,0.00110304799706302
FBP1,"Fructose-1,6-bisphosphatase 1",Physical measures,X3148.Heel bone mineral density (BMD),41985,-0.0232759487772577,0.00714309796717816,-0.0372764207929269,-0.00927547676158849,0.00112273109678164
FBP1,"Fructose-1,6-bisphosphatase 1",Health and medical history,X3526.Mother's age at death,42731,0.0028691647408345,0.00713433798508314,-0.0111141377099284,0.0168524671915974,0.687570362022375
FBP1,"Fructose-1,6-bisphosphatase 1",Health and medical history,"X3761.Age hay fever, rhinitis or eczema diagnosed",32985,-0.0101116359652308,0.0132373238740377,-0.0360567907583447,0.015833518827883,0.444983952190107
FBP1,"Fructose-1,6-bisphosphatase 1",Physical measures,X4100.Ankle spacing width (left),36198,0.00407843657532776,0.0138244563048799,-0.0230174977822368,0.0311743709328924,0.767989674899446
FBP1,"Fructose-1,6-bisphosphatase 1",Physical measures,X4101.Heel broadband ultrasound attenuation (left),36196,-0.0152590439817053,0.00996589509024199,-0.0347921983585796,0.00427411039516903,0.125779825998129
FBP1,"Fructose-1,6-bisphosphatase 1",Physical measures,X4103.Speed of sound through heel (left),36198,-0.023592502192467,0.00954636939226536,-0.0423033862013071,-0.00488161818362686,0.013481839614889
FBP1,"Fructose-1,6-bisphosphatase 1",Physical measures,"X4104.Heel quantitative ultrasound index (QUI), direct entry (left)",36198,-0.020998569165988,0.00967684220600277,-0.0399651798897534,-0.00203195844222255,0.030039126554662
FBP1,"Fructose-1,6-bisphosphatase 1",Physical measures,X4105.Heel bone mineral density (BMD) (left),36188,-0.0206869891754242,0.00971815278115347,-0.039734568626485,-0.00163940972436344,0.033311572159601
FBP1,"Fructose-1,6-bisphosphatase 1",Physical measures,"X4106.Heel bone mineral density (BMD) T-score, automated (left)",36198,-0.0209921255777998,0.00967744796168365,-0.0399599235826997,-0.0020243275728998,0.0300999359845978
FBP1,"Fructose-1,6-bisphosphatase 1",Physical measures,X4119.Ankle spacing width (right),36183,0.00512749563794245,0.0135614182046999,-0.0214528840432694,0.0317078753191543,0.70537108659311
FBP1,"Fructose-1,6-bisphosphatase 1",Physical measures,X4120.Heel broadband ultrasound attenuation (right),36182,-0.00995267275759545,0.010040042248536,-0.029631155564726,0.00972581004953515,0.321571773921802
FBP1,"Fructose-1,6-bisphosphatase 1",Physical measures,X4122.Speed of sound through heel (right),36183,-0.0137836690591404,0.00953528125001516,-0.0324728203091701,0.0049054821908893,0.148346454417366
FBP1,"Fructose-1,6-bisphosphatase 1",Physical measures,"X4123.Heel quantitative ultrasound index (QUI), direct entry (right)",36183,-0.0130207154592437,0.00969775209845356,-0.0320283095722127,0.0059868786537253,0.17942456594705
FBP1,"Fructose-1,6-bisphosphatase 1",Physical measures,X4124.Heel bone mineral density (BMD) (right),36172,-0.0135162097024638,0.00973616813613937,-0.0325990992492969,0.00556667984436939,0.16510257570187
FBP1,"Fructose-1,6-bisphosphatase 1",Physical measures,"X4125.Heel bone mineral density (BMD) T-score, automated (right)",36183,-0.0130290356820451,0.0096977643198537,-0.0320366537489584,0.00597858238486813,0.179147347604252
FBP1,"Fructose-1,6-bisphosphatase 1",Physical measures,X4194.Pulse rate,36573,0.0363169382896932,0.00896769492655657,0.0187402562336424,0.0538936203457441,5.17577238574192e-05
FBP1,"Fructose-1,6-bisphosphatase 1",Physical measures,X4195.Pulse wave reflection index,36573,-0.0267334212338571,0.00940612258665726,-0.0451694215037053,-0.0082974209640089,0.00449270317522474
FBP1,"Fructose-1,6-bisphosphatase 1",Physical measures,X4196.Pulse wave peak to peak time,36566,-0.0141269033113776,0.0104007860168248,-0.0345124439043542,0.00625863728159898,0.174421745673981
FBP1,"Fructose-1,6-bisphosphatase 1",Physical measures,X4198.Position of the pulse wave peak,36573,0.0256659556178889,0.0112236791441755,0.00366754449530486,0.047664366740473,0.0222354301196029
FBP1,"Fructose-1,6-bisphosphatase 1",Physical measures,X4199.Position of pulse wave notch,36573,0.0197624098875238,0.00909133521247707,0.00194339287106876,0.0375814269039789,0.0297522492193308
FBP1,"Fructose-1,6-bisphosphatase 1",Physical measures,X4200.Position of the shoulder on the pulse waveform,36573,0.0282585024322063,0.0114107697101592,0.00589339380029429,0.0506236110641184,0.0132892317255596
FBP1,"Fructose-1,6-bisphosphatase 1",Physical measures,X4269.Number of triplets attempted (left),36349,0.0423043098044265,0.0801259394955223,-0.114742531606797,0.19935115121565,0.597533419209074
FBP1,"Fructose-1,6-bisphosphatase 1",Physical measures,X4270.Volume level set by participant (left),36258,0.0148996324675355,0.0250716867181065,-0.0342408734999532,0.0640401384350242,0.552341602276233
FBP1,"Fructose-1,6-bisphosphatase 1",Physical measures,X4276.Number of triplets attempted (right),36353,0.0858086172625684,0.0798755323611799,-0.0707474261653441,0.242364660690481,0.282731085482396
FBP1,"Fructose-1,6-bisphosphatase 1",Physical measures,X4277.Volume level set by participant (right),36263,0.0127360028956085,0.0248361631297863,-0.0359428768387727,0.0614148826299897,0.608105497290906
FBP1,"Fructose-1,6-bisphosphatase 1",Cognitive function,X4288.Time to answer,36536,-0.0385955561061231,0.010742133245089,-0.0596501372664975,-0.0175409749457487,0.000328981336639539
FBP1,"Fructose-1,6-bisphosphatase 1",Cognitive function,X4290.Duration screen displayed,36536,-0.0137087002502178,0.0100456091132153,-0.0333980941121197,0.00598069361168408,0.172403031795336
FBP1,"Fructose-1,6-bisphosphatase 1",Physical measures,X46.Hand grip strength (left),52194,-0.015378942622344,0.00735151787381615,-0.0297879176550237,-0.00096996758966437,0.0364544439407739
FBP1,"Fructose-1,6-bisphosphatase 1",Physical measures,X47.Hand grip strength (right),52196,-0.021424901952141,0.00724978338124431,-0.0356344773793799,-0.00721532652490219,0.00312727346970139
FBP1,"Fructose-1,6-bisphosphatase 1",Physical measures,X48.Waist circumference,52253,0.113765610874032,0.0137065192673005,0.0869008331101234,0.140630388637941,1.0951383102758e-16
FBP1,"Fructose-1,6-bisphosphatase 1",Health and medical history,X4803.Tinnitus,36383,-0.0234797540931966,0.0287642827267149,-0.0798577482375579,0.0328982400511646,0.414364099998691
FBP1,"Fructose-1,6-bisphosphatase 1",Working and living environment,X4825.Noisy workplace,36467,-0.0315074622770709,0.0272771311233945,-0.0849706392789241,0.0219557147247824,0.248089851820876
FBP1,"Fructose-1,6-bisphosphatase 1",Working and living environment,X4836.Loud music exposure frequency,36417,0.00975356306505385,0.036221091697043,-0.0612397766611504,0.0807469027912581,0.787722445973229
FBP1,"Fructose-1,6-bisphosphatase 1",Physical measures,X49.Hip circumference,52247,0.00612195700430312,0.0101367085932205,-0.013745991838409,0.0259899058470153,0.545889772119904
FBP1,"Fructose-1,6-bisphosphatase 1",Physical measures,X50.Standing height,52204,-0.0119160676649514,0.00768307157519601,-0.0269748879523356,0.00314275262243282,0.120926830115896
FBP1,"Fructose-1,6-bisphosphatase 1",Health and medical history,X5057.Number of older siblings,35525,-0.0401430407290327,0.0267732148931847,-0.0926185419196747,0.0123324604616094,0.133822434697512
FBP1,"Fructose-1,6-bisphosphatase 1",Physical measures,X51.Seated height,52101,-0.00648206801454643,0.00667777540607586,-0.0195705078104551,0.00660637178136226,0.331711305120882
FBP1,"Fructose-1,6-bisphosphatase 1",Eye measures,X5181.Ever had eye surgery,33952,0.0355120040284775,0.0605403625448777,-0.0831471065594828,0.154171114616438,0.557507924033495
FBP1,"Fructose-1,6-bisphosphatase 1",Eye measures,X5186.Duration visual-acuity screen displayed (right),33941,-0.000207563226430327,0.0116442657704711,-0.0230303241365537,0.0226151976836931,0.985778839630743
FBP1,"Fructose-1,6-bisphosphatase 1",Eye measures,X5188.Duration visual-acuity screen displayed (left),33937,0.0109929419273275,0.0120377949020796,-0.0126011360807486,0.0345870199354035,0.361177407726289
FBP1,"Fructose-1,6-bisphosphatase 1",Eye measures,X5190.Duration at which refractometer first shown (right),33884,0.00606689808584429,0.0120575110677376,-0.0175658236069214,0.02969961977861,0.614870377743065
FBP1,"Fructose-1,6-bisphosphatase 1",Eye measures,X5193.Duration at which refractometer first shown (left),33880,0.00609888669050675,0.0120981541491191,-0.0176134954417668,0.0298112688227803,0.614200107485868
FBP1,"Fructose-1,6-bisphosphatase 1",Eye measures,"X5199.logMAR, initial (right)",33920,0.00673027183606812,0.031234475977553,-0.0544893010799358,0.0679498447520721,0.829404685856203
FBP1,"Fructose-1,6-bisphosphatase 1",Eye measures,X5200.Final number of letters displayed (right),33920,-0.060295043079427,0.188502310733002,-0.429759572116112,0.309169485957258,0.749084235883007
FBP1,"Fructose-1,6-bisphosphatase 1",Eye measures,"X5201.logMAR, final (right)",33859,0.00249127199716992,0.0115171633306409,-0.0200823681308862,0.025064912125226,0.828754883485306
FBP1,"Fructose-1,6-bisphosphatase 1",Eye measures,X5202.Number of rounds to result (right),33920,0.0435775014438545,0.0296425914694765,-0.0145219778363195,0.101676980724028,0.141594591094072
FBP1,"Fructose-1,6-bisphosphatase 1",Eye measures,"X5206.logMAR, initial (left)",33915,0.0207160829689514,0.0313503935930862,-0.0407306884734975,0.0821628544114002,0.508774487646724
FBP1,"Fructose-1,6-bisphosphatase 1",Eye measures,X5207.Final number of letters displayed (left),33915,0.142819451689649,0.193043519630969,-0.23554584678705,0.521184750166349,0.459435638280999
FBP1,"Fructose-1,6-bisphosphatase 1",Eye measures,"X5208.logMAR, final (left)",33869,-0.00265213604179581,0.0116186530783816,-0.0254246960754238,0.0201204239918322,0.819448809265535
FBP1,"Fructose-1,6-bisphosphatase 1",Eye measures,X5209.Number of rounds to result (left),33911,0.0378716110391036,0.0295913661962256,-0.0201274667054985,0.0958706887837057,0.200664599257921
FBP1,"Fructose-1,6-bisphosphatase 1",Eye measures,"X5254.Intra-ocular pressure, corneal-compensated (right)",33715,0.0121837647282677,0.0115736045604019,-0.0105005002101201,0.0348680296666555,0.292519077270163
FBP1,"Fructose-1,6-bisphosphatase 1",Eye measures,"X5255.Intra-ocular pressure, Goldmann-correlated (right)",33715,0.0161118170070355,0.01135006419519,-0.00613430881553691,0.0383579428296079,0.155803945550071
FBP1,"Fructose-1,6-bisphosphatase 1",Eye measures,X5256.Corneal hysteresis (right),33715,0.00740871411090865,0.0117879679708086,-0.0156957031118761,0.0305131313336934,0.529705829011371
FBP1,"Fructose-1,6-bisphosphatase 1",Eye measures,X5257.Corneal resistance factor (right),33715,0.0153596138869039,0.0116108548397262,-0.00739766159895948,0.0381168893727674,0.185938828538424
FBP1,"Fructose-1,6-bisphosphatase 1",Eye measures,"X5262.Intra-ocular pressure, corneal-compensated (left)",33688,-0.00356367422295775,0.0115961323849837,-0.0262920936975257,0.0191647452516102,0.758615619325796
FBP1,"Fructose-1,6-bisphosphatase 1",Eye measures,"X5263.Intra-ocular pressure, Goldmann-correlated (left)",33688,0.0141330006189516,0.011458841294296,-0.00832632831786853,0.0365923295557718,0.217494417469053
FBP1,"Fructose-1,6-bisphosphatase 1",Eye measures,X5264.Corneal hysteresis (left),33688,0.0241342889467984,0.011591667192332,0.00141462124982771,0.0468539566437691,0.037388873342257
FBP1,"Fructose-1,6-bisphosphatase 1",Eye measures,X5265.Corneal resistance factor (left),33688,0.0239729015955517,0.0115020903605761,0.00142880448882252,0.046516998702281,0.0371898074414892
FBP1,"Fructose-1,6-bisphosphatase 1",Lifestyle factors,X5364.Average weekly intake of other alcoholic drinks,34602,0.11431086646588,0.131128399960188,-0.142700797456089,0.371322530387849,0.383380967285643
FBP1,"Fructose-1,6-bisphosphatase 1",Diet and food preferences,"X6144#1.Never eat eggs, dairy, wheat, sugar_Eggs or foods containing eggs",52185,-0.0127712811645871,0.0300270397397617,-0.07162427905452,0.0460817167253458,0.670602911901267
FBP1,"Fructose-1,6-bisphosphatase 1",Diet and food preferences,"X6144#2.Never eat eggs, dairy, wheat, sugar_Dairy products",52185,-0.00142788712976072,0.0349940484115556,-0.0700162220164097,0.0671604477568883,0.967452724170514
FBP1,"Fructose-1,6-bisphosphatase 1",Diet and food preferences,"X6144#3.Never eat eggs, dairy, wheat, sugar_Wheat products",52185,0.0511789305744044,0.0845323240388222,-0.114504424541687,0.216862285690496,0.54489501779388
FBP1,"Fructose-1,6-bisphosphatase 1",Diet and food preferences,"X6144#4.Never eat eggs, dairy, wheat, sugar_Sugar or foods or drinks containing sugar",52185,0.0027191432124203,0.0136601563563451,-0.0240547632460161,0.0294930496708567,0.8422202469906
FBP1,"Fructose-1,6-bisphosphatase 1",Diet and food preferences,"X6144#5.Never eat eggs, dairy, wheat, sugar_I eat all of the above",52185,-0.00655307026193094,0.0126671194498505,-0.031380624383638,0.0182744838597761,0.604931253401415
FBP1,"Fructose-1,6-bisphosphatase 1",Mental health,"X6145#3.Illness, injury, bereavement, stress in last 2 years_Death of a close relative",38940,-0.028062088662315,0.0164941611461208,-0.0603906445087117,0.00426646718408175,0.0889102211742331
FBP1,"Fructose-1,6-bisphosphatase 1",Mental health,"X6145#4.Illness, injury, bereavement, stress in last 2 years_Death of a spouse or partner",38940,-0.120563110229953,0.051010006612997,-0.220542723191427,-0.0205834972684793,0.0181206981465224
FBP1,"Fructose-1,6-bisphosphatase 1",Mental health,"X6145#5.Illness, injury, bereavement, stress in last 2 years_Marital separation or divorce",38940,-0.0158815343658794,0.0317286217728108,-0.0780696330405885,0.0463065643088298,0.61670355435237
FBP1,"Fructose-1,6-bisphosphatase 1",Mental health,"X6145#6.Illness, injury, bereavement, stress in last 2 years_Financial difficulties",38940,-0.00664707156617764,0.0191779956965709,-0.0442359431314566,0.0309417999991013,0.728899750578957
FBP1,"Fructose-1,6-bisphosphatase 1",Eye measures,X6147#1.Reason for glasses or contact lenses_For short-sightedness,52255,-0.111114204112569,0.0288628606489463,-0.167685410984504,-0.0545429972406345,0.000118559394277313
FBP1,"Fructose-1,6-bisphosphatase 1",Eye measures,X6147#2.Reason for glasses or contact lenses_For long-sightedness,52255,-0.111114204112569,0.0288628606489463,-0.167685410984504,-0.0545429972406345,0.000118559394277313
FBP1,"Fructose-1,6-bisphosphatase 1",Eye measures,X6147#3.Reason for glasses or contact lenses_For just reading or near work as you are getting older (called 'presbyopia'),52255,-0.0120920099278231,0.0210352018064117,-0.05332100546839,0.0291369856127439,0.565400653110208
FBP1,"Fructose-1,6-bisphosphatase 1",Eye measures,X6147#4.Reason for glasses or contact lenses_For 'astigmatism',52255,0.0143920095292099,0.0371644597147102,-0.0584503315116221,0.0872343505700419,0.698573177244362
FBP1,"Fructose-1,6-bisphosphatase 1",Eye measures,X6147#5.Reason for glasses or contact lenses_For a 'squint' or 'turn' in an eye since childhood (called 'strabismus'),52255,-0.115316527965444,0.0864152117920593,-0.284690343077881,0.0540572871469918,0.182070220710811
FBP1,"Fructose-1,6-bisphosphatase 1",Eye measures,X6147#6.Reason for glasses or contact lenses_For a 'lazy' eye or an eye with poor vision since childhood (called 'amblyopia'),52255,-0.0711623469179467,0.0612750939892706,-0.191261531136917,0.0489368373010237,0.24550788573563
FBP1,"Fructose-1,6-bisphosphatase 1",Eye measures,X6147#7.Reason for glasses or contact lenses_Other eye condition,52255,-0.0776699542727069,0.091075055643882,-0.256177063334716,0.100837154789302,0.393771874469226
FBP1,"Fructose-1,6-bisphosphatase 1",Health and medical history,X6149#1.Mouth or teeth dental problems_Mouth ulcers,52184,0.00973434445023614,0.0187603399197653,-0.0270359217925039,0.0465046106929762,0.603850064632654
FBP1,"Fructose-1,6-bisphosphatase 1",Health and medical history,X6149#2.Mouth or teeth dental problems_Painful gums,52184,0.0177499715134741,0.0331609895015047,-0.0472455679094752,0.0827455109364233,0.592470536229893
FBP1,"Fructose-1,6-bisphosphatase 1",Health and medical history,X6149#3.Mouth or teeth dental problems_Bleeding gums,52184,-0.00352846564586028,0.0171166805932551,-0.0370771596086403,0.0300202283169197,0.836681822722069
FBP1,"Fructose-1,6-bisphosphatase 1",Health and medical history,X6149#4.Mouth or teeth dental problems_Loose teeth,52184,0.000985416833944252,0.0253957613710623,-0.0487902754533378,0.0507611091212263,0.96904824902015
FBP1,"Fructose-1,6-bisphosphatase 1",Health and medical history,X6149#5.Mouth or teeth dental problems_Toothache,52184,0.0178642087319933,0.0255660714759056,-0.0322452913607817,0.0679737088247683,0.484717217549668
FBP1,"Fructose-1,6-bisphosphatase 1",Health and medical history,X6149#6.Mouth or teeth dental problems_Dentures,52184,0.0305414493393458,0.014402083896269,0.00231336490265849,0.0587695337760332,0.0339636036404969
FBP1,"Fructose-1,6-bisphosphatase 1",Health and medical history,X6150#1.Vascular or heart problems diagnosed by doctor_Heart attack,37132,0.0792946302991527,0.0277440614162692,0.0249162699232651,0.13367299067504,0.00427250569103226
FBP1,"Fructose-1,6-bisphosphatase 1",Health and medical history,X6150#2.Vascular or heart problems diagnosed by doctor_Angina,37132,0.0536481561535373,0.0264466200393041,0.00181278087650131,0.105483531430573,0.042535663334475
FBP1,"Fructose-1,6-bisphosphatase 1",Health and medical history,X6150#3.Vascular or heart problems diagnosed by doctor_Stroke,37132,-0.0129624832820214,0.0383718205495847,-0.0881712515592075,0.0622462849951647,0.73551274827149
FBP1,"Fructose-1,6-bisphosphatase 1",Health and medical history,X6150#4.Vascular or heart problems diagnosed by doctor_High blood pressure,37132,-0.0273654033040348,0.0287066227367732,-0.0836303838681102,0.0288995772600407,0.340476039657052
FBP1,"Fructose-1,6-bisphosphatase 1",Health and medical history,X6151#1.Fractured bone site(s)_Ankle,52132,0.101894201879629,0.0507124406009195,0.00249781830182712,0.201290585457432,0.0445215428132475
FBP1,"Fructose-1,6-bisphosphatase 1",Health and medical history,X6151#2.Fractured bone site(s)_Leg,52132,0.111827124050815,0.0625894596646058,-0.0108482168918123,0.234502464993443,0.0740026390972454
FBP1,"Fructose-1,6-bisphosphatase 1",Health and medical history,X6151#3.Fractured bone site(s)_Hip,52132,0.000894223332188377,0.12381727889638,-0.241787643304716,0.243576089969093,0.994237692715562
FBP1,"Fructose-1,6-bisphosphatase 1",Health and medical history,X6151#4.Fractured bone site(s)_Spine,52132,-0.00460635119171485,0.119741813798018,-0.23930030623583,0.230087603852401,0.969314051571881
FBP1,"Fructose-1,6-bisphosphatase 1",Health and medical history,X6151#5.Fractured bone site(s)_Wrist,52132,-0.0195085688792616,0.0479068051650025,-0.113405907002666,0.0743887692441432,0.683850735704672
FBP1,"Fructose-1,6-bisphosphatase 1",Health and medical history,X6151#6.Fractured bone site(s)_Arm,52132,-0.0121004048320495,0.057001745859807,-0.123823826717271,0.0996230170531722,0.831889420397677
FBP1,"Fructose-1,6-bisphosphatase 1",Health and medical history,X6151#7.Fractured bone site(s)_Other bones,52132,0.0162296906947922,0.0237360848606792,-0.0302930356321389,0.0627524170217234,0.494135980912043
FBP1,"Fructose-1,6-bisphosphatase 1",Health and medical history,"X6152#5.Blood clot, DVT, bronchitis, emphysema, asthma, rhinitis, eczema, allergy diagnosed by doctor_Blood clot in the leg (DVT)",35678,0.0153336479650918,0.0412209621677602,-0.0654594378837182,0.0961267338139019,0.709913918833055
FBP1,"Fructose-1,6-bisphosphatase 1",Health and medical history,"X6152#6.Blood clot, DVT, bronchitis, emphysema, asthma, rhinitis, eczema, allergy diagnosed by doctor_Emphysema or chronic bronchitis",35678,-0.0415455254338396,0.0403527111922155,-0.120636839370582,0.0375457885029027,0.303251919066708
FBP1,"Fructose-1,6-bisphosphatase 1",Health and medical history,"X6152#7.Blood clot, DVT, bronchitis, emphysema, asthma, rhinitis, eczema, allergy diagnosed by doctor_Blood clot in the lung",35678,0.174312079799453,0.0569645086383763,0.0626616428682352,0.28596251673067,0.00222156743660632
FBP1,"Fructose-1,6-bisphosphatase 1",Health and medical history,"X6152#8.Blood clot, DVT, bronchitis, emphysema, asthma, rhinitis, eczema, allergy diagnosed by doctor_Asthma",35678,0.00894295288071817,0.02070857811574,-0.0316458602261322,0.0495317659875686,0.665865225680217
FBP1,"Fructose-1,6-bisphosphatase 1",Health and medical history,"X6154#1.Medication for pain relief, constipation, heartburn_Aspirin",38813,0.0792406469889285,0.0177058803732265,0.0445371214574044,0.113944172520452,7.70992855135482e-06
FBP1,"Fructose-1,6-bisphosphatase 1",Health and medical history,"X6154#2.Medication for pain relief, constipation, heartburn_Ibuprofen",38813,-0.0501776543050743,0.0195831557495517,-0.0885606395741957,-0.0117946690359529,0.0104127641226805
FBP1,"Fructose-1,6-bisphosphatase 1",Health and medical history,"X6154#3.Medication for pain relief, constipation, heartburn_Paracetamol",38813,-0.0564170685808985,0.0173590022182665,-0.0904407129287008,-0.0223934242330962,0.00115771357202308
FBP1,"Fructose-1,6-bisphosphatase 1",Health and medical history,"X6154#4.Medication for pain relief, constipation, heartburn_Ranitidine",38814,-0.0167560759157365,0.0402396373518801,-0.0956257651254215,0.0621136132939485,0.677120788592039
FBP1,"Fructose-1,6-bisphosphatase 1",Health and medical history,"X6154#5.Medication for pain relief, constipation, heartburn_Omeprazole",38814,0.0290092979364993,0.0240955358619326,-0.0182179523528887,0.0762365482258872,0.228645185515497
FBP1,"Fructose-1,6-bisphosphatase 1",Health and medical history,"X6154#6.Medication for pain relief, constipation, heartburn_Laxatives",38814,-0.133393263373525,0.0435181556708226,-0.218688848488337,-0.0480976782587128,0.00218068509575439
FBP1,"Fructose-1,6-bisphosphatase 1",Health and medical history,X6155#1.Vitamin and mineral supplements_Vitamin A,52184,-0.0232782155038236,0.0371310324181545,-0.0960550390434064,0.0494986080357591,0.53071723912743
FBP1,"Fructose-1,6-bisphosphatase 1",Health and medical history,X6155#2.Vitamin and mineral supplements_Vitamin B,52184,0.0247965946058027,0.0299196988415218,-0.03384601512358,0.0834392043351855,0.407242088019591
FBP1,"Fructose-1,6-bisphosphatase 1",Health and medical history,X6155#3.Vitamin and mineral supplements_Vitamin C,52184,-0.0413822706755864,0.0592440152950477,-0.15750054065388,0.0747359993027071,0.484868005325265
FBP1,"Fructose-1,6-bisphosphatase 1",Health and medical history,X6155#4.Vitamin and mineral supplements_Vitamin D,52184,-0.0515677955096897,0.0334370905356228,-0.11710449295951,0.013968901940131,0.123030320080996
FBP1,"Fructose-1,6-bisphosphatase 1",Health and medical history,X6155#5.Vitamin and mineral supplements_Vitamin E,52184,-0.0360651209658423,0.0343242538754451,-0.103340658561715,0.0312104166300301,0.293398764294319
FBP1,"Fructose-1,6-bisphosphatase 1",Health and medical history,X6155#6.Vitamin and mineral supplements_Folic acid or Folate (Vit B9),52184,-0.052880104565004,0.0412880144557134,-0.133804612898202,0.0280444037681943,0.200290000962613
FBP1,"Fructose-1,6-bisphosphatase 1",Health and medical history,X6155#7.Vitamin and mineral supplements_Multivitamins + or - minerals,52184,-0.00792399568817225,0.0119724838078319,-0.0313900639515227,0.0155420725751782,0.50807343523686
FBP1,"Fructose-1,6-bisphosphatase 1",Lifestyle factors,X6157#1.Why stopped smoking_Illness or ill health,34195,0.0422965275828494,0.0298370443590447,-0.0161840793608781,0.100777134526577,0.15636783328781
FBP1,"Fructose-1,6-bisphosphatase 1",Lifestyle factors,X6157#2.Why stopped smoking_Doctor's advice,34195,0.0587305402898928,0.0359345557857923,-0.01170118905026,0.129162269630046,0.102236389050121
FBP1,"Fructose-1,6-bisphosphatase 1",Lifestyle factors,X6157#3.Why stopped smoking_Health precaution,34195,-0.0156449593653972,0.0266713673135472,-0.0679208392999497,0.0366309205691553,0.557507752029951
FBP1,"Fructose-1,6-bisphosphatase 1",Lifestyle factors,X6157#4.Why stopped smoking_Financial reasons,34195,-0.0212744435089996,0.0236529091025583,-0.0676341453500139,0.0250852583320146,0.3684554523671
FBP1,"Fructose-1,6-bisphosphatase 1",Health and medical history,X6159#1.Pain type(s) experienced in last month_Headache,52291,0.013523554747455,0.0145352697032222,-0.0149655738708605,0.0420126833657706,0.352175641791472
FBP1,"Fructose-1,6-bisphosphatase 1",Health and medical history,X6159#2.Pain type(s) experienced in last month_Facial pain,52291,0.0319467498122583,0.0478560170837856,-0.0618510436719614,0.125744543296478,0.504421173203718
FBP1,"Fructose-1,6-bisphosphatase 1",Health and medical history,X6159#3.Pain type(s) experienced in last month_Neck or shoulder pain,52291,-0.004867871841713,0.0128151723673689,-0.0299856096817561,0.0202498659983301,0.704058511686295
FBP1,"Fructose-1,6-bisphosphatase 1",Health and medical history,X6159#4.Pain type(s) experienced in last month_Back pain,52291,0.00625324842836625,0.0119722338683426,-0.0172123299535852,0.0297188268103177,0.601457591380499
FBP1,"Fructose-1,6-bisphosphatase 1",Health and medical history,X6159#5.Pain type(s) experienced in last month_Stomach or abdominal pain,52291,0.048763545701617,0.0202497672761924,0.00907400184027993,0.088453089562954,0.0160432016291718
FBP1,"Fructose-1,6-bisphosphatase 1",Health and medical history,X6159#6.Pain type(s) experienced in last month_Hip pain,52291,-0.00599290363602636,0.0182798246255216,-0.0418213599020488,0.029835552629996,0.743033638733042
FBP1,"Fructose-1,6-bisphosphatase 1",Health and medical history,X6159#7.Pain type(s) experienced in last month_Knee pain,52291,0.00180953521206707,0.0129109443618738,-0.0234959157372056,0.0271149861613398,0.888538606697357
FBP1,"Fructose-1,6-bisphosphatase 1",Health and medical history,X6159#8.Pain type(s) experienced in last month_Pain all over the body,52291,0.0484946103420451,0.0421824510113124,-0.0341829936401272,0.131172214324217,0.250304002532315
FBP1,"Fructose-1,6-bisphosphatase 1",Lifestyle factors,X6160#1.Leisure or social activities_Sports club or gym,45091,-0.037347212231982,0.0132685330088461,-0.0633535369293204,-0.0113408875346437,0.00488775192344545
FBP1,"Fructose-1,6-bisphosphatase 1",Lifestyle factors,X6160#2.Leisure or social activities_Pub or social club,45091,0.0697779145419191,0.0130426488194575,0.0442143228557824,0.0953415062280559,8.913799251278e-08
FBP1,"Fructose-1,6-bisphosphatase 1",Lifestyle factors,X6160#3.Leisure or social activities_Religious group,45091,-0.0230841430862212,0.0168853926593574,-0.0561795126985618,0.0100112265261194,0.171610318699922
FBP1,"Fructose-1,6-bisphosphatase 1",Lifestyle factors,X6160#4.Leisure or social activities_Adult education class,45092,-0.0133708021030328,0.0262281482562845,-0.0647779726853506,0.0380363684792849,0.610206631986148
FBP1,"Fructose-1,6-bisphosphatase 1",Lifestyle factors,X6160#5.Leisure or social activities_Other group activity,45092,-0.0115818811078296,0.0149446176808193,-0.0408733317622354,0.0177095695465762,0.438358583603762
FBP1,"Fructose-1,6-bisphosphatase 1",Physical activities,X6162#1.Types of transport used (excluding work)_Car or motor vehicle,52065,-0.0118530641847729,0.0137373190012972,-0.0387782094273154,0.0150720810577696,0.388236028550709
FBP1,"Fructose-1,6-bisphosphatase 1",Physical activities,X6162#2.Types of transport used (excluding work)_Walk,52065,-0.00181971330619177,0.010796366039982,-0.0229805907445565,0.0193411641321729,0.866153098544776
FBP1,"Fructose-1,6-bisphosphatase 1",Physical activities,X6162#3.Types of transport used (excluding work)_Public transport,52065,0.0301433723162267,0.0121903044501507,0.00625037559393135,0.054036369038522,0.013415446883917
FBP1,"Fructose-1,6-bisphosphatase 1",Physical activities,X6162#4.Types of transport used (excluding work)_Cycle,52065,-0.055609510098394,0.0186326390196559,-0.0921294825769196,-0.0190895376198683,0.00284314873083276
FBP1,"Fructose-1,6-bisphosphatase 1",Physical activities,X6164#1.Types of physical activity in last 4 weeks_Walking for pleasure (not as a means of transport),52088,-0.0252030904589696,0.0116227842854613,-0.0479837476584738,-0.00242243325946543,0.0301366675773204
FBP1,"Fructose-1,6-bisphosphatase 1",Physical activities,X6164#3.Types of physical activity in last 4 weeks_Strenuous sports,52088,-0.0722079670686828,0.0162310150903539,-0.104020756645776,-0.0403951774915891,8.67620656608492e-06
FBP1,"Fructose-1,6-bisphosphatase 1",Health and medical history,X6179#1.Mineral and other dietary supplements_Fish oil (including cod liver oil),52184,-0.00257412775019935,0.011866367164529,-0.0258322073926761,0.0206839518922774,0.828267616383095
FBP1,"Fructose-1,6-bisphosphatase 1",Health and medical history,X6179#2.Mineral and other dietary supplements_Glucosamine,52184,-0.0113488900472363,0.0148894531048114,-0.0405322181326666,0.0178344380381941,0.445942301394293
FBP1,"Fructose-1,6-bisphosphatase 1",Health and medical history,X6179#3.Mineral and other dietary supplements_Calcium,52184,-0.0611777432053352,0.0317106292823475,-0.123330576598736,0.000975090188065929,0.053711770887295
FBP1,"Fructose-1,6-bisphosphatase 1",Health and medical history,X6179#4.Mineral and other dietary supplements_Zinc,52184,-0.0775730133697838,0.0291017145306871,-0.134612373849931,-0.020533652889637,0.00769074900763996
FBP1,"Fructose-1,6-bisphosphatase 1",Health and medical history,X6179#5.Mineral and other dietary supplements_Iron,52184,-0.0461278943852976,0.0350663284903538,-0.114857898226391,0.0226021094557958,0.188372527972052
FBP1,"Fructose-1,6-bisphosphatase 1",Health and medical history,X6179#6.Mineral and other dietary supplements_Selenium,52184,-0.00863836650446295,0.0363426286172456,-0.0798699185942642,0.0625931855853384,0.812121745905088
FBP1,"Fructose-1,6-bisphosphatase 1",Physical measures,"X78.Heel bone mineral density (BMD) T-score, automated",42004,-0.0231820843747617,0.00710408565064746,-0.0371060922500308,-0.0092580764994927,0.0011043578827198
FBP1,"Fructose-1,6-bisphosphatase 1",Physical activities,X864.Number of days or week walked 10+ minutes,51817,-0.0351873601146038,0.0147235272303752,-0.0640454734861391,-0.00632924674306844,0.0168621283122224
FBP1,"Fructose-1,6-bisphosphatase 1",Physical activities,X874.Duration of walks,49164,-0.0126983532158596,0.0055470026158874,-0.0235704783429989,-0.00182622808872026,0.022076200166229
FBP1,"Fructose-1,6-bisphosphatase 1",Physical activities,X884.Number of days or week of moderate physical activity 10+ minutes,51219,-0.0466420024316232,0.0142247856399956,-0.0745225822860146,-0.0187614225772317,0.00104360764945565
FBP1,"Fructose-1,6-bisphosphatase 1",Physical activities,X894.Duration of moderate activity,46415,-0.0334974759270243,0.0170627979115376,-0.066940559833638,-5.4392020410618e-05,0.0496398959113463
FBP1,"Fructose-1,6-bisphosphatase 1",Physical activities,X90087.No-wear time bias adjusted average acceleration,33314,-0.0338348989623922,0.0123965499305764,-0.058132136826322,-0.00953766109846236,0.00636890498615284
FBP1,"Fructose-1,6-bisphosphatase 1",Physical activities,X904.Number of days or week of vigorous physical activity 10+ minutes,51140,-0.0790971347388591,0.0146060565599837,-0.107725005596427,-0.050469263881291,6.17891365490067e-08
FBP1,"Fructose-1,6-bisphosphatase 1",Physical activities,X914.Duration of vigorous activity,42069,-0.0157851987341414,0.00664333969250137,-0.0288061445314441,-0.00276425293683874,0.0175109116649103
