Protein,Protein_definition,Trait_category,Trait,sample_size,Estimated_effect,se,lowerCI,upperCI,Pvalue
HMGCS1,"Hydroxymethylglutaryl-CoA synthase, cytoplasmic",Lifestyle factors,X1050.Time spend outdoors in summer,46709,-0.0129198815403402,0.0332811061636018,-0.0781508496209996,0.0523110865403192,0.69786912540194
HMGCS1,"Hydroxymethylglutaryl-CoA synthase, cytoplasmic",Lifestyle factors,X1060.Time spent outdoors in winter,44902,0.00123400364278506,0.0370105603975865,-0.0713066947364845,0.0737747020220546,0.973402322474841
HMGCS1,"Hydroxymethylglutaryl-CoA synthase, cytoplasmic",Physical activities,X1070.Time spent watching television (TV),47431,0.0505086371776926,0.0332838800022137,-0.0147277676266462,0.115745041982031,0.129154633714265
HMGCS1,"Hydroxymethylglutaryl-CoA synthase, cytoplasmic",Physical activities,X1080.Time spent using computer,44904,0.0155543265793983,0.0329350836083303,-0.0489984372929292,0.0801070904517257,0.636738784674015
HMGCS1,"Hydroxymethylglutaryl-CoA synthase, cytoplasmic",Physical activities,X1090.Time spent driving,42684,0.0154529091685734,0.0360120377346127,-0.0551306847912674,0.0860365031284143,0.66785411079197
HMGCS1,"Hydroxymethylglutaryl-CoA synthase, cytoplasmic",Lifestyle factors,X1160.Sleep duration,48319,0.00802012098323112,0.0301770381716432,-0.0511268738331895,0.0671671157996517,0.790419904827941
HMGCS1,"Hydroxymethylglutaryl-CoA synthase, cytoplasmic",Health and medical history,X120039#0.Location of pain during the past week_None of the given areas,34628,0.00754739500838487,0.0187296531121976,-0.0291627250915223,0.0442575151082921,0.686988249759502
HMGCS1,"Hydroxymethylglutaryl-CoA synthase, cytoplasmic",Health and medical history,X120039#1.Location of pain during the past week_Left shoulder,34628,0.0169732515499562,0.020856553135196,-0.0239055925950281,0.0578520956949404,0.415786498163868
HMGCS1,"Hydroxymethylglutaryl-CoA synthase, cytoplasmic",Health and medical history,X120039#10.Location of pain during the past week_Upper right leg,34628,0.0495777464820823,0.0219999365519274,0.00645787084030449,0.09269762212386,0.02426087821193
HMGCS1,"Hydroxymethylglutaryl-CoA synthase, cytoplasmic",Health and medical history,X120039#11.Location of pain during the past week_Lower left leg,34628,0.0215689514509229,0.0228116027540556,-0.023141789947026,0.0662796928488718,0.344428570839194
HMGCS1,"Hydroxymethylglutaryl-CoA synthase, cytoplasmic",Health and medical history,X120039#12.Location of pain during the past week_Lower right leg,34628,0.0342050719815785,0.0229869303300518,-0.0108493114653231,0.0792594554284801,0.136797239724124
HMGCS1,"Hydroxymethylglutaryl-CoA synthase, cytoplasmic",Health and medical history,X120039#13.Location of pain during the past week_Left jaw pain,34628,0.0292907914515687,0.0640567413738176,-0.0962604216411138,0.154842004544251,0.647498345289732
HMGCS1,"Hydroxymethylglutaryl-CoA synthase, cytoplasmic",Health and medical history,X120039#14.Location of pain during the past week_Right jaw pain,34628,-0.0520243981802599,0.0736999140282601,-0.19647622967565,0.0924274333151298,0.48028073829146
HMGCS1,"Hydroxymethylglutaryl-CoA synthase, cytoplasmic",Health and medical history,X120039#15.Location of pain during the past week_Chest pain,34628,-0.0383850641893405,0.0370947989664615,-0.111090870163605,0.034320741784924,0.300811813928743
HMGCS1,"Hydroxymethylglutaryl-CoA synthase, cytoplasmic",Health and medical history,X120039#16.Location of pain during the past week_Abdomen,34628,0.019823080119287,0.029063917042479,-0.0371421972839719,0.0767883575225459,0.495232768217021
HMGCS1,"Hydroxymethylglutaryl-CoA synthase, cytoplasmic",Health and medical history,X120039#17.Location of pain during the past week_Neck pain,34628,-0.0341557722420421,0.0189826614111518,-0.0713617886078996,0.00305024412381542,0.0720189863800062
HMGCS1,"Hydroxymethylglutaryl-CoA synthase, cytoplasmic",Health and medical history,X120039#18.Location of pain during the past week_Upper back,34628,0.0351879831831475,0.0305699241112045,-0.0247290680748133,0.0951050344411084,0.249750969504863
HMGCS1,"Hydroxymethylglutaryl-CoA synthase, cytoplasmic",Health and medical history,X120039#19.Location of pain during the past week_Lower back,34628,0.0171318777392379,0.0142156147537525,-0.0107307271781169,0.0449944826565928,0.228194619465496
HMGCS1,"Hydroxymethylglutaryl-CoA synthase, cytoplasmic",Health and medical history,X120039#2.Location of pain during the past week_Right shoulder,34628,0.00753259422552463,0.0192708918920128,-0.0302383538828205,0.0453035423338698,0.695900211869026
HMGCS1,"Hydroxymethylglutaryl-CoA synthase, cytoplasmic",Health and medical history,X120039#3.Location of pain during the past week_Upper left arm,34628,0.0488719553407344,0.031073920184401,-0.0120329282206916,0.10977683890216,0.115825863740771
HMGCS1,"Hydroxymethylglutaryl-CoA synthase, cytoplasmic",Health and medical history,X120039#4.Location of pain during the past week_Upper right arm,34628,-0.0151308963824992,0.0281874460645872,-0.0703782906690901,0.0401164979040917,0.591428637689291
HMGCS1,"Hydroxymethylglutaryl-CoA synthase, cytoplasmic",Health and medical history,X120039#5.Location of pain during the past week_Lower left arm,34628,0.0491625549167471,0.0348064787850707,-0.0190581435019915,0.117383253335486,0.157867909877345
HMGCS1,"Hydroxymethylglutaryl-CoA synthase, cytoplasmic",Health and medical history,X120039#6.Location of pain during the past week_Lower right arm,34628,0.00779299103087205,0.0345516477257942,-0.0599282385116845,0.0755142205734286,0.82156207564502
HMGCS1,"Hydroxymethylglutaryl-CoA synthase, cytoplasmic",Health and medical history,X120039#7.Location of pain during the past week_Left hip,34628,-0.0050584510285699,0.0217229437003924,-0.047635420681339,0.0375185186241992,0.815876368776597
HMGCS1,"Hydroxymethylglutaryl-CoA synthase, cytoplasmic",Health and medical history,X120039#8.Location of pain during the past week_Right hip,34628,0.00641626491181952,0.0212298715910551,-0.0351942834066486,0.0480268132302876,0.762488569938672
HMGCS1,"Hydroxymethylglutaryl-CoA synthase, cytoplasmic",Health and medical history,X120039#9.Location of pain during the past week_Upper left leg,34628,0.0358978926392763,0.023461000922796,-0.0100856691694037,0.0818814544479564,0.126042181275035
HMGCS1,"Hydroxymethylglutaryl-CoA synthase, cytoplasmic",Health and medical history,X120040.Fatigue severity over the past week,34636,0.0589220705903121,0.0563118356196788,-0.0514491272242584,0.169293268404883,0.295439894360681
HMGCS1,"Hydroxymethylglutaryl-CoA synthase, cytoplasmic",Health and medical history,X120041.Waking unrefreshed severity over the past week,34638,0.0755728472755232,0.0550504744169309,-0.0323260825816614,0.183471777132708,0.169868038848124
HMGCS1,"Hydroxymethylglutaryl-CoA synthase, cytoplasmic",Health and medical history,X120042.Cognitive symptoms severity over the past week,34637,-0.0128763638275468,0.0600724093931335,-0.130618286238089,0.104865558582995,0.830283410951019
HMGCS1,"Hydroxymethylglutaryl-CoA synthase, cytoplasmic",Health and medical history,X120098.Mobility problems today,34639,0.0738034148182417,0.061186463609981,-0.0461220538573211,0.193728883493805,0.227785754363891
HMGCS1,"Hydroxymethylglutaryl-CoA synthase, cytoplasmic",Health and medical history,X120099.Self-care problems today,34639,-0.142384243921949,0.0995499786355151,-0.337502202047559,0.0527337142036608,0.15268872060502
HMGCS1,"Hydroxymethylglutaryl-CoA synthase, cytoplasmic",Health and medical history,X120100.Problems doing usual activities,34639,0.0470327231850133,0.0603167572361389,-0.0711881209978189,0.165253567367845,0.435561473128356
HMGCS1,"Hydroxymethylglutaryl-CoA synthase, cytoplasmic",Health and medical history,X120101.Pain or discomfort today,34639,0.0708523180007882,0.0549331187694829,-0.0368165947873983,0.178521230788975,0.197172169066417
HMGCS1,"Hydroxymethylglutaryl-CoA synthase, cytoplasmic",Health and medical history,X120102.Anxiety or depression today,34639,0.0134081145513002,0.0700036544961184,-0.123799048261092,0.150615277363692,0.848113300773469
HMGCS1,"Hydroxymethylglutaryl-CoA synthase, cytoplasmic",Health and medical history,X120103.Scale to indicate how health is today,34625,-0.00541245111979437,0.00615523316146443,-0.0174767081162647,0.00665180587667591,0.379260089498834
HMGCS1,"Hydroxymethylglutaryl-CoA synthase, cytoplasmic",Health and medical history,X120104.Little interest or pleasure in doing things over the last two weeks,34626,0.00337451999254818,0.069311052060644,-0.132475142046314,0.13922418203141,0.961170662843675
HMGCS1,"Hydroxymethylglutaryl-CoA synthase, cytoplasmic",Health and medical history,"X120105.Feeling down, depressed, or hopeless over the last two weeks",34624,-0.00925404475097271,0.074416317960701,-0.155110027953947,0.136601938452001,0.901038314436934
HMGCS1,"Hydroxymethylglutaryl-CoA synthase, cytoplasmic",Health and medical history,"X120106.Trouble falling or staying asleep, or sleeping too much over the last two weeks",34628,0.0907340258422236,0.0552044978645086,-0.0174667899722133,0.19893484165666,0.100311346956627
HMGCS1,"Hydroxymethylglutaryl-CoA synthase, cytoplasmic",Health and medical history,X120107.Feeling tired or having little energy over the last two weeks,34633,0.0650425437964138,0.0563907736444899,-0.0454833725467864,0.175568460139614,0.248781579520418
HMGCS1,"Hydroxymethylglutaryl-CoA synthase, cytoplasmic",Health and medical history,X120108.Poor appetite or overeating over the last two weeks,34632,0.0330338962668648,0.0812750779127,-0.126265256442027,0.192333048975757,0.684429658134327
HMGCS1,"Hydroxymethylglutaryl-CoA synthase, cytoplasmic",Health and medical history,X120109.Feeling bad about self over the last two weeks,34622,-0.0883103455420971,0.0804502692000308,-0.245992873174157,0.0693721820899634,0.272378951210499
HMGCS1,"Hydroxymethylglutaryl-CoA synthase, cytoplasmic",Health and medical history,X120110.Trouble concentrating over the last two weeks,34637,0.0534750009093497,0.0729315095951025,-0.0894707578970512,0.196420759715751,0.463451405109611
HMGCS1,"Hydroxymethylglutaryl-CoA synthase, cytoplasmic",Health and medical history,X120111.Moving or speaking slower or faster than usual over the last two weeks,34632,-0.0941416821160703,0.112323567007761,-0.314295873451282,0.126012509219141,0.401991261003216
HMGCS1,"Hydroxymethylglutaryl-CoA synthase, cytoplasmic",Health and medical history,X120112.Thoughts of being better off dead or of hurting self over the last two weeks,34598,-0.277531397728161,0.166928437078519,-0.604711134402059,0.0496483389457366,0.0964493847508187
HMGCS1,"Hydroxymethylglutaryl-CoA synthase, cytoplasmic",Health and medical history,"X120113.Level of difficultly depression has made to do work, take care of things at home, or get along with other people",32330,-0.0768505835545647,0.0769316028379937,-0.227636525117032,0.0739353580079029,0.317885264978417
HMGCS1,"Hydroxymethylglutaryl-CoA synthase, cytoplasmic",Lifestyle factors,X1269.Exposure to tobacco smoke at home,46157,0.0196189701972511,0.0720636835588506,-0.121625849578096,0.160863789972598,0.785436922899032
HMGCS1,"Hydroxymethylglutaryl-CoA synthase, cytoplasmic",Lifestyle factors,X1279.Exposure to tobacco smoke outside home,45149,-0.0213748478532121,0.0418884094798252,-0.103476130433669,0.0607264347272453,0.609861612404621
HMGCS1,"Hydroxymethylglutaryl-CoA synthase, cytoplasmic",Diet and food preferences,X1289.Cooked vegetable intake,47530,0.00196588685976439,0.0313809939068218,-0.0595408611976064,0.0634726349171352,0.950049234766676
HMGCS1,"Hydroxymethylglutaryl-CoA synthase, cytoplasmic",Diet and food preferences,X1299.Salad  or  raw vegetable intake,46824,-0.0782824461658527,0.0322414375821529,-0.141475663826872,-0.0150892285048331,0.0151916528287197
HMGCS1,"Hydroxymethylglutaryl-CoA synthase, cytoplasmic",Diet and food preferences,X1309.Fresh fruit intake,47417,-0.0279798656023977,0.0332025524032035,-0.0930568683126766,0.0370971371078812,0.399405700203426
HMGCS1,"Hydroxymethylglutaryl-CoA synthase, cytoplasmic",Diet and food preferences,X1319.Dried fruit intake,46573,-0.0237743269662649,0.0357126828323385,-0.0937711853176484,0.0462225313851186,0.505604364072621
HMGCS1,"Hydroxymethylglutaryl-CoA synthase, cytoplasmic",Health and medical history,X134.Number of self-reported cancers,48442,0.0062901397072899,0.065777841645831,-0.122634429918539,0.135214709333119,0.923817761723831
HMGCS1,"Hydroxymethylglutaryl-CoA synthase, cytoplasmic",Health and medical history,X135.Number of self-reported non-cancer illnesses,48443,-0.0244660948434471,0.0315043171908449,-0.0862145565375031,0.0372823668506089,0.437407016535317
HMGCS1,"Hydroxymethylglutaryl-CoA synthase, cytoplasmic",Health and medical history,"X136.Number of operations, self-reported",48443,0.0969425925299069,0.0302052530255034,0.0377402965999202,0.156144888459894,0.00133195400674348
HMGCS1,"Hydroxymethylglutaryl-CoA synthase, cytoplasmic",Health and medical history,X137.Number of treatments or medications taken,48443,0.0227849074088397,0.0307448286919368,-0.0374749568273565,0.083044771645036,0.458643258827608
HMGCS1,"Hydroxymethylglutaryl-CoA synthase, cytoplasmic",Diet and food preferences,X1438.Bread intake,47987,0.00295740276406284,0.00324474270572228,-0.00340229293915283,0.00931709846727851,0.36207256925932
HMGCS1,"Hydroxymethylglutaryl-CoA synthase, cytoplasmic",Diet and food preferences,X1458.Cereal intake,47420,0.00817370092045803,0.0312629132016907,-0.0531016089548557,0.0694490107957717,0.793748061708621
HMGCS1,"Hydroxymethylglutaryl-CoA synthase, cytoplasmic",Diet and food preferences,X1488.Tea intake,47696,0.000213554098301875,0.00319468739029095,-0.00604803318666839,0.00647514138327214,0.946704497759751
HMGCS1,"Hydroxymethylglutaryl-CoA synthase, cytoplasmic",Diet and food preferences,X1498.Coffee intake,46901,-0.00174987278743543,0.0313493300332934,-0.0631945596526905,0.0596948140778197,0.955487001107266
HMGCS1,"Hydroxymethylglutaryl-CoA synthase, cytoplasmic",Diet and food preferences,X1528.Water intake,46689,-0.00812254743225897,0.0319183090640076,-0.0706824331977138,0.0544373383331959,0.799128223574276
HMGCS1,"Hydroxymethylglutaryl-CoA synthase, cytoplasmic",Lifestyle factors,X1568.Average weekly red wine intake,43709,-0.0395461400426947,0.0343470404183742,-0.106866339262708,0.0277740591773188,0.249598413244617
HMGCS1,"Hydroxymethylglutaryl-CoA synthase, cytoplasmic",Lifestyle factors,X1578.Average weekly champagne plus white wine intake,43712,-0.062100788733998,0.0361834724775988,-0.133020394790092,0.00881881732209575,0.0861322196933556
HMGCS1,"Hydroxymethylglutaryl-CoA synthase, cytoplasmic",Lifestyle factors,X1588.Average weekly beer plus cider intake,43768,-0.0147099873709045,0.035864154663351,-0.0850037305110725,0.0555837557692635,0.681695485253289
HMGCS1,"Hydroxymethylglutaryl-CoA synthase, cytoplasmic",Lifestyle factors,X1598.Average weekly spirits intake,43709,0.00473168602885521,0.0371710230613008,-0.0681235191712944,0.0775868912290048,0.898708597850223
HMGCS1,"Hydroxymethylglutaryl-CoA synthase, cytoplasmic",Lifestyle factors,X1608.Average weekly fortified wine intake,43742,0.00305641680530319,0.0655839534520519,-0.125488131960719,0.131600965571325,0.962830160532112
HMGCS1,"Hydroxymethylglutaryl-CoA synthase, cytoplasmic",Lifestyle factors,X1737.Childhood sunburn occasions,43249,-0.0382375667286513,0.0372122265055853,-0.111173530679599,0.0346983972222959,0.304176708302522
HMGCS1,"Hydroxymethylglutaryl-CoA synthase, cytoplasmic",Health and medical history,X1807.Father's age at death,43344,-0.000672428491544727,0.00368460758438348,-0.00789425935693634,0.00654940237384689,0.855195502667173
HMGCS1,"Hydroxymethylglutaryl-CoA synthase, cytoplasmic",Health and medical history,X1845.Mother's age,35955,0.00648398000127143,0.00817650913350013,-0.00954197790038883,0.0225099379029317,0.427802813518572
HMGCS1,"Hydroxymethylglutaryl-CoA synthase, cytoplasmic",Health and medical history,X1873.Number of full brothers,48104,0.0465372131993433,0.0300077161925727,-0.0122779105380992,0.105352336936786,0.120955885664922
HMGCS1,"Hydroxymethylglutaryl-CoA synthase, cytoplasmic",Health and medical history,X1883.Number of full sisters,48105,0.03409507175264,0.0303005845352765,-0.0252940739365019,0.093484217441782,0.26050619884663
HMGCS1,"Hydroxymethylglutaryl-CoA synthase, cytoplasmic",Physical measures,X20015.Sitting height,48268,0.00520181302289581,0.00416267743757529,-0.00295703475475175,0.0133606608005434,0.21144904556925
HMGCS1,"Hydroxymethylglutaryl-CoA synthase, cytoplasmic",Cognitive function,X20016.Fluid intelligence score,35020,-0.017659031350981,0.0502143924097379,-0.116079240474067,0.0807611777721052,0.725095293723855
HMGCS1,"Hydroxymethylglutaryl-CoA synthase, cytoplasmic",Cognitive function,X20018.Prospective memory result,35311,-0.0418999571587219,0.068174915613612,-0.175522791761401,0.0917228774439576,0.538843105664334
HMGCS1,"Hydroxymethylglutaryl-CoA synthase, cytoplasmic",Physical measures,X20019.Speech-reception-threshold (SRT) estimate (left),34946,-0.00238520027676354,0.00562693038300155,-0.0134139838274466,0.0086435832739195,0.671660306500658
HMGCS1,"Hydroxymethylglutaryl-CoA synthase, cytoplasmic",Physical measures,X20021.Speech-reception-threshold (SRT) estimate (right),34949,0.00858400692410506,0.00563248671209086,-0.00245566703159302,0.0196236808798031,0.127554207453797
HMGCS1,"Hydroxymethylglutaryl-CoA synthase, cytoplasmic",Cognitive function,X20023.Mean time to correctly identify matches,48195,-0.000429152615888664,0.00327623657071283,-0.00685057629448581,0.00599227106270849,0.895784952154766
HMGCS1,"Hydroxymethylglutaryl-CoA synthase, cytoplasmic",Health and medical history,X20107#1.Illnesses of father_Heart disease,45554,-0.0140975854911945,0.00734372282789992,-0.0284912822338783,0.00029611125148934,0.0549153072876127
HMGCS1,"Hydroxymethylglutaryl-CoA synthase, cytoplasmic",Health and medical history,X20107#10.Illnesses of father_Alzheimer's disease or dementia,45187,0.00419924561398173,0.0163762728174828,-0.0278982491082845,0.0362967403362479,0.797627758537852
HMGCS1,"Hydroxymethylglutaryl-CoA synthase, cytoplasmic",Health and medical history,X20107#11.Illnesses of father_Parkinson's disease,45153,0.0178717769537997,0.0216749677614049,-0.0246111598585538,0.0603547137661532,0.409647323967817
HMGCS1,"Hydroxymethylglutaryl-CoA synthase, cytoplasmic",Health and medical history,X20107#12.Illnesses of father_Severe depression,45173,-0.0525151661239927,0.019360593620964,-0.0904619296210821,-0.0145684026269032,0.00668513248176207
HMGCS1,"Hydroxymethylglutaryl-CoA synthase, cytoplasmic",Health and medical history,X20107#13.Illnesses of father_Prostate cancer,45193,0.0355744086881135,0.0130920397540459,0.00991401077018353,0.0612348066060434,0.00658941801066538
HMGCS1,"Hydroxymethylglutaryl-CoA synthase, cytoplasmic",Health and medical history,X20107#2.Illnesses of father_Stroke,45338,-0.0149333529310966,0.00935184003600424,-0.0332629594016649,0.00339625353947173,0.110321191958139
HMGCS1,"Hydroxymethylglutaryl-CoA synthase, cytoplasmic",Health and medical history,X20107#3.Illnesses of father_Lung cancer,45298,-0.00598727087127978,0.0119096136796455,-0.0293301136833849,0.0173555719408253,0.615163650315763
HMGCS1,"Hydroxymethylglutaryl-CoA synthase, cytoplasmic",Health and medical history,X20107#4.Illnesses of father_Bowel cancer,45201,0.00570710780817711,0.0144791244427731,-0.0226719760996581,0.0340861917160123,0.693467156547404
HMGCS1,"Hydroxymethylglutaryl-CoA synthase, cytoplasmic",Health and medical history,X20107#6.Illnesses of father_Chronic bronchitis or emphysema,45313,0.0129527202241676,0.01111146699811,-0.00882575509212804,0.0347311955404632,0.243749369319881
HMGCS1,"Hydroxymethylglutaryl-CoA synthase, cytoplasmic",Health and medical history,X20107#8.Illnesses of father_High blood pressure,45387,-0.000997215573956531,0.0083212303503867,-0.0173068270607145,0.0153123959128014,0.904611392843864
HMGCS1,"Hydroxymethylglutaryl-CoA synthase, cytoplasmic",Health and medical history,X20107#9.Illnesses of father_Diabetes,45263,0.0304856798598526,0.0113908379336193,0.00815963750995882,0.0528117222097463,0.00745053795029447
HMGCS1,"Hydroxymethylglutaryl-CoA synthase, cytoplasmic",Health and medical history,X20110#1.Illnesses of mother_Heart disease,46189,0.00615394225624009,0.00872224561360278,-0.0109416591464214,0.0232495436589015,0.480480091136878
HMGCS1,"Hydroxymethylglutaryl-CoA synthase, cytoplasmic",Health and medical history,X20110#10.Illnesses of mother_Alzheimer's disease or dementia,46065,-0.0041179053420414,0.0122708092477978,-0.0281686914677251,0.0199328807836423,0.737187510102043
HMGCS1,"Hydroxymethylglutaryl-CoA synthase, cytoplasmic",Health and medical history,X20110#11.Illnesses of mother_Parkinson's disease,45996,-0.0163855091371329,0.0275429027348954,-0.0703695984975278,0.037598580223262,0.551912319942536
HMGCS1,"Hydroxymethylglutaryl-CoA synthase, cytoplasmic",Health and medical history,X20110#12.Illnesses of mother_Severe depression,46026,0.0169533624902926,0.0145311380463247,-0.0115276680805039,0.0454343930610891,0.243350740819892
HMGCS1,"Hydroxymethylglutaryl-CoA synthase, cytoplasmic",Health and medical history,X20110#2.Illnesses of mother_Stroke,46145,0.0156459204164448,0.00983570310714708,-0.00363205767356348,0.0349238985064531,0.111689000439613
HMGCS1,"Hydroxymethylglutaryl-CoA synthase, cytoplasmic",Health and medical history,X20110#3.Illnesses of mother_Lung cancer,46066,-0.00290615939778595,0.0164484184044526,-0.035145059470513,0.0293327406749411,0.859759276773236
HMGCS1,"Hydroxymethylglutaryl-CoA synthase, cytoplasmic",Health and medical history,X20110#4.Illnesses of mother_Bowel cancer,46032,0.00210197993928135,0.0148749754499654,-0.0270529719426508,0.0312569318212135,0.887626833809026
HMGCS1,"Hydroxymethylglutaryl-CoA synthase, cytoplasmic",Health and medical history,X20110#5.Illnesses of mother_Breast cancer,46039,0.00167878916289427,0.0126488857909244,-0.0231130269873175,0.026470605313106,0.894414540562297
HMGCS1,"Hydroxymethylglutaryl-CoA synthase, cytoplasmic",Health and medical history,X20110#6.Illnesses of mother_Chronic bronchitis or emphysema,46070,0.0207432720880236,0.0149163083436205,-0.0084926922654725,0.0499792364415197,0.164351173331031
HMGCS1,"Hydroxymethylglutaryl-CoA synthase, cytoplasmic",Health and medical history,X20110#8.Illnesses of mother_High blood pressure,46244,-0.0117543716755149,0.00749480967881268,-0.0264441986459877,0.00293545529495797,0.116820924979859
HMGCS1,"Hydroxymethylglutaryl-CoA synthase, cytoplasmic",Health and medical history,X20110#9.Illnesses of mother_Diabetes,46116,-0.00569734072793329,0.0113176555517256,-0.0278799456093155,0.016485264153449,0.614687357077507
HMGCS1,"Hydroxymethylglutaryl-CoA synthase, cytoplasmic",Health and medical history,X20111#1.Illnesses of siblings_Heart disease,43666,-0.0079748917892403,0.0120213997553736,-0.0315368353097726,0.015587051731292,0.507090138379244
HMGCS1,"Hydroxymethylglutaryl-CoA synthase, cytoplasmic",Health and medical history,X20111#10.Illnesses of siblings_Alzheimer's disease or dementia,43544,-0.0183894407196067,0.0491694268677946,-0.114761517380484,0.0779826359412707,0.708408486264698
HMGCS1,"Hydroxymethylglutaryl-CoA synthase, cytoplasmic",Health and medical history,X20111#11.Illnesses of siblings_Parkinson's disease,43540,0.0886007325473519,0.0471452999965346,-0.00380405544585585,0.18100552054056,0.0602213394164906
HMGCS1,"Hydroxymethylglutaryl-CoA synthase, cytoplasmic",Health and medical history,X20111#12.Illnesses of siblings_Severe depression,43588,-0.0257801583195887,0.0156695678037088,-0.056492511214858,0.00493219457568059,0.0999418419070314
HMGCS1,"Hydroxymethylglutaryl-CoA synthase, cytoplasmic",Health and medical history,X20111#13.Illnesses of siblings_Prostate cancer,43551,0.047362579409431,0.0281325515189302,-0.00777722156767215,0.102502380386534,0.0922893917440026
HMGCS1,"Hydroxymethylglutaryl-CoA synthase, cytoplasmic",Health and medical history,X20111#2.Illnesses of siblings_Stroke,43584,-0.00913679611353935,0.0200141398629601,-0.048364510244941,0.0300909180178624,0.648024829214748
HMGCS1,"Hydroxymethylglutaryl-CoA synthase, cytoplasmic",Health and medical history,X20111#3.Illnesses of siblings_Lung cancer,43557,0.0064656921177613,0.0229291771721071,-0.0384754951395687,0.0514068793750913,0.777958642812065
HMGCS1,"Hydroxymethylglutaryl-CoA synthase, cytoplasmic",Health and medical history,X20111#4.Illnesses of siblings_Bowel cancer,43564,0.0102777601092876,0.0223172039294825,-0.0334639595924982,0.0540194798110733,0.645141950653444
HMGCS1,"Hydroxymethylglutaryl-CoA synthase, cytoplasmic",Health and medical history,X20111#5.Illnesses of siblings_Breast cancer,43569,0.0058606247538646,0.0176376140137586,-0.0287090987131022,0.0404303482208314,0.73968256287138
HMGCS1,"Hydroxymethylglutaryl-CoA synthase, cytoplasmic",Health and medical history,X20111#6.Illnesses of siblings_Chronic bronchitis or emphysema,43585,0.00443406951321276,0.0222930265935403,-0.0392602626101262,0.0481284016365517,0.842344140830608
HMGCS1,"Hydroxymethylglutaryl-CoA synthase, cytoplasmic",Health and medical history,X20111#8.Illnesses of siblings_High blood pressure,43721,0.00220132702206758,0.00914813652465077,-0.0157290205662479,0.0201316746103831,0.809844232790847
HMGCS1,"Hydroxymethylglutaryl-CoA synthase, cytoplasmic",Health and medical history,X20111#9.Illnesses of siblings_Diabetes,43639,0.00399821982477207,0.0126934111054869,-0.0208808659419823,0.0288773055915264,0.752778266609482
HMGCS1,"Hydroxymethylglutaryl-CoA synthase, cytoplasmic",Mental health,X20127.Neuroticism score,44564,0.0277525491150453,0.031349622375309,-0.0336927107405603,0.0891978089706509,0.376030063634586
HMGCS1,"Hydroxymethylglutaryl-CoA synthase, cytoplasmic",Cognitive function,X20128.Number of fluid intelligence questions attempted within time limit,35020,-0.0122028018763396,0.050485737971252,-0.111154848299994,0.0867492445473143,0.809014238041786
HMGCS1,"Hydroxymethylglutaryl-CoA synthase, cytoplasmic",Lifestyle factors,X20161.Pack years of smoking,35600,-0.00589474882836411,0.00542755801382234,-0.0165327625354559,0.00474326487872768,0.277482089224087
HMGCS1,"Hydroxymethylglutaryl-CoA synthase, cytoplasmic",Lifestyle factors,X20162.Pack years adult smoking as proportion of life span exposed to smoking,35600,-0.00588562843444224,0.00535474354356026,-0.0163809257798204,0.00460966891093586,0.271743533991129
HMGCS1,"Hydroxymethylglutaryl-CoA synthase, cytoplasmic",Cognitive function,X20191.Fluid intelligence score,33176,0.08946897489779,0.0572576234993306,-0.022755967160898,0.201693916956478,0.118223387743269
HMGCS1,"Hydroxymethylglutaryl-CoA synthase, cytoplasmic",Cognitive function,X20192.Number of fluid intelligence questions attempted within time limit,33177,0.104203013066819,0.0588446266035869,-0.0111324550762111,0.21953848120985,0.076658004009868
HMGCS1,"Hydroxymethylglutaryl-CoA synthase, cytoplasmic",Cognitive function,X20240.Maximum digits remembered correctly,32746,0.0965115431553527,0.0613609006072565,-0.02375582203487,0.216778908345575,0.115829814515546
HMGCS1,"Hydroxymethylglutaryl-CoA synthase, cytoplasmic",Physical measures,X20255.Spirometry QC measure,42729,0.00891491371798591,0.0387518774214952,-0.0670387660281446,0.0848685934641164,0.818055358345926
HMGCS1,"Hydroxymethylglutaryl-CoA synthase, cytoplasmic",Eye measures,X20261.avMSE,33046,-0.0194727919848032,0.00701571837534482,-0.0332236000004791,-0.00572198396912735,0.00553312411980007
HMGCS1,"Hydroxymethylglutaryl-CoA synthase, cytoplasmic",Eye measures,X20262.Myopia diagnosis,33046,0.195952966992207,0.07240880174216,0.0540317155775737,0.337874218406841,0.0068317160613787
HMGCS1,"Hydroxymethylglutaryl-CoA synthase, cytoplasmic",NMR metabolomics,X20280.Glucose-lactate,39552,0.0075848942159691,0.00408160956792082,-0.000415060537155708,0.0155848489690939,0.0631518735861369
HMGCS1,"Hydroxymethylglutaryl-CoA synthase, cytoplasmic",NMR metabolomics,X20281.Spectrometer-corrected alanine,39572,0.0023308683742745,0.00431927846870965,-0.00613491742439642,0.0107966541729454,0.58945420990043
HMGCS1,"Hydroxymethylglutaryl-CoA synthase, cytoplasmic",Mental health,X20544#11.Mental health problems ever diagnosed by a professional_Depression,34696,0.0259833670066288,0.0259614395319617,-0.0249010544760161,0.0768677884892738,0.316941660518425
HMGCS1,"Hydroxymethylglutaryl-CoA synthase, cytoplasmic",Mental health,X20544#6.Mental health problems ever diagnosed by a professional_Panic attacks,34696,0.0078988666829649,0.0579170581167691,-0.105618567225902,0.121416300591832,0.891523499533809
HMGCS1,"Hydroxymethylglutaryl-CoA synthase, cytoplasmic",Mental health,X20546#1.Substances taken for depression_Unprescribed medication (more than once),34699,0.0676686500261434,0.0687313397948002,-0.067044775971665,0.202382076023952,0.324889866621657
HMGCS1,"Hydroxymethylglutaryl-CoA synthase, cytoplasmic",Mental health,X20546#3.Substances taken for depression_Medication prescribed to you (for at least two weeks),34699,0.00187307863829675,0.0251346083416374,-0.0473907537113125,0.051136910987906,0.94059756405343
HMGCS1,"Hydroxymethylglutaryl-CoA synthase, cytoplasmic",Mental health,X20546#4.Substances taken for depression_Drugs or alcohol (more than once),34699,-0.00869115402758831,0.0355330979759265,-0.0783360260604042,0.0609537180052276,0.806779660331737
HMGCS1,"Hydroxymethylglutaryl-CoA synthase, cytoplasmic",Mental health,X20548#1.Manifestations of mania or irritability_I was more talkative than usual,34700,0.0519581485336793,0.0490202851471301,-0.0441216103546958,0.148037907422054,0.289217691117663
HMGCS1,"Hydroxymethylglutaryl-CoA synthase, cytoplasmic",Mental health,X20548#2.Manifestations of mania or irritability_I was more restless than usual,34700,0.0199391821806871,0.0323481806283377,-0.0434632518508549,0.083341616212229,0.537658375898097
HMGCS1,"Hydroxymethylglutaryl-CoA synthase, cytoplasmic",Mental health,X20548#3.Manifestations of mania or irritability_My thoughts were racing,34700,0.00752066484125571,0.0356517858096447,-0.0623568353456478,0.0773981650281592,0.832935071161021
HMGCS1,"Hydroxymethylglutaryl-CoA synthase, cytoplasmic",Mental health,X20548#5.Manifestations of mania or irritability_I needed less sleep than usual,34700,0.016625364821335,0.0518228464872095,-0.0849474142935956,0.118198143936266,0.748364237947287
HMGCS1,"Hydroxymethylglutaryl-CoA synthase, cytoplasmic",Mental health,X20548#6.Manifestations of mania or irritability_I was more creative or had more ideas than usual,34700,-0.0445740737653395,0.0574314567368472,-0.15713972896956,0.0679915814388811,0.437704406593194
HMGCS1,"Hydroxymethylglutaryl-CoA synthase, cytoplasmic",Mental health,X20548#7.Manifestations of mania or irritability_I was easily distracted,34700,0.0222270345424618,0.038134044753315,-0.0525156931740355,0.0969697622589591,0.560005119117859
HMGCS1,"Hydroxymethylglutaryl-CoA synthase, cytoplasmic",Mental health,X20548#8.Manifestations of mania or irritability_I was more confident than usual,34700,-0.0488671794903555,0.0550670475665389,-0.156798592720772,0.0590642337400608,0.374891909730971
HMGCS1,"Hydroxymethylglutaryl-CoA synthase, cytoplasmic",Mental health,X20548#9.Manifestations of mania or irritability_I was more active than usual,34700,-0.0031153507918652,0.0433974142684243,-0.0881742827579767,0.0819435811742463,0.942774127543535
HMGCS1,"Hydroxymethylglutaryl-CoA synthase, cytoplasmic",Mental health,X20549#1.Substances taken for anxiety_Unprescribed medication (more than once),34703,0.0561064277885191,0.0745775569678125,-0.0900655838683935,0.202278439445432,0.451885721718727
HMGCS1,"Hydroxymethylglutaryl-CoA synthase, cytoplasmic",Mental health,X20549#3.Substances taken for anxiety_Medication prescribed to you (for at least two weeks),34703,-0.00200872275760701,0.0338588792997605,-0.0683721261851376,0.0643546806699236,0.952694138931378
HMGCS1,"Hydroxymethylglutaryl-CoA synthase, cytoplasmic",Mental health,X20549#4.Substances taken for anxiety_Drugs or alcohol (more than once),34703,-0.0232721920928776,0.0430217329305918,-0.107594788636838,0.0610504044510823,0.588568427296021
HMGCS1,"Hydroxymethylglutaryl-CoA synthase, cytoplasmic",Mental health,X20553#4.Methods of self-harm used_Ingesting a medication in excess of the normal dose,34703,0.111085261533791,0.0913544116334175,-0.0679693852677076,0.290139908335289,0.224039053634962
HMGCS1,"Hydroxymethylglutaryl-CoA synthase, cytoplasmic",Diet and food preferences,X20600.Liking for adding salt to foods,35152,-0.047845924055908,0.0490762412329613,-0.144035356872512,0.0483435087606961,0.329630781165448
HMGCS1,"Hydroxymethylglutaryl-CoA synthase, cytoplasmic",Diet and food preferences,X20601.Liking for aniseed,35152,-0.0493815202730717,0.0487340798546373,-0.144900316788161,0.0461372762420174,0.310961438299977
HMGCS1,"Hydroxymethylglutaryl-CoA synthase, cytoplasmic",Diet and food preferences,X20602.Liking for apple juice,35152,0.0280241075625208,0.0479806005171551,-0.0660178694511032,0.122066084576145,0.559192255965555
HMGCS1,"Hydroxymethylglutaryl-CoA synthase, cytoplasmic",Diet and food preferences,X20603.Liking for apples,35152,0.0731597173158851,0.0494745997948634,-0.0238104982820472,0.170129932913817,0.139259859638644
HMGCS1,"Hydroxymethylglutaryl-CoA synthase, cytoplasmic",Diet and food preferences,X20604.Liking for asparagus,35152,-0.0827081999819813,0.0488815765200707,-0.17851608996132,0.0130996899973572,0.0906913557201433
HMGCS1,"Hydroxymethylglutaryl-CoA synthase, cytoplasmic",Diet and food preferences,X20605.Liking for aubergine,35152,-0.00664716489234081,0.0475798806817479,-0.0999037310285667,0.0866094012438851,0.888897082385408
HMGCS1,"Hydroxymethylglutaryl-CoA synthase, cytoplasmic",Diet and food preferences,X20606.Liking for avocados,35152,-0.0344659526243172,0.0477506316590761,-0.128057190676106,0.059125285427472,0.470449079536156
HMGCS1,"Hydroxymethylglutaryl-CoA synthase, cytoplasmic",Diet and food preferences,X20607.Liking for bacon,35152,0.00351041158308936,0.0501882342998863,-0.0948585276446878,0.101879350810867,0.944239644311186
HMGCS1,"Hydroxymethylglutaryl-CoA synthase, cytoplasmic",Diet and food preferences,X20608.Liking for baked or steamed fish,35152,0.0301166300268735,0.0490701862578107,-0.0660609350384355,0.126294195092183,0.53940452908477
HMGCS1,"Hydroxymethylglutaryl-CoA synthase, cytoplasmic",Diet and food preferences,X20609.Liking for bananas,35152,-0.0261859231289314,0.0507694483775868,-0.125694041949002,0.0733221956911387,0.606024715316741
HMGCS1,"Hydroxymethylglutaryl-CoA synthase, cytoplasmic",Diet and food preferences,X20610.Liking for barbequed or grilled meat,35152,-0.0181122437085716,0.0495094057337685,-0.115150678946758,0.0789261915296146,0.714500476344652
HMGCS1,"Hydroxymethylglutaryl-CoA synthase, cytoplasmic",Diet and food preferences,X20611.Liking for beef steak,35152,0.0489900244826745,0.0493707280228995,-0.0477766024422085,0.145756651407557,0.321093319510684
HMGCS1,"Hydroxymethylglutaryl-CoA synthase, cytoplasmic",Diet and food preferences,X20612.Liking for beetroot,35152,-0.0128243558604706,0.0493849172933633,-0.109618793755463,0.0839700820345215,0.795117533374131
HMGCS1,"Hydroxymethylglutaryl-CoA synthase, cytoplasmic",Diet and food preferences,X20613.Liking for bell pepper,35152,-0.027940826992066,0.0485851165205474,-0.123167655372339,0.067286001388207,0.565250033306259
HMGCS1,"Hydroxymethylglutaryl-CoA synthase, cytoplasmic",Diet and food preferences,X20614.Liking for bicycling,35152,-0.0523004791350149,0.0482220472893852,-0.14681569182221,0.0422147335521802,0.278149413737581
HMGCS1,"Hydroxymethylglutaryl-CoA synthase, cytoplasmic",Diet and food preferences,X20615.Liking for biscuits,35152,0.0842182830947239,0.0484574998027724,-0.0107584165187099,0.179194982708158,0.0822609567650381
HMGCS1,"Hydroxymethylglutaryl-CoA synthase, cytoplasmic",Diet and food preferences,X20616.Liking for bitter foods,35152,-0.0913066280695291,0.0479188492479691,-0.185227572595549,0.00261431645649032,0.0567663203819748
HMGCS1,"Hydroxymethylglutaryl-CoA synthase, cytoplasmic",Diet and food preferences,X20617.Liking for bitter or ale,35152,0.0350824757741034,0.0492234992663506,-0.0613955827879438,0.131560534336151,0.476045668239196
HMGCS1,"Hydroxymethylglutaryl-CoA synthase, cytoplasmic",Diet and food preferences,X20618.Liking for black olives,35152,-0.0310689751862576,0.0488467760257299,-0.126808656196688,0.0646707058241729,0.524766303261936
HMGCS1,"Hydroxymethylglutaryl-CoA synthase, cytoplasmic",Diet and food preferences,X20619.Liking for black pepper,35152,-0.0348631523489139,0.0492026120179302,-0.131300271904057,0.0615739672062292,0.47862092170107
HMGCS1,"Hydroxymethylglutaryl-CoA synthase, cytoplasmic",Diet and food preferences,X20620.Liking for blue cheese,35152,0.0130206293857783,0.048502807317562,-0.0820448729566433,0.1080861317282,0.788360614597352
HMGCS1,"Hydroxymethylglutaryl-CoA synthase, cytoplasmic",Diet and food preferences,X20621.Liking for bolognese sauce,35152,-0.0538296715610389,0.0488654986029852,-0.14960604882289,0.0419467057008121,0.270681128549408
HMGCS1,"Hydroxymethylglutaryl-CoA synthase, cytoplasmic",Diet and food preferences,X20622.Liking for broad beans,35152,-0.0233102345967523,0.0487699374180637,-0.118899311936157,0.0722788427426526,0.632692376090956
HMGCS1,"Hydroxymethylglutaryl-CoA synthase, cytoplasmic",Diet and food preferences,X20623.Liking for broccoli,35152,0.00263730604228075,0.0500239811404225,-0.0954096969929473,0.100684309077509,0.957955947850419
HMGCS1,"Hydroxymethylglutaryl-CoA synthase, cytoplasmic",Diet and food preferences,X20624.Liking for brown rice,35152,-0.0184595808242638,0.0497258079725194,-0.115922164450402,0.0790030028018743,0.710480209624208
HMGCS1,"Hydroxymethylglutaryl-CoA synthase, cytoplasmic",Diet and food preferences,X20625.Liking for brussel sprouts,35152,0.0229029941257861,0.0490913607267684,-0.0733160728986799,0.119122061150252,0.640845857313835
HMGCS1,"Hydroxymethylglutaryl-CoA synthase, cytoplasmic",Diet and food preferences,X20626.Liking for burgers (meat),35152,-0.0249822697711465,0.0491459710951648,-0.12130837311767,0.0713438335753765,0.611240523082603
HMGCS1,"Hydroxymethylglutaryl-CoA synthase, cytoplasmic",Diet and food preferences,X20627.Liking for burn of spicy foods,35152,-0.0538104066781546,0.0482080979605604,-0.148298278680853,0.0406774653245437,0.264372839729351
HMGCS1,"Hydroxymethylglutaryl-CoA synthase, cytoplasmic",Diet and food preferences,X20628.Liking for butter on bread,35152,0.00751275906479322,0.0489662923317918,-0.0884611739055187,0.103486692035105,0.878066160933147
HMGCS1,"Hydroxymethylglutaryl-CoA synthase, cytoplasmic",Diet and food preferences,X20629.Liking for butternut squash,35152,-0.0583737433065561,0.0485944953794009,-0.153618954250182,0.0368714676370696,0.229700866361544
HMGCS1,"Hydroxymethylglutaryl-CoA synthase, cytoplasmic",Diet and food preferences,X20630.Liking for cabbage,35152,0.0350770239095684,0.0491935874620727,-0.0613424075160941,0.131496455335231,0.475846078287294
HMGCS1,"Hydroxymethylglutaryl-CoA synthase, cytoplasmic",Diet and food preferences,X20631.Liking for cake,35152,-0.00132785546298689,0.048797959457634,-0.0969718559999494,0.0943161450739757,0.978292040182135
HMGCS1,"Hydroxymethylglutaryl-CoA synthase, cytoplasmic",Diet and food preferences,X20632.Liking for cake icing,35152,0.0727470982206435,0.0477583537912055,-0.0208592752101193,0.166353471651406,0.127748762131918
HMGCS1,"Hydroxymethylglutaryl-CoA synthase, cytoplasmic",Diet and food preferences,X20633.Liking for capers,35152,-0.0308862171958471,0.0478313682358593,-0.124635698938131,0.0628632645464372,0.518475954783401
HMGCS1,"Hydroxymethylglutaryl-CoA synthase, cytoplasmic",Diet and food preferences,X20634.Liking for cauliflower,35152,0.0167871242749281,0.049547476926451,-0.0803259305009158,0.113900179050772,0.734764596944993
HMGCS1,"Hydroxymethylglutaryl-CoA synthase, cytoplasmic",Diet and food preferences,X20635.Liking for cereal or granola bar,35152,0.0110172016197103,0.0489843571246997,-0.0849921383447012,0.107026541584122,0.822054250857609
HMGCS1,"Hydroxymethylglutaryl-CoA synthase, cytoplasmic",Diet and food preferences,X20636.Liking for cheesecake,35152,-0.0641204016417493,0.0482409244154644,-0.15867261349606,0.030431810212561,0.183838151375323
HMGCS1,"Hydroxymethylglutaryl-CoA synthase, cytoplasmic",Diet and food preferences,X20637.Liking for cherries,35152,0.029363348023917,0.0496163208485017,-0.0678846408391464,0.12661133688698,0.553999444948315
HMGCS1,"Hydroxymethylglutaryl-CoA synthase, cytoplasmic",Diet and food preferences,X20638.Liking for chicken,35152,0.000888884931465339,0.050665945688174,-0.0984163686173557,0.100194138480286,0.986003141355055
HMGCS1,"Hydroxymethylglutaryl-CoA synthase, cytoplasmic",Diet and food preferences,X20639.Liking for chilli pepper,35152,-0.0795486859916754,0.048307256464441,-0.17423090866198,0.0151335366786289,0.0996629509827331
HMGCS1,"Hydroxymethylglutaryl-CoA synthase, cytoplasmic",Diet and food preferences,X20640.Liking for chips or french fries,35152,-0.00683188959177065,0.0487137765061511,-0.102310891543827,0.0886471123602855,0.888470313476599
HMGCS1,"Hydroxymethylglutaryl-CoA synthase, cytoplasmic",Diet and food preferences,X20641.Liking for cigarette smoking,35152,0.0579355943309717,0.0776736192655357,-0.0943046994294783,0.210175888091422,0.455763629402776
HMGCS1,"Hydroxymethylglutaryl-CoA synthase, cytoplasmic",Diet and food preferences,X20642.Liking for cod,35152,0.0217511531223175,0.0508668741352879,-0.0779479201828467,0.121450226427482,0.668949599225769
HMGCS1,"Hydroxymethylglutaryl-CoA synthase, cytoplasmic",Diet and food preferences,X20643.Liking for coffee with sugar,35152,0.0173949868157473,0.0511828591398365,-0.0829234170983323,0.117713390729827,0.733973159548458
HMGCS1,"Hydroxymethylglutaryl-CoA synthase, cytoplasmic",Diet and food preferences,X20644.Liking for coffee without sugar,35152,0.0296278342472344,0.0500636417774616,-0.0684969036365903,0.127752572131059,0.554002681941296
HMGCS1,"Hydroxymethylglutaryl-CoA synthase, cytoplasmic",Diet and food preferences,X20645.Liking for coriander,35152,-0.00252310904778332,0.0475203012551146,-0.0956628995078079,0.0906166814122413,0.957657523435388
HMGCS1,"Hydroxymethylglutaryl-CoA synthase, cytoplasmic",Diet and food preferences,X20646.Liking for corn flakes,35152,0.0675697665577388,0.0488221034629507,-0.0281215562296446,0.163261089345122,0.166405814828371
HMGCS1,"Hydroxymethylglutaryl-CoA synthase, cytoplasmic",Diet and food preferences,X20647.Liking for cream,35152,0.00116215883084675,0.0490405922840485,-0.0949574020458884,0.0972817197075819,0.981094307336685
HMGCS1,"Hydroxymethylglutaryl-CoA synthase, cytoplasmic",Diet and food preferences,X20648.Liking for croissant,35152,-0.0275178788767324,0.0484170949052831,-0.122415384891087,0.0673796271376225,0.569816516306423
HMGCS1,"Hydroxymethylglutaryl-CoA synthase, cytoplasmic",Diet and food preferences,X20649.Liking for cucumber,35152,-0.0528086567683004,0.0489474874441102,-0.148745732158756,0.0431284186221555,0.280679251506381
HMGCS1,"Hydroxymethylglutaryl-CoA synthase, cytoplasmic",Diet and food preferences,X20650.Liking for curry,35152,-0.0790261049195342,0.0489402895250957,-0.174949072388722,0.0168968625496534,0.106414069775124
HMGCS1,"Hydroxymethylglutaryl-CoA synthase, cytoplasmic",Diet and food preferences,X20651.Liking for dairy products,35152,0.0464095628678306,0.049229848553383,-0.0500809402968002,0.142900066032461,0.345863103056691
HMGCS1,"Hydroxymethylglutaryl-CoA synthase, cytoplasmic",Diet and food preferences,X20652.Liking for dark chocolate,35152,-0.116662676388028,0.0488839587588319,-0.212475235555338,-0.0208501172207173,0.017036807765685
HMGCS1,"Hydroxymethylglutaryl-CoA synthase, cytoplasmic",Diet and food preferences,X20653.Liking for diet fizzy drinks,35152,0.00271930920329098,0.0487598717005411,-0.0928500393297696,0.0982886577363516,0.955527208283633
HMGCS1,"Hydroxymethylglutaryl-CoA synthase, cytoplasmic",Diet and food preferences,X20654.Liking for dried fruit,35152,0.0255096807716739,0.0483914882533903,-0.0693376362049711,0.120356997748319,0.598105753525441
HMGCS1,"Hydroxymethylglutaryl-CoA synthase, cytoplasmic",Diet and food preferences,X20655.Liking for eggs,35152,0.0679248261555618,0.0506855082033634,-0.0314187699230304,0.167268422234154,0.180251824719137
HMGCS1,"Hydroxymethylglutaryl-CoA synthase, cytoplasmic",Diet and food preferences,X20656.Liking for exercising alone,35152,0.0429980785327224,0.0490453750189216,-0.053130856504364,0.139127013569809,0.380681812298794
HMGCS1,"Hydroxymethylglutaryl-CoA synthase, cytoplasmic",Diet and food preferences,X20657.Liking for exercising with others,35152,-0.00213964305708405,0.0486466986986799,-0.0974871725064967,0.0932078863923285,0.964919046104146
HMGCS1,"Hydroxymethylglutaryl-CoA synthase, cytoplasmic",Diet and food preferences,X20658.Liking for extra virgin olive oil,35152,-0.0551590631406677,0.0498789995826876,-0.152921902322736,0.0426037760414,0.268828884309471
HMGCS1,"Hydroxymethylglutaryl-CoA synthase, cytoplasmic",Diet and food preferences,X20659.Liking for fatty foods,35152,0.0177559177366232,0.0490579474904296,-0.0783976593446187,0.113909494817865,0.717410319557082
HMGCS1,"Hydroxymethylglutaryl-CoA synthase, cytoplasmic",Diet and food preferences,X20660.Liking for fresh tomatoes,35152,-0.012501422148782,0.0501957545370434,-0.110885101041387,0.085882256743823,0.803327310720393
HMGCS1,"Hydroxymethylglutaryl-CoA synthase, cytoplasmic",Diet and food preferences,X20661.Liking for fried chicken,35152,0.0420776312937985,0.0491032833519869,-0.0541648040760959,0.138320066663693,0.391519967711078
HMGCS1,"Hydroxymethylglutaryl-CoA synthase, cytoplasmic",Diet and food preferences,X20662.Liking for fried or battered fish,35152,-0.0345565422409969,0.0487122992155212,-0.130032648703419,0.0609195642214247,0.478101091769311
HMGCS1,"Hydroxymethylglutaryl-CoA synthase, cytoplasmic",Diet and food preferences,X20663.Liking for fruit,35152,-0.00907612702713207,0.051014815159751,-0.109065164740244,0.0909129106859799,0.858797913827704
HMGCS1,"Hydroxymethylglutaryl-CoA synthase, cytoplasmic",Diet and food preferences,X20664.Liking for garlic,35152,-0.0195428649806515,0.0486107154151488,-0.114819867194343,0.0757341372330402,0.687676607719029
HMGCS1,"Hydroxymethylglutaryl-CoA synthase, cytoplasmic",Diet and food preferences,X20665.Liking for gherkins,35152,-0.02572240472897,0.0490239229841414,-0.121809293777887,0.0703644843199472,0.599815881978823
HMGCS1,"Hydroxymethylglutaryl-CoA synthase, cytoplasmic",Diet and food preferences,X20666.Liking for globe artichoke,35152,-0.0634817011241315,0.0491181007857973,-0.159753178664294,0.0327897764160312,0.19625395460872
HMGCS1,"Hydroxymethylglutaryl-CoA synthase, cytoplasmic",Diet and food preferences,X20667.Liking for goat's cheese,35152,-0.0301574090636,0.0480733147960651,-0.124381106063887,0.0640662879366876,0.530470605738277
HMGCS1,"Hydroxymethylglutaryl-CoA synthase, cytoplasmic",Diet and food preferences,X20668.Liking for going to a cafe,35152,-0.0202186543895028,0.048533878732302,-0.115345056704815,0.0749077479258091,0.676993107923442
HMGCS1,"Hydroxymethylglutaryl-CoA synthase, cytoplasmic",Diet and food preferences,X20669.Liking for going to the gym,35152,-0.00770149020804965,0.0486664868785061,-0.103087804489922,0.0876848240738224,0.874264387316413
HMGCS1,"Hydroxymethylglutaryl-CoA synthase, cytoplasmic",Diet and food preferences,X20670.Liking for going to the pub,35152,0.073125520493866,0.0496861683130616,-0.0242593693997347,0.170510410387467,0.141137025222338
HMGCS1,"Hydroxymethylglutaryl-CoA synthase, cytoplasmic",Diet and food preferences,X20671.Liking for grapefruit,35152,0.0237573282751292,0.0491963944555321,-0.0726676048577137,0.120182261407972,0.629177278222034
HMGCS1,"Hydroxymethylglutaryl-CoA synthase, cytoplasmic",Diet and food preferences,X20672.Liking for green olives,35152,-0.00114792824870766,0.0490999094065446,-0.097383750685535,0.0950878941881197,0.981348320187968
HMGCS1,"Hydroxymethylglutaryl-CoA synthase, cytoplasmic",Diet and food preferences,X20673.Liking for haddock,35152,0.0124550750308972,0.0507735578819988,-0.0870610984178205,0.111971248479615,0.806226945898672
HMGCS1,"Hydroxymethylglutaryl-CoA synthase, cytoplasmic",Diet and food preferences,X20674.Liking for ham,35152,-0.00234054450694018,0.0489680970843026,-0.0983180147921733,0.093636925778293,0.961879219833583
HMGCS1,"Hydroxymethylglutaryl-CoA synthase, cytoplasmic",Diet and food preferences,X20675.Liking for hard cheese,35152,0.0381973157235656,0.050150443053337,-0.060097552660975,0.136492184108106,0.446293628910571
HMGCS1,"Hydroxymethylglutaryl-CoA synthase, cytoplasmic",Diet and food preferences,X20676.Liking for herring,35152,-0.00441574780232093,0.048437587517836,-0.0993534193372795,0.0905219237326377,0.927365339752215
HMGCS1,"Hydroxymethylglutaryl-CoA synthase, cytoplasmic",Diet and food preferences,X20677.Liking for honey,35152,0.0140540287947929,0.0489865885443497,-0.0819596847521325,0.110067742341718,0.774201467786968
HMGCS1,"Hydroxymethylglutaryl-CoA synthase, cytoplasmic",Diet and food preferences,X20678.Liking for horseradish or wasabi,35152,-0.013218368119606,0.0478787419422566,-0.107060702326429,0.080623966087217,0.782495259958626
HMGCS1,"Hydroxymethylglutaryl-CoA synthase, cytoplasmic",Diet and food preferences,X20679.Liking for ice cream,35152,-0.0700333669016985,0.0487483014806168,-0.165580037803708,0.0255133040003105,0.150870415236726
HMGCS1,"Hydroxymethylglutaryl-CoA synthase, cytoplasmic",Diet and food preferences,X20680.Liking for jam,35152,0.0838677013578083,0.0491650112700333,-0.012495720731457,0.180231123447074,0.0880851118486386
HMGCS1,"Hydroxymethylglutaryl-CoA synthase, cytoplasmic",Diet and food preferences,X20681.Liking for kiwi fruit,35152,-0.0357175302394684,0.0484017876971992,-0.130585034125979,0.0591499736470419,0.460578441940683
HMGCS1,"Hydroxymethylglutaryl-CoA synthase, cytoplasmic",Diet and food preferences,X20682.Liking for lager,35152,0.00167660971388816,0.0477699201387769,-0.0919524337581145,0.0953056531858908,0.972002983036156
HMGCS1,"Hydroxymethylglutaryl-CoA synthase, cytoplasmic",Diet and food preferences,X20683.Liking for lamb,35152,0.0345928874570902,0.0494189634875075,-0.0622682809784245,0.131454055892605,0.483957081467043
HMGCS1,"Hydroxymethylglutaryl-CoA synthase, cytoplasmic",Diet and food preferences,X20684.Liking for lemons,35152,-0.0789391701680729,0.0481840000237672,-0.173379810214657,0.0155014698785108,0.101410139780291
HMGCS1,"Hydroxymethylglutaryl-CoA synthase, cytoplasmic",Diet and food preferences,X20685.Liking for lentils or beans,35152,-0.0561416788072726,0.0495670876895845,-0.153293170678858,0.0410098130643131,0.257406860546764
HMGCS1,"Hydroxymethylglutaryl-CoA synthase, cytoplasmic",Diet and food preferences,X20686.Liking for liver,35152,-0.0190432607746062,0.048556533210909,-0.114214065867988,0.0761275443187754,0.694932523162614
HMGCS1,"Hydroxymethylglutaryl-CoA synthase, cytoplasmic",Diet and food preferences,X20687.Liking for mackerel,35152,-0.0101643756910656,0.0479488877238621,-0.104144195629835,0.0838154442477041,0.832126466584077
HMGCS1,"Hydroxymethylglutaryl-CoA synthase, cytoplasmic",Diet and food preferences,X20688.Liking for marzipan,35152,-0.00177896683499434,0.0481929552090372,-0.0962371590447072,0.0926792253747185,0.97055516488776
HMGCS1,"Hydroxymethylglutaryl-CoA synthase, cytoplasmic",Diet and food preferences,X20689.Liking for mayonnaise,35152,-0.0624416433594047,0.0484090849508262,-0.157323449863024,0.0324401631442146,0.19713982971906
HMGCS1,"Hydroxymethylglutaryl-CoA synthase, cytoplasmic",Diet and food preferences,X20690.Liking for melon,35152,-0.0337719543137085,0.0498851836962556,-0.131546914358369,0.0640030057309525,0.498433894849636
HMGCS1,"Hydroxymethylglutaryl-CoA synthase, cytoplasmic",Diet and food preferences,X20691.Liking for milk chocolate,35152,0.044645643461413,0.0479849201682585,-0.0494048000683737,0.1386960869912,0.352193234475729
HMGCS1,"Hydroxymethylglutaryl-CoA synthase, cytoplasmic",Diet and food preferences,X20692.Liking for mushrooms,35152,-0.0351849796838893,0.0502540231981125,-0.13368286515219,0.0633129057844111,0.483863181522385
HMGCS1,"Hydroxymethylglutaryl-CoA synthase, cytoplasmic",Diet and food preferences,X20694.Liking for orange juice,35152,0.0364382838295268,0.0491732515475169,-0.0599412892036062,0.13281785686266,0.458708881068648
HMGCS1,"Hydroxymethylglutaryl-CoA synthase, cytoplasmic",Diet and food preferences,X20695.Liking for oranges,35152,-0.0283091984608142,0.0493065103551098,-0.124949958756829,0.0683315618352009,0.565887882545486
HMGCS1,"Hydroxymethylglutaryl-CoA synthase, cytoplasmic",Diet and food preferences,X20696.Liking for pasta,35152,-0.0506025738848292,0.0498056053184293,-0.148221560308951,0.0470164125392922,0.309666199450007
HMGCS1,"Hydroxymethylglutaryl-CoA synthase, cytoplasmic",Diet and food preferences,X20697.Liking for pears,35152,0.0126731118856304,0.0498066347239507,-0.084947892173313,0.110294115944574,0.799158813053267
HMGCS1,"Hydroxymethylglutaryl-CoA synthase, cytoplasmic",Diet and food preferences,X20698.Liking for pizza,35152,-0.0125410777880078,0.048423566946523,-0.107451269003193,0.0823691134271773,0.795653362908445
HMGCS1,"Hydroxymethylglutaryl-CoA synthase, cytoplasmic",Diet and food preferences,X20699.Liking for plain yogurt,35152,0.0420336550952311,0.0490764444326183,-0.0541561759927007,0.138223486183163,0.391756239195826
HMGCS1,"Hydroxymethylglutaryl-CoA synthase, cytoplasmic",Diet and food preferences,X20700.Liking for plums,35152,-0.00301115684217255,0.0487122841551049,-0.0984872337861782,0.0924649201018331,0.950711931730745
HMGCS1,"Hydroxymethylglutaryl-CoA synthase, cytoplasmic",Diet and food preferences,X20701.Liking for pollock,35152,-0.0279709472077337,0.0490676736880637,-0.124143587636339,0.0682016932208711,0.56866446669662
HMGCS1,"Hydroxymethylglutaryl-CoA synthase, cytoplasmic",Diet and food preferences,X20702.Liking for pork chop,35152,-0.0125600694411004,0.0489789923741927,-0.108558894494518,0.0834387556123172,0.79762079626634
HMGCS1,"Hydroxymethylglutaryl-CoA synthase, cytoplasmic",Diet and food preferences,X20703.Liking for porridge,35152,-0.0374745214312158,0.0495833812144635,-0.134657948611564,0.0597089057491327,0.449803557403127
HMGCS1,"Hydroxymethylglutaryl-CoA synthase, cytoplasmic",Diet and food preferences,X20704.Liking for potato crisps,35152,-0.0269946088772114,0.0489674591156261,-0.122970828743839,0.0689816109894156,0.581462977962063
HMGCS1,"Hydroxymethylglutaryl-CoA synthase, cytoplasmic",Diet and food preferences,X20705.Liking for potatoes,35152,-0.0328721636047641,0.0499301349975011,-0.130735228199866,0.064990900990338,0.51032793482833
HMGCS1,"Hydroxymethylglutaryl-CoA synthase, cytoplasmic",Diet and food preferences,X20706.Liking for prawns,35152,0.0472830072435137,0.0492061097347435,-0.0491609678365836,0.143726982323611,0.33662920723687
HMGCS1,"Hydroxymethylglutaryl-CoA synthase, cytoplasmic",Diet and food preferences,X20707.Liking for raw carrots,35152,-0.0145581061481565,0.0487935205651166,-0.110193406455785,0.081077194159472,0.765436773096783
HMGCS1,"Hydroxymethylglutaryl-CoA synthase, cytoplasmic",Diet and food preferences,X20708.Liking for red meat,35152,0.007307927518113,0.0494225666290381,-0.0895603030748016,0.104176158111028,0.882452913355016
HMGCS1,"Hydroxymethylglutaryl-CoA synthase, cytoplasmic",Diet and food preferences,X20709.Liking for red wine,35152,-0.0256319742107526,0.0500258318870528,-0.123682604709376,0.0724186562878709,0.608406038458734
HMGCS1,"Hydroxymethylglutaryl-CoA synthase, cytoplasmic",Diet and food preferences,X20710.Liking for regular (non-diet) fizzy drinks,35152,0.0324016303714033,0.0489871845616801,-0.0636132513694897,0.128416512112296,0.508359399927817
HMGCS1,"Hydroxymethylglutaryl-CoA synthase, cytoplasmic",Diet and food preferences,X20711.Liking for roast chicken,35152,-0.00472469753255166,0.0507890532418513,-0.10427124188658,0.0948218468214769,0.925885831092783
HMGCS1,"Hydroxymethylglutaryl-CoA synthase, cytoplasmic",Diet and food preferences,X20712.Liking for salad dressing,35152,-0.0655623838165193,0.0485652169255418,-0.160750208990581,0.0296254413575427,0.177067034042845
HMGCS1,"Hydroxymethylglutaryl-CoA synthase, cytoplasmic",Diet and food preferences,X20713.Liking for salad leaves,35152,0.0158404840086627,0.0498353487527571,-0.0818367995467411,0.113517767564067,0.750604018100965
HMGCS1,"Hydroxymethylglutaryl-CoA synthase, cytoplasmic",Diet and food preferences,X20714.Liking for salami,35152,0.0305812137352622,0.0487260376987501,-0.064921820154288,0.126084247624812,0.530277791618201
HMGCS1,"Hydroxymethylglutaryl-CoA synthase, cytoplasmic",Diet and food preferences,X20715.Liking for salmon,35152,-0.0012831522495602,0.0497873390755168,-0.0988663368375731,0.0963000323384527,0.979439453320623
HMGCS1,"Hydroxymethylglutaryl-CoA synthase, cytoplasmic",Diet and food preferences,X20716.Liking for salty foods,35152,-0.0146378627069872,0.0483747699088709,-0.109452411728374,0.0801766863143997,0.762209732198446
HMGCS1,"Hydroxymethylglutaryl-CoA synthase, cytoplasmic",Diet and food preferences,X20717.Liking for salty pretzels,35152,-0.00436431573430336,0.04935053386734,-0.10109136211429,0.0923627306456831,0.929533630277313
HMGCS1,"Hydroxymethylglutaryl-CoA synthase, cytoplasmic",Diet and food preferences,X20718.Liking for sardines,35152,-0.0479096288343693,0.0478795165371787,-0.14175348124724,0.045934223578501,0.317043247462641
HMGCS1,"Hydroxymethylglutaryl-CoA synthase, cytoplasmic",Diet and food preferences,X20719.Liking for sausages (meat),35152,0.0113193745924606,0.0489993387285493,-0.084719329315496,0.107358078500417,0.817313664037925
HMGCS1,"Hydroxymethylglutaryl-CoA synthase, cytoplasmic",Diet and food preferences,X20720.Liking for savoury biscuits,35152,0.0333913098400501,0.049186532999709,-0.0630142948393795,0.12979691451948,0.497243626088637
HMGCS1,"Hydroxymethylglutaryl-CoA synthase, cytoplasmic",Diet and food preferences,X20721.Liking for shellfish (other than prawns),35152,0.0413973280069859,0.0480345874286143,-0.0527504633530981,0.13554511936707,0.388816328747459
HMGCS1,"Hydroxymethylglutaryl-CoA synthase, cytoplasmic",Diet and food preferences,X20722.Liking for skimmed milk,35152,-0.0190772866988602,0.0491474710804196,-0.115406330016483,0.0772517566187623,0.697907184181714
HMGCS1,"Hydroxymethylglutaryl-CoA synthase, cytoplasmic",Diet and food preferences,X20723.Liking for smoked fish,35152,0.0318382442685475,0.0491857956711302,-0.0645659152468677,0.128242403783963,0.517456843663208
HMGCS1,"Hydroxymethylglutaryl-CoA synthase, cytoplasmic",Diet and food preferences,X20724.Liking for soft cheese,35152,-0.018593511274553,0.0488773665283972,-0.114393149670211,0.0772061271211054,0.703652343894596
HMGCS1,"Hydroxymethylglutaryl-CoA synthase, cytoplasmic",Diet and food preferences,X20725.Liking for soy sauce,35152,-0.0308246785605059,0.0484092747678665,-0.125706857105524,0.0640574999845124,0.524308994773869
HMGCS1,"Hydroxymethylglutaryl-CoA synthase, cytoplasmic",Diet and food preferences,X20726.Liking for soya milk,35152,-0.0614366674449633,0.0492009209819252,-0.157870472569537,0.0349971376796101,0.211823382442075
HMGCS1,"Hydroxymethylglutaryl-CoA synthase, cytoplasmic",Diet and food preferences,X20727.Liking for spicy foods,35152,-0.0789581861091153,0.0483800616564781,-0.173783106955812,0.0158667347375818,0.102719224584511
HMGCS1,"Hydroxymethylglutaryl-CoA synthase, cytoplasmic",Diet and food preferences,X20728.Liking for spinach,35152,-0.0192414719193707,0.0486406653536839,-0.114577176012591,0.0760942321738498,0.692424794699435
HMGCS1,"Hydroxymethylglutaryl-CoA synthase, cytoplasmic",Diet and food preferences,X20729.Liking for spirits,35152,0.0514652966161303,0.0485160280612766,-0.0436261183839718,0.146556711616232,0.288824696927113
HMGCS1,"Hydroxymethylglutaryl-CoA synthase, cytoplasmic",Diet and food preferences,X20730.Liking for strawberries,35152,0.0349347799830961,0.0507972294929882,-0.0646277898231608,0.134497349789353,0.491647185761595
HMGCS1,"Hydroxymethylglutaryl-CoA synthase, cytoplasmic",Diet and food preferences,X20731.Liking for sweet coffee house drinks,35152,0.132197569180451,0.0480289815911464,0.0380607652618042,0.226334373099098,0.00593134643523821
HMGCS1,"Hydroxymethylglutaryl-CoA synthase, cytoplasmic",Diet and food preferences,X20732.Liking for sweet foods,35152,0.0463082134110878,0.0482190033079392,-0.0482010330724731,0.140817459894649,0.336903170418809
HMGCS1,"Hydroxymethylglutaryl-CoA synthase, cytoplasmic",Diet and food preferences,X20733.Liking for taking the stairs,35152,0.0229177955087027,0.0494324849232365,-0.0739698749408409,0.119805465958246,0.642936794799039
HMGCS1,"Hydroxymethylglutaryl-CoA synthase, cytoplasmic",Diet and food preferences,X20734.Liking for tea with sugar,35152,0.0550229350688315,0.0533521470883627,-0.0495472732243593,0.159593143362022,0.302430670302563
HMGCS1,"Hydroxymethylglutaryl-CoA synthase, cytoplasmic",Diet and food preferences,X20735.Liking for tea without sugar,35152,-0.0285973397391985,0.0501175683851188,-0.126827773774031,0.0696330942956344,0.568286960380809
HMGCS1,"Hydroxymethylglutaryl-CoA synthase, cytoplasmic",Diet and food preferences,X20736.Liking for tomato ketchup,35152,0.0152724115257393,0.0481361937674936,-0.0790745282585482,0.109619351310027,0.751045058446676
HMGCS1,"Hydroxymethylglutaryl-CoA synthase, cytoplasmic",Diet and food preferences,X20737.Liking for tinned tuna,35152,-0.0124911412649732,0.0491372966667279,-0.10880024273176,0.0838179602018134,0.799342114177437
HMGCS1,"Hydroxymethylglutaryl-CoA synthase, cytoplasmic",Diet and food preferences,X20738.Liking for turnip (white),35152,-0.0194679787272089,0.0494214092978381,-0.116333940950971,0.0773979834965537,0.693654476643033
HMGCS1,"Hydroxymethylglutaryl-CoA synthase, cytoplasmic",Diet and food preferences,X20739.Liking for vegetables,35152,-0.0626169976794369,0.0515990694943794,-0.163751173888421,0.0385171785295467,0.224971212364559
HMGCS1,"Hydroxymethylglutaryl-CoA synthase, cytoplasmic",Diet and food preferences,X20740.Liking for vinegar,35152,-0.00431611496929477,0.0489955198985139,-0.100347333970382,0.0917151040317925,0.929806224186791
HMGCS1,"Hydroxymethylglutaryl-CoA synthase, cytoplasmic",Diet and food preferences,X20741.Liking for watching television,35152,-0.00785273739806778,0.0486233699021764,-0.103154542406334,0.087449067610198,0.871703574805347
HMGCS1,"Hydroxymethylglutaryl-CoA synthase, cytoplasmic",Diet and food preferences,X20742.Liking for whisky,35152,0.0552700339296754,0.048140709254527,-0.0390857562091975,0.149625824068548,0.25097195290202
HMGCS1,"Hydroxymethylglutaryl-CoA synthase, cytoplasmic",Diet and food preferences,X20743.Liking for white bread,35152,0.0480508592539077,0.0491484575524905,-0.0482801175489738,0.144381836056789,0.328274849301646
HMGCS1,"Hydroxymethylglutaryl-CoA synthase, cytoplasmic",Diet and food preferences,X20744.Liking for white rice,35152,0.0147660085972554,0.0497845839766726,-0.0828117759970229,0.112343793191534,0.766782843458655
HMGCS1,"Hydroxymethylglutaryl-CoA synthase, cytoplasmic",Diet and food preferences,X20745.Liking for white wine,35152,0.0117185536484982,0.0482524297253522,-0.0828562086131922,0.106293315910189,0.808121970575209
HMGCS1,"Hydroxymethylglutaryl-CoA synthase, cytoplasmic",Diet and food preferences,X20746.Liking for whole grain breakfast cereal,35152,0.00810364922836918,0.0494076784701064,-0.0887354005730394,0.104942699029778,0.869723623217433
HMGCS1,"Hydroxymethylglutaryl-CoA synthase, cytoplasmic",Diet and food preferences,X20747.Liking for whole milk,35152,0.0675443492890991,0.048718782774168,-0.0279444649482703,0.163033163526468,0.165668095429736
HMGCS1,"Hydroxymethylglutaryl-CoA synthase, cytoplasmic",Diet and food preferences,X20748.Liking for wholemeal bread,35152,-0.041088689214104,0.0507940156843634,-0.140644959955456,0.0584675815272483,0.418586114280674
HMGCS1,"Hydroxymethylglutaryl-CoA synthase, cytoplasmic",Diet and food preferences,X20749.Liking for working up a sweat,35152,-0.0517292969414547,0.0482327519585503,-0.146265490780213,0.0428068968973039,0.283538135527892
HMGCS1,"Hydroxymethylglutaryl-CoA synthase, cytoplasmic",Physical measures,X21001.Body mass index (BMI),48326,0.00961897463066518,0.0165599138572217,-0.0228384565294893,0.0420764057908197,0.561342138124289
HMGCS1,"Hydroxymethylglutaryl-CoA synthase, cytoplasmic",Physical measures,X21002.Weight,48351,0.00947579194868008,0.0080334384636329,-0.0062697474400404,0.0252213313374006,0.238195942803213
HMGCS1,"Hydroxymethylglutaryl-CoA synthase, cytoplasmic",Physical measures,X21021.Pulse wave Arterial Stiffness index,35296,0.00335680748654746,0.00603816057256685,-0.00847798723568356,0.0151916022087785,0.578275825379686
HMGCS1,"Hydroxymethylglutaryl-CoA synthase, cytoplasmic",Health and medical history,X21025.Frequency of discomfort or pain in abdomen in last 3 months,34990,0.050293081455423,0.0540025639953448,-0.0555519439754527,0.156138106886299,0.351728886273095
HMGCS1,"Hydroxymethylglutaryl-CoA synthase, cytoplasmic",Health and medical history,X21033.Frequency of hard or lumpy stools in the last 3 months,34992,-0.0168867589442933,0.0551770696881329,-0.125033815533034,0.0912602976444472,0.759579076709554
HMGCS1,"Hydroxymethylglutaryl-CoA synthase, cytoplasmic",Health and medical history,X21034.Frequency of loose or mushy or watery stools in the last 3 months,34994,-0.080891792532473,0.0533274491644864,-0.185413592894866,0.0236300078299204,0.129344305360492
HMGCS1,"Hydroxymethylglutaryl-CoA synthase, cytoplasmic",Health and medical history,X21040.Satisfaction with bowel habits,34970,0.0165636852287489,0.0491061273980626,-0.0796843244714539,0.112811694928952,0.73589899598887
HMGCS1,"Hydroxymethylglutaryl-CoA synthase, cytoplasmic",Health and medical history,X21041.Degree to which abdominal pain or discomfort or altered bowel habits affect or interfere with life in general,34967,0.0417678187688698,0.0541759598362783,-0.0644170625102357,0.147952700047975,0.440755780332306
HMGCS1,"Hydroxymethylglutaryl-CoA synthase, cytoplasmic",Health and medical history,X21042.Greatest number of times bowels opened per day,34965,-0.00210571361182798,0.0535969148141823,-0.107155666647625,0.102944239423969,0.968662035612026
HMGCS1,"Hydroxymethylglutaryl-CoA synthase, cytoplasmic",Health and medical history,X21043.Least number of times bowels opened per week,34936,-0.112347816001209,0.0529572452134476,-0.216144016619567,-0.00855161538285211,0.0339200230079668
HMGCS1,"Hydroxymethylglutaryl-CoA synthase, cytoplasmic",Health and medical history,X21044.Average number of times bowels opened per day,34948,-0.0210578593208814,0.0589326391927686,-0.136565832138708,0.0944501134969451,0.720863533985069
HMGCS1,"Hydroxymethylglutaryl-CoA synthase, cytoplasmic",Health and medical history,X21048.Degree bothered by back pain in the past 3 months,34997,-0.0678875724911759,0.0542454517147009,-0.17420865785199,0.038433512869638,0.210801985296569
HMGCS1,"Hydroxymethylglutaryl-CoA synthase, cytoplasmic",Health and medical history,X21049.Degree bothered by pain in arms or legs or joints in the past 3 months,34992,-0.0623516593353901,0.053849254738919,-0.167896198623671,0.0431928799528912,0.246951093157536
HMGCS1,"Hydroxymethylglutaryl-CoA synthase, cytoplasmic",Health and medical history,X21051.Degree bothered by headaches in the last 3 months,34996,0.0692188222766707,0.0637903020017845,-0.0558101696468269,0.194247814200168,0.277918509754703
HMGCS1,"Hydroxymethylglutaryl-CoA synthase, cytoplasmic",Health and medical history,X21052.Degree bothered by chest pain in the last 3 months,34996,-0.0331997459209404,0.0766839228325385,-0.183500234672716,0.117100742830835,0.665070986023307
HMGCS1,"Hydroxymethylglutaryl-CoA synthase, cytoplasmic",Health and medical history,X21053.Degree bothered by dizziness in the last 3 months,34995,-0.0576217878323908,0.0646449474658048,-0.184325884865368,0.0690823092005867,0.372770709227211
HMGCS1,"Hydroxymethylglutaryl-CoA synthase, cytoplasmic",Health and medical history,X21054.Degree bothered by fainting spells in the last 3 months,34993,-0.356424424340004,0.126343176796415,-0.604057050860978,-0.10879179781903,0.00480095994967125
HMGCS1,"Hydroxymethylglutaryl-CoA synthase, cytoplasmic",Health and medical history,X21055.Degree bothered by feeling heart pound or race in the last 3 months,34997,0.0393882045918238,0.0679112875478858,-0.0937179190020323,0.17249432818568,0.561938445883167
HMGCS1,"Hydroxymethylglutaryl-CoA synthase, cytoplasmic",Health and medical history,X21056.Degree bothered by shortness of breath in the last 3 months,34995,-0.0357348136298546,0.0599431463551932,-0.153223380486033,0.0817537532263242,0.551099393082212
HMGCS1,"Hydroxymethylglutaryl-CoA synthase, cytoplasmic",Health and medical history,X21057.Degree bothered by pain or problems during intercourse in the last 3 months,34876,0.0436157939054555,0.0608914589266432,-0.0757314655907652,0.162963053401676,0.473840472773575
HMGCS1,"Hydroxymethylglutaryl-CoA synthase, cytoplasmic",Health and medical history,X21058.Degree bothered by urinary frequency or bladder irritability in the last 3 months,34994,-0.0987947751255434,0.0549020490445517,-0.206402791252865,0.00881324100177786,0.0719909689958591
HMGCS1,"Hydroxymethylglutaryl-CoA synthase, cytoplasmic",Health and medical history,X21059.Degree bothered by nausea in the last 3 months,34996,0.0185567562039442,0.0955398530639709,-0.168701355801439,0.205814868209327,0.846001548664629
HMGCS1,"Hydroxymethylglutaryl-CoA synthase, cytoplasmic",Health and medical history,X21060.Degree bothered by feeling tired all the time in the last 3 months,34997,-0.0543940691389134,0.054263775146422,-0.160751068425901,0.0519629301480738,0.316187820842334
HMGCS1,"Hydroxymethylglutaryl-CoA synthase, cytoplasmic",Health and medical history,X21061.Degree bothered by trouble sleeping in the last 3 months,34996,-0.0922375304614661,0.0541526843694764,-0.19837679182564,0.0139017309027077,0.0885630745626836
HMGCS1,"Hydroxymethylglutaryl-CoA synthase, cytoplasmic",Working and living environment,X21100.Water hardness (USGS classification),48215,0.00292663923116491,0.0305595239129501,-0.0569700276382173,0.0628233061005471,0.923705428019494
HMGCS1,"Hydroxymethylglutaryl-CoA synthase, cytoplasmic",Lifestyle factors,X2139.Age first had sexual intercourse,45851,0.003223436553943,0.00332788928154135,-0.00329922643787804,0.00974609954576405,0.332751934111437
HMGCS1,"Hydroxymethylglutaryl-CoA synthase, cytoplasmic",Health and medical history,X2149.Lifetime number of sexual partners,44432,-0.0121705363573585,0.0345186878369625,-0.079827164517805,0.0554860918030879,0.724409387039398
HMGCS1,"Hydroxymethylglutaryl-CoA synthase, cytoplasmic",Physical activities,X22032.IPAQ activity group,45184,-0.0381791014795836,0.0332025612279524,-0.10325612148637,0.0268979185272031,0.250208140348675
HMGCS1,"Hydroxymethylglutaryl-CoA synthase, cytoplasmic",Physical activities,X22033.Summed days activity,45506,-0.00340054093454315,0.00325607278614814,-0.00978244359539351,0.0029813617263072,0.296329710407266
HMGCS1,"Hydroxymethylglutaryl-CoA synthase, cytoplasmic",Physical activities,X22034.Summed minutes activity,45184,-0.00167584306993683,0.00328693984229237,-0.00811824516082987,0.00476655902095622,0.610164022075705
HMGCS1,"Hydroxymethylglutaryl-CoA synthase, cytoplasmic",Physical activities,X22037.MET minutes per week for walking,44590,-0.00273174099116632,0.00337743265255597,-0.00935150899017603,0.00388802700784338,0.418629717157138
HMGCS1,"Hydroxymethylglutaryl-CoA synthase, cytoplasmic",Physical activities,X22038.MET minutes per week for moderate activity,45184,-0.00135210819988076,0.00333992741748879,-0.00789836593815879,0.00519414953839728,0.685606511848131
HMGCS1,"Hydroxymethylglutaryl-CoA synthase, cytoplasmic",Physical activities,X22039.MET minutes per week for vigorous activity,45184,-0.0252724331186053,0.0330331033253256,-0.0900173156362435,0.0394724493990329,0.444244413821326
HMGCS1,"Hydroxymethylglutaryl-CoA synthase, cytoplasmic",Physical activities,X22040.Summed MET minutes per week for all activity,44590,-0.00124270938147528,0.00334467446254887,-0.00779827132807108,0.00531285256512051,0.71023382813646
HMGCS1,"Hydroxymethylglutaryl-CoA synthase, cytoplasmic",Eye measures,X2217.Age started wearing glasses or contact lenses,45215,-0.00118327184392038,0.00343958559230145,-0.00792485960483121,0.00555831591699046,0.730838745290653
HMGCS1,"Hydroxymethylglutaryl-CoA synthase, cytoplasmic",Working and living environment,X22501.Year ended full time education,33164,-0.0090277666224236,0.0153791835500041,-0.0391709663804316,0.0211154331355844,0.557224624803732
HMGCS1,"Hydroxymethylglutaryl-CoA synthase, cytoplasmic",Lifestyle factors,X22506.Tobacco smoking,33132,0.0409415021281479,0.124088682100546,-0.202272314788922,0.284155319045217,0.741462488802569
HMGCS1,"Hydroxymethylglutaryl-CoA synthase, cytoplasmic",Lifestyle factors,X2277.Frequency of solarium or sunlamp use,47205,-0.109486780654893,0.0989212576473759,-0.30337244564375,0.0843988843339634,0.268391516000293
HMGCS1,"Hydroxymethylglutaryl-CoA synthase, cytoplasmic",Physical measures,X23098.Weight,47982,0.0102682287156495,0.0081193343309101,-0.00564566657293427,0.0261821240042333,0.206007055650195
HMGCS1,"Hydroxymethylglutaryl-CoA synthase, cytoplasmic",Physical measures,X23099.Body fat percentage,47952,0.00622868045245282,0.00727410277877073,-0.00802856099393781,0.0204859218988434,0.391852632154828
HMGCS1,"Hydroxymethylglutaryl-CoA synthase, cytoplasmic",Physical measures,X23100.Whole body fat mass,47914,0.00880317525145297,0.00727509406224152,-0.0054560091105404,0.0230623596134463,0.226277275999267
HMGCS1,"Hydroxymethylglutaryl-CoA synthase, cytoplasmic",Physical measures,X23101.Whole body fat-free mass,47977,0.00555743749927262,0.00702606251165299,-0.00821364502356724,0.0193285200221125,0.428968451963172
HMGCS1,"Hydroxymethylglutaryl-CoA synthase, cytoplasmic",Physical measures,X23102.Whole body water mass,47982,0.00442724978995616,0.00700439682807381,-0.00930136799306851,0.0181558675729808,0.527350394313545
HMGCS1,"Hydroxymethylglutaryl-CoA synthase, cytoplasmic",Physical measures,X23104.Body mass index (BMI),47982,0.0154861770557089,0.0163977158756196,-0.0166533460605056,0.0476257001719234,0.344971627692114
HMGCS1,"Hydroxymethylglutaryl-CoA synthase, cytoplasmic",Physical measures,X23105.Basal metabolic rate,47982,0.00547755189730661,0.00729350527555288,-0.00881771844277704,0.0197728222373903,0.452651093403043
HMGCS1,"Hydroxymethylglutaryl-CoA synthase, cytoplasmic",Physical measures,X23106.Impedance of whole body,47982,0.00266715319876372,0.0057509197981927,-0.00860464960569397,0.0139389560032214,0.642811626842097
HMGCS1,"Hydroxymethylglutaryl-CoA synthase, cytoplasmic",Physical measures,X23107.Impedance of leg (right),47982,0.000866670542522336,0.0046591032681564,-0.00826517186306421,0.00999851294810888,0.852433691352781
HMGCS1,"Hydroxymethylglutaryl-CoA synthase, cytoplasmic",Physical measures,X23108.Impedance of leg (left),47982,0.00122319496889123,0.00463278790311072,-0.00785706932120579,0.0103034592589882,0.791759612719547
HMGCS1,"Hydroxymethylglutaryl-CoA synthase, cytoplasmic",Physical measures,X23109.Impedance of arm (right),47982,0.00787657118795691,0.00569990634006133,-0.00329524523856329,0.0190483876144771,0.167025305084411
HMGCS1,"Hydroxymethylglutaryl-CoA synthase, cytoplasmic",Physical measures,X23110.Impedance of arm (left),47982,0.00379273932563585,0.00569391584154639,-0.00736733572379507,0.0149528143750668,0.505352644612908
HMGCS1,"Hydroxymethylglutaryl-CoA synthase, cytoplasmic",Physical measures,X23111.Leg fat percentage (right),47982,0.0012542260269268,0.00738407374581007,-0.0132185585148609,0.0157270105687145,0.865125499024034
HMGCS1,"Hydroxymethylglutaryl-CoA synthase, cytoplasmic",Physical measures,X23112.Leg fat mass (right),47982,0.00472920689001631,0.0079550518349426,-0.0108626947064712,0.0203211084865038,0.55219068506007
HMGCS1,"Hydroxymethylglutaryl-CoA synthase, cytoplasmic",Physical measures,X23113.Leg fat-free mass (right),47981,0.00755493738250077,0.00771605459426492,-0.00756852962225848,0.02267840438726,0.327533295758251
HMGCS1,"Hydroxymethylglutaryl-CoA synthase, cytoplasmic",Physical measures,X23114.Leg predicted mass (right),47981,0.00717065221578752,0.00777422657697053,-0.00806683187507473,0.0224081363066498,0.35635119594656
HMGCS1,"Hydroxymethylglutaryl-CoA synthase, cytoplasmic",Physical measures,X23115.Leg fat percentage (left),47981,0.00309506430424463,0.00771671163853901,-0.0120296905072918,0.0182198191157811,0.688361296385504
HMGCS1,"Hydroxymethylglutaryl-CoA synthase, cytoplasmic",Physical measures,X23116.Leg fat mass (left),47981,0.00854674107651287,0.00842144463529415,-0.00795929040866366,0.0250527725616894,0.310176531681023
HMGCS1,"Hydroxymethylglutaryl-CoA synthase, cytoplasmic",Physical measures,X23117.Leg fat-free mass (left),47980,0.00738107159608422,0.00838558343128449,-0.00905467192923337,0.0238168151214018,0.37875665244995
HMGCS1,"Hydroxymethylglutaryl-CoA synthase, cytoplasmic",Physical measures,X23118.Leg predicted mass (left),47980,0.00718779465245631,0.00845330194647136,-0.00938067716262756,0.0237562664675402,0.395171976810352
HMGCS1,"Hydroxymethylglutaryl-CoA synthase, cytoplasmic",Physical measures,X23119.Arm fat percentage (right),47980,0.0130321526283412,0.00816420543975072,-0.00296969003357022,0.0290339952902526,0.110448208110755
HMGCS1,"Hydroxymethylglutaryl-CoA synthase, cytoplasmic",Physical measures,X23120.Arm fat mass (right),47979,0.0166762709920952,0.00891593417963064,-0.000798959999980836,0.0341515019841713,0.0614447903957421
HMGCS1,"Hydroxymethylglutaryl-CoA synthase, cytoplasmic",Physical measures,X23121.Arm fat-free mass (right),47978,-5.78920843748284e-05,0.00769072143460387,-0.0151317060961984,0.0150159219274487,0.993994039629581
HMGCS1,"Hydroxymethylglutaryl-CoA synthase, cytoplasmic",Physical measures,X23122.Arm predicted mass (right),47978,-0.0011956655424707,0.00773098068521474,-0.0163483876854916,0.0139570566005502,0.877091785276329
HMGCS1,"Hydroxymethylglutaryl-CoA synthase, cytoplasmic",Physical measures,X23123.Arm fat percentage (left),47976,0.00641160383543285,0.00768897042234473,-0.00865877819236282,0.0214819858632285,0.404364372080502
HMGCS1,"Hydroxymethylglutaryl-CoA synthase, cytoplasmic",Physical measures,X23124.Arm fat mass (left),47976,0.016612718078066,0.00854212454865445,-0.000129846037296738,0.0333552821934287,0.0518135837164073
HMGCS1,"Hydroxymethylglutaryl-CoA synthase, cytoplasmic",Physical measures,X23125.Arm fat-free mass (left),47972,0.00148714333390401,0.0070156134940007,-0.0122634591143374,0.0152377457821454,0.832127804910582
HMGCS1,"Hydroxymethylglutaryl-CoA synthase, cytoplasmic",Physical measures,X23126.Arm predicted mass (left),47971,0.00292435536961623,0.00704833210576745,-0.010890375557688,0.0167390862969204,0.678219457565269
HMGCS1,"Hydroxymethylglutaryl-CoA synthase, cytoplasmic",Physical measures,X23127.Trunk fat percentage,47970,0.0055548796402536,0.00615585102796523,-0.00651058837455826,0.0176203476550655,0.366869472192045
HMGCS1,"Hydroxymethylglutaryl-CoA synthase, cytoplasmic",Physical measures,X23128.Trunk fat mass,47970,0.00767067095743528,0.00648312238764043,-0.00503624892233997,0.0203775908372105,0.236754159434913
HMGCS1,"Hydroxymethylglutaryl-CoA synthase, cytoplasmic",Physical measures,X23129.Trunk fat-free mass,47969,0.00455501988799639,0.00609521035227833,-0.00739159240246913,0.0165016321784619,0.454884713672583
HMGCS1,"Hydroxymethylglutaryl-CoA synthase, cytoplasmic",Physical measures,X23130.Trunk predicted mass,47967,0.00505309744168906,0.00609681824811033,-0.00689666632460718,0.0170028612079853,0.407222745314636
HMGCS1,"Hydroxymethylglutaryl-CoA synthase, cytoplasmic",NMR metabolomics,X23400.Total Cholesterol,39575,-0.000759444477728588,0.00433820756558992,-0.00926233130628483,0.00774344235082765,0.861036104920008
HMGCS1,"Hydroxymethylglutaryl-CoA synthase, cytoplasmic",NMR metabolomics,X23401.Total Cholesterol Minus HDL-C,39575,-0.00147517139965787,0.00423173172300247,-0.00976936557674271,0.00681902277742698,0.727398138292242
HMGCS1,"Hydroxymethylglutaryl-CoA synthase, cytoplasmic",NMR metabolomics,"X23402.Remnant Cholesterol (Non-HDL, Non-LDL -Cholesterol)",39575,-0.00133257735118238,0.0042523419235992,-0.00966716752143683,0.00700201281907206,0.754001784063745
HMGCS1,"Hydroxymethylglutaryl-CoA synthase, cytoplasmic",NMR metabolomics,X23403.VLDL Cholesterol,39575,-0.00275676093781206,0.00436976311804204,-0.0113214966491744,0.00580797477355034,0.528137396861651
HMGCS1,"Hydroxymethylglutaryl-CoA synthase, cytoplasmic",NMR metabolomics,X23404.Clinical LDL Cholesterol,39575,-0.000561103223181334,0.00422092613419637,-0.00883411844620621,0.00771191199984355,0.894248271505442
HMGCS1,"Hydroxymethylglutaryl-CoA synthase, cytoplasmic",NMR metabolomics,X23405.LDL Cholesterol,39575,-0.00148951831854412,0.00420143252453996,-0.00972432606664244,0.0067452894295542,0.722951310880204
HMGCS1,"Hydroxymethylglutaryl-CoA synthase, cytoplasmic",NMR metabolomics,X23406.HDL Cholesterol,39575,0.00117621401641905,0.00480193024089673,-0.00823556925573855,0.0105879972885767,0.806502756622659
HMGCS1,"Hydroxymethylglutaryl-CoA synthase, cytoplasmic",NMR metabolomics,X23407.Total Triglycerides,39575,-0.00346582891772212,0.00442738918363666,-0.01214351171765,0.00521185388220572,0.433752349162285
HMGCS1,"Hydroxymethylglutaryl-CoA synthase, cytoplasmic",NMR metabolomics,X23408.Triglycerides in VLDL,39575,-0.00373636810853832,0.00448900529958532,-0.0125348184957256,0.00506208227864891,0.405236496956019
HMGCS1,"Hydroxymethylglutaryl-CoA synthase, cytoplasmic",NMR metabolomics,X23409.Triglycerides in LDL,39575,-0.00246909643255012,0.0041931996736669,-0.0106877677929372,0.005749574927837,0.555985090631652
HMGCS1,"Hydroxymethylglutaryl-CoA synthase, cytoplasmic",NMR metabolomics,X23410.Triglycerides in HDL,39575,-0.000385835650595158,0.0043377021386949,-0.00888773184243716,0.00811606054124685,0.929123811082232
HMGCS1,"Hydroxymethylglutaryl-CoA synthase, cytoplasmic",NMR metabolomics,X23411.Total Phospholipids in Lipoprotein Particles,39575,-0.00034759099606097,0.00435847846228254,-0.00889020878213474,0.0081950267900128,0.936437119078123
HMGCS1,"Hydroxymethylglutaryl-CoA synthase, cytoplasmic",NMR metabolomics,X23412.Phospholipids in VLDL,39575,-0.00323489732914833,0.00440788905517577,-0.0118743598772928,0.00540456521899618,0.463032616723182
HMGCS1,"Hydroxymethylglutaryl-CoA synthase, cytoplasmic",NMR metabolomics,X23413.Phospholipids in LDL,39575,-0.000832274299998374,0.00421811872845178,-0.00909978700776387,0.00743523840776712,0.843589110204724
HMGCS1,"Hydroxymethylglutaryl-CoA synthase, cytoplasmic",NMR metabolomics,X23414.Phospholipids in HDL,39575,0.00161911031925262,0.00458225146788223,-0.00736210255779654,0.0106003231963018,0.723837471135729
HMGCS1,"Hydroxymethylglutaryl-CoA synthase, cytoplasmic",NMR metabolomics,X23415.Total Esterified Cholesterol,39575,-0.000515412754029833,0.00436282433672348,-0.00906654845400785,0.00803572294594818,0.905960946480899
HMGCS1,"Hydroxymethylglutaryl-CoA synthase, cytoplasmic",NMR metabolomics,X23416.Cholesteryl Esters in VLDL,39575,-0.0023890413295841,0.00434941284581566,-0.0109138905073828,0.0061358078482146,0.582825141834745
HMGCS1,"Hydroxymethylglutaryl-CoA synthase, cytoplasmic",NMR metabolomics,X23417.Cholesteryl Esters in LDL,39575,-0.0017912356242681,0.00420032867193245,-0.0100238798212557,0.0064414085727195,0.669787390948413
HMGCS1,"Hydroxymethylglutaryl-CoA synthase, cytoplasmic",NMR metabolomics,X23418.Cholesteryl Esters in HDL,39575,0.00161808919849517,0.00480394452701737,-0.00779764207445888,0.0110338204714492,0.736255174739352
HMGCS1,"Hydroxymethylglutaryl-CoA synthase, cytoplasmic",NMR metabolomics,X23419.Total Free Cholesterol,39575,-0.0013196221079952,0.00428138168997348,-0.00971113022034322,0.00707188600435283,0.757918182137469
HMGCS1,"Hydroxymethylglutaryl-CoA synthase, cytoplasmic",NMR metabolomics,X23420.Free Cholesterol in VLDL,39575,-0.00324341339772113,0.00439347369530329,-0.0118546218405156,0.00536779504507331,0.460387809902532
HMGCS1,"Hydroxymethylglutaryl-CoA synthase, cytoplasmic",NMR metabolomics,X23421.Free Cholesterol in LDL,39575,-0.000674858241625481,0.00422267104236062,-0.0089512934846523,0.00760157700140134,0.873027497190846
HMGCS1,"Hydroxymethylglutaryl-CoA synthase, cytoplasmic",NMR metabolomics,X23422.Free Cholesterol in HDL,39575,-0.000673711248878868,0.00476829972985207,-0.0100195787193889,0.00867215622163119,0.887643743886106
HMGCS1,"Hydroxymethylglutaryl-CoA synthase, cytoplasmic",NMR metabolomics,X23423.Total Lipids in Lipoprotein Particles,39575,-0.0015461047414976,0.00418461223133838,-0.00974794471492083,0.00665573523192563,0.71178169838363
HMGCS1,"Hydroxymethylglutaryl-CoA synthase, cytoplasmic",NMR metabolomics,X23424.Total Lipids in VLDL,39575,-0.00353605341831924,0.00440679815390896,-0.0121733777999808,0.00510127096334232,0.422333925220488
HMGCS1,"Hydroxymethylglutaryl-CoA synthase, cytoplasmic",NMR metabolomics,X23425.Total Lipids in LDL,39575,-0.00142610959498493,0.00420379569109892,-0.0096655491495388,0.00681332995956895,0.734432930400714
HMGCS1,"Hydroxymethylglutaryl-CoA synthase, cytoplasmic",NMR metabolomics,X23426.Total Lipids in HDL,39575,0.0012768187142297,0.00466370799490124,-0.00786404895577674,0.0104176863842361,0.784260701994568
HMGCS1,"Hydroxymethylglutaryl-CoA synthase, cytoplasmic",NMR metabolomics,X23427.Total Concentration of Lipoprotein Particles,39575,0.00245032575427411,0.00443997414628484,-0.00625202357244418,0.0111526750809924,0.581042916329397
HMGCS1,"Hydroxymethylglutaryl-CoA synthase, cytoplasmic",NMR metabolomics,X23428.Concentration of VLDL Particles,39575,-0.0036256295070974,0.00435515886813901,-0.0121617408886499,0.00491048187445506,0.405150107023479
HMGCS1,"Hydroxymethylglutaryl-CoA synthase, cytoplasmic",NMR metabolomics,X23429.Concentration of LDL Particles,39575,-0.00291733304501444,0.00421646770280708,-0.0111816097425163,0.00534694365248744,0.489020867923238
HMGCS1,"Hydroxymethylglutaryl-CoA synthase, cytoplasmic",NMR metabolomics,X23430.Concentration of HDL Particles,39575,0.00281988260413492,0.00444002544035161,-0.00588256725895422,0.0115223324672241,0.525373140213928
HMGCS1,"Hydroxymethylglutaryl-CoA synthase, cytoplasmic",NMR metabolomics,X23431.Average Diameter for VLDL Particles,39575,-0.00258564925643886,0.00455767690497446,-0.0115186959901888,0.00634739747731108,0.570510184073937
HMGCS1,"Hydroxymethylglutaryl-CoA synthase, cytoplasmic",NMR metabolomics,X23432.Average Diameter for LDL Particles,39575,-0.00348433729413028,0.00433357417629701,-0.0119781426796724,0.00500946809141187,0.421395245133617
HMGCS1,"Hydroxymethylglutaryl-CoA synthase, cytoplasmic",NMR metabolomics,X23433.Average Diameter for HDL Particles,39575,-0.00225913225167579,0.00477603991632091,-0.0116201704876648,0.00710190598431319,0.636212821043278
HMGCS1,"Hydroxymethylglutaryl-CoA synthase, cytoplasmic",NMR metabolomics,X23434.Phosphoglycerides,39565,0.000217437752083692,0.00436554771996994,-0.0083390357790574,0.00877391128322478,0.96027656317157
HMGCS1,"Hydroxymethylglutaryl-CoA synthase, cytoplasmic",NMR metabolomics,X23435.Triglycerides to Phosphoglycerides ratio,39565,-0.00396467943387226,0.00466756853897542,-0.0131131137702641,0.00518375490251957,0.395671730255258
HMGCS1,"Hydroxymethylglutaryl-CoA synthase, cytoplasmic",NMR metabolomics,X23436.Total Cholines,39565,0.000471240312773361,0.00444387918579617,-0.00823876289138713,0.00918124351693385,0.91555052657376
HMGCS1,"Hydroxymethylglutaryl-CoA synthase, cytoplasmic",NMR metabolomics,X23437.Phosphatidylcholines,39565,3.0819592629171e-05,0.00445640222509322,-0.00870372876855354,0.00876536795381188,0.994482158655601
HMGCS1,"Hydroxymethylglutaryl-CoA synthase, cytoplasmic",NMR metabolomics,X23438.Sphingomyelins,39565,0.000247256129313666,0.00449397519583,-0.00856093525451314,0.00905544751314047,0.956123955598764
HMGCS1,"Hydroxymethylglutaryl-CoA synthase, cytoplasmic",NMR metabolomics,X23439.Apolipoprotein B,39575,-0.00241123627606731,0.00423374807932287,-0.0107093825115401,0.00588690995940552,0.569009819124141
HMGCS1,"Hydroxymethylglutaryl-CoA synthase, cytoplasmic",NMR metabolomics,X23440.Apolipoprotein A1,39575,0.00233031214280967,0.00456620425268697,-0.0066194481924568,0.0112800724780761,0.609824243267283
HMGCS1,"Hydroxymethylglutaryl-CoA synthase, cytoplasmic",NMR metabolomics,X23441.Apolipoprotein B to Apolipoprotein A1 ratio,39575,-0.00356496033750967,0.00430761886517695,-0.0120078933132565,0.00487797263823715,0.407918355082862
HMGCS1,"Hydroxymethylglutaryl-CoA synthase, cytoplasmic",NMR metabolomics,X23442.Total Fatty Acids,39565,-0.00217477370751273,0.00406894791860318,-0.010149911627975,0.0058003642129495,0.593019907645062
HMGCS1,"Hydroxymethylglutaryl-CoA synthase, cytoplasmic",NMR metabolomics,X23443.Degree of Unsaturation,39565,-0.00280139898448486,0.00438126312454083,-0.0113886747085849,0.00578587673961517,0.522573235112099
HMGCS1,"Hydroxymethylglutaryl-CoA synthase, cytoplasmic",NMR metabolomics,X23444.Omega-3 Fatty Acids,39565,-0.00622173839779491,0.00427734290063054,-0.0146053304830308,0.00216185368744095,0.145814132875859
HMGCS1,"Hydroxymethylglutaryl-CoA synthase, cytoplasmic",NMR metabolomics,X23445.Omega-6 Fatty Acids,39565,-0.000190217982836569,0.0042151218688991,-0.0084518568458788,0.00807142088020566,0.964006490314991
HMGCS1,"Hydroxymethylglutaryl-CoA synthase, cytoplasmic",NMR metabolomics,X23446.Polyunsaturated Fatty Acids,39565,-0.00198597940808146,0.0042348715393271,-0.0102863276251626,0.00631436880899965,0.639108555308578
HMGCS1,"Hydroxymethylglutaryl-CoA synthase, cytoplasmic",NMR metabolomics,X23447.Monounsaturated Fatty Acids,39565,-0.00198202522531032,0.00413780926699978,-0.0100921313886299,0.00612808093800925,0.631945672740231
HMGCS1,"Hydroxymethylglutaryl-CoA synthase, cytoplasmic",NMR metabolomics,X23448.Saturated Fatty Acids,39565,-0.00260187865799108,0.00401341294661531,-0.0104681680333571,0.00526441071737493,0.516807241247353
HMGCS1,"Hydroxymethylglutaryl-CoA synthase, cytoplasmic",NMR metabolomics,X23449.Linoleic Acid,39565,9.13035257269612e-05,0.00420685386333431,-0.00815413004640829,0.00833673709786222,0.982684852921896
HMGCS1,"Hydroxymethylglutaryl-CoA synthase, cytoplasmic",NMR metabolomics,X23450.Docosahexaenoic Acid,39565,-0.0039114753786972,0.00424581777838009,-0.0122332782243222,0.00441032746692778,0.356938250983835
HMGCS1,"Hydroxymethylglutaryl-CoA synthase, cytoplasmic",NMR metabolomics,X23451.Omega-3 Fatty Acids to Total Fatty Acids percentage,39565,-0.00631182931412536,0.0042892670616011,-0.0147187927548635,0.0020951341266128,0.141173756674284
HMGCS1,"Hydroxymethylglutaryl-CoA synthase, cytoplasmic",NMR metabolomics,X23452.Omega-6 Fatty Acids to Total Fatty Acids percentage,39565,0.00385706371720583,0.0041843729119153,-0.00434430719014816,0.0120584346245598,0.356664563030668
HMGCS1,"Hydroxymethylglutaryl-CoA synthase, cytoplasmic",NMR metabolomics,X23453.Polyunsaturated Fatty Acids to Total Fatty Acids percentage,39565,0.00115780077991915,0.00428517726771049,-0.00724114666479341,0.0095567482246317,0.787021192917313
HMGCS1,"Hydroxymethylglutaryl-CoA synthase, cytoplasmic",NMR metabolomics,X23454.Monounsaturated Fatty Acids to Total Fatty Acids percentage,39565,0.000452108995499943,0.00451743396707188,-0.00840206157996094,0.00930627957096082,0.920281904126841
HMGCS1,"Hydroxymethylglutaryl-CoA synthase, cytoplasmic",NMR metabolomics,X23455.Saturated Fatty Acids to Total Fatty Acids percentage,39565,-0.0023263332002572,0.0039126714490871,-0.00999516924046791,0.0053425028399535,0.552147283811257
HMGCS1,"Hydroxymethylglutaryl-CoA synthase, cytoplasmic",NMR metabolomics,X23456.Linoleic Acid to Total Fatty Acids percentage,39565,0.00258398457579703,0.0042812659374091,-0.00580729666152481,0.0109752658131189,0.54615122918315
HMGCS1,"Hydroxymethylglutaryl-CoA synthase, cytoplasmic",NMR metabolomics,X23457.Docosahexaenoic Acid to Total Fatty Acids percentage,39565,-0.00238239874539748,0.00419259639757515,-0.0105998876846448,0.00583509019384981,0.569884011457328
HMGCS1,"Hydroxymethylglutaryl-CoA synthase, cytoplasmic",NMR metabolomics,X23458.Polyunsaturated Fatty Acids to Monounsaturated Fatty Acids ratio,39565,0.000462752323215283,0.00446224961527458,-0.00828325692272289,0.00920876156915345,0.917406293029831
HMGCS1,"Hydroxymethylglutaryl-CoA synthase, cytoplasmic",NMR metabolomics,X23459.Omega-6 Fatty Acids to Omega-3 Fatty Acids ratio,39565,0.00663384155882441,0.00423336852170348,-0.00166356074371441,0.0149312438613632,0.117135095664112
HMGCS1,"Hydroxymethylglutaryl-CoA synthase, cytoplasmic",NMR metabolomics,X23460.Alanine,39572,0.00154007622395541,0.00422829209505631,-0.00674737628235495,0.00982752873026577,0.715692332753633
HMGCS1,"Hydroxymethylglutaryl-CoA synthase, cytoplasmic",NMR metabolomics,X23461.Glutamine,39542,-0.0017126408529619,0.00415694394007776,-0.00986025097551432,0.00643496926959052,0.68035102905301
HMGCS1,"Hydroxymethylglutaryl-CoA synthase, cytoplasmic",NMR metabolomics,X23462.Glycine,39562,0.0127905542418271,0.00504034945405068,0.00291146931188779,0.0226696391717664,0.0111742454261524
HMGCS1,"Hydroxymethylglutaryl-CoA synthase, cytoplasmic",NMR metabolomics,X23463.Histidine,39560,0.00535262438252003,0.00416649853563392,-0.00281371274732245,0.0135189615123625,0.198930690000216
HMGCS1,"Hydroxymethylglutaryl-CoA synthase, cytoplasmic",NMR metabolomics,X23464.Total Concentration of Branched-Chain Amino Acids (Leucine + Isoleucine + Valine),39566,-0.000408569533598369,0.00468206328712055,-0.00958541357635466,0.00876827450915792,0.93046428684835
HMGCS1,"Hydroxymethylglutaryl-CoA synthase, cytoplasmic",NMR metabolomics,X23465.Isoleucine,39573,0.000133329248927306,0.00452091097866512,-0.00872765626925633,0.00899431476711094,0.976472992726474
HMGCS1,"Hydroxymethylglutaryl-CoA synthase, cytoplasmic",NMR metabolomics,X23466.Leucine,39573,0.000284016999216643,0.00462817523847714,-0.00878720646819856,0.00935524046663185,0.951068090313114
HMGCS1,"Hydroxymethylglutaryl-CoA synthase, cytoplasmic",NMR metabolomics,X23467.Valine,39566,-0.00098349248224262,0.00466104890906729,-0.0101191483440145,0.00815216337952926,0.832889323323716
HMGCS1,"Hydroxymethylglutaryl-CoA synthase, cytoplasmic",NMR metabolomics,X23468.Phenylalanine,39569,0.00790416102761668,0.00427169209041428,-0.000468355469595306,0.0162766775248287,0.0642887931622709
HMGCS1,"Hydroxymethylglutaryl-CoA synthase, cytoplasmic",NMR metabolomics,X23469.Tyrosine,39562,0.00655922495684939,0.00446163864524307,-0.00218558678782703,0.0153040367015258,0.141553055745275
HMGCS1,"Hydroxymethylglutaryl-CoA synthase, cytoplasmic",NMR metabolomics,X23470.Glucose,39556,0.00157404673808548,0.00407070219536598,-0.00640452956483184,0.00955262304100281,0.699002886934005
HMGCS1,"Hydroxymethylglutaryl-CoA synthase, cytoplasmic",NMR metabolomics,X23471.Lactate,39558,0.0146971230310367,0.00428600657298128,0.00629655014799342,0.02309769591408,0.00060782766023496
HMGCS1,"Hydroxymethylglutaryl-CoA synthase, cytoplasmic",NMR metabolomics,X23472.Pyruvate,39539,0.00547819618727727,0.00411688281036943,-0.00259089412104681,0.0135472864956014,0.183326655122323
HMGCS1,"Hydroxymethylglutaryl-CoA synthase, cytoplasmic",NMR metabolomics,X23473.Citrate,39573,0.00800964205764945,0.00424969292013092,-0.000319756065807152,0.016339040181106,0.0594889435281557
HMGCS1,"Hydroxymethylglutaryl-CoA synthase, cytoplasmic",NMR metabolomics,X23474.3-Hydroxybutyrate,39353,0.00663753663319449,0.00473982231342024,-0.00265251510110918,0.0159275883674982,0.161429402867428
HMGCS1,"Hydroxymethylglutaryl-CoA synthase, cytoplasmic",NMR metabolomics,X23475.Acetate,39563,-0.00649726909769685,0.00402577687595008,-0.014387791774559,0.0013932535791653,0.106574245194671
HMGCS1,"Hydroxymethylglutaryl-CoA synthase, cytoplasmic",NMR metabolomics,X23476.Acetoacetate,39574,-0.00258718312994579,0.00428320063220348,-0.0109822563690646,0.00580789010917303,0.545835957652554
HMGCS1,"Hydroxymethylglutaryl-CoA synthase, cytoplasmic",NMR metabolomics,X23477.Acetone,39574,0.00140566293254639,0.00423852127712605,-0.00690183877062066,0.00971316463571345,0.740167491738339
HMGCS1,"Hydroxymethylglutaryl-CoA synthase, cytoplasmic",NMR metabolomics,X23478.Creatinine,39370,0.00772463924878798,0.00525853742510057,-0.00258209410440915,0.0180313726019851,0.141869848336528
HMGCS1,"Hydroxymethylglutaryl-CoA synthase, cytoplasmic",NMR metabolomics,X23479.Albumin,39573,0.00660051207202076,0.00422252459798417,-0.00167563614002821,0.0148766602840697,0.118042103529689
HMGCS1,"Hydroxymethylglutaryl-CoA synthase, cytoplasmic",NMR metabolomics,X23480.Glycoprotein Acetyls,39575,0.00457621140265114,0.00440730559501994,-0.00406210756358793,0.0132145303688902,0.299142089638034
HMGCS1,"Hydroxymethylglutaryl-CoA synthase, cytoplasmic",NMR metabolomics,X23481.Concentration of Chylomicrons and Extremely Large VLDL Particles,39575,-0.00248977768030927,0.00445266027785664,-0.0112169918249083,0.00623743646428975,0.576059623243693
HMGCS1,"Hydroxymethylglutaryl-CoA synthase, cytoplasmic",NMR metabolomics,X23482.Total Lipids in Chylomicrons and Extremely Large VLDL,39575,-0.00252072455238602,0.00442491588479348,-0.0111935596865812,0.00615211058180921,0.568915849792188
HMGCS1,"Hydroxymethylglutaryl-CoA synthase, cytoplasmic",NMR metabolomics,X23483.Phospholipids in Chylomicrons and Extremely Large VLDL,39575,-0.00158063672300414,0.00457731102327659,-0.0105521663286263,0.00739089288261797,0.7298604829888
HMGCS1,"Hydroxymethylglutaryl-CoA synthase, cytoplasmic",NMR metabolomics,X23484.Cholesterol in Chylomicrons and Extremely Large VLDL,39575,-0.0018047252722787,0.00450180720366452,-0.0106282673914612,0.00701881684690376,0.688509606536913
HMGCS1,"Hydroxymethylglutaryl-CoA synthase, cytoplasmic",NMR metabolomics,X23485.Cholesteryl Esters in Chylomicrons and Extremely Large VLDL,39575,-0.0015728434535025,0.00449771458478335,-0.0103883640396779,0.00724267713267287,0.726571787871026
HMGCS1,"Hydroxymethylglutaryl-CoA synthase, cytoplasmic",NMR metabolomics,X23486.Free Cholesterol in Chylomicrons and Extremely Large VLDL,39575,-0.00237829074332171,0.00447261096785821,-0.0111446082403238,0.00638802675368038,0.594913038480509
HMGCS1,"Hydroxymethylglutaryl-CoA synthase, cytoplasmic",NMR metabolomics,X23487.Triglycerides in Chylomicrons and Extremely Large VLDL,39575,-0.00303738412652698,0.00434232708075561,-0.011548345204808,0.005473576951754,0.484265035748342
HMGCS1,"Hydroxymethylglutaryl-CoA synthase, cytoplasmic",NMR metabolomics,X23488.Concentration of Very Large VLDL Particles,39575,-0.00276414282615086,0.00463106343022423,-0.0118410271493904,0.00631274149708863,0.550606490607559
HMGCS1,"Hydroxymethylglutaryl-CoA synthase, cytoplasmic",NMR metabolomics,X23489.Total Lipids in Very Large VLDL,39575,-0.00304277522233595,0.00459910602008373,-0.0120570230217001,0.00597147257702816,0.508240566110149
HMGCS1,"Hydroxymethylglutaryl-CoA synthase, cytoplasmic",NMR metabolomics,X23490.Phospholipids in Very Large VLDL,39575,-0.00269358780032358,0.00459718000565582,-0.011704060611409,0.00631688501076183,0.557940142237376
HMGCS1,"Hydroxymethylglutaryl-CoA synthase, cytoplasmic",NMR metabolomics,X23491.Cholesterol in Very Large VLDL,39575,-0.0024391829316321,0.00457524474184919,-0.0114066626256565,0.00652829676239231,0.593957005325902
HMGCS1,"Hydroxymethylglutaryl-CoA synthase, cytoplasmic",NMR metabolomics,X23492.Cholesteryl Esters in Very Large VLDL,39575,-0.00199955965960419,0.00457446213286036,-0.0109655054400105,0.00696638612080211,0.662037557264067
HMGCS1,"Hydroxymethylglutaryl-CoA synthase, cytoplasmic",NMR metabolomics,X23493.Free Cholesterol in Very Large VLDL,39575,-0.00256793091466892,0.00456154895979608,-0.0115085668758692,0.0063727050465314,0.573479396941756
HMGCS1,"Hydroxymethylglutaryl-CoA synthase, cytoplasmic",NMR metabolomics,X23494.Triglycerides in Very Large VLDL,39575,-0.00316954196038112,0.00461020518816723,-0.0122055441291889,0.00586646020842665,0.491778690780817
HMGCS1,"Hydroxymethylglutaryl-CoA synthase, cytoplasmic",NMR metabolomics,X23495.Concentration of Large VLDL Particles,39575,-0.00324065296107307,0.0045630964339566,-0.012184321971628,0.00570301604948187,0.477603108523281
HMGCS1,"Hydroxymethylglutaryl-CoA synthase, cytoplasmic",NMR metabolomics,X23496.Total Lipids in Large VLDL,39575,-0.00341939799784964,0.00454807234171971,-0.0123336197876203,0.00549482379192099,0.452166674285687
HMGCS1,"Hydroxymethylglutaryl-CoA synthase, cytoplasmic",NMR metabolomics,X23497.Phospholipids in Large VLDL,39575,-0.00249835913088291,0.00464020501617872,-0.0115931609625932,0.00659644270082738,0.590301024027455
HMGCS1,"Hydroxymethylglutaryl-CoA synthase, cytoplasmic",NMR metabolomics,X23498.Cholesterol in Large VLDL,39575,-0.00288514741785076,0.00458951952447711,-0.0118806056858259,0.00611031085012438,0.529599010205734
HMGCS1,"Hydroxymethylglutaryl-CoA synthase, cytoplasmic",NMR metabolomics,X23499.Cholesteryl Esters in Large VLDL,39575,-0.00303723485902915,0.00455854154993672,-0.0119719762969051,0.00589750657884682,0.505250385652452
HMGCS1,"Hydroxymethylglutaryl-CoA synthase, cytoplasmic",NMR metabolomics,X23500.Free Cholesterol in Large VLDL,39575,-0.00262010274721838,0.00462826334542481,-0.011691498904251,0.00645129340981425,0.571331082091214
HMGCS1,"Hydroxymethylglutaryl-CoA synthase, cytoplasmic",NMR metabolomics,X23501.Triglycerides in Large VLDL,39575,-0.00416642940473651,0.00447797091728129,-0.0129432524026078,0.00461039359313481,0.352170005445897
HMGCS1,"Hydroxymethylglutaryl-CoA synthase, cytoplasmic",NMR metabolomics,X23502.Concentration of Medium VLDL Particles,39575,-0.00361901562091406,0.00431801793817365,-0.0120823307797344,0.0048442995379063,0.401981768071843
HMGCS1,"Hydroxymethylglutaryl-CoA synthase, cytoplasmic",NMR metabolomics,X23503.Total Lipids in Medium VLDL,39575,-0.00375862948115033,0.00432624645509543,-0.0122380725331374,0.00472081357083672,0.384977230603135
HMGCS1,"Hydroxymethylglutaryl-CoA synthase, cytoplasmic",NMR metabolomics,X23504.Phospholipids in Medium VLDL,39575,-0.00347789940884379,0.00430929654219779,-0.0119241206315515,0.00496832181386389,0.419644252967259
HMGCS1,"Hydroxymethylglutaryl-CoA synthase, cytoplasmic",NMR metabolomics,X23505.Cholesterol in Medium VLDL,39575,-0.00216549340911748,0.00424062400366434,-0.0104771164562996,0.00614612963806463,0.609603330173197
HMGCS1,"Hydroxymethylglutaryl-CoA synthase, cytoplasmic",NMR metabolomics,X23506.Cholesteryl Esters in Medium VLDL,39575,-0.000899305530220135,0.00422753657595552,-0.00918527721909295,0.00738666615865268,0.831544897784737
HMGCS1,"Hydroxymethylglutaryl-CoA synthase, cytoplasmic",NMR metabolomics,X23507.Free Cholesterol in Medium VLDL,39575,-0.00342886157738119,0.00428939393376301,-0.0118360736875567,0.0049783505327943,0.42408661247676
HMGCS1,"Hydroxymethylglutaryl-CoA synthase, cytoplasmic",NMR metabolomics,X23508.Triglycerides in Medium VLDL,39575,-0.0040708196695425,0.00443196462561319,-0.0127574703357444,0.00461583099665935,0.358370240896993
HMGCS1,"Hydroxymethylglutaryl-CoA synthase, cytoplasmic",NMR metabolomics,X23509.Concentration of Small VLDL Particles,39575,-0.00399520401180208,0.00444874332639484,-0.012714740931536,0.0047243329079318,0.369177387710067
HMGCS1,"Hydroxymethylglutaryl-CoA synthase, cytoplasmic",NMR metabolomics,X23510.Total Lipids in Small VLDL,39575,-0.0037381670474277,0.00445535364796942,-0.0124706601974478,0.00499432610259237,0.401471797707832
HMGCS1,"Hydroxymethylglutaryl-CoA synthase, cytoplasmic",NMR metabolomics,X23511.Phospholipids in Small VLDL,39575,-0.00353932243408595,0.0043751563307414,-0.0121146288423391,0.0050359839741672,0.418556220908134
HMGCS1,"Hydroxymethylglutaryl-CoA synthase, cytoplasmic",NMR metabolomics,X23512.Cholesterol in Small VLDL,39575,-0.00292715698213208,0.00441540207294732,-0.0115813450451088,0.00572703108084466,0.507381406014888
HMGCS1,"Hydroxymethylglutaryl-CoA synthase, cytoplasmic",NMR metabolomics,X23513.Cholesteryl Esters in Small VLDL,39575,-0.00250018289775997,0.00449183412510886,-0.0113041777829733,0.0063038119874534,0.577807839091429
HMGCS1,"Hydroxymethylglutaryl-CoA synthase, cytoplasmic",NMR metabolomics,X23514.Free Cholesterol in Small VLDL,39575,-0.00324491450126373,0.00429687783996414,-0.0116667950675934,0.00517696606506598,0.45015743084183
HMGCS1,"Hydroxymethylglutaryl-CoA synthase, cytoplasmic",NMR metabolomics,X23515.Triglycerides in Small VLDL,39575,-0.00409650269501691,0.00448905945106465,-0.0128950592191036,0.00470205382906982,0.361497958904319
HMGCS1,"Hydroxymethylglutaryl-CoA synthase, cytoplasmic",NMR metabolomics,X23516.Concentration of Very Small VLDL Particles,39575,-0.00269160788172548,0.0042724348218385,-0.0110655801325289,0.00568236436907798,0.528711689837762
HMGCS1,"Hydroxymethylglutaryl-CoA synthase, cytoplasmic",NMR metabolomics,X23517.Total Lipids in Very Small VLDL,39575,-0.00313318723524743,0.00429776497210503,-0.0115568065805733,0.00529043211007842,0.466000627710593
HMGCS1,"Hydroxymethylglutaryl-CoA synthase, cytoplasmic",NMR metabolomics,X23518.Phospholipids in Very Small VLDL,39575,-0.00329039218149005,0.0042800666898172,-0.0116793228935318,0.00509853853055167,0.442045666770538
HMGCS1,"Hydroxymethylglutaryl-CoA synthase, cytoplasmic",NMR metabolomics,X23519.Cholesterol in Very Small VLDL,39575,-0.00229155545624795,0.00433147861488124,-0.0107812535414152,0.00619814262891927,0.596783595378451
HMGCS1,"Hydroxymethylglutaryl-CoA synthase, cytoplasmic",NMR metabolomics,X23520.Cholesteryl Esters in Very Small VLDL,39575,-0.00163617424890026,0.00436263497714995,-0.0101869388041142,0.00691459030631364,0.707635983472986
HMGCS1,"Hydroxymethylglutaryl-CoA synthase, cytoplasmic",NMR metabolomics,X23521.Free Cholesterol in Very Small VLDL,39575,-0.00349932975401793,0.00429017489175839,-0.0119080725418644,0.00490941303382852,0.414711563453962
HMGCS1,"Hydroxymethylglutaryl-CoA synthase, cytoplasmic",NMR metabolomics,X23522.Triglycerides in Very Small VLDL,39575,-0.00303678735186809,0.00436236751007726,-0.0115870276716195,0.00551345296788335,0.486360373716746
HMGCS1,"Hydroxymethylglutaryl-CoA synthase, cytoplasmic",NMR metabolomics,X23523.Concentration of IDL Particles,39575,0.000941889107897955,0.00424579737739686,-0.00737987375179989,0.0092636519675958,0.824442307248147
HMGCS1,"Hydroxymethylglutaryl-CoA synthase, cytoplasmic",NMR metabolomics,X23524.Total Lipids in IDL,39575,-0.000131352248830699,0.0043433805676299,-0.0086443781613853,0.0083816736637239,0.975874651470652
HMGCS1,"Hydroxymethylglutaryl-CoA synthase, cytoplasmic",NMR metabolomics,X23525.Phospholipids in IDL,39575,-0.00156741230284159,0.00433734683221754,-0.010068612093988,0.00693378748830479,0.717825471567013
HMGCS1,"Hydroxymethylglutaryl-CoA synthase, cytoplasmic",NMR metabolomics,X23526.Cholesterol in IDL,39575,0.000614955745342857,0.00436457366183887,-0.00793960863186132,0.00916952012254704,0.887953823751103
HMGCS1,"Hydroxymethylglutaryl-CoA synthase, cytoplasmic",NMR metabolomics,X23527.Cholesteryl Esters in IDL,39575,0.0010477858844404,0.00437109353109615,-0.00751955743650804,0.00961512920538885,0.810561145277367
HMGCS1,"Hydroxymethylglutaryl-CoA synthase, cytoplasmic",NMR metabolomics,X23528.Free Cholesterol in IDL,39575,-0.000427996991951146,0.00432916247520079,-0.00891315544334469,0.0080571614594424,0.921248301596294
HMGCS1,"Hydroxymethylglutaryl-CoA synthase, cytoplasmic",NMR metabolomics,X23529.Triglycerides in IDL,39575,-0.00233585672466668,0.00422383014781212,-0.0106145638143784,0.00594285036504506,0.580261923082494
HMGCS1,"Hydroxymethylglutaryl-CoA synthase, cytoplasmic",NMR metabolomics,X23530.Concentration of Large LDL Particles,39575,-0.00340174112350571,0.00419933446042642,-0.0116324366659415,0.00482895441893008,0.41791938945457
HMGCS1,"Hydroxymethylglutaryl-CoA synthase, cytoplasmic",NMR metabolomics,X23531.Total Lipids in Large LDL,39575,-0.00148892740476725,0.00422637228634304,-0.0097726170859996,0.0067947622764651,0.724624231356404
HMGCS1,"Hydroxymethylglutaryl-CoA synthase, cytoplasmic",NMR metabolomics,X23532.Phospholipids in Large LDL,39575,-0.000152032700527822,0.0042390000515204,-0.00846047280150782,0.00815640740045217,0.971390474847948
HMGCS1,"Hydroxymethylglutaryl-CoA synthase, cytoplasmic",NMR metabolomics,X23533.Cholesterol in Large LDL,39575,-0.00174511231540784,0.00422713007847986,-0.0100302872692284,0.00654006263841269,0.679734692407452
HMGCS1,"Hydroxymethylglutaryl-CoA synthase, cytoplasmic",NMR metabolomics,X23534.Cholesteryl Esters in Large LDL,39575,-0.00213967478919082,0.0042203829331384,-0.0104116253381421,0.00613227575976045,0.612174872935568
HMGCS1,"Hydroxymethylglutaryl-CoA synthase, cytoplasmic",NMR metabolomics,X23535.Free Cholesterol in Large LDL,39575,-0.000710919800903056,0.00426206386267439,-0.00906456497174486,0.00764272536993874,0.867529097958451
HMGCS1,"Hydroxymethylglutaryl-CoA synthase, cytoplasmic",NMR metabolomics,X23536.Triglycerides in Large LDL,39575,-0.0021360032515383,0.004188393981622,-0.0103452554555174,0.00607324895244083,0.61007471032482
HMGCS1,"Hydroxymethylglutaryl-CoA synthase, cytoplasmic",NMR metabolomics,X23537.Concentration of Medium LDL Particles,39575,-0.00188250192961373,0.00423800815533145,-0.0101889979140634,0.00642399405483591,0.656910382441955
HMGCS1,"Hydroxymethylglutaryl-CoA synthase, cytoplasmic",NMR metabolomics,X23538.Total Lipids in Medium LDL,39575,-0.0010721444837911,0.0042191338751838,-0.00934164687915135,0.00719735791156915,0.799411607847299
HMGCS1,"Hydroxymethylglutaryl-CoA synthase, cytoplasmic",NMR metabolomics,X23539.Phospholipids in Medium LDL,39575,-0.000846822472107616,0.00423653917989177,-0.00915043926469549,0.00745679432048026,0.841573885947496
HMGCS1,"Hydroxymethylglutaryl-CoA synthase, cytoplasmic",NMR metabolomics,X23540.Cholesterol in Medium LDL,39575,-0.00100273082657288,0.00421111009359779,-0.00925650661002456,0.00725104495687879,0.81179591404714
HMGCS1,"Hydroxymethylglutaryl-CoA synthase, cytoplasmic",NMR metabolomics,X23541.Cholesteryl Esters in Medium LDL,39575,-0.00114471798999199,0.00422567515676407,-0.00942704129724957,0.00713760531726559,0.78647620830913
HMGCS1,"Hydroxymethylglutaryl-CoA synthase, cytoplasmic",NMR metabolomics,X23542.Free Cholesterol in Medium LDL,39575,-0.000583588613981023,0.00419191992124784,-0.00879975165962679,0.00763257443166475,0.889280834144688
HMGCS1,"Hydroxymethylglutaryl-CoA synthase, cytoplasmic",NMR metabolomics,X23543.Triglycerides in Medium LDL,39575,-0.00274074922258331,0.00421514640903032,-0.0110024361842827,0.00552093773911613,0.515567300225953
HMGCS1,"Hydroxymethylglutaryl-CoA synthase, cytoplasmic",NMR metabolomics,X23544.Concentration of Small LDL Particles,39575,-0.00230537562024118,0.00424483910988438,-0.0106252602756146,0.0060145090351322,0.587071414531204
HMGCS1,"Hydroxymethylglutaryl-CoA synthase, cytoplasmic",NMR metabolomics,X23545.Total Lipids in Small LDL,39575,-0.00192803589757064,0.00418949712623212,-0.0101394502649856,0.00628337846984431,0.645376765274463
HMGCS1,"Hydroxymethylglutaryl-CoA synthase, cytoplasmic",NMR metabolomics,X23546.Phospholipids in Small LDL,39575,-0.00310127770103658,0.00417926315412172,-0.0112926334831152,0.00509007808104199,0.458064879765151
HMGCS1,"Hydroxymethylglutaryl-CoA synthase, cytoplasmic",NMR metabolomics,X23547.Cholesterol in Small LDL,39575,-0.00109591888798033,0.00419914947086087,-0.00932625185086764,0.00713441407490697,0.794108262090659
HMGCS1,"Hydroxymethylglutaryl-CoA synthase, cytoplasmic",NMR metabolomics,X23548.Cholesteryl Esters in Small LDL,39575,-0.00119447069203709,0.004202002193822,-0.0094303949919282,0.00704145360785403,0.776214759112811
HMGCS1,"Hydroxymethylglutaryl-CoA synthase, cytoplasmic",NMR metabolomics,X23549.Free Cholesterol in Small LDL,39575,-0.00114599619464323,0.00419548882819309,-0.00936915429790167,0.00707716190861522,0.784743341839686
HMGCS1,"Hydroxymethylglutaryl-CoA synthase, cytoplasmic",NMR metabolomics,X23550.Triglycerides in Small LDL,39575,-0.0035421840226623,0.0042556166776359,-0.0118831927108287,0.00479882466550407,0.405226678406192
HMGCS1,"Hydroxymethylglutaryl-CoA synthase, cytoplasmic",NMR metabolomics,X23551.Concentration of Very Large HDL Particles,39575,-0.00570522421895484,0.0048598350004767,-0.0152305008198892,0.00382005238197949,0.240438802906638
HMGCS1,"Hydroxymethylglutaryl-CoA synthase, cytoplasmic",NMR metabolomics,X23552.Total Lipids in Very Large HDL,39575,-0.00542120228927921,0.00487450395346567,-0.0149752300380719,0.00413282545951349,0.266096018844957
HMGCS1,"Hydroxymethylglutaryl-CoA synthase, cytoplasmic",NMR metabolomics,X23553.Phospholipids in Very Large HDL,39575,-0.00495531083630402,0.00484494527284836,-0.0144514035710868,0.00454078189847877,0.306434643102339
HMGCS1,"Hydroxymethylglutaryl-CoA synthase, cytoplasmic",NMR metabolomics,X23554.Cholesterol in Very Large HDL,39575,-0.00544029726340828,0.0049388288985232,-0.0151204019045138,0.00423980737769719,0.270687651885892
HMGCS1,"Hydroxymethylglutaryl-CoA synthase, cytoplasmic",NMR metabolomics,X23555.Cholesteryl Esters in Very Large HDL,39575,-0.00524758740395069,0.00496621505594871,-0.0149813689136102,0.00448619410570879,0.290691276251588
HMGCS1,"Hydroxymethylglutaryl-CoA synthase, cytoplasmic",NMR metabolomics,X23556.Free Cholesterol in Very Large HDL,39575,-0.00536478405679676,0.00479342949645,-0.0147599058698388,0.00403033775624524,0.263081297807325
HMGCS1,"Hydroxymethylglutaryl-CoA synthase, cytoplasmic",NMR metabolomics,X23557.Triglycerides in Very Large HDL,39575,-0.00423934595283826,0.00405440246766873,-0.012185974789469,0.00370728288379246,0.295761630956808
HMGCS1,"Hydroxymethylglutaryl-CoA synthase, cytoplasmic",NMR metabolomics,X23558.Concentration of Large HDL Particles,39575,-0.00177874742135373,0.00491224839868677,-0.0114067542827798,0.00784925944007233,0.717280886706089
HMGCS1,"Hydroxymethylglutaryl-CoA synthase, cytoplasmic",NMR metabolomics,X23559.Total Lipids in Large HDL,39575,-0.00134190423528207,0.00486922929845433,-0.0108855936602526,0.00820178518968842,0.782869231332966
HMGCS1,"Hydroxymethylglutaryl-CoA synthase, cytoplasmic",NMR metabolomics,X23560.Phospholipids in Large HDL,39575,-0.000585595511222588,0.0048175348077693,-0.0100279637344504,0.00885677271200524,0.903253668177066
HMGCS1,"Hydroxymethylglutaryl-CoA synthase, cytoplasmic",NMR metabolomics,X23561.Cholesterol in Large HDL,39575,-0.00182937280049136,0.00494838594511142,-0.0115282092529097,0.00786946365192701,0.711620014064023
HMGCS1,"Hydroxymethylglutaryl-CoA synthase, cytoplasmic",NMR metabolomics,X23562.Cholesteryl Esters in Large HDL,39575,-0.00162773560522385,0.00496680700124619,-0.0113626773276664,0.00810720611721868,0.743127558359642
HMGCS1,"Hydroxymethylglutaryl-CoA synthase, cytoplasmic",NMR metabolomics,X23563.Free Cholesterol in Large HDL,39575,-0.00239574941286334,0.00488266478296376,-0.0119657723874723,0.00717427356174562,0.623673693393364
HMGCS1,"Hydroxymethylglutaryl-CoA synthase, cytoplasmic",NMR metabolomics,X23564.Triglycerides in Large HDL,39575,-0.0014296336903262,0.00426268693940342,-0.0097845000915569,0.0069252327109045,0.737342431223811
HMGCS1,"Hydroxymethylglutaryl-CoA synthase, cytoplasmic",NMR metabolomics,X23565.Concentration of Medium HDL Particles,39575,0.0029135472460817,0.00451141633716012,-0.00592882877475213,0.0117559232669155,0.518411683434062
HMGCS1,"Hydroxymethylglutaryl-CoA synthase, cytoplasmic",NMR metabolomics,X23566.Total Lipids in Medium HDL,39575,0.00304921719269612,0.00443431347093016,-0.00564203721032699,0.0117404715957192,0.491693209025502
HMGCS1,"Hydroxymethylglutaryl-CoA synthase, cytoplasmic",NMR metabolomics,X23567.Phospholipids in Medium HDL,39575,0.00293427559566759,0.00435563590970469,-0.0056027707873536,0.0114713219786888,0.500533230209022
HMGCS1,"Hydroxymethylglutaryl-CoA synthase, cytoplasmic",NMR metabolomics,X23568.Cholesterol in Medium HDL,39575,0.0032588690376292,0.0045671910920935,-0.00569282550287407,0.0122105635781325,0.475527451533417
HMGCS1,"Hydroxymethylglutaryl-CoA synthase, cytoplasmic",NMR metabolomics,X23569.Cholesteryl Esters in Medium HDL,39575,0.00351479768051255,0.00455929836840847,-0.00542142712156806,0.0124510224825932,0.440778308201659
HMGCS1,"Hydroxymethylglutaryl-CoA synthase, cytoplasmic",NMR metabolomics,X23570.Free Cholesterol in Medium HDL,39575,0.00189304580607827,0.00458932784548764,-0.00710203677107751,0.0108881283832341,0.679989329804044
HMGCS1,"Hydroxymethylglutaryl-CoA synthase, cytoplasmic",NMR metabolomics,X23571.Triglycerides in Medium HDL,39575,0.000806343436113804,0.00438530412893459,-0.007788852656598,0.00940153952882561,0.85411569454928
HMGCS1,"Hydroxymethylglutaryl-CoA synthase, cytoplasmic",NMR metabolomics,X23572.Concentration of Small HDL Particles,39575,0.00381097420297706,0.00423525002696696,-0.00449011584987819,0.0121120642558323,0.368234343571131
HMGCS1,"Hydroxymethylglutaryl-CoA synthase, cytoplasmic",NMR metabolomics,X23573.Total Lipids in Small HDL,39575,0.00368371965344465,0.00423266735289336,-0.00461230835822633,0.0119797476651156,0.384151737191401
HMGCS1,"Hydroxymethylglutaryl-CoA synthase, cytoplasmic",NMR metabolomics,X23574.Phospholipids in Small HDL,39575,0.00381465826421324,0.00420889627368261,-0.00443477843220466,0.0120640949606312,0.364779938802599
HMGCS1,"Hydroxymethylglutaryl-CoA synthase, cytoplasmic",NMR metabolomics,X23575.Cholesterol in Small HDL,39575,0.00383910580110671,0.00421330198667802,-0.0044189660927822,0.0120971776949956,0.362216889366105
HMGCS1,"Hydroxymethylglutaryl-CoA synthase, cytoplasmic",NMR metabolomics,X23576.Cholesteryl Esters in Small HDL,39575,0.00447111632158245,0.00423046436680858,-0.00382059383736236,0.0127628264805273,0.290587123130766
HMGCS1,"Hydroxymethylglutaryl-CoA synthase, cytoplasmic",NMR metabolomics,X23577.Free Cholesterol in Small HDL,39575,0.00162837337412043,0.00420321286340663,-0.00660992383815656,0.00986667058639743,0.698459038101911
HMGCS1,"Hydroxymethylglutaryl-CoA synthase, cytoplasmic",NMR metabolomics,X23578.Triglycerides in Small HDL,39575,-6.99868980497775e-06,0.00471818179262902,-0.00925463500335786,0.0092406376237479,0.998816489584622
HMGCS1,"Hydroxymethylglutaryl-CoA synthase, cytoplasmic",NMR metabolomics,X23579.Phospholipids to Total Lipids in Chylomicrons and Extremely Large VLDL percentage,39250,0.00555024445959137,0.00473360894345595,-0.0037276290695823,0.014828117988765,0.241015141030721
HMGCS1,"Hydroxymethylglutaryl-CoA synthase, cytoplasmic",NMR metabolomics,X23580.Cholesterol to Total Lipids in Chylomicrons and Extremely Large VLDL percentage,39250,0.00724227484274424,0.00454454576338327,-0.00166503485348697,0.0161495845389755,0.111051053384486
HMGCS1,"Hydroxymethylglutaryl-CoA synthase, cytoplasmic",NMR metabolomics,X23581.Cholesteryl Esters to Total Lipids in Chylomicrons and Extremely Large VLDL percentage,39250,0.00750245675988594,0.00459991838877802,-0.00151338328211899,0.0165182968018909,0.102920353095432
HMGCS1,"Hydroxymethylglutaryl-CoA synthase, cytoplasmic",NMR metabolomics,X23582.Free Cholesterol to Total Lipids in Chylomicrons and Extremely Large VLDL percentage,39250,0.00544321436379797,0.0045312166185703,-0.00343797020859981,0.0143243989361958,0.22967321673618
HMGCS1,"Hydroxymethylglutaryl-CoA synthase, cytoplasmic",NMR metabolomics,X23583.Triglycerides to Total Lipids in Chylomicrons and Extremely Large VLDL percentage,39250,-0.00789392720308732,0.00460343626618208,-0.0169166622848042,0.00112880787862956,0.0864127983533347
HMGCS1,"Hydroxymethylglutaryl-CoA synthase, cytoplasmic",NMR metabolomics,X23584.Phospholipids to Total Lipids in Very Large VLDL percentage,39512,0.00152711739770553,0.00463818926680839,-0.00756373356523891,0.01061796836065,0.741974098150863
HMGCS1,"Hydroxymethylglutaryl-CoA synthase, cytoplasmic",NMR metabolomics,X23585.Cholesterol to Total Lipids in Very Large VLDL percentage,39512,0.00302731756007775,0.0046978283552079,-0.00618042601612973,0.0122350611362852,0.519324528501682
HMGCS1,"Hydroxymethylglutaryl-CoA synthase, cytoplasmic",NMR metabolomics,X23586.Cholesteryl Esters to Total Lipids in Very Large VLDL percentage,39512,0.00333532480753635,0.00467386229611244,-0.00582544529284403,0.0124960949079167,0.475482319455162
HMGCS1,"Hydroxymethylglutaryl-CoA synthase, cytoplasmic",NMR metabolomics,X23587.Free Cholesterol to Total Lipids in Very Large VLDL percentage,39512,0.000837594569479473,0.00470383252108746,-0.00838191717185195,0.0100571063108109,0.858674126881294
HMGCS1,"Hydroxymethylglutaryl-CoA synthase, cytoplasmic",NMR metabolomics,X23588.Triglycerides to Total Lipids in Very Large VLDL percentage,39512,-0.00294506045008629,0.0046864582569644,-0.0121305186337365,0.00624039773356394,0.529742501009138
HMGCS1,"Hydroxymethylglutaryl-CoA synthase, cytoplasmic",NMR metabolomics,X23589.Phospholipids to Total Lipids in Large VLDL percentage,39575,0.00171511908823065,0.00484953654581154,-0.00778997254155996,0.0112202107180213,0.723595551671608
HMGCS1,"Hydroxymethylglutaryl-CoA synthase, cytoplasmic",NMR metabolomics,X23590.Cholesterol to Total Lipids in Large VLDL percentage,39575,0.00256306790389389,0.00452697977064202,-0.00630981244656448,0.0114359482543523,0.571285628608474
HMGCS1,"Hydroxymethylglutaryl-CoA synthase, cytoplasmic",NMR metabolomics,X23591.Cholesteryl Esters to Total Lipids in Large VLDL percentage,39575,0.000623932728342336,0.00460197059327058,-0.008395929634468,0.00964379509115267,0.892156223580398
HMGCS1,"Hydroxymethylglutaryl-CoA synthase, cytoplasmic",NMR metabolomics,X23592.Free Cholesterol to Total Lipids in Large VLDL percentage,39575,0.00584092502980146,0.00459583633501103,-0.00316691418682016,0.0148487642464231,0.203785230823944
HMGCS1,"Hydroxymethylglutaryl-CoA synthase, cytoplasmic",NMR metabolomics,X23593.Triglycerides to Total Lipids in Large VLDL percentage,39575,-0.00323034673273417,0.00461587256567948,-0.0122774569614659,0.00581676349599761,0.484045517975313
HMGCS1,"Hydroxymethylglutaryl-CoA synthase, cytoplasmic",NMR metabolomics,X23594.Phospholipids to Total Lipids in Medium VLDL percentage,39575,-8.24152098041553e-05,0.00445212785962724,-0.00880858581467354,0.00864375539506523,0.985231203587104
HMGCS1,"Hydroxymethylglutaryl-CoA synthase, cytoplasmic",NMR metabolomics,X23595.Cholesterol to Total Lipids in Medium VLDL percentage,39575,0.00105985312619414,0.00461113732063702,-0.00797797602225441,0.0100976822746427,0.818215442751073
HMGCS1,"Hydroxymethylglutaryl-CoA synthase, cytoplasmic",NMR metabolomics,X23596.Cholesteryl Esters to Total Lipids in Medium VLDL percentage,39575,0.00181764180346995,0.0046348200569543,-0.00726660550816047,0.0109018891151004,0.694939519127673
HMGCS1,"Hydroxymethylglutaryl-CoA synthase, cytoplasmic",NMR metabolomics,X23597.Free Cholesterol to Total Lipids in Medium VLDL percentage,39575,-0.000987906557144201,0.00451245976673111,-0.00983232769993717,0.00785651458564877,0.826709728241486
HMGCS1,"Hydroxymethylglutaryl-CoA synthase, cytoplasmic",NMR metabolomics,X23598.Triglycerides to Total Lipids in Medium VLDL percentage,39575,-0.00062084755971952,0.00456988609630956,-0.00957782430848626,0.00833612918904722,0.891937418687952
HMGCS1,"Hydroxymethylglutaryl-CoA synthase, cytoplasmic",NMR metabolomics,X23599.Phospholipids to Total Lipids in Small VLDL percentage,39575,0.000522781999178967,0.00449752931816922,-0.00829237546443271,0.00933793946279064,0.907466367533334
HMGCS1,"Hydroxymethylglutaryl-CoA synthase, cytoplasmic",NMR metabolomics,X23600.Cholesterol to Total Lipids in Small VLDL percentage,39575,0.00157779783136891,0.00434244183008377,-0.00693338815559527,0.0100889838183331,0.716355331425194
HMGCS1,"Hydroxymethylglutaryl-CoA synthase, cytoplasmic",NMR metabolomics,X23601.Cholesteryl Esters to Total Lipids in Small VLDL percentage,39575,0.00271734932467417,0.00427269770135234,-0.00565713816997641,0.0110918368193248,0.524802865753707
HMGCS1,"Hydroxymethylglutaryl-CoA synthase, cytoplasmic",NMR metabolomics,X23602.Free Cholesterol to Total Lipids in Small VLDL percentage,39575,6.43983041784586e-05,0.00453588801637168,-0.00882594220791003,0.00895473881626695,0.988672666569293
HMGCS1,"Hydroxymethylglutaryl-CoA synthase, cytoplasmic",NMR metabolomics,X23603.Triglycerides to Total Lipids in Small VLDL percentage,39575,-0.00128305222282864,0.00438659816498688,-0.00988078462620293,0.00731468018054565,0.769914723506856
HMGCS1,"Hydroxymethylglutaryl-CoA synthase, cytoplasmic",NMR metabolomics,X23604.Phospholipids to Total Lipids in Very Small VLDL percentage,39575,-0.00187952286992024,0.0042581465864826,-0.0102254901794261,0.00646644443958567,0.658936053089953
HMGCS1,"Hydroxymethylglutaryl-CoA synthase, cytoplasmic",NMR metabolomics,X23605.Cholesterol to Total Lipids in Very Small VLDL percentage,39575,0.000512539572368077,0.00448006008929152,-0.0082683782026433,0.00929345734737946,0.908919144524239
HMGCS1,"Hydroxymethylglutaryl-CoA synthase, cytoplasmic",NMR metabolomics,X23606.Cholesteryl Esters to Total Lipids in Very Small VLDL percentage,39575,0.00106664816445917,0.0045379364566524,-0.00782770729057954,0.00996100361949788,0.814173250475203
HMGCS1,"Hydroxymethylglutaryl-CoA synthase, cytoplasmic",NMR metabolomics,X23607.Free Cholesterol to Total Lipids in Very Small VLDL percentage,39575,-0.00291508027945906,0.00396521508116585,-0.0106869018385441,0.004856741279626,0.462255805770855
HMGCS1,"Hydroxymethylglutaryl-CoA synthase, cytoplasmic",NMR metabolomics,X23608.Triglycerides to Total Lipids in Very Small VLDL percentage,39575,-0.000168014434031712,0.0044267621864511,-0.00884446831947588,0.00850843945141245,0.969724850086293
HMGCS1,"Hydroxymethylglutaryl-CoA synthase, cytoplasmic",NMR metabolomics,X23609.Phospholipids to Total Lipids in IDL percentage,39575,-0.00750452237901849,0.00417315953628973,-0.0156839150701464,0.000674870312109381,0.0721596219756571
HMGCS1,"Hydroxymethylglutaryl-CoA synthase, cytoplasmic",NMR metabolomics,X23610.Cholesterol to Total Lipids in IDL percentage,39575,0.00348051026014695,0.00435457479128478,-0.00505445633077121,0.0120154768510651,0.424147271392513
HMGCS1,"Hydroxymethylglutaryl-CoA synthase, cytoplasmic",NMR metabolomics,X23611.Cholesteryl Esters to Total Lipids in IDL percentage,39575,0.00536882405897109,0.00431148809969982,-0.00308169261644056,0.0138193407343827,0.213071269707518
HMGCS1,"Hydroxymethylglutaryl-CoA synthase, cytoplasmic",NMR metabolomics,X23612.Free Cholesterol to Total Lipids in IDL percentage,39575,-0.00186008088329176,0.00400370893472861,-0.00970735039535983,0.00598718862877631,0.642234713593534
HMGCS1,"Hydroxymethylglutaryl-CoA synthase, cytoplasmic",NMR metabolomics,X23613.Triglycerides to Total Lipids in IDL percentage,39575,-0.000677851027477685,0.00438535136466751,-0.009273139702226,0.00791743764727063,0.877161858026217
HMGCS1,"Hydroxymethylglutaryl-CoA synthase, cytoplasmic",NMR metabolomics,X23614.Phospholipids to Total Lipids in Large LDL percentage,39575,0.0116081346907226,0.00424627459389427,0.00328543648668984,0.0199308328947554,0.00627232534346656
HMGCS1,"Hydroxymethylglutaryl-CoA synthase, cytoplasmic",NMR metabolomics,X23615.Cholesterol to Total Lipids in Large LDL percentage,39575,-0.00548471455474103,0.00434183378998601,-0.0139947087831136,0.00302527967363155,0.20653503593391
HMGCS1,"Hydroxymethylglutaryl-CoA synthase, cytoplasmic",NMR metabolomics,X23616.Cholesteryl Esters to Total Lipids in Large LDL percentage,39575,-0.00823153649450883,0.00413540797319796,-0.0163369361219768,-0.000126136867040834,0.046560460435374
HMGCS1,"Hydroxymethylglutaryl-CoA synthase, cytoplasmic",NMR metabolomics,X23617.Free Cholesterol to Total Lipids in Large LDL percentage,39575,0.00186045707849563,0.00464489127297991,-0.007243529816545,0.0109644439735363,0.688767840719761
HMGCS1,"Hydroxymethylglutaryl-CoA synthase, cytoplasmic",NMR metabolomics,X23618.Triglycerides to Total Lipids in Large LDL percentage,39575,0.000877353642646959,0.00426762910875425,-0.00748719941051138,0.0092419066958053,0.837120169244978
HMGCS1,"Hydroxymethylglutaryl-CoA synthase, cytoplasmic",NMR metabolomics,X23619.Phospholipids to Total Lipids in Medium LDL percentage,39575,0.00473696199351786,0.00436197212844995,-0.00381250337824405,0.0132864273652798,0.277517017299703
HMGCS1,"Hydroxymethylglutaryl-CoA synthase, cytoplasmic",NMR metabolomics,X23620.Cholesterol to Total Lipids in Medium LDL percentage,39575,-0.000995520210472315,0.00430621460966869,-0.00943570084542294,0.00744466042447831,0.817177559548532
HMGCS1,"Hydroxymethylglutaryl-CoA synthase, cytoplasmic",NMR metabolomics,X23621.Cholesteryl Esters to Total Lipids in Medium LDL percentage,39575,-0.00185845374177334,0.00435892879903285,-0.0104019541878777,0.00668504670433104,0.669857104802989
HMGCS1,"Hydroxymethylglutaryl-CoA synthase, cytoplasmic",NMR metabolomics,X23622.Free Cholesterol to Total Lipids in Medium LDL percentage,39575,0.00155953658786119,0.00448585936039243,-0.00723274775850797,0.0103518209342304,0.728105100010165
HMGCS1,"Hydroxymethylglutaryl-CoA synthase, cytoplasmic",NMR metabolomics,X23623.Triglycerides to Total Lipids in Medium LDL percentage,39575,-0.000488497605389584,0.00425489604008536,-0.00882809384395689,0.00785109863317772,0.908599128559211
HMGCS1,"Hydroxymethylglutaryl-CoA synthase, cytoplasmic",NMR metabolomics,X23624.Phospholipids to Total Lipids in Small LDL percentage,39575,-0.005017473477318,0.0043576029894319,-0.0135583753366045,0.00352342838196851,0.249580586635534
HMGCS1,"Hydroxymethylglutaryl-CoA synthase, cytoplasmic",NMR metabolomics,X23625.Cholesterol to Total Lipids in Small LDL percentage,39575,0.00563072659022797,0.00423347958646951,-0.00266689339925227,0.0139283465797082,0.183530443278968
HMGCS1,"Hydroxymethylglutaryl-CoA synthase, cytoplasmic",NMR metabolomics,X23626.Cholesteryl Esters to Total Lipids in Small LDL percentage,39575,0.00244555384804279,0.00431950305310734,-0.00602067213604759,0.0109117798321332,0.571292818239287
HMGCS1,"Hydroxymethylglutaryl-CoA synthase, cytoplasmic",NMR metabolomics,X23627.Free Cholesterol to Total Lipids in Small LDL percentage,39575,0.00171422246135874,0.0042667826081686,-0.00664867145065172,0.0100771163733692,0.687868506313872
HMGCS1,"Hydroxymethylglutaryl-CoA synthase, cytoplasmic",NMR metabolomics,X23628.Triglycerides to Total Lipids in Small LDL percentage,39575,-0.00130616910271783,0.00434455513238385,-0.00982149716219019,0.00720915895675452,0.763690850723055
HMGCS1,"Hydroxymethylglutaryl-CoA synthase, cytoplasmic",NMR metabolomics,X23629.Phospholipids to Total Lipids in Very Large HDL percentage,39565,-0.00521724663238022,0.00460864445949378,-0.014250189772988,0.0038156965082276,0.257635371830412
HMGCS1,"Hydroxymethylglutaryl-CoA synthase, cytoplasmic",NMR metabolomics,X23630.Cholesterol to Total Lipids in Very Large HDL percentage,39565,0.00409679657152959,0.00400249735328825,-0.00374809824091538,0.0119416913839746,0.306065682212603
HMGCS1,"Hydroxymethylglutaryl-CoA synthase, cytoplasmic",NMR metabolomics,X23631.Cholesteryl Esters to Total Lipids in Very Large HDL percentage,39565,-0.000594817187818024,0.00373799910888069,-0.00792129544122417,0.00673166106558813,0.873571619803049
HMGCS1,"Hydroxymethylglutaryl-CoA synthase, cytoplasmic",NMR metabolomics,X23632.Free Cholesterol to Total Lipids in Very Large HDL percentage,39565,0.00461835109345587,0.00477960685206897,-0.0047496783365993,0.013986380523511,0.333934550971126
HMGCS1,"Hydroxymethylglutaryl-CoA synthase, cytoplasmic",NMR metabolomics,X23633.Triglycerides to Total Lipids in Very Large HDL percentage,39565,0.000415322821822877,0.00452655996272922,-0.00845673470512639,0.00928738034877214,0.926896425539893
HMGCS1,"Hydroxymethylglutaryl-CoA synthase, cytoplasmic",NMR metabolomics,X23634.Phospholipids to Total Lipids in Large HDL percentage,39575,0.00578871864881443,0.00428027981465149,-0.00260062978790249,0.0141780670855313,0.176270157110789
HMGCS1,"Hydroxymethylglutaryl-CoA synthase, cytoplasmic",NMR metabolomics,X23635.Cholesterol to Total Lipids in Large HDL percentage,39575,-0.00375735582515805,0.00452606610714117,-0.0126284453951547,0.00511373374483865,0.40646678609652
HMGCS1,"Hydroxymethylglutaryl-CoA synthase, cytoplasmic",NMR metabolomics,X23636.Cholesteryl Esters to Total Lipids in Large HDL percentage,39575,-0.00285349522535072,0.00435359021072076,-0.0113865320383634,0.00567954158766198,0.512201487087291
HMGCS1,"Hydroxymethylglutaryl-CoA synthase, cytoplasmic",NMR metabolomics,X23637.Free Cholesterol to Total Lipids in Large HDL percentage,39575,-0.00566292617582134,0.00431270730118875,-0.0141158324861513,0.00278998013450861,0.189183721030221
HMGCS1,"Hydroxymethylglutaryl-CoA synthase, cytoplasmic",NMR metabolomics,X23638.Triglycerides to Total Lipids in Large HDL percentage,39575,-0.000888110087355633,0.00434689027876882,-0.00940801503374252,0.00763179485903126,0.838115595370263
HMGCS1,"Hydroxymethylglutaryl-CoA synthase, cytoplasmic",NMR metabolomics,X23639.Phospholipids to Total Lipids in Medium HDL percentage,39575,-0.000393903573377115,0.00463794447233349,-0.00948427473915076,0.00869646759239653,0.932318084971479
HMGCS1,"Hydroxymethylglutaryl-CoA synthase, cytoplasmic",NMR metabolomics,X23640.Cholesterol to Total Lipids in Medium HDL percentage,39575,0.00120993045968799,0.00462317038118149,-0.00785148348742774,0.0102713444068037,0.793549851584869
HMGCS1,"Hydroxymethylglutaryl-CoA synthase, cytoplasmic",NMR metabolomics,X23641.Cholesteryl Esters to Total Lipids in Medium HDL percentage,39575,0.0019611534616333,0.00438503756506264,-0.00663352016588947,0.0105558270891561,0.654712377278508
HMGCS1,"Hydroxymethylglutaryl-CoA synthase, cytoplasmic",NMR metabolomics,X23642.Free Cholesterol to Total Lipids in Medium HDL percentage,39575,-0.00188920560174232,0.00484834874846219,-0.0113919691487282,0.00761355794524356,0.696795840083436
HMGCS1,"Hydroxymethylglutaryl-CoA synthase, cytoplasmic",NMR metabolomics,X23643.Triglycerides to Total Lipids in Medium HDL percentage,39575,-0.00173903376503521,0.00455231359639428,-0.010661568413968,0.00718350088389758,0.702460618795046
HMGCS1,"Hydroxymethylglutaryl-CoA synthase, cytoplasmic",NMR metabolomics,X23644.Phospholipids to Total Lipids in Small HDL percentage,39575,0.00184015735973748,0.00420547377520749,-0.0064025712396692,0.0100828859591442,0.661712115041423
HMGCS1,"Hydroxymethylglutaryl-CoA synthase, cytoplasmic",NMR metabolomics,X23645.Cholesterol to Total Lipids in Small HDL percentage,39575,-2.92375627801215e-05,0.00417857448738874,-0.00821924355806206,0.00816076843250182,0.994417359734244
HMGCS1,"Hydroxymethylglutaryl-CoA synthase, cytoplasmic",NMR metabolomics,X23646.Cholesteryl Esters to Total Lipids in Small HDL percentage,39575,0.00185352785904531,0.00411250277478219,-0.00620697757952778,0.00991403329761841,0.652210679428659
HMGCS1,"Hydroxymethylglutaryl-CoA synthase, cytoplasmic",NMR metabolomics,X23647.Free Cholesterol to Total Lipids in Small HDL percentage,39575,-0.00837026719409283,0.00448614548734571,-0.0171631123492904,0.000422577961104769,0.0620954805149722
HMGCS1,"Hydroxymethylglutaryl-CoA synthase, cytoplasmic",NMR metabolomics,X23648.Triglycerides to Total Lipids in Small HDL percentage,39575,-0.00247708844079781,0.00472661541605924,-0.0117412546562739,0.00678707777467831,0.600238803369263
HMGCS1,"Hydroxymethylglutaryl-CoA synthase, cytoplasmic",Working and living environment,X24003.Nitrogen dioxide air pollution; 2010,48148,0.00090129481919853,0.0036110598311391,-0.00617638244983411,0.00797897208823116,0.802904828691703
HMGCS1,"Hydroxymethylglutaryl-CoA synthase, cytoplasmic",Working and living environment,X24004.Nitrogen oxides air pollution; 2010,48148,0.00105730170593004,0.00352264335614852,-0.00584707927212105,0.00796168268398113,0.764070198411576
HMGCS1,"Hydroxymethylglutaryl-CoA synthase, cytoplasmic",Working and living environment,X24005.Particulate matter air pollution (pm10); 2010,46784,0.00063386096564616,0.00336230771897488,-0.0059562621635446,0.00722398409483692,0.850471442292122
HMGCS1,"Hydroxymethylglutaryl-CoA synthase, cytoplasmic",Working and living environment,X24006.Particulate matter air pollution (pm2.5); 2010,46784,-0.000864335962484323,0.00366559336287749,-0.00804889895372421,0.00632022702875556,0.813592842338507
HMGCS1,"Hydroxymethylglutaryl-CoA synthase, cytoplasmic",Working and living environment,X24007.Particulate matter air pollution (pm2.5) absorbance; 2010,46784,-0.0011115092587383,0.00361670379651427,-0.00820024869990626,0.00597723018242967,0.758598314990276
HMGCS1,"Hydroxymethylglutaryl-CoA synthase, cytoplasmic",Working and living environment,X24008.Particulate matter air pollution 2.5-10um; 2010,46784,0.00106706732606439,0.0033356938546417,-0.00547089262903334,0.00760502728116213,0.749052617033054
HMGCS1,"Hydroxymethylglutaryl-CoA synthase, cytoplasmic",Working and living environment,X24009.Traffic intensity on the nearest road,48148,0.18774982130497,0.0611466148312809,0.0679024562356594,0.30759718637428,0.00214003921446379
HMGCS1,"Hydroxymethylglutaryl-CoA synthase, cytoplasmic",Working and living environment,X24010.Inverse distance to the nearest road,48148,-0.00695322834120795,0.00316793183161817,-0.0131623747311796,-0.000744081951236349,0.0281839670457069
HMGCS1,"Hydroxymethylglutaryl-CoA synthase, cytoplasmic",Working and living environment,X24011.Traffic intensity on the nearest major road,48148,-0.00330297571256008,0.00313635316925091,-0.00945022792429186,0.00284427649917171,0.292296170874441
HMGCS1,"Hydroxymethylglutaryl-CoA synthase, cytoplasmic",Working and living environment,X24012.Inverse distance to the nearest major road,48148,0.00658490854603537,0.00321057372526279,0.000292184044520299,0.0128776330475504,0.0402795845929059
HMGCS1,"Hydroxymethylglutaryl-CoA synthase, cytoplasmic",Working and living environment,X24013.Total traffic load on major roads,48148,0.105939776233772,0.0447912061583443,0.0181490121634168,0.193730540304126,0.0180304618379649
HMGCS1,"Hydroxymethylglutaryl-CoA synthase, cytoplasmic",Working and living environment,X24015.Sum of road length of major roads within 100m,48148,0.118662419452667,0.0435002148252015,0.0334019983952722,0.203922840510062,0.00638039182844051
HMGCS1,"Hydroxymethylglutaryl-CoA synthase, cytoplasmic",Working and living environment,X24016.Nitrogen dioxide air pollution; 2005,48148,-0.00356177763807103,0.00363528973593785,-0.0106869455205092,0.00356339024436715,0.327207740044334
HMGCS1,"Hydroxymethylglutaryl-CoA synthase, cytoplasmic",Working and living environment,X24017.Nitrogen dioxide air pollution; 2006,48148,-0.00292020677449253,0.00363414406056736,-0.0100431291332045,0.00420271558421949,0.421668219722425
HMGCS1,"Hydroxymethylglutaryl-CoA synthase, cytoplasmic",Working and living environment,X24018.Nitrogen dioxide air pollution; 2007,48148,-0.00385490547037128,0.00358964783845771,-0.0108906152337484,0.00318080429300582,0.282882924745711
HMGCS1,"Hydroxymethylglutaryl-CoA synthase, cytoplasmic",Working and living environment,X24019.Particulate matter air pollution (pm10); 2007,48111,-0.00291463445739403,0.00350297647875086,-0.00978046835574571,0.00395119944095764,0.405393664692768
HMGCS1,"Hydroxymethylglutaryl-CoA synthase, cytoplasmic",Working and living environment,X24020.Average daytime sound level of noise pollution,48148,-9.44549830870469e-07,0.00315325394361015,-0.00618132227930677,0.00617943317964503,0.999760998609411
HMGCS1,"Hydroxymethylglutaryl-CoA synthase, cytoplasmic",Working and living environment,X24021.Average evening sound level of noise pollution,48148,1.5603814168459e-05,0.00315377905063763,-0.0061658031250813,0.00619701075341822,0.996052408175939
HMGCS1,"Hydroxymethylglutaryl-CoA synthase, cytoplasmic",Working and living environment,X24022.Average night-time sound level of noise pollution,48148,-8.82364593053925e-06,0.00315329184215549,-0.00618927565655531,0.00617162836469423,0.997767364397283
HMGCS1,"Hydroxymethylglutaryl-CoA synthase, cytoplasmic",Working and living environment,X24023.Average 16-hour sound level of noise pollution,48148,-3.77053613051632e-05,0.00315355271926841,-0.00621866869107125,0.00614325796846092,0.99046046577895
HMGCS1,"Hydroxymethylglutaryl-CoA synthase, cytoplasmic",Working and living environment,X24024.Average 24-hour sound level of noise pollution,48148,-2.07163092528029e-05,0.00315363910962638,-0.00620184896412051,0.0061604163456149,0.994758787400298
HMGCS1,"Hydroxymethylglutaryl-CoA synthase, cytoplasmic",Health and medical history,X2405.Number of children fathered,48139,0.0077843224251853,0.0346354391056077,-0.0601011382218058,0.0756697830721764,0.82217594730384
HMGCS1,"Hydroxymethylglutaryl-CoA synthase, cytoplasmic",Working and living environment,"X24500.Greenspace percentage, buffer 1000m",45919,0.000264834641132068,0.00376560676854324,-0.00711575462521268,0.00764542390747682,0.943931919152499
HMGCS1,"Hydroxymethylglutaryl-CoA synthase, cytoplasmic",Working and living environment,"X24501.Domestic garden percentage, buffer 1000m",45919,-0.00168700720405736,0.00338209211964507,-0.00831590775856169,0.00494189335044697,0.617922528206387
HMGCS1,"Hydroxymethylglutaryl-CoA synthase, cytoplasmic",Working and living environment,"X24502.Water percentage, buffer 1000m",45919,0.00791101790332008,0.00340890246419982,0.00122956907348844,0.0145924667331517,0.0203149443270376
HMGCS1,"Hydroxymethylglutaryl-CoA synthase, cytoplasmic",Working and living environment,"X24503.Greenspace percentage, buffer 300m",45919,-7.47773131810853e-05,0.00352609275515639,-0.0069859191132876,0.00683636448692543,0.983080895880336
HMGCS1,"Hydroxymethylglutaryl-CoA synthase, cytoplasmic",Working and living environment,"X24504.Domestic garden percentage, buffer 300m",45919,-0.00117576011623468,0.00341417205558308,-0.00786753734517752,0.00551601711270816,0.730567452409901
HMGCS1,"Hydroxymethylglutaryl-CoA synthase, cytoplasmic",Working and living environment,"X24505.Water percentage, buffer 300m",45919,0.00100372313690372,0.00343616160837483,-0.00573115361551094,0.00773859988931838,0.77020914178255
HMGCS1,"Hydroxymethylglutaryl-CoA synthase, cytoplasmic",Working and living environment,"X24506.Natural environment percentage, buffer 1000m",48216,0.00245896623293615,0.00357997117866711,-0.0045577772772514,0.00947570974312369,0.492174281743603
HMGCS1,"Hydroxymethylglutaryl-CoA synthase, cytoplasmic",Working and living environment,"X24507.Natural environment percentage, buffer 300m",48216,0.00103434554503141,0.00335651875044506,-0.00554443120584092,0.00761312229590373,0.757963694972843
HMGCS1,"Hydroxymethylglutaryl-CoA synthase, cytoplasmic",Working and living environment,X24508.Distance (Euclidean) to coast,48216,0.00420143898501255,0.00317751734391464,-0.00202649500906015,0.0104293729790852,0.186103824345955
HMGCS1,"Hydroxymethylglutaryl-CoA synthase, cytoplasmic",Lifestyle factors,X2867.Age started smoking in former smokers,34410,-0.000106301555573441,0.00572914858107061,-0.0113354327744718,0.011122829663325,0.985197127936765
HMGCS1,"Hydroxymethylglutaryl-CoA synthase, cytoplasmic",Mental health,"X28735.Feeling anxious, nervous or on edge over the last 2 weeks",35504,0.0168207165950662,0.0674377370384429,-0.115357248000282,0.148998681190414,0.803038794175784
HMGCS1,"Hydroxymethylglutaryl-CoA synthase, cytoplasmic",Mental health,X28736.Not being able to stop or control worrying over the last 2 weeks,35505,0.0354170468853289,0.0767208318852946,-0.114955783609848,0.185789877380506,0.644357397508565
HMGCS1,"Hydroxymethylglutaryl-CoA synthase, cytoplasmic",Mental health,X28737.Little interest or pleasure in doing things over the last 2 weeks,35505,0.157458842036673,0.068699330582293,0.0228081540953786,0.292109529977967,0.0219356216132307
HMGCS1,"Hydroxymethylglutaryl-CoA synthase, cytoplasmic",Mental health,"X28738.Feeling down, depressed or hopeless over the last 2 weeks",35495,0.0515552826216783,0.072221002470084,-0.0899978822196864,0.193108447463043,0.475341367513233
HMGCS1,"Hydroxymethylglutaryl-CoA synthase, cytoplasmic",Mental health,X28739.Difficulty with standing for long periods,35511,0.163088519264622,0.0593514370400536,0.0467597026661173,0.279417335863128,0.00601441138423195
HMGCS1,"Hydroxymethylglutaryl-CoA synthase, cytoplasmic",Mental health,X28740.Difficulty with taking care of household responsibilities,35524,0.167982528168326,0.0684928263229787,0.0337365885752879,0.302228467761364,0.0142090194523705
HMGCS1,"Hydroxymethylglutaryl-CoA synthase, cytoplasmic",Mental health,X28741.Difficulty learning a new task,35488,0.0959574056144709,0.0811268476948412,-0.0630512158674178,0.25496602709636,0.2369264771845
HMGCS1,"Hydroxymethylglutaryl-CoA synthase, cytoplasmic",Mental health,X28742.Difficulty with joining in community activities,35134,0.0992658341123519,0.0744556122295238,-0.0466671658575146,0.245198834082218,0.182505577834041
HMGCS1,"Hydroxymethylglutaryl-CoA synthase, cytoplasmic",Mental health,X28743.Difficulty with being emotionally affected by health problems,35482,0.0873577906096739,0.0660532728771633,-0.0421066242295662,0.216822205448914,0.18603390150532
HMGCS1,"Hydroxymethylglutaryl-CoA synthase, cytoplasmic",Mental health,X28744.Difficulty with concentrating on doing something for ten minutes,35532,0.173348772808418,0.0854414542249652,0.00588352252748575,0.340814023089349,0.0425106836644488
HMGCS1,"Hydroxymethylglutaryl-CoA synthase, cytoplasmic",Lifestyle factors,X2887.Number of cigarettes previously smoked daily,33913,-0.124452485246545,0.0650660264892856,-0.251981897165545,0.00307692667245489,0.0558388153398101
HMGCS1,"Hydroxymethylglutaryl-CoA synthase, cytoplasmic",Lifestyle factors,X2897.Age stopped smoking,34402,0.00671285512338988,0.0060470376181314,-0.00513933860814767,0.0185650488549274,0.266999187720622
HMGCS1,"Hydroxymethylglutaryl-CoA synthase, cytoplasmic",Mental health,X29001#0.Mental health conditions experienced by first degree blood relatives_None of the above,34709,0.0206144930882113,0.0126103877286323,-0.00410186685990802,0.0453308530363305,0.102158614550435
HMGCS1,"Hydroxymethylglutaryl-CoA synthase, cytoplasmic",Mental health,X29001#1.Mental health conditions experienced by first degree blood relatives_Depression,34709,-0.0319861231222013,0.0141780483943804,-0.059775097975187,-0.00419714826921572,0.0241038765896723
HMGCS1,"Hydroxymethylglutaryl-CoA synthase, cytoplasmic",Mental health,X29001#3.Mental health conditions experienced by first degree blood relatives_Schizophrenia,34709,-0.000421376459539499,0.0467574847583789,-0.0920660465859622,0.0912232936668832,0.992809889942148
HMGCS1,"Hydroxymethylglutaryl-CoA synthase, cytoplasmic",Mental health,X29001#4.Mental health conditions experienced by first degree blood relatives_Any other type of psychosis or psychotic illness,34709,-0.0546785796458876,0.0478167918848654,-0.148399491740224,0.0390423324484485,0.2528751838247
HMGCS1,"Hydroxymethylglutaryl-CoA synthase, cytoplasmic",Mental health,X29001#5.Mental health conditions experienced by first degree blood relatives_A personality disorder,34709,0.0420726896989717,0.0574399115786754,-0.070509536995232,0.154654916393175,0.463913271678526
HMGCS1,"Hydroxymethylglutaryl-CoA synthase, cytoplasmic",Mental health,X29001#7.Mental health conditions experienced by first degree blood relatives_Attention deficit or attention deficit and hyperactivity disorder,34709,-0.0158579296415848,0.0528011673592712,-0.119348217665756,0.0876323583825867,0.763933431829977
HMGCS1,"Hydroxymethylglutaryl-CoA synthase, cytoplasmic",Mental health,X29001#8.Mental health conditions experienced by first degree blood relatives_An anxiety disorder,34709,0.0155610702781034,0.0215375901695558,-0.026652606454226,0.0577747470104327,0.470010177135199
HMGCS1,"Hydroxymethylglutaryl-CoA synthase, cytoplasmic",Mental health,X29001#9.Mental health conditions experienced by first degree blood relatives_An eating disorder,34709,-0.0352172038393071,0.0415419563623159,-0.116639438309446,0.0462050306308321,0.396610287802378
HMGCS1,"Hydroxymethylglutaryl-CoA synthase, cytoplasmic",Mental health,X29002.Recent lack of interest or pleasure in doing things,34683,0.00426321361826463,0.0731558930379867,-0.139122336736189,0.147648763972719,0.953530908124192
HMGCS1,"Hydroxymethylglutaryl-CoA synthase, cytoplasmic",Mental health,X29003.Recent feelings of depression,34683,0.10030647620476,0.0700592290054441,-0.0370096126459106,0.23762256505543,0.152270146024259
HMGCS1,"Hydroxymethylglutaryl-CoA synthase, cytoplasmic",Mental health,"X29004.Trouble falling or staying asleep, or sleeping too much",34684,-0.0202625184844347,0.0580747974532714,-0.134089121492847,0.0935640845239772,0.727173597461989
HMGCS1,"Hydroxymethylglutaryl-CoA synthase, cytoplasmic",Mental health,X29005.Recent feelings of tiredness or low energy,34685,0.0108256097197797,0.0560263641646696,-0.0989860640429727,0.120637283482532,0.84679039253168
HMGCS1,"Hydroxymethylglutaryl-CoA synthase, cytoplasmic",Mental health,X29006.Recent poor appetite or overeating,34692,-0.037583371857753,0.0898036439318057,-0.213598513964092,0.138431770248586,0.675591892651095
HMGCS1,"Hydroxymethylglutaryl-CoA synthase, cytoplasmic",Mental health,X29007.Recent feelings of inadequacy,34674,-0.0283183348196739,0.0808873935127892,-0.186857626104741,0.130220956465393,0.726278963539258
HMGCS1,"Hydroxymethylglutaryl-CoA synthase, cytoplasmic",Mental health,X29008.Recent trouble concentrating on things,34690,0.057024738410296,0.0743876189034682,-0.0887749946405016,0.202824471461094,0.443355577174644
HMGCS1,"Hydroxymethylglutaryl-CoA synthase, cytoplasmic",Mental health,X29009.Recent changes in speed or amount of moving or speaking,34685,-0.0777627927810897,0.136254139620034,-0.344820906436356,0.189295320874176,0.568211385311598
HMGCS1,"Hydroxymethylglutaryl-CoA synthase, cytoplasmic",Mental health,X29010.Recent thoughts of suicide or self-harm,34670,-0.132081358785155,0.150514168984302,-0.427089129994386,0.162926412424076,0.380231192534342
HMGCS1,"Hydroxymethylglutaryl-CoA synthase, cytoplasmic",Mental health,X29038#0.Substances taken for depression_None of options listed,34736,0.00435720141117075,0.0235652682913865,-0.0418307244399467,0.0505451272622882,0.853314137486281
HMGCS1,"Hydroxymethylglutaryl-CoA synthase, cytoplasmic",Mental health,X29038#1.Substances taken for depression_Drugs or alcohol (more than once),34736,-0.00713685978133498,0.0420523695138349,-0.0895595040284514,0.0752857844657814,0.865240958460899
HMGCS1,"Hydroxymethylglutaryl-CoA synthase, cytoplasmic",Mental health,X29038#2.Substances taken for depression_Medication prescribed to participant (for at least 2 weeks),34736,-0.0361350821880285,0.0266482502776609,-0.0883656527322438,0.0160954883561869,0.175148411874745
HMGCS1,"Hydroxymethylglutaryl-CoA synthase, cytoplasmic",Mental health,X29038#3.Substances taken for depression_Unprescribed medication (more than once),34736,-0.081057950554937,0.0800069419702927,-0.237871556816711,0.0757556557068366,0.311034929236768
HMGCS1,"Hydroxymethylglutaryl-CoA synthase, cytoplasmic",Mental health,X29039#1.Use of specific medications_Citalopram (sometimes called Cipramil),34736,-0.0935393504442965,0.0521450194282932,-0.195743588523751,0.00866488763515823,0.0728893716669523
HMGCS1,"Hydroxymethylglutaryl-CoA synthase, cytoplasmic",Mental health,X29039#2.Use of specific medications_Fluoxetine (Prozac or Oxactin),34736,0.0732620578124805,0.0630014286094867,-0.0502207422621134,0.196744857887075,0.244930136113078
HMGCS1,"Hydroxymethylglutaryl-CoA synthase, cytoplasmic",Mental health,X29039#3.Use of specific medications_Sertraline (Lustral),34736,-0.106764678893461,0.0630337355086935,-0.2303108004905,0.0167814427035785,0.0903596636286109
HMGCS1,"Hydroxymethylglutaryl-CoA synthase, cytoplasmic",Mental health,X29039#5.Use of specific medications_Amitriptyline (Elavil),34736,-0.0304042552048602,0.0729111183572276,-0.173310047185026,0.112501536775306,0.676689796934712
HMGCS1,"Hydroxymethylglutaryl-CoA synthase, cytoplasmic",Mental health,X29039#7.Use of specific medications_Other antidepressant(s),34736,0.0163738898325642,0.0516513725630332,-0.0848628003909808,0.117610580056109,0.751248441581077
HMGCS1,"Hydroxymethylglutaryl-CoA synthase, cytoplasmic",Mental health,X29047#0.Activities undertaken to treat depression_None of options listed,34736,-0.013024552324449,0.0221882919748976,-0.0565136045952483,0.0304644999463503,0.557224548429629
HMGCS1,"Hydroxymethylglutaryl-CoA synthase, cytoplasmic",Mental health,X29051#0.Manifestations of mania or irritability_None of options listed,34736,0.00829417644041178,0.0356561502110672,-0.06159187797328,0.0781802308541035,0.816067678007772
HMGCS1,"Hydroxymethylglutaryl-CoA synthase, cytoplasmic",Mental health,X29051#1.Manifestations of mania or irritability_More active than usual,34736,-0.0313350420279318,0.0577369852453185,-0.144499533108756,0.0818294490528924,0.587342010226692
HMGCS1,"Hydroxymethylglutaryl-CoA synthase, cytoplasmic",Mental health,X29051#2.Manifestations of mania or irritability_More confident than usual,34736,-0.116656489533336,0.0691135213520809,-0.252118991383414,0.0188060123167429,0.0914818663672085
HMGCS1,"Hydroxymethylglutaryl-CoA synthase, cytoplasmic",Mental health,X29051#3.Manifestations of mania or irritability_Easily distracted,34736,0.0388326161676873,0.0443415886803755,-0.0480768976458486,0.125742129981223,0.381194475606876
HMGCS1,"Hydroxymethylglutaryl-CoA synthase, cytoplasmic",Mental health,X29051#4.Manifestations of mania or irritability_More creative or had more ideas than usual,34736,-0.12974350835269,0.0651150251869539,-0.257368957719119,-0.00211805898626019,0.0463573878813183
HMGCS1,"Hydroxymethylglutaryl-CoA synthase, cytoplasmic",Mental health,X29051#5.Manifestations of mania or irritability_Neded less sleep than usual,34736,-0.067187948981373,0.0630874849726948,-0.190839419527855,0.0564635215651088,0.28691943135758
HMGCS1,"Hydroxymethylglutaryl-CoA synthase, cytoplasmic",Mental health,X29051#6.Manifestations of mania or irritability_Thoughts were racing,34736,-0.0411035263335331,0.0361471565777695,-0.111951953225961,0.0297449005588951,0.255534011402838
HMGCS1,"Hydroxymethylglutaryl-CoA synthase, cytoplasmic",Mental health,X29051#7.Manifestations of mania or irritability_More restless than usual,34736,0.0143912614672231,0.0352525629105073,-0.0547037618373711,0.0834862847718174,0.683116826722557
HMGCS1,"Hydroxymethylglutaryl-CoA synthase, cytoplasmic",Mental health,X29051#8.Manifestations of mania or irritability_More talkative than usual,34736,-0.0798126085621678,0.0528645299352394,-0.183427087235237,0.0238018701109013,0.131156860786822
HMGCS1,"Hydroxymethylglutaryl-CoA synthase, cytoplasmic",Mental health,X29058.Recent feelings or nervousness or anxiety,34590,0.0353429209219534,0.0703148811317014,-0.102474246096181,0.173160087940088,0.615237394988437
HMGCS1,"Hydroxymethylglutaryl-CoA synthase, cytoplasmic",Mental health,X29059.Recent inability to stop or control worrying,34593,-0.00183050761530996,0.0758039656558485,-0.150406280300773,0.146745265070153,0.980735429127554
HMGCS1,"Hydroxymethylglutaryl-CoA synthase, cytoplasmic",Mental health,X29060.Recent worrying too much about different things,34594,-0.0126174583902221,0.0680025601191453,-0.145902476223747,0.120667559443303,0.852808751948426
HMGCS1,"Hydroxymethylglutaryl-CoA synthase, cytoplasmic",Mental health,X29061.Recent trouble relaxing,34591,-0.0208535718568771,0.072806889672148,-0.163555075614287,0.121847931900533,0.774564024967348
HMGCS1,"Hydroxymethylglutaryl-CoA synthase, cytoplasmic",Mental health,X29062.Recent restlessness,34597,0.00998923387218042,0.0985425397081792,-0.183154143955851,0.203132611700212,0.919260328618063
HMGCS1,"Hydroxymethylglutaryl-CoA synthase, cytoplasmic",Mental health,X29063.Recent easy annoyance or irritability,34588,0.0804243817562855,0.0680079448975282,-0.0528711902428698,0.213719953755441,0.237025257217045
HMGCS1,"Hydroxymethylglutaryl-CoA synthase, cytoplasmic",Mental health,X29064.Recent feelings of foreboding,34592,0.0724818842893435,0.0836334562244085,-0.0914396899104971,0.236403458489184,0.386162300294586
HMGCS1,"Hydroxymethylglutaryl-CoA synthase, cytoplasmic",Mental health,X29065#1.Symptoms of panic attack_Heart was pounding or racing,34736,-0.013001515781655,0.0277955637796668,-0.067480820789802,0.041477789226492,0.639976368949198
HMGCS1,"Hydroxymethylglutaryl-CoA synthase, cytoplasmic",Mental health,X29065#11.Symptoms of panic attack_Felt like things weren't real or detached from self,34736,-0.0647715291371828,0.0424137377557401,-0.147902455138433,0.0183593968640678,0.126778836868254
HMGCS1,"Hydroxymethylglutaryl-CoA synthase, cytoplasmic",Mental health,X29065#12.Symptoms of panic attack_Afraid of losing control or 'going crazy',34736,-0.0782161705410666,0.0593936568548931,-0.194627737976657,0.0381953968945239,0.187917579003409
HMGCS1,"Hydroxymethylglutaryl-CoA synthase, cytoplasmic",Mental health,X29065#13.Symptoms of panic attack_Afraid I was going to die,34736,-0.121265651925138,0.0567572120532797,-0.232509787549567,-0.0100215163007103,0.0326725749633074
HMGCS1,"Hydroxymethylglutaryl-CoA synthase, cytoplasmic",Mental health,X29065#2.Symptoms of panic attack_Sweating,34736,0.03502091639116,0.0371036789238189,-0.0377022942995251,0.107744127081845,0.345275078652326
HMGCS1,"Hydroxymethylglutaryl-CoA synthase, cytoplasmic",Mental health,X29065#3.Symptoms of panic attack_Trembling or shaking,34736,0.0129668665284283,0.0460035565962089,-0.0772001044001412,0.103133837456998,0.7780552990876
HMGCS1,"Hydroxymethylglutaryl-CoA synthase, cytoplasmic",Mental health,X29065#6.Symptoms of panic attack_Pain or discomfort in chest,34736,0.0414858236150415,0.0428460009164844,-0.0424923381812679,0.125463985411351,0.332955556201699
HMGCS1,"Hydroxymethylglutaryl-CoA synthase, cytoplasmic",Mental health,X29065#7.Symptoms of panic attack_Nauseous or felt sick in the stomach,34736,-0.0490630023673683,0.0450639454960887,-0.137388335539702,0.0392623308049656,0.276310509993911
HMGCS1,"Hydroxymethylglutaryl-CoA synthase, cytoplasmic",Mental health,X29065#9.Symptoms of panic attack_Felt hot or cold,34736,-0.0368345979186174,0.0528997255325818,-0.140518059962478,0.0668488641252429,0.486261204333494
HMGCS1,"Hydroxymethylglutaryl-CoA synthase, cytoplasmic",Mental health,X29076.Felt loved as a child,34566,-0.0877043221213909,0.0572150024662884,-0.199845726955316,0.0244370827125343,0.125355936803827
HMGCS1,"Hydroxymethylglutaryl-CoA synthase, cytoplasmic",Mental health,X29077.Physically abused by family as a child,34574,-0.00110130427728122,0.0747464612410914,-0.14760436830982,0.145401759755258,0.988244994089804
HMGCS1,"Hydroxymethylglutaryl-CoA synthase, cytoplasmic",Mental health,X29078.Felt hated by family member as a child,34567,0.0569755168252564,0.0833530146773751,-0.106396391942399,0.220347425592912,0.494289228060316
HMGCS1,"Hydroxymethylglutaryl-CoA synthase, cytoplasmic",Mental health,X29079.Sexually molested as a child,34552,0.00189769073367927,0.124697692628061,-0.24250978681732,0.246305168284678,0.987858507831173
HMGCS1,"Hydroxymethylglutaryl-CoA synthase, cytoplasmic",Mental health,X29080.Someone to take to doctor when needed as a child,34562,-0.171912288490909,0.081168410187418,-0.331002372458249,-0.01282220452357,0.0342188664287277
HMGCS1,"Hydroxymethylglutaryl-CoA synthase, cytoplasmic",Mental health,X29081.Stopped from seeing friends or family by partner or ex-partner as an adult,34573,-0.248674216007525,0.142341278459583,-0.527663121788308,0.0303146897732589,0.0806838632765458
HMGCS1,"Hydroxymethylglutaryl-CoA synthase, cytoplasmic",Mental health,X29082.Belittlement by partner or ex-partner as an adult,34559,0.0167769078682219,0.109218098330621,-0.197290564859795,0.230844380596239,0.877923061952758
HMGCS1,"Hydroxymethylglutaryl-CoA synthase, cytoplasmic",Mental health,X29083.Physical violence by partner or ex-partner as an adult,34583,0.0109477213523548,0.121804271796037,-0.227788651367877,0.249684094072587,0.928385887532557
HMGCS1,"Hydroxymethylglutaryl-CoA synthase, cytoplasmic",Mental health,X29084.Sexual interference by partner or ex-partner without consent as an adult,34576,-0.0218233669988693,0.369580046480896,-0.746200258101425,0.702553524103686,0.952914979440466
HMGCS1,"Hydroxymethylglutaryl-CoA synthase, cytoplasmic",Mental health,X29085.Sexual intercourse by partner or ex-partner without consent as an adult,34569,0.241819477676263,0.190355838599294,-0.131277965978354,0.61491692133088,0.204007752360706
HMGCS1,"Hydroxymethylglutaryl-CoA synthase, cytoplasmic",Mental health,X29086.Experienced a violent or sexual assault,34585,-0.0410234121765574,0.136622333676015,-0.308803186181546,0.226756361828432,0.763982627255379
HMGCS1,"Hydroxymethylglutaryl-CoA synthase, cytoplasmic",Mental health,X29087.Experienced a life-threatening injury or illness,34578,-0.0267312092418552,0.0653888799956766,-0.154893414033381,0.101430995549671,0.682698447423428
HMGCS1,"Hydroxymethylglutaryl-CoA synthase, cytoplasmic",Mental health,X29088.Experienced a marital separation or divorce,34578,-0.0534052539895782,0.0663516542724196,-0.183454496363521,0.0766439883843642,0.420919775712979
HMGCS1,"Hydroxymethylglutaryl-CoA synthase, cytoplasmic",Mental health,X29089.Experienced the death of a spouse or partner,34589,0.0908072506791043,0.0924551550683284,-0.0904048532548193,0.272019354613028,0.326052743359595
HMGCS1,"Hydroxymethylglutaryl-CoA synthase, cytoplasmic",Mental health,X29090.Experienced the death of a close friend or family member due to suicide,34579,0.0430613630746573,0.0798143505429993,-0.113374763989621,0.199497490138936,0.589548845614942
HMGCS1,"Hydroxymethylglutaryl-CoA synthase, cytoplasmic",Lifestyle factors,X29091.Frequency of drinking alcohol,34574,-0.0326647612274693,0.0516288354698249,-0.133857278748326,0.0685277562933875,0.526963955484391
HMGCS1,"Hydroxymethylglutaryl-CoA synthase, cytoplasmic",Lifestyle factors,X29092.Amount of alcohol drunk on a typical drinking day,34076,-0.0101561085887287,0.0566291230588346,-0.121149189784045,0.100836972606587,0.857674028824738
HMGCS1,"Hydroxymethylglutaryl-CoA synthase, cytoplasmic",Lifestyle factors,X29093.Frequency of consuming six or more units of alcohol,34095,-0.0449489412881515,0.0562998762751562,-0.155296698787458,0.0653988162111546,0.424681991902064
HMGCS1,"Hydroxymethylglutaryl-CoA synthase, cytoplasmic",Mental health,X29104.Ever used cannabis,34571,-0.0445377031011552,0.0731044075893783,-0.187822341976337,0.0987469357740263,0.542392424906431
HMGCS1,"Hydroxymethylglutaryl-CoA synthase, cytoplasmic",Mental health,X29108.Ever thought that life not worth living,34551,-0.0231599898010458,0.0731844602259118,-0.166601531843833,0.120281552241741,0.751664114657151
HMGCS1,"Hydroxymethylglutaryl-CoA synthase, cytoplasmic",Mental health,X29109.Ever contemplated self-harm,34555,-0.124225505124841,0.106535079043761,-0.333034260050612,0.0845832498009313,0.243639888266525
HMGCS1,"Hydroxymethylglutaryl-CoA synthase, cytoplasmic",Mental health,X29111.Ever self-harmed,34566,-0.359772767741888,0.204059780073682,-0.759729936686304,0.0401844012025283,0.0779389779000092
HMGCS1,"Hydroxymethylglutaryl-CoA synthase, cytoplasmic",Diet and food preferences,X29132.Ever had recurrent episodes of excessive overeating or binge eating,34568,-0.126539073697438,0.113339929246561,-0.348685335020697,0.0956071876258207,0.264271837492559
HMGCS1,"Hydroxymethylglutaryl-CoA synthase, cytoplasmic",Diet and food preferences,X29136#1.Actions and feelings during periods of overeating or binge eating_Eaten much more rapidly than normal,35229,-0.0543131927896595,0.0588016965910502,-0.169564518108118,0.0609381325287989,0.35569328340049
HMGCS1,"Hydroxymethylglutaryl-CoA synthase, cytoplasmic",Diet and food preferences,X29136#2.Actions and feelings during periods of overeating or binge eating_Eaten until feeling uncomfortably full,35229,0.0318747206515206,0.0462450992323011,-0.0587656738437896,0.122515115146831,0.490686189820586
HMGCS1,"Hydroxymethylglutaryl-CoA synthase, cytoplasmic",Diet and food preferences,X29136#3.Actions and feelings during periods of overeating or binge eating_Eaten large amounts of food when not physically hungry,35229,-0.02845302883019,0.0547849475337456,-0.135831525996331,0.0789254683359514,0.60352809640885
HMGCS1,"Hydroxymethylglutaryl-CoA synthase, cytoplasmic",Diet and food preferences,X29136#4.Actions and feelings during periods of overeating or binge eating_Eaten alone because of feeling embarrassed by overeating,35229,0.00291442343865933,0.0942939988788634,-0.181901814363913,0.187730661241232,0.975343971272477
HMGCS1,"Hydroxymethylglutaryl-CoA synthase, cytoplasmic",Diet and food preferences,X29149.Dependency of self-esteem on body shape or weight currently,34555,-0.0939721644411278,0.062359223330344,-0.216196242168602,0.0282519132863464,0.131876802130623
HMGCS1,"Hydroxymethylglutaryl-CoA synthase, cytoplasmic",Health and medical history,X29153.Pain or discomfort today,34568,0.0382609390179995,0.0559007880820349,-0.0713046056227888,0.147826483658788,0.493721656183653
HMGCS1,"Hydroxymethylglutaryl-CoA synthase, cytoplasmic",Mental health,X29154.Anxiety or depression today,34568,-0.0631541382567623,0.0761216787566455,-0.212352628619787,0.0860443521062629,0.406771477270519
HMGCS1,"Hydroxymethylglutaryl-CoA synthase, cytoplasmic",Mental health,X29166.Frequency of confiding in someone close,34418,0.00643977880015504,0.0562228392417933,-0.10375698611376,0.11663654371407,0.908813486221329
HMGCS1,"Hydroxymethylglutaryl-CoA synthase, cytoplasmic",Lifestyle factors,X29167#0.Sports and social activities attended in person at least once a week_None of the above,34555,0.0125206681535983,0.0120397029048711,-0.0110771495399491,0.0361184858471456,0.298406157299066
HMGCS1,"Hydroxymethylglutaryl-CoA synthase, cytoplasmic",Lifestyle factors,X29167#1.Sports and social activities attended in person at least once a week_Sports club or gym or fitness class,34555,0.00126355068062287,0.0124798190030252,-0.0231968945653065,0.0257239959265523,0.919357386366122
HMGCS1,"Hydroxymethylglutaryl-CoA synthase, cytoplasmic",Lifestyle factors,X29167#2.Sports and social activities attended in person at least once a week_Pub or social club,34555,0.00364077543437694,0.0132396241502848,-0.0223088879001813,0.0295904387689352,0.783332811722184
HMGCS1,"Hydroxymethylglutaryl-CoA synthase, cytoplasmic",Lifestyle factors,X29167#3.Sports and social activities attended in person at least once a week_Religious group,34555,-0.00730819117891247,0.0181625449258053,-0.042906779233491,0.028290396875666,0.687421002471708
HMGCS1,"Hydroxymethylglutaryl-CoA synthase, cytoplasmic",Lifestyle factors,X29167#4.Sports and social activities attended in person at least once a week_Adult education class,34555,-0.00693646494797704,0.0363665074530642,-0.0782148195559828,0.0643418896600287,0.84873758186393
HMGCS1,"Hydroxymethylglutaryl-CoA synthase, cytoplasmic",Lifestyle factors,X29167#5.Sports and social activities attended in person at least once a week_Other group activity,34555,-0.00507920281098206,0.0134080242706884,-0.0313589303815313,0.0212005247595672,0.704836421074478
HMGCS1,"Hydroxymethylglutaryl-CoA synthase, cytoplasmic",Lifestyle factors,X29168#0.Sports and social activities attended virtually at least once a week_None of the above,34548,0.00540125353794169,0.0140367784978339,-0.0221108323178127,0.0329133393936961,0.700404573410133
HMGCS1,"Hydroxymethylglutaryl-CoA synthase, cytoplasmic",Lifestyle factors,X29168#1.Sports and social activities attended virtually at least once a week_Sports club or gym or fitness class,34548,-0.00835524628033244,0.0222126367843919,-0.0518920143777405,0.0351815218170756,0.706820039798108
HMGCS1,"Hydroxymethylglutaryl-CoA synthase, cytoplasmic",Lifestyle factors,X29168#2.Sports and social activities attended virtually at least once a week_Pub or social club,34548,0.0353950184918998,0.0250202198600285,-0.013644612433756,0.0844346494175557,0.157221558284347
HMGCS1,"Hydroxymethylglutaryl-CoA synthase, cytoplasmic",Lifestyle factors,X29168#3.Sports and social activities attended virtually at least once a week_Religious group,34548,-0.0254926517321902,0.0307226644024292,-0.0857090739609514,0.034723770496571,0.406703856775715
HMGCS1,"Hydroxymethylglutaryl-CoA synthase, cytoplasmic",Lifestyle factors,X29168#4.Sports and social activities attended virtually at least once a week_Adult education class,34548,0.0609821612472416,0.0526712289326085,-0.0422534474606711,0.164217769955154,0.246996705354646
HMGCS1,"Hydroxymethylglutaryl-CoA synthase, cytoplasmic",Lifestyle factors,X29168#5.Sports and social activities attended virtually at least once a week_Other group activity,34548,-0.0125004169001466,0.0200940798328848,-0.0518848133726008,0.0268839795723076,0.53390356450663
HMGCS1,"Hydroxymethylglutaryl-CoA synthase, cytoplasmic",Mental health,X29171.Frequency of feeling 'in tune' with people,34404,-0.145165056851454,0.0659409411385572,-0.274409301483026,-0.0159208122198815,0.0277440781617135
HMGCS1,"Hydroxymethylglutaryl-CoA synthase, cytoplasmic",Mental health,X29172.Freuency of feeling that lacks companionship,34514,-0.00646693661220158,0.0649552931739782,-0.133779311233199,0.120845438008796,0.920697177668627
HMGCS1,"Hydroxymethylglutaryl-CoA synthase, cytoplasmic",Mental health,X29173.Frequency of feeling left out,34489,0.0384618775281787,0.0663650418417723,-0.0916136044816949,0.168537359538052,0.56224011410049
HMGCS1,"Hydroxymethylglutaryl-CoA synthase, cytoplasmic",Mental health,X29174.Frequency of feeling isolated from others,34518,-0.00454014816032273,0.0690347341466754,-0.139848227087807,0.130767930767161,0.947566234070695
HMGCS1,"Hydroxymethylglutaryl-CoA synthase, cytoplasmic",Mental health,X29175.Tendency to bounce back quickly after hard times,34561,0.0378250943776703,0.0547937547718677,-0.0695706649751904,0.145220853730531,0.490021359124179
HMGCS1,"Hydroxymethylglutaryl-CoA synthase, cytoplasmic",Mental health,X29176.Ability to make it through stressful events,34561,-0.0352347276166286,0.0534839196343663,-0.140063210099986,0.0695937548667293,0.510055412683153
HMGCS1,"Hydroxymethylglutaryl-CoA synthase, cytoplasmic",Mental health,X29177.Quick recovery from stressful events,34561,0.0305900879403694,0.0549375039821196,-0.077087419864585,0.138267595745324,0.577673981469173
HMGCS1,"Hydroxymethylglutaryl-CoA synthase, cytoplasmic",Mental health,X29178.Hard to snap back when something bad happens,34561,-0.0278983398789604,0.0539538791976311,-0.133647943106317,0.0778512633483965,0.605121215986908
HMGCS1,"Hydroxymethylglutaryl-CoA synthase, cytoplasmic",Mental health,X29179.Comes through difficult times with little trouble,34561,-0.0208463146799675,0.0559812017140055,-0.130569470039418,0.0888768406794832,0.709622724757965
HMGCS1,"Hydroxymethylglutaryl-CoA synthase, cytoplasmic",Mental health,X29180.Tendency to take a long time to get over setbacks,34561,-0.01963046277797,0.0533921490107468,-0.124279074839034,0.0850181492830936,0.713135565818828
HMGCS1,"Hydroxymethylglutaryl-CoA synthase, cytoplasmic",Mental health,X29181.General happiness,34528,0.0220551649143664,0.0565368911518664,-0.0887571417432917,0.132867471572025,0.696475010478708
HMGCS1,"Hydroxymethylglutaryl-CoA synthase, cytoplasmic",Mental health,X29182.Belief that own life is meaningful,34448,-0.0850139143409244,0.0570098489036964,-0.196753218192169,0.0267253895103206,0.135959147172107
HMGCS1,"Hydroxymethylglutaryl-CoA synthase, cytoplasmic",Lifestyle factors,X2926.Number of unsuccessful stop-smoking attempts,33849,-0.000164642937824754,0.0587822165535845,-0.11537778738285,0.115048501507201,0.997765316854488
HMGCS1,"Hydroxymethylglutaryl-CoA synthase, cytoplasmic",Health and medical history,X2946.Father's age,32762,0.0195369237257072,0.0103814587969985,-0.000810735516409821,0.0398845829678243,0.0599185774696539
HMGCS1,"Hydroxymethylglutaryl-CoA synthase, cytoplasmic",Health and medical history,X2966.Age high blood pressure diagnosed,34327,0.00373991689086183,0.00773307146977106,-0.0114169031898895,0.0188967369716131,0.628669582795939
HMGCS1,"Hydroxymethylglutaryl-CoA synthase, cytoplasmic",Blood and urine assays,X30000.White blood cell (leukocyte) count,47830,0.00836439388297134,0.00338056704544522,0.0017384824738987,0.014990305292044,0.0133599000818127
HMGCS1,"Hydroxymethylglutaryl-CoA synthase, cytoplasmic",Blood and urine assays,X30010.Red blood cell (erythrocyte) count,47831,0.00360780153218239,0.00366984828874268,-0.00358510111375326,0.010800704178118,0.325574121523995
HMGCS1,"Hydroxymethylglutaryl-CoA synthase, cytoplasmic",Blood and urine assays,X30020.Haemoglobin concentration,47831,0.000193095597234302,0.00388810813119527,-0.00742759633990844,0.00781378753437704,0.96039135851557
HMGCS1,"Hydroxymethylglutaryl-CoA synthase, cytoplasmic",Blood and urine assays,X30030.Haematocrit percentage,47831,0.00252543701298084,0.00381300287559074,-0.00494804862317702,0.0099989226491387,0.507772595030493
HMGCS1,"Hydroxymethylglutaryl-CoA synthase, cytoplasmic",Blood and urine assays,X30040.Mean corpuscular volume,47831,-0.00234127624635492,0.00334794195183365,-0.00890324247194887,0.00422068997923904,0.4843617454092
HMGCS1,"Hydroxymethylglutaryl-CoA synthase, cytoplasmic",Blood and urine assays,X30050.Mean corpuscular haemoglobin,47831,-0.00496243896889792,0.00335372712037945,-0.0115357441248416,0.00161086618704581,0.138975362441326
HMGCS1,"Hydroxymethylglutaryl-CoA synthase, cytoplasmic",Blood and urine assays,X30060.Mean corpuscular haemoglobin concentration,47831,-0.00576597926089255,0.00326783829104537,-0.0121709423113415,0.000638983789556369,0.0776699569614561
HMGCS1,"Hydroxymethylglutaryl-CoA synthase, cytoplasmic",Blood and urine assays,X30070.Red blood cell (erythrocyte) distribution width,47831,0.0074637909041168,0.00341596568517904,0.000768498161165882,0.0141590836470677,0.028902893570487
HMGCS1,"Hydroxymethylglutaryl-CoA synthase, cytoplasmic",Blood and urine assays,X30080.Platelet count,47831,0.00739773141783664,0.00334355143074683,0.00084437061357286,0.0139510922221004,0.0269412821346829
HMGCS1,"Hydroxymethylglutaryl-CoA synthase, cytoplasmic",Blood and urine assays,X30090.Platelet crit,47831,0.00938297422527838,0.00340746644284401,0.00270433999730411,0.0160616084532526,0.00589898617748529
HMGCS1,"Hydroxymethylglutaryl-CoA synthase, cytoplasmic",Blood and urine assays,X30100.Mean platelet (thrombocyte) volume,47831,0.00125665303152336,0.00316120011130731,-0.00493929918663897,0.00745260524968569,0.690985476462162
HMGCS1,"Hydroxymethylglutaryl-CoA synthase, cytoplasmic",Blood and urine assays,X30110.Platelet distribution width,47831,0.000693341618370812,0.00325658092066224,-0.00568955698612717,0.00707624022286879,0.831403496892009
HMGCS1,"Hydroxymethylglutaryl-CoA synthase, cytoplasmic",Blood and urine assays,X30120.Lymphocyte count,47799,0.00108086667859961,0.00327874854160188,-0.00534548046294008,0.0075072138201393,0.741661760153443
HMGCS1,"Hydroxymethylglutaryl-CoA synthase, cytoplasmic",Blood and urine assays,X30130.Monocyte count,47799,-0.00135704051343457,0.00330922861512547,-0.00784312859908049,0.00512904757221135,0.681753602878808
HMGCS1,"Hydroxymethylglutaryl-CoA synthase, cytoplasmic",Blood and urine assays,X30140.Neutrophill count,47799,0.00872512631577908,0.00334496306385939,0.00216899871061469,0.0152812539209435,0.00910271362335239
HMGCS1,"Hydroxymethylglutaryl-CoA synthase, cytoplasmic",Blood and urine assays,X30150.Eosinophill count,47799,0.00640344341610261,0.00317242593101762,0.000185488591308069,0.0126213982408971,0.0435563160408964
HMGCS1,"Hydroxymethylglutaryl-CoA synthase, cytoplasmic",Blood and urine assays,X30160.Basophill count,47799,0.0107387324175962,0.0335685672653672,-0.0550556594225235,0.0765331242577158,0.74904428245919
HMGCS1,"Hydroxymethylglutaryl-CoA synthase, cytoplasmic",Blood and urine assays,X30170.Nucleated red blood cell count,47799,0.25357219361235,0.154498872187674,-0.0492455958754911,0.556389983100192,0.10076067594684
HMGCS1,"Hydroxymethylglutaryl-CoA synthase, cytoplasmic",Blood and urine assays,X30180.Lymphocyte percentage,47800,-0.00566810582910361,0.00325142194470804,-0.0120408928407314,0.000704681182524144,0.0813024971103688
HMGCS1,"Hydroxymethylglutaryl-CoA synthase, cytoplasmic",Blood and urine assays,X30190.Monocyte percentage,47800,-0.00724964730470721,0.00326844756488905,-0.0136558045318897,-0.000843490077524673,0.0265616783921452
HMGCS1,"Hydroxymethylglutaryl-CoA synthase, cytoplasmic",Blood and urine assays,X30200.Neutrophill percentage,47800,0.00543815037682445,0.00320876840931824,-0.000851035705439306,0.0117273364590882,0.0901337427324392
HMGCS1,"Hydroxymethylglutaryl-CoA synthase, cytoplasmic",Blood and urine assays,X30210.Eosinophill percentage,47800,0.0043030122467464,0.00314939780204821,-0.00186980744526809,0.0104758319387609,0.171861815262017
HMGCS1,"Hydroxymethylglutaryl-CoA synthase, cytoplasmic",Blood and urine assays,X30220.Basophill percentage,47800,-0.00118371907822957,0.00330023171334028,-0.00765217323637651,0.00528473507991737,0.719840256595948
HMGCS1,"Hydroxymethylglutaryl-CoA synthase, cytoplasmic",Blood and urine assays,X30230.Nucleated red blood cell percentage,47799,0.251704515421542,0.154699579567601,-0.0515066605309568,0.55491569137404,0.103742115290485
HMGCS1,"Hydroxymethylglutaryl-CoA synthase, cytoplasmic",Blood and urine assays,X30240.Reticulocyte percentage,47491,0.00450842867032259,0.0034741532750246,-0.00230091174872563,0.0113177690893708,0.19440431341167
HMGCS1,"Hydroxymethylglutaryl-CoA synthase, cytoplasmic",Blood and urine assays,X30250.Reticulocyte count,47491,0.00527610139825208,0.00351001054776195,-0.00160351927536134,0.0121557220718655,0.132814950498724
HMGCS1,"Hydroxymethylglutaryl-CoA synthase, cytoplasmic",Blood and urine assays,X30260.Mean reticulocyte volume,47491,-0.00294069765699641,0.00329398591659048,-0.00939691005351376,0.00351551473952094,0.372003784399822
HMGCS1,"Hydroxymethylglutaryl-CoA synthase, cytoplasmic",Blood and urine assays,X30270.Mean sphered cell volume,47491,-0.00383969573041586,0.0033089124312146,-0.0103251640955965,0.00264577263476476,0.245896500842259
HMGCS1,"Hydroxymethylglutaryl-CoA synthase, cytoplasmic",Blood and urine assays,X30280.Immature reticulocyte fraction,47491,0.00144578818967131,0.00342114357099365,-0.00525965320947624,0.00815122958881887,0.672589181451501
HMGCS1,"Hydroxymethylglutaryl-CoA synthase, cytoplasmic",Blood and urine assays,X30290.High light scatter reticulocyte percentage,47491,0.00438086977771839,0.00352011935966705,-0.00251856416722903,0.0112803037226658,0.213322551066256
HMGCS1,"Hydroxymethylglutaryl-CoA synthase, cytoplasmic",Blood and urine assays,X30300.High light scatter reticulocyte count,47491,0.00501128484845254,0.00353519798485051,-0.00191770320185445,0.0119402728987595,0.1563415765662
HMGCS1,"Hydroxymethylglutaryl-CoA synthase, cytoplasmic",Blood and urine assays,X30500.Microalbumin in urine,35632,-0.00199571571018658,0.0052358540328176,-0.0122579896145091,0.00826655819413592,0.703093550952598
HMGCS1,"Hydroxymethylglutaryl-CoA synthase, cytoplasmic",Blood and urine assays,X30510.Creatinine (enzymatic) in urine,47887,0.000426156186004151,0.00352393456312143,-0.00648075555771385,0.00733306792972215,0.903746215950549
HMGCS1,"Hydroxymethylglutaryl-CoA synthase, cytoplasmic",Blood and urine assays,X30520.Potassium in urine,47849,-0.000469991923731538,0.00328731610791224,-0.00691313149523954,0.00597314764777646,0.886314328130648
HMGCS1,"Hydroxymethylglutaryl-CoA synthase, cytoplasmic",Blood and urine assays,X30530.Sodium in urine,47858,-0.00172473565423187,0.00340927182169393,-0.00840690842475197,0.00495743711628823,0.612935723509481
HMGCS1,"Hydroxymethylglutaryl-CoA synthase, cytoplasmic",Blood and urine assays,X30600.Albumin,46026,-0.00194319311448418,0.00346710296940413,-0.00873871493451628,0.00485232870554792,0.575168872759683
HMGCS1,"Hydroxymethylglutaryl-CoA synthase, cytoplasmic",Blood and urine assays,X30610.Alkaline phosphatase,47466,0.00240180127607626,0.00344853784280575,-0.00435733289582301,0.00916093544797554,0.486143459505588
HMGCS1,"Hydroxymethylglutaryl-CoA synthase, cytoplasmic",Blood and urine assays,X30620.Alanine aminotransferase,47451,0.00681338121083983,0.00371960519292846,-0.000477044967299947,0.0141038073889796,0.0670046703282332
HMGCS1,"Hydroxymethylglutaryl-CoA synthase, cytoplasmic",Blood and urine assays,X30630.Apolipoprotein A,45974,-0.00787573483877511,0.0037585766670129,-0.0152425451061204,-0.000508924571429816,0.0361495725826276
HMGCS1,"Hydroxymethylglutaryl-CoA synthase, cytoplasmic",Blood and urine assays,X30640.Apolipoprotein B,47328,-0.00494230101178701,0.00323728102194699,-0.0112873718148031,0.00140276979122909,0.126856812365883
HMGCS1,"Hydroxymethylglutaryl-CoA synthase, cytoplasmic",Blood and urine assays,X30650.Aspartate aminotransferase,47394,0.00536472980731362,0.0034292862221452,-0.00135667118809097,0.0120861308027182,0.117743615361434
HMGCS1,"Hydroxymethylglutaryl-CoA synthase, cytoplasmic",Blood and urine assays,X30660.Direct bilirubin,46147,0.0057716623817356,0.00348659318204446,-0.00106206025507154,0.0126053850185427,0.0978638252317607
HMGCS1,"Hydroxymethylglutaryl-CoA synthase, cytoplasmic",Blood and urine assays,X30670.Urea,47455,-0.000105680225985874,0.00342043186621425,-0.0068097266837658,0.00659836623179405,0.975352209359585
HMGCS1,"Hydroxymethylglutaryl-CoA synthase, cytoplasmic",Blood and urine assays,X30680.Calcium,46018,0.00572990367566319,0.00344122313043361,-0.00101489365998669,0.0124747010113131,0.0959152525852244
HMGCS1,"Hydroxymethylglutaryl-CoA synthase, cytoplasmic",Blood and urine assays,X30690.Cholesterol,47468,-0.00436641341347921,0.00325618392662834,-0.0107485339096708,0.00201570708271235,0.179949481182401
HMGCS1,"Hydroxymethylglutaryl-CoA synthase, cytoplasmic",Blood and urine assays,X30700.Creatinine,47461,0.0102806621074122,0.00430284647133399,0.0018470830235976,0.0187142411912268,0.0168916537191605
HMGCS1,"Hydroxymethylglutaryl-CoA synthase, cytoplasmic",Blood and urine assays,X30710.C-reactive protein,47398,-0.00246336583100276,0.00359755665048203,-0.00951457686594754,0.00458784520394201,0.493520850410186
HMGCS1,"Hydroxymethylglutaryl-CoA synthase, cytoplasmic",Blood and urine assays,X30720.Cystatin C,47475,0.00868628468573699,0.00394416526367743,0.000955720768929228,0.0164168486025448,0.0276552843761095
HMGCS1,"Hydroxymethylglutaryl-CoA synthase, cytoplasmic",Blood and urine assays,X30730.Gamma glutamyltransferase,47457,0.00260443954535169,0.00392326653852694,-0.00508516287016111,0.0102940419608645,0.506797853976259
HMGCS1,"Hydroxymethylglutaryl-CoA synthase, cytoplasmic",Blood and urine assays,X30740.Glucose,45998,0.00500594434945715,0.00329055353623692,-0.00144354058156721,0.0114554292804815,0.128200818481644
HMGCS1,"Hydroxymethylglutaryl-CoA synthase, cytoplasmic",Blood and urine assays,X30750.Glycated haemoglobin (HbA1c),47400,0.000529198215796754,0.00329566488667499,-0.00593030496208623,0.00698870139367974,0.872430630147929
HMGCS1,"Hydroxymethylglutaryl-CoA synthase, cytoplasmic",Blood and urine assays,X30760.HDL cholesterol,46007,-0.00608481579115819,0.00388605233117534,-0.0137014783602619,0.00153184677794549,0.117411511706338
HMGCS1,"Hydroxymethylglutaryl-CoA synthase, cytoplasmic",Blood and urine assays,X30770.IGF-1,47383,-0.00689387166806784,0.00346626851810094,-0.0136877579635457,-9.99853725899957e-05,0.0467327707240746
HMGCS1,"Hydroxymethylglutaryl-CoA synthase, cytoplasmic",Blood and urine assays,X30780.LDL direct,47423,-0.00383744672538352,0.00325171073059132,-0.0102107997573425,0.00253590630657546,0.237962774902346
HMGCS1,"Hydroxymethylglutaryl-CoA synthase, cytoplasmic",Blood and urine assays,X30790.Lipoprotein A,43660,0.00185332537044724,0.00360584629109078,-0.00521413336009068,0.00892078410098517,0.607274970318747
HMGCS1,"Hydroxymethylglutaryl-CoA synthase, cytoplasmic",Blood and urine assays,X30810.Phosphate,45982,0.00164851711188639,0.00335430354364905,-0.00492591783366575,0.00822295205743854,0.6231050036994
HMGCS1,"Hydroxymethylglutaryl-CoA synthase, cytoplasmic",Blood and urine assays,X30830.SHBG,45900,-0.00216050960015645,0.00445493766301556,-0.0108921874196669,0.00657116821935405,0.627704008540355
HMGCS1,"Hydroxymethylglutaryl-CoA synthase, cytoplasmic",Blood and urine assays,X30840.Total bilirubin,47386,0.00672832267656788,0.00353751116498215,-0.000205199206797129,0.0136618445599329,0.0571873054272725
HMGCS1,"Hydroxymethylglutaryl-CoA synthase, cytoplasmic",Blood and urine assays,X30850.Testosterone,47282,-0.00714000256098995,0.00555247490030137,-0.0180228533655806,0.00374284824360074,0.198489181271515
HMGCS1,"Hydroxymethylglutaryl-CoA synthase, cytoplasmic",Blood and urine assays,X30860.Total protein,45997,0.00944531116300592,0.00341659172573542,0.0027487913805645,0.0161418309454473,0.00570627826334415
HMGCS1,"Hydroxymethylglutaryl-CoA synthase, cytoplasmic",Blood and urine assays,X30870.Triglycerides,47447,-8.69576167208668e-05,0.00338898263082822,-0.00672936357314418,0.00655544833970245,0.979529665919602
HMGCS1,"Hydroxymethylglutaryl-CoA synthase, cytoplasmic",Blood and urine assays,X30880.Urate,47443,0.00129626767204457,0.00409692440551656,-0.0067337041627679,0.00932623950685703,0.751702275374504
HMGCS1,"Hydroxymethylglutaryl-CoA synthase, cytoplasmic",Blood and urine assays,X30890.Vitamin D,46904,-0.00295988594360201,0.0036619226032129,-0.0101372542458993,0.00421748235869527,0.41893565211869
HMGCS1,"Hydroxymethylglutaryl-CoA synthase, cytoplasmic",Physical measures,X3137.Number of measurements made,46378,-0.0185583716779117,0.0405684543587743,-0.0980725422211094,0.0609557988652859,0.647347338340489
HMGCS1,"Hydroxymethylglutaryl-CoA synthase, cytoplasmic",Physical measures,X3143.Ankle spacing width,39730,-0.00100244106494018,0.00594391980770374,-0.0126525238880395,0.0106476417581591,0.866075147822904
HMGCS1,"Hydroxymethylglutaryl-CoA synthase, cytoplasmic",Physical measures,"X3144.Heel Broadband ultrasound attenuation, direct entry",39730,0.00827105478131474,0.00429512246022026,-0.000147385240716965,0.0166894948033465,0.0541691081747972
HMGCS1,"Hydroxymethylglutaryl-CoA synthase, cytoplasmic",Physical measures,X3146.Speed of sound through heel,39730,0.007185561461571,0.00417754864678781,-0.00100243388613311,0.0153735568092751,0.0854525042411414
HMGCS1,"Hydroxymethylglutaryl-CoA synthase, cytoplasmic",Physical measures,"X3147.Heel quantitative ultrasound index (QUI), direct entry",39730,0.00778530771587557,0.00420917049799508,-0.000464666460194787,0.0160352818919459,0.0643968258157814
HMGCS1,"Hydroxymethylglutaryl-CoA synthase, cytoplasmic",Physical measures,X3148.Heel bone mineral density (BMD),39711,0.00826142266904704,0.00424203477492885,-5.29654898135147e-05,0.0165758108279076,0.0514982816286506
HMGCS1,"Hydroxymethylglutaryl-CoA synthase, cytoplasmic",Health and medical history,X3526.Mother's age at death,40385,0.00625613203074475,0.00430291422034986,-0.00217757984114098,0.0146898439026305,0.145992604286929
HMGCS1,"Hydroxymethylglutaryl-CoA synthase, cytoplasmic",Health and medical history,"X3761.Age hay fever, rhinitis or eczema diagnosed",32259,-0.00697860712568296,0.00770371876347897,-0.0220778959021018,0.00812068165073583,0.365061602957737
HMGCS1,"Hydroxymethylglutaryl-CoA synthase, cytoplasmic",Physical measures,X4100.Ankle spacing width (left),35021,-0.000310570853088344,0.0078655730342268,-0.0157270940001729,0.0151059522939962,0.968505071585335
HMGCS1,"Hydroxymethylglutaryl-CoA synthase, cytoplasmic",Physical measures,X4101.Heel broadband ultrasound attenuation (left),35019,-0.0114736397549019,0.00567812168386946,-0.0226027582552861,-0.000344521254517772,0.0433548386708679
HMGCS1,"Hydroxymethylglutaryl-CoA synthase, cytoplasmic",Physical measures,X4103.Speed of sound through heel (left),35021,-0.00989273850218831,0.005443015839134,-0.020561049546891,0.000775572542514327,0.0691855663543814
HMGCS1,"Hydroxymethylglutaryl-CoA synthase, cytoplasmic",Physical measures,"X4104.Heel quantitative ultrasound index (QUI), direct entry (left)",35021,-0.0106699442060011,0.00551701836952184,-0.0214833002102639,0.00014341179826172,0.0531563333310337
HMGCS1,"Hydroxymethylglutaryl-CoA synthase, cytoplasmic",Physical measures,X4105.Heel bone mineral density (BMD) (left),35014,-0.0099694823398465,0.00553351159245735,-0.0208151650610629,0.000876200381369907,0.0716465434016928
HMGCS1,"Hydroxymethylglutaryl-CoA synthase, cytoplasmic",Physical measures,"X4106.Heel bone mineral density (BMD) T-score, automated (left)",35021,-0.0106658201491812,0.00551744600746195,-0.0214800143238066,0.000148374025444197,0.0532667823277566
HMGCS1,"Hydroxymethylglutaryl-CoA synthase, cytoplasmic",Physical measures,X4119.Ankle spacing width (right),35013,0.0118228333164007,0.00774528776262753,-0.00335793069834931,0.0270035973311506,0.126945901146896
HMGCS1,"Hydroxymethylglutaryl-CoA synthase, cytoplasmic",Physical measures,X4120.Heel broadband ultrasound attenuation (right),35013,-0.0137960872936005,0.0056984270872639,-0.0249650043846377,-0.00262717020256321,0.0155039971034397
HMGCS1,"Hydroxymethylglutaryl-CoA synthase, cytoplasmic",Physical measures,X4122.Speed of sound through heel (right),35013,-0.0132175943995065,0.0054050554032779,-0.0238115029899311,-0.00262368580908178,0.0144953298183423
HMGCS1,"Hydroxymethylglutaryl-CoA synthase, cytoplasmic",Physical measures,"X4123.Heel quantitative ultrasound index (QUI), direct entry (right)",35013,-0.0139077975934359,0.00550711015128685,-0.0247017334899581,-0.00311386169691364,0.0115797176130517
HMGCS1,"Hydroxymethylglutaryl-CoA synthase, cytoplasmic",Physical measures,X4124.Heel bone mineral density (BMD) (right),35005,-0.0147144356838889,0.00552187983932885,-0.0255373201689735,-0.00389155119880438,0.00772384400418435
HMGCS1,"Hydroxymethylglutaryl-CoA synthase, cytoplasmic",Physical measures,"X4125.Heel bone mineral density (BMD) T-score, automated (right)",35013,-0.0139039995598752,0.00550714659248224,-0.0246980068811403,-0.00310999223860997,0.0116029929671672
HMGCS1,"Hydroxymethylglutaryl-CoA synthase, cytoplasmic",Physical measures,X4194.Pulse rate,35339,0.00531825406910043,0.00514376176987445,-0.0047635189998535,0.0154000271380544,0.301209220157117
HMGCS1,"Hydroxymethylglutaryl-CoA synthase, cytoplasmic",Physical measures,X4195.Pulse wave reflection index,35339,-0.00375588126938089,0.00538693361996212,-0.0143142711645067,0.00680250862574486,0.485688779433192
HMGCS1,"Hydroxymethylglutaryl-CoA synthase, cytoplasmic",Physical measures,X4196.Pulse wave peak to peak time,35331,-0.00284845148086291,0.0059760593791179,-0.014561527863934,0.00886462490220817,0.63363128131365
HMGCS1,"Hydroxymethylglutaryl-CoA synthase, cytoplasmic",Physical measures,X4198.Position of the pulse wave peak,35339,0.00460689186017688,0.00643219289354912,-0.00800020621117939,0.0172139899315332,0.47387777374353
HMGCS1,"Hydroxymethylglutaryl-CoA synthase, cytoplasmic",Physical measures,X4199.Position of pulse wave notch,35339,0.00634251641061799,0.00521222032806929,-0.00387343543239781,0.0165584682536338,0.223702000050759
HMGCS1,"Hydroxymethylglutaryl-CoA synthase, cytoplasmic",Physical measures,X4200.Position of the shoulder on the pulse waveform,35339,0.00669853400414428,0.00658164745394407,-0.00620149500558611,0.0195985630138747,0.308828815489359
HMGCS1,"Hydroxymethylglutaryl-CoA synthase, cytoplasmic",Physical measures,X4269.Number of triplets attempted (left),35153,-0.111312586277789,0.158825106749004,-0.422609795505838,0.19998462295026,0.48342152812875
HMGCS1,"Hydroxymethylglutaryl-CoA synthase, cytoplasmic",Physical measures,X4270.Volume level set by participant (left),35079,0.0161522827515664,0.0518061452154779,-0.0853877618707704,0.117692327373903,0.755215373156455
HMGCS1,"Hydroxymethylglutaryl-CoA synthase, cytoplasmic",Physical measures,X4276.Number of triplets attempted (right),35158,-0.0113774303431738,0.165533971101289,-0.3358240137017,0.313069153015352,0.945205288846707
HMGCS1,"Hydroxymethylglutaryl-CoA synthase, cytoplasmic",Physical measures,X4277.Volume level set by participant (right),35085,0.0355924363947864,0.0525702069014753,-0.0674451691321053,0.138630041921678,0.498401073484713
HMGCS1,"Hydroxymethylglutaryl-CoA synthase, cytoplasmic",Cognitive function,X4288.Time to answer,35311,0.00672472944678602,0.00622654166122682,-0.00547929220921854,0.0189287511027906,0.280176382308152
HMGCS1,"Hydroxymethylglutaryl-CoA synthase, cytoplasmic",Cognitive function,X4290.Duration screen displayed,35311,-0.00771662162197022,0.00573104583257762,-0.0189494714538224,0.00351622820988191,0.178199817316468
HMGCS1,"Hydroxymethylglutaryl-CoA synthase, cytoplasmic",Physical measures,X46.Hand grip strength (left),48340,0.0029920819205728,0.00432901592909901,-0.00549278930046127,0.0114769531416069,0.48946742545986
HMGCS1,"Hydroxymethylglutaryl-CoA synthase, cytoplasmic",Physical measures,X47.Hand grip strength (right),48337,-0.00220135519339349,0.00426248409125553,-0.0105558240122543,0.00615311362546734,0.605546710497647
HMGCS1,"Hydroxymethylglutaryl-CoA synthase, cytoplasmic",Physical measures,X48.Waist circumference,48390,0.00430224196736878,0.00807272402898546,-0.0115202971294427,0.0201247810641803,0.594084149753394
HMGCS1,"Hydroxymethylglutaryl-CoA synthase, cytoplasmic",Health and medical history,X4803.Tinnitus,35184,-0.0673058807858598,0.0605717160400717,-0.1860264442244,0.0514146826526807,0.266532883459112
HMGCS1,"Hydroxymethylglutaryl-CoA synthase, cytoplasmic",Working and living environment,X4825.Noisy workplace,35254,0.0333419596205314,0.0564596042849795,-0.0773188647780285,0.144002784019091,0.554845119345908
HMGCS1,"Hydroxymethylglutaryl-CoA synthase, cytoplasmic",Working and living environment,X4836.Loud music exposure frequency,35211,0.00746063215133571,0.0741418567499122,-0.137857407078492,0.152778671381164,0.919850048171659
HMGCS1,"Hydroxymethylglutaryl-CoA synthase, cytoplasmic",Physical measures,X49.Hip circumference,48384,0.00538033856792171,0.00593634461022653,-0.00625489686812228,0.0170155740039657,0.36476767154563
HMGCS1,"Hydroxymethylglutaryl-CoA synthase, cytoplasmic",Physical measures,X50.Standing height,48352,0.00507379553813641,0.00449314078178479,-0.00373276039416178,0.0138803514704346,0.258813955851754
HMGCS1,"Hydroxymethylglutaryl-CoA synthase, cytoplasmic",Health and medical history,X5057.Number of older siblings,34477,-0.0325923948906965,0.0547426820093219,-0.139888051628967,0.0747032618475745,0.55161612016786
HMGCS1,"Hydroxymethylglutaryl-CoA synthase, cytoplasmic",Physical measures,X51.Seated height,48268,0.00474532295173217,0.00391910259955278,-0.00293611814339128,0.0124267640468556,0.225979422873181
HMGCS1,"Hydroxymethylglutaryl-CoA synthase, cytoplasmic",Eye measures,X5181.Ever had eye surgery,33154,0.02249425757228,0.125604485295339,-0.223690533606583,0.268679048751144,0.857876565216146
HMGCS1,"Hydroxymethylglutaryl-CoA synthase, cytoplasmic",Eye measures,X5186.Duration visual-acuity screen displayed (right),33144,-0.00354613949155993,0.0067386762102592,-0.016753944863668,0.0096616658805481,0.598749362003319
HMGCS1,"Hydroxymethylglutaryl-CoA synthase, cytoplasmic",Eye measures,X5188.Duration visual-acuity screen displayed (left),33141,-0.00649437173405885,0.00692829741995489,-0.0200738346771704,0.00708509120905273,0.348618593514792
HMGCS1,"Hydroxymethylglutaryl-CoA synthase, cytoplasmic",Eye measures,X5190.Duration at which refractometer first shown (right),33098,-0.00708155816318544,0.00688940373481792,-0.0205847894834286,0.00642167315705768,0.304056233078029
HMGCS1,"Hydroxymethylglutaryl-CoA synthase, cytoplasmic",Eye measures,X5193.Duration at which refractometer first shown (left),33095,-0.00703829483194965,0.00696231332537966,-0.0206844289496938,0.00660783928579449,0.312112361211161
HMGCS1,"Hydroxymethylglutaryl-CoA synthase, cytoplasmic",Eye measures,"X5199.logMAR, initial (right)",33124,0.0439954867949241,0.0635214512269495,-0.080506557609897,0.168497531199745,0.488590933514692
HMGCS1,"Hydroxymethylglutaryl-CoA synthase, cytoplasmic",Eye measures,X5200.Final number of letters displayed (right),33124,0.0815665508242431,0.403293425065161,-0.708888562303472,0.872021663951958,0.839729501453842
HMGCS1,"Hydroxymethylglutaryl-CoA synthase, cytoplasmic",Eye measures,"X5201.logMAR, final (right)",33072,0.00905624821335201,0.0066663264103689,-0.00400975155097104,0.0221222479776751,0.174371521302958
HMGCS1,"Hydroxymethylglutaryl-CoA synthase, cytoplasmic",Eye measures,X5202.Number of rounds to result (right),33124,-0.017759849168689,0.0607371250728912,-0.136804614311556,0.101284915974178,0.769990300077801
HMGCS1,"Hydroxymethylglutaryl-CoA synthase, cytoplasmic",Eye measures,"X5206.logMAR, initial (left)",33120,-0.00620463998632397,0.0620748652018046,-0.127871375781861,0.115462095809213,0.920385164992729
HMGCS1,"Hydroxymethylglutaryl-CoA synthase, cytoplasmic",Eye measures,X5207.Final number of letters displayed (left),33120,0.424518877182986,0.457260006179513,-0.47171073492886,1.32074848929483,0.353251202476661
HMGCS1,"Hydroxymethylglutaryl-CoA synthase, cytoplasmic",Eye measures,"X5208.logMAR, final (left)",33081,0.00375354207651716,0.00680078550127888,-0.00957599750598945,0.0170830816590238,0.58102539535045
HMGCS1,"Hydroxymethylglutaryl-CoA synthase, cytoplasmic",Eye measures,X5209.Number of rounds to result (left),33116,-0.0631559341672825,0.0589725662185697,-0.178742163955679,0.0524302956211142,0.284254891951402
HMGCS1,"Hydroxymethylglutaryl-CoA synthase, cytoplasmic",Eye measures,"X5254.Intra-ocular pressure, corneal-compensated (right)",32959,0.00438612260345887,0.00662883421715352,-0.00860639246216203,0.0173786376690798,0.508215595015183
HMGCS1,"Hydroxymethylglutaryl-CoA synthase, cytoplasmic",Eye measures,"X5255.Intra-ocular pressure, Goldmann-correlated (right)",32959,0.00641956923351248,0.00653630682104155,-0.00639159213572896,0.0192307306027539,0.326085324981855
HMGCS1,"Hydroxymethylglutaryl-CoA synthase, cytoplasmic",Eye measures,X5256.Corneal hysteresis (right),32959,-0.000375746605968968,0.00675318961891948,-0.0136119982590512,0.0128605050471132,0.955631250407303
HMGCS1,"Hydroxymethylglutaryl-CoA synthase, cytoplasmic",Eye measures,X5257.Corneal resistance factor (right),32959,0.00431712049673488,0.00667736124573963,-0.0087705075449148,0.0174047485383846,0.517969619317962
HMGCS1,"Hydroxymethylglutaryl-CoA synthase, cytoplasmic",Eye measures,"X5262.Intra-ocular pressure, corneal-compensated (left)",32935,0.00183778932274232,0.00668896702435472,-0.0112725860449929,0.0149481646904776,0.783521908662186
HMGCS1,"Hydroxymethylglutaryl-CoA synthase, cytoplasmic",Eye measures,"X5263.Intra-ocular pressure, Goldmann-correlated (left)",32935,0.00390320719643562,0.00665212331812966,-0.00913495450709851,0.0169413688999697,0.557394719653495
HMGCS1,"Hydroxymethylglutaryl-CoA synthase, cytoplasmic",Eye measures,X5264.Corneal hysteresis (left),32935,-0.000150641873013076,0.00668763157454314,-0.0132583997591176,0.0129571160130915,0.982029852194378
HMGCS1,"Hydroxymethylglutaryl-CoA synthase, cytoplasmic",Eye measures,X5265.Corneal resistance factor (left),32935,0.00196201893831981,0.00667324816500399,-0.011117547465088,0.0150415853417276,0.768762363324431
HMGCS1,"Hydroxymethylglutaryl-CoA synthase, cytoplasmic",Lifestyle factors,X5364.Average weekly intake of other alcoholic drinks,33681,-0.093622256947908,0.296145547010759,-0.674067529088996,0.48682301519318,0.751912300939379
HMGCS1,"Hydroxymethylglutaryl-CoA synthase, cytoplasmic",Diet and food preferences,"X6144#1.Never eat eggs, dairy, wheat, sugar_Eggs or foods containing eggs",48343,0.00998515755910604,0.017605530979944,-0.0245216831615842,0.0444919982797963,0.57061175195788
HMGCS1,"Hydroxymethylglutaryl-CoA synthase, cytoplasmic",Diet and food preferences,"X6144#2.Never eat eggs, dairy, wheat, sugar_Dairy products",48343,-0.0203885531327863,0.0201271489482326,-0.0598377650713222,0.0190606588057495,0.311078478250338
HMGCS1,"Hydroxymethylglutaryl-CoA synthase, cytoplasmic",Diet and food preferences,"X6144#3.Never eat eggs, dairy, wheat, sugar_Wheat products",48343,-0.0385367899727937,0.0503082685968427,-0.137140996422605,0.060067416477018,0.44367769870876
HMGCS1,"Hydroxymethylglutaryl-CoA synthase, cytoplasmic",Diet and food preferences,"X6144#4.Never eat eggs, dairy, wheat, sugar_Sugar or foods or drinks containing sugar",48343,-0.0235439437405384,0.00800346646037698,-0.0392307380028773,-0.00785714947819953,0.00326775806105822
HMGCS1,"Hydroxymethylglutaryl-CoA synthase, cytoplasmic",Diet and food preferences,"X6144#5.Never eat eggs, dairy, wheat, sugar_I eat all of the above",48343,0.018812010603834,0.00742340064750475,0.00426214533472469,0.0333618758729433,0.011279710057501
HMGCS1,"Hydroxymethylglutaryl-CoA synthase, cytoplasmic",Mental health,"X6145#3.Illness, injury, bereavement, stress in last 2 years_Death of a close relative",37270,-0.00428228026421182,0.00937884845805195,-0.0226648232419936,0.01410026271357,0.64797783109039
HMGCS1,"Hydroxymethylglutaryl-CoA synthase, cytoplasmic",Mental health,"X6145#4.Illness, injury, bereavement, stress in last 2 years_Death of a spouse or partner",37270,-0.0233194647477764,0.028647896437983,-0.0794693417662231,0.0328304122706702,0.415665765631947
HMGCS1,"Hydroxymethylglutaryl-CoA synthase, cytoplasmic",Mental health,"X6145#5.Illness, injury, bereavement, stress in last 2 years_Marital separation or divorce",37270,-0.0208425292976544,0.0180965109997111,-0.0563116908570881,0.0146266322617794,0.249458468280039
HMGCS1,"Hydroxymethylglutaryl-CoA synthase, cytoplasmic",Mental health,"X6145#6.Illness, injury, bereavement, stress in last 2 years_Financial difficulties",37270,0.0183622386146854,0.0109182290942745,-0.00303749041009262,0.0397619676394634,0.0926443364950366
HMGCS1,"Hydroxymethylglutaryl-CoA synthase, cytoplasmic",Eye measures,X6147#1.Reason for glasses or contact lenses_For short-sightedness,48405,-0.0279224538863282,0.0168601071213162,-0.060968263844108,0.00512335607145158,0.0977122415623024
HMGCS1,"Hydroxymethylglutaryl-CoA synthase, cytoplasmic",Eye measures,X6147#2.Reason for glasses or contact lenses_For long-sightedness,48405,-0.0279224538863282,0.0168601071213162,-0.060968263844108,0.00512335607145158,0.0977122415623024
HMGCS1,"Hydroxymethylglutaryl-CoA synthase, cytoplasmic",Eye measures,X6147#3.Reason for glasses or contact lenses_For just reading or near work as you are getting older (called 'presbyopia'),48405,-0.0196899487635021,0.0122798996185044,-0.0437585520157708,0.00437865448876658,0.108855890239311
HMGCS1,"Hydroxymethylglutaryl-CoA synthase, cytoplasmic",Eye measures,X6147#4.Reason for glasses or contact lenses_For 'astigmatism',48405,-0.0097312378878775,0.0216149006346151,-0.0520964431317231,0.0326339673559681,0.652564171957878
HMGCS1,"Hydroxymethylglutaryl-CoA synthase, cytoplasmic",Eye measures,X6147#5.Reason for glasses or contact lenses_For a 'squint' or 'turn' in an eye since childhood (called 'strabismus'),48405,-0.0161919321565245,0.0514116947815422,-0.116958853928347,0.0845749896152982,0.752805610221583
HMGCS1,"Hydroxymethylglutaryl-CoA synthase, cytoplasmic",Eye measures,X6147#6.Reason for glasses or contact lenses_For a 'lazy' eye or an eye with poor vision since childhood (called 'amblyopia'),48405,0.0699706152891609,0.0357330197928399,-6.61035048053621e-05,0.140007334083127,0.0502264234609837
HMGCS1,"Hydroxymethylglutaryl-CoA synthase, cytoplasmic",Eye measures,X6147#7.Reason for glasses or contact lenses_Other eye condition,48405,-0.0304007251464529,0.0536698565252927,-0.135593643936027,0.0747921936431208,0.571101487549977
HMGCS1,"Hydroxymethylglutaryl-CoA synthase, cytoplasmic",Health and medical history,X6149#1.Mouth or teeth dental problems_Mouth ulcers,48342,-0.0185210067587162,0.0109776496107885,-0.0400371999958617,0.00299518647842928,0.0915891686789527
HMGCS1,"Hydroxymethylglutaryl-CoA synthase, cytoplasmic",Health and medical history,X6149#2.Mouth or teeth dental problems_Painful gums,48342,-0.02829972522928,0.0192712405804925,-0.0660713567670453,0.00947190630848526,0.141985678488605
HMGCS1,"Hydroxymethylglutaryl-CoA synthase, cytoplasmic",Health and medical history,X6149#3.Mouth or teeth dental problems_Bleeding gums,48342,0.00921997619298889,0.009925634007021,-0.0102342664607723,0.0286742188467501,0.352949410488461
HMGCS1,"Hydroxymethylglutaryl-CoA synthase, cytoplasmic",Health and medical history,X6149#4.Mouth or teeth dental problems_Loose teeth,48342,0.00357465842599434,0.0146051564626523,-0.0250514482408041,0.0322007650927928,0.806650095400749
HMGCS1,"Hydroxymethylglutaryl-CoA synthase, cytoplasmic",Health and medical history,X6149#5.Mouth or teeth dental problems_Toothache,48342,0.0157681840123335,0.0149206328440838,-0.0134762563620707,0.0450126243867377,0.290613993910578
HMGCS1,"Hydroxymethylglutaryl-CoA synthase, cytoplasmic",Health and medical history,X6149#6.Mouth or teeth dental problems_Dentures,48342,0.002933468208377,0.00843788763115784,-0.0136047915486924,0.0194717279654464,0.728103501882427
HMGCS1,"Hydroxymethylglutaryl-CoA synthase, cytoplasmic",Health and medical history,X6150#1.Vascular or heart problems diagnosed by doctor_Heart attack,35665,0.0181203028032021,0.01555362374115,-0.0123647997294518,0.048605405335856,0.244049708801646
HMGCS1,"Hydroxymethylglutaryl-CoA synthase, cytoplasmic",Health and medical history,X6150#2.Vascular or heart problems diagnosed by doctor_Angina,35665,0.0122813807003459,0.0148913162113292,-0.0169055990738594,0.0414683604745511,0.409550242285052
HMGCS1,"Hydroxymethylglutaryl-CoA synthase, cytoplasmic",Health and medical history,X6150#3.Vascular or heart problems diagnosed by doctor_Stroke,35665,0.020674394692725,0.0215609841577307,-0.0215851342564271,0.0629339236418771,0.337652055662075
HMGCS1,"Hydroxymethylglutaryl-CoA synthase, cytoplasmic",Health and medical history,X6150#4.Vascular or heart problems diagnosed by doctor_High blood pressure,35665,-0.0142366428213715,0.0159649513539974,-0.0455279474752063,0.0170546618324633,0.372560759780571
HMGCS1,"Hydroxymethylglutaryl-CoA synthase, cytoplasmic",Health and medical history,X6151#1.Fractured bone site(s)_Ankle,48304,0.0219295042172214,0.0294142847695294,-0.0357224939310561,0.0795815023654989,0.455954677264641
HMGCS1,"Hydroxymethylglutaryl-CoA synthase, cytoplasmic",Health and medical history,X6151#2.Fractured bone site(s)_Leg,48304,0.0094756495835864,0.0368300001025746,-0.0627111506174597,0.0816624497846325,0.796964747959579
HMGCS1,"Hydroxymethylglutaryl-CoA synthase, cytoplasmic",Health and medical history,X6151#3.Fractured bone site(s)_Hip,48304,0.0854608742505262,0.0688648980223695,-0.0495143258733181,0.220436074374371,0.214623013509759
HMGCS1,"Hydroxymethylglutaryl-CoA synthase, cytoplasmic",Health and medical history,X6151#4.Fractured bone site(s)_Spine,48304,-0.011490867048415,0.0672200748151983,-0.143242213686204,0.120260479589374,0.864269570702179
HMGCS1,"Hydroxymethylglutaryl-CoA synthase, cytoplasmic",Health and medical history,X6151#5.Fractured bone site(s)_Wrist,48304,0.0471266189018809,0.0281971459572654,-0.00813978717435938,0.102393024978121,0.0946732131277098
HMGCS1,"Hydroxymethylglutaryl-CoA synthase, cytoplasmic",Health and medical history,X6151#6.Fractured bone site(s)_Arm,48304,0.0222461972999422,0.0328827640624906,-0.0422040202625393,0.0866964148624238,0.498711742804131
HMGCS1,"Hydroxymethylglutaryl-CoA synthase, cytoplasmic",Health and medical history,X6151#7.Fractured bone site(s)_Other bones,48304,0.0246654325925373,0.0138993946331225,-0.00257738088838277,0.0519082460734573,0.0759845430416209
HMGCS1,"Hydroxymethylglutaryl-CoA synthase, cytoplasmic",Health and medical history,"X6152#5.Blood clot, DVT, bronchitis, emphysema, asthma, rhinitis, eczema, allergy diagnosed by doctor_Blood clot in the leg (DVT)",34545,0.0397263865680871,0.0239466905224421,-0.00720912685589935,0.0866618999920735,0.0971784127461091
HMGCS1,"Hydroxymethylglutaryl-CoA synthase, cytoplasmic",Health and medical history,"X6152#6.Blood clot, DVT, bronchitis, emphysema, asthma, rhinitis, eczema, allergy diagnosed by doctor_Emphysema or chronic bronchitis",34545,0.0217143636338771,0.023345863780203,-0.0240435293753208,0.0674722566430749,0.352348744294458
HMGCS1,"Hydroxymethylglutaryl-CoA synthase, cytoplasmic",Health and medical history,"X6152#7.Blood clot, DVT, bronchitis, emphysema, asthma, rhinitis, eczema, allergy diagnosed by doctor_Blood clot in the lung",34545,-0.0150413798386827,0.0334617549157307,-0.0806264194735148,0.0505436597961495,0.653080476587961
HMGCS1,"Hydroxymethylglutaryl-CoA synthase, cytoplasmic",Health and medical history,"X6152#8.Blood clot, DVT, bronchitis, emphysema, asthma, rhinitis, eczema, allergy diagnosed by doctor_Asthma",34545,0.0154959788790741,0.0120683762276881,-0.00815803852719458,0.0391499962853427,0.19918666468815
HMGCS1,"Hydroxymethylglutaryl-CoA synthase, cytoplasmic",Health and medical history,"X6154#1.Medication for pain relief, constipation, heartburn_Aspirin",37147,0.0104416363810206,0.0100184209200261,-0.00919446862223063,0.0300777413842719,0.29732817263963
HMGCS1,"Hydroxymethylglutaryl-CoA synthase, cytoplasmic",Health and medical history,"X6154#2.Medication for pain relief, constipation, heartburn_Ibuprofen",37147,-0.00655607587337165,0.0110473492946924,-0.0282088804909688,0.0150967287442255,0.552894138264211
HMGCS1,"Hydroxymethylglutaryl-CoA synthase, cytoplasmic",Health and medical history,"X6154#3.Medication for pain relief, constipation, heartburn_Paracetamol",37147,0.00284856765321229,0.00980964413620093,-0.0163783348537415,0.0220754701601661,0.771529219732143
HMGCS1,"Hydroxymethylglutaryl-CoA synthase, cytoplasmic",Health and medical history,"X6154#4.Medication for pain relief, constipation, heartburn_Ranitidine",37148,0.00432776666988167,0.022747905570341,-0.0402581282479867,0.04891366158775,0.849118520237297
HMGCS1,"Hydroxymethylglutaryl-CoA synthase, cytoplasmic",Health and medical history,"X6154#5.Medication for pain relief, constipation, heartburn_Omeprazole",37148,-0.00722670111806603,0.0135678167500457,-0.0338196219481556,0.0193662197120235,0.594299754810985
HMGCS1,"Hydroxymethylglutaryl-CoA synthase, cytoplasmic",Health and medical history,"X6154#6.Medication for pain relief, constipation, heartburn_Laxatives",37148,-0.01976771551612,0.0249354326677139,-0.0686411635448392,0.0291057325125992,0.427941959268406
HMGCS1,"Hydroxymethylglutaryl-CoA synthase, cytoplasmic",Health and medical history,X6155#1.Vitamin and mineral supplements_Vitamin A,48342,0.00746097390881896,0.0216955814806722,-0.0350623657932985,0.0499843136109364,0.730929888231567
HMGCS1,"Hydroxymethylglutaryl-CoA synthase, cytoplasmic",Health and medical history,X6155#2.Vitamin and mineral supplements_Vitamin B,48342,0.0228075554285051,0.0173641592432353,-0.0112261966882361,0.0568413075452464,0.189034977679426
HMGCS1,"Hydroxymethylglutaryl-CoA synthase, cytoplasmic",Health and medical history,X6155#3.Vitamin and mineral supplements_Vitamin C,48342,-0.023999409432661,0.0367018204489253,-0.0959349775125545,0.0479361586472325,0.513182287251798
HMGCS1,"Hydroxymethylglutaryl-CoA synthase, cytoplasmic",Health and medical history,X6155#4.Vitamin and mineral supplements_Vitamin D,48342,0.0115130926906119,0.0194480272819337,-0.0266050407819782,0.049631226163202,0.553862169548156
HMGCS1,"Hydroxymethylglutaryl-CoA synthase, cytoplasmic",Health and medical history,X6155#5.Vitamin and mineral supplements_Vitamin E,48342,0.00424470579973636,0.0198872017778256,-0.0347342096848018,0.0432236212842745,0.830986715151773
HMGCS1,"Hydroxymethylglutaryl-CoA synthase, cytoplasmic",Health and medical history,X6155#6.Vitamin and mineral supplements_Folic acid or Folate (Vit B9),48342,-0.00848282670464514,0.0240307617862788,-0.0555831198057516,0.0386174663964613,0.724093214055174
HMGCS1,"Hydroxymethylglutaryl-CoA synthase, cytoplasmic",Health and medical history,X6155#7.Vitamin and mineral supplements_Multivitamins + or - minerals,48342,0.010900753235583,0.0070169773079489,-0.00285252228799682,0.0246540287591629,0.120323875810344
HMGCS1,"Hydroxymethylglutaryl-CoA synthase, cytoplasmic",Lifestyle factors,X6157#1.Why stopped smoking_Illness or ill health,33311,0.0236529508263996,0.0172173546012785,-0.0100930641921062,0.0573989658449055,0.169573670204819
HMGCS1,"Hydroxymethylglutaryl-CoA synthase, cytoplasmic",Lifestyle factors,X6157#2.Why stopped smoking_Doctor's advice,33311,0.0289397424204751,0.020613444159581,-0.0114626081323035,0.0693420929732538,0.160406915387898
HMGCS1,"Hydroxymethylglutaryl-CoA synthase, cytoplasmic",Lifestyle factors,X6157#3.Why stopped smoking_Health precaution,33311,-0.00513324538582608,0.0153875125153327,-0.0352927699158782,0.025026279144226,0.738697677261677
HMGCS1,"Hydroxymethylglutaryl-CoA synthase, cytoplasmic",Lifestyle factors,X6157#4.Why stopped smoking_Financial reasons,33311,0.00530383835893831,0.0136966011966765,-0.0215414999865476,0.0321491767044242,0.698597842288826
HMGCS1,"Hydroxymethylglutaryl-CoA synthase, cytoplasmic",Health and medical history,X6159#1.Pain type(s) experienced in last month_Headache,48430,0.0164398210389234,0.00852001870434288,-0.000259415621588613,0.0331390576994355,0.0536765921541149
HMGCS1,"Hydroxymethylglutaryl-CoA synthase, cytoplasmic",Health and medical history,X6159#2.Pain type(s) experienced in last month_Facial pain,48430,0.00966977477700279,0.0279066706621713,-0.045027299720853,0.0643668492748586,0.728967607577214
HMGCS1,"Hydroxymethylglutaryl-CoA synthase, cytoplasmic",Health and medical history,X6159#3.Pain type(s) experienced in last month_Neck or shoulder pain,48430,0.0012486229032819,0.00751701962729715,-0.0134847355662205,0.0159819813727843,0.868075137823271
HMGCS1,"Hydroxymethylglutaryl-CoA synthase, cytoplasmic",Health and medical history,X6159#4.Pain type(s) experienced in last month_Back pain,48430,0.00716110060490662,0.00702138514725751,-0.00660081428371811,0.0209230154935313,0.307789014717848
HMGCS1,"Hydroxymethylglutaryl-CoA synthase, cytoplasmic",Health and medical history,X6159#5.Pain type(s) experienced in last month_Stomach or abdominal pain,48430,0.003589815050799,0.011949433339273,-0.0198310742941761,0.0270107043957741,0.763862111055336
HMGCS1,"Hydroxymethylglutaryl-CoA synthase, cytoplasmic",Health and medical history,X6159#6.Pain type(s) experienced in last month_Hip pain,48430,0.010538513660513,0.0106167319604508,-0.0102702809819706,0.0313473083029966,0.320901170720727
HMGCS1,"Hydroxymethylglutaryl-CoA synthase, cytoplasmic",Health and medical history,X6159#7.Pain type(s) experienced in last month_Knee pain,48430,0.00195296221207456,0.00757363439132421,-0.0128913611949209,0.01679728561907,0.796515100195442
HMGCS1,"Hydroxymethylglutaryl-CoA synthase, cytoplasmic",Health and medical history,X6159#8.Pain type(s) experienced in last month_Pain all over the body,48430,-0.0202923095629957,0.0247788751246612,-0.0688589048073317,0.0282742856813403,0.412832846903741
HMGCS1,"Hydroxymethylglutaryl-CoA synthase, cytoplasmic",Lifestyle factors,X6160#1.Leisure or social activities_Sports club or gym,42400,-0.00478115629661412,0.00778469978647784,-0.0200391678781107,0.0104768552848824,0.53911080889817
HMGCS1,"Hydroxymethylglutaryl-CoA synthase, cytoplasmic",Lifestyle factors,X6160#2.Leisure or social activities_Pub or social club,42400,-0.00171504989620705,0.00766954417377145,-0.0167473564767991,0.013317256684385,0.82305768711546
HMGCS1,"Hydroxymethylglutaryl-CoA synthase, cytoplasmic",Lifestyle factors,X6160#3.Leisure or social activities_Religious group,42400,-0.00915560256121041,0.00990295383250017,-0.0285653920729107,0.0102541869504899,0.355225309580501
HMGCS1,"Hydroxymethylglutaryl-CoA synthase, cytoplasmic",Lifestyle factors,X6160#4.Leisure or social activities_Adult education class,42401,-0.00435125940491373,0.0153725183869608,-0.0344813954433569,0.0257788766335294,0.777139359739716
HMGCS1,"Hydroxymethylglutaryl-CoA synthase, cytoplasmic",Lifestyle factors,X6160#5.Leisure or social activities_Other group activity,42401,-0.00327911438224575,0.00875834376171952,-0.020445468155216,0.0138872393907245,0.708113303874916
HMGCS1,"Hydroxymethylglutaryl-CoA synthase, cytoplasmic",Physical activities,X6162#1.Types of transport used (excluding work)_Car or motor vehicle,48245,0.00873655255862622,0.00807483029266291,-0.00709011481499308,0.0245632199322455,0.279288580883763
HMGCS1,"Hydroxymethylglutaryl-CoA synthase, cytoplasmic",Physical activities,X6162#2.Types of transport used (excluding work)_Walk,48245,-0.000596640883855703,0.00633377852414118,-0.0130108467911724,0.011817565023461,0.92495137754694
HMGCS1,"Hydroxymethylglutaryl-CoA synthase, cytoplasmic",Physical activities,X6162#3.Types of transport used (excluding work)_Public transport,48245,0.00160408951615614,0.00716170972762589,-0.0124328615499906,0.0156410405823029,0.822774133109286
HMGCS1,"Hydroxymethylglutaryl-CoA synthase, cytoplasmic",Physical activities,X6162#4.Types of transport used (excluding work)_Cycle,48245,0.00564120208612381,0.0109115256109646,-0.0157453881113668,0.0270277922836144,0.605165603633396
HMGCS1,"Hydroxymethylglutaryl-CoA synthase, cytoplasmic",Physical activities,X6164#1.Types of physical activity in last 4 weeks_Walking for pleasure (not as a means of transport),48263,-0.00660540225791043,0.00679812858980259,-0.0199297342939235,0.00671892977810264,0.331236606254411
HMGCS1,"Hydroxymethylglutaryl-CoA synthase, cytoplasmic",Physical activities,X6164#3.Types of physical activity in last 4 weeks_Strenuous sports,48263,-0.00995449829760947,0.00952124092924577,-0.0286161305189312,0.00870713392371225,0.295802808157072
HMGCS1,"Hydroxymethylglutaryl-CoA synthase, cytoplasmic",Health and medical history,X6179#1.Mineral and other dietary supplements_Fish oil (including cod liver oil),48342,-0.0126530531730375,0.00695608997949474,-0.0262869895328472,0.000980883186772169,0.0689282062998178
HMGCS1,"Hydroxymethylglutaryl-CoA synthase, cytoplasmic",Health and medical history,X6179#2.Mineral and other dietary supplements_Glucosamine,48342,-0.00571860422600142,0.00873640797005077,-0.0228419638473009,0.0114047553952981,0.512751263074533
HMGCS1,"Hydroxymethylglutaryl-CoA synthase, cytoplasmic",Health and medical history,X6179#3.Mineral and other dietary supplements_Calcium,48342,-0.0217868001231222,0.0184713789971388,-0.0579907029575142,0.0144171027112699,0.2382174738699
HMGCS1,"Hydroxymethylglutaryl-CoA synthase, cytoplasmic",Health and medical history,X6179#4.Mineral and other dietary supplements_Zinc,48342,0.0139916253490144,0.0172989451536623,-0.0199143071521637,0.0478975578501926,0.41863201119096
HMGCS1,"Hydroxymethylglutaryl-CoA synthase, cytoplasmic",Health and medical history,X6179#5.Mineral and other dietary supplements_Iron,48342,0.0284502959616732,0.0207091199139398,-0.0121395790696489,0.0690401709929952,0.16951777455812
HMGCS1,"Hydroxymethylglutaryl-CoA synthase, cytoplasmic",Health and medical history,X6179#6.Mineral and other dietary supplements_Selenium,48342,0.000665642834425134,0.0211589013131691,-0.0408058037393863,0.0421370894082365,0.974903620354357
HMGCS1,"Hydroxymethylglutaryl-CoA synthase, cytoplasmic",Physical measures,"X78.Heel bone mineral density (BMD) T-score, automated",39730,0.0077862428144623,0.00420918270375456,-0.000463755284896649,0.0160362409138212,0.0643655602323243
HMGCS1,"Hydroxymethylglutaryl-CoA synthase, cytoplasmic",Physical activities,X864.Number of days or week walked 10+ minutes,48045,-0.0244343173475067,0.0298928953727444,-0.0830243922780856,0.0341557575830723,0.413712480022088
HMGCS1,"Hydroxymethylglutaryl-CoA synthase, cytoplasmic",Physical activities,X874.Duration of walks,45811,-0.00318911039955905,0.0032634573877379,-0.00958548687952533,0.00320726608040724,0.32847480708723
HMGCS1,"Hydroxymethylglutaryl-CoA synthase, cytoplasmic",Physical activities,X884.Number of days or week of moderate physical activity 10+ minutes,47530,-0.0218844286055716,0.0291318948009227,-0.07898294241538,0.0352140852042369,0.452530297139064
HMGCS1,"Hydroxymethylglutaryl-CoA synthase, cytoplasmic",Physical activities,X894.Duration of moderate activity,43503,0.00829519625810927,0.034641222065255,-0.0596015989897904,0.076191991506009,0.810751996524703
HMGCS1,"Hydroxymethylglutaryl-CoA synthase, cytoplasmic",Physical activities,X90087.No-wear time bias adjusted average acceleration,32492,-0.0124212608832645,0.00745426800328751,-0.027031626169708,0.00218910440317903,0.0957284270394257
HMGCS1,"Hydroxymethylglutaryl-CoA synthase, cytoplasmic",Physical activities,X904.Number of days or week of vigorous physical activity 10+ minutes,47462,-0.0390101794154268,0.0295522216713833,-0.096932533891338,0.0189121750604844,0.186836956526678
HMGCS1,"Hydroxymethylglutaryl-CoA synthase, cytoplasmic",Physical activities,X914.Duration of vigorous activity,39909,0.00427054089012815,0.00387334369936068,-0.00332121276061879,0.0118622945408751,0.270247689503664
