Protein,Protein_definition,Trait_category,Trait,sample_size,Estimated_effect,se,lowerCI,upperCI,Pvalue
MYO6,Unconventional myosin-VI,Lifestyle factors,X1050.Time spend outdoors in summer,47388,-0.0391228078998386,0.0400141887706848,-0.117550617890381,0.0393050020907036,0.328224155551776
MYO6,Unconventional myosin-VI,Lifestyle factors,X1060.Time spent outdoors in winter,45531,0.0153434528718398,0.0439870677195222,-0.0708711998584237,0.101558105602103,0.727230924493534
MYO6,Unconventional myosin-VI,Physical activities,X1070.Time spent watching television (TV),48419,0.0772409314354163,0.0406687635178899,-0.00246984505964791,0.156951707930481,0.0575440399288412
MYO6,Unconventional myosin-VI,Physical activities,X1080.Time spent using computer,45516,-0.103283197689077,0.039072516094421,-0.179865329234142,-0.0267010661440118,0.00821632100534799
MYO6,Unconventional myosin-VI,Physical activities,X1090.Time spent driving,41936,-0.0585530925624282,0.0444871856809649,-0.145747976497119,0.028641791372263,0.188137701191413
MYO6,Unconventional myosin-VI,Lifestyle factors,X1160.Sleep duration,49110,-0.0198547628644002,0.0354683546542995,-0.0893727379868273,0.0496632122580269,0.575630277345528
MYO6,Unconventional myosin-VI,Health and medical history,X120039#0.Location of pain during the past week_None of the given areas,34781,0.00523825893155892,0.0165688651088503,-0.0272367166817876,0.0377132345449054,0.751899906951697
MYO6,Unconventional myosin-VI,Health and medical history,X120039#1.Location of pain during the past week_Left shoulder,34781,-0.00800137364055942,0.0159249307505587,-0.0392142379116545,0.0232114906305357,0.615375578946384
MYO6,Unconventional myosin-VI,Health and medical history,X120039#10.Location of pain during the past week_Upper right leg,34781,0.0172818498824529,0.0173741845288678,-0.016771551794128,0.0513352515590338,0.319932312958998
MYO6,Unconventional myosin-VI,Health and medical history,X120039#11.Location of pain during the past week_Lower left leg,34781,0.0288538719179504,0.0176165550973363,-0.00567457607282883,0.0633823199087296,0.101502228319367
MYO6,Unconventional myosin-VI,Health and medical history,X120039#12.Location of pain during the past week_Lower right leg,34781,0.0104128095616845,0.0177041535373852,-0.0242873313715904,0.0451129504949594,0.556451154928749
MYO6,Unconventional myosin-VI,Health and medical history,X120039#13.Location of pain during the past week_Left jaw pain,34781,-0.0838591333042966,0.045636702398859,-0.17330707000606,0.00558880339746709,0.0661837192895621
MYO6,Unconventional myosin-VI,Health and medical history,X120039#14.Location of pain during the past week_Right jaw pain,34781,-0.0737959897356842,0.045626402170426,-0.163223737989719,0.0156317585183509,0.10584914219438
MYO6,Unconventional myosin-VI,Health and medical history,X120039#15.Location of pain during the past week_Chest pain,34781,-0.0240391684123498,0.0308125146171068,-0.084431697061879,0.0363533602371794,0.43532064253549
MYO6,Unconventional myosin-VI,Health and medical history,X120039#16.Location of pain during the past week_Abdomen,34781,-0.0160527964817935,0.0220981332975247,-0.0593651377449419,0.0272595447813549,0.467604264598444
MYO6,Unconventional myosin-VI,Health and medical history,X120039#17.Location of pain during the past week_Neck pain,34781,-0.000227519212429241,0.0142999624706469,-0.0282554456548972,0.0278004072300387,0.987306380375235
MYO6,Unconventional myosin-VI,Health and medical history,X120039#18.Location of pain during the past week_Upper back,34781,0.00769860129406536,0.0215136946001514,-0.0344682401222313,0.0498654427103621,0.720471673590256
MYO6,Unconventional myosin-VI,Health and medical history,X120039#19.Location of pain during the past week_Lower back,34781,-0.0105075365858289,0.0115969474425085,-0.0332375535731456,0.0122224804014878,0.36494287667579
MYO6,Unconventional myosin-VI,Health and medical history,X120039#2.Location of pain during the past week_Right shoulder,34781,-0.00767716416367725,0.0149505368804876,-0.036980216449433,0.0216258881220785,0.607618947153023
MYO6,Unconventional myosin-VI,Health and medical history,X120039#3.Location of pain during the past week_Upper left arm,34781,-0.0249146094746627,0.0214178263970034,-0.0668935492127893,0.0170643302634639,0.244771649422372
MYO6,Unconventional myosin-VI,Health and medical history,X120039#4.Location of pain during the past week_Upper right arm,34781,-0.0158451788855554,0.0201550072507991,-0.0553489930971216,0.0236586353260108,0.431803657539014
MYO6,Unconventional myosin-VI,Health and medical history,X120039#5.Location of pain during the past week_Lower left arm,34781,0.0325678621641518,0.0312329287747771,-0.0286486782344114,0.0937844025627149,0.297113279682175
MYO6,Unconventional myosin-VI,Health and medical history,X120039#6.Location of pain during the past week_Lower right arm,34781,0.00778377377669078,0.0298251421707155,-0.0506735048779115,0.0662410524312931,0.79411733818131
MYO6,Unconventional myosin-VI,Health and medical history,X120039#7.Location of pain during the past week_Left hip,34781,-0.017007990619284,0.0156720562327164,-0.0477252208354081,0.0137092395968401,0.27786083156362
MYO6,Unconventional myosin-VI,Health and medical history,X120039#8.Location of pain during the past week_Right hip,34781,-0.013708959062805,0.0149249614470998,-0.0429618834991205,0.0155439653735106,0.358383417773841
MYO6,Unconventional myosin-VI,Health and medical history,X120039#9.Location of pain during the past week_Upper left leg,34781,0.0113106007753338,0.0187987550522282,-0.0255349591270334,0.0481561606777011,0.54741987131755
MYO6,Unconventional myosin-VI,Health and medical history,X120040.Fatigue severity over the past week,34787,0.0370019453568742,0.069016801134461,-0.0982709848666694,0.172274875580418,0.591890358894493
MYO6,Unconventional myosin-VI,Health and medical history,X120041.Waking unrefreshed severity over the past week,34787,0.0991146982557356,0.0688663914462017,-0.0358634289788196,0.234092825490291,0.150140848904188
MYO6,Unconventional myosin-VI,Health and medical history,X120042.Cognitive symptoms severity over the past week,34786,-0.0183829326894273,0.0723416583905896,-0.160172583134983,0.123406717756128,0.799417853873573
MYO6,Unconventional myosin-VI,Health and medical history,X120098.Mobility problems today,34790,0.0320615164915318,0.0761343812573714,-0.117161870772916,0.18128490375598,0.673685501415079
MYO6,Unconventional myosin-VI,Health and medical history,X120099.Self-care problems today,34790,0.204487030437884,0.107924196223178,-0.00704439415954472,0.416018455035312,0.0581799340467193
MYO6,Unconventional myosin-VI,Health and medical history,X120100.Problems doing usual activities,34790,0.133639741974333,0.0717773273360848,-0.00704381960439274,0.27432330355306,0.0626744371338223
MYO6,Unconventional myosin-VI,Health and medical history,X120101.Pain or discomfort today,34790,0.0985665790160992,0.0674959582377469,-0.0337254991298847,0.230858657162083,0.144254729174084
MYO6,Unconventional myosin-VI,Health and medical history,X120102.Anxiety or depression today,34790,0.0634250677592563,0.084244365823213,-0.101693889254241,0.228544024772754,0.4515596377694
MYO6,Unconventional myosin-VI,Health and medical history,X120103.Scale to indicate how health is today,34770,-0.00166146688034094,0.00508530002560661,-0.0116286549305299,0.00830572116984802,0.743892283365368
MYO6,Unconventional myosin-VI,Health and medical history,X120104.Little interest or pleasure in doing things over the last two weeks,34767,0.103254550228978,0.085902032957448,-0.0651134343676198,0.271622534825576,0.229413235687548
MYO6,Unconventional myosin-VI,Health and medical history,"X120105.Feeling down, depressed, or hopeless over the last two weeks",34757,-0.023830032156162,0.0921375105431738,-0.204419552820783,0.156759488508459,0.795926053076436
MYO6,Unconventional myosin-VI,Health and medical history,"X120106.Trouble falling or staying asleep, or sleeping too much over the last two weeks",34772,-0.0350092041954798,0.067782823292634,-0.167863537849042,0.0978451294580828,0.605532149500428
MYO6,Unconventional myosin-VI,Health and medical history,X120107.Feeling tired or having little energy over the last two weeks,34773,0.036919718379725,0.0707058324822466,-0.101663713285478,0.175503150044928,0.601580057206465
MYO6,Unconventional myosin-VI,Health and medical history,X120108.Poor appetite or overeating over the last two weeks,34782,-0.0248470219857421,0.103592195964671,-0.227887726076498,0.178193682105014,0.810452098028394
MYO6,Unconventional myosin-VI,Health and medical history,X120109.Feeling bad about self over the last two weeks,34766,0.0402493314879958,0.0966322748593437,-0.149149927236318,0.229648590212309,0.677045158121905
MYO6,Unconventional myosin-VI,Health and medical history,X120110.Trouble concentrating over the last two weeks,34777,0.0140822207347029,0.0976059201674106,-0.177225382793422,0.205389824262828,0.885287503969427
MYO6,Unconventional myosin-VI,Health and medical history,X120111.Moving or speaking slower or faster than usual over the last two weeks,34774,-0.0884642124353529,0.146480741056204,-0.375566464905514,0.198638040034808,0.545914295006138
MYO6,Unconventional myosin-VI,Health and medical history,X120112.Thoughts of being better off dead or of hurting self over the last two weeks,34755,0.0895779257073246,0.195112550941008,-0.292842674137051,0.471998525551701,0.646173853734728
MYO6,Unconventional myosin-VI,Health and medical history,"X120113.Level of difficultly depression has made to do work, take care of things at home, or get along with other people",32889,0.150877945190401,0.0964210295836263,-0.0381072727935063,0.339863163174309,0.117719582684535
MYO6,Unconventional myosin-VI,Lifestyle factors,X1269.Exposure to tobacco smoke at home,47539,-0.0655223297151098,0.0911075628249334,-0.244093152851979,0.11304849342176,0.472041936089803
MYO6,Unconventional myosin-VI,Lifestyle factors,X1279.Exposure to tobacco smoke outside home,46016,-0.000392477990001367,0.0542315355220393,-0.106686287613198,0.105901331633196,0.994225781404895
MYO6,Unconventional myosin-VI,Diet and food preferences,X1289.Cooked vegetable intake,48711,-0.104760544238774,0.0366902671141563,-0.176673467782521,-0.0328476206950281,0.00430458720423232
MYO6,Unconventional myosin-VI,Diet and food preferences,X1299.Salad  or  raw vegetable intake,48017,-0.0474658765688102,0.0387543449059677,-0.123424392584507,0.0284926394468865,0.220670241072936
MYO6,Unconventional myosin-VI,Diet and food preferences,X1309.Fresh fruit intake,48663,0.0303972421697481,0.0381201830926175,-0.0443183166917822,0.105112801031278,0.425225314059052
MYO6,Unconventional myosin-VI,Diet and food preferences,X1319.Dried fruit intake,47616,-0.0170839491648309,0.0383827320921475,-0.09231410406544,0.0581462057357782,0.656256576208428
MYO6,Unconventional myosin-VI,Health and medical history,X134.Number of self-reported cancers,49293,0.0038919013139364,0.0595125709908626,-0.112752737828154,0.120536540456027,0.9478591289052
MYO6,Unconventional myosin-VI,Health and medical history,X135.Number of self-reported non-cancer illnesses,49294,0.0600593166275605,0.0384766833049163,-0.0153549826500755,0.135473615905197,0.118556580435635
MYO6,Unconventional myosin-VI,Health and medical history,"X136.Number of operations, self-reported",49294,0.0369341180981978,0.0373135021998219,-0.036200346213453,0.110068582409849,0.322267900143614
MYO6,Unconventional myosin-VI,Health and medical history,X137.Number of treatments or medications taken,49294,0.10504368552221,0.0371642675880794,0.0322017210495744,0.177885649994846,0.00471106099925823
MYO6,Unconventional myosin-VI,Diet and food preferences,X1438.Bread intake,48748,-4.42478034887062e-05,0.00286103202330828,-0.00565187056917293,0.00556337496219552,0.98766082302187
MYO6,Unconventional myosin-VI,Diet and food preferences,X1458.Cereal intake,48468,0.00759036932332158,0.0366593243804751,-0.0642619064624096,0.0794426451090527,0.835971800027171
MYO6,Unconventional myosin-VI,Diet and food preferences,X1488.Tea intake,48674,0.00407871929605211,0.00275308441251698,-0.00131732615248117,0.0094747647445854,0.138487166802417
MYO6,Unconventional myosin-VI,Diet and food preferences,X1498.Coffee intake,47808,-0.0112939047880519,0.0365965378449801,-0.0830231189642128,0.060435309388109,0.757624842358745
MYO6,Unconventional myosin-VI,Diet and food preferences,X1528.Water intake,47701,-0.00912224127039234,0.0372673887871942,-0.082166323293293,0.0639218407525083,0.806630952226045
MYO6,Unconventional myosin-VI,Lifestyle factors,X1568.Average weekly red wine intake,42936,-0.0286341465014928,0.0425320650102742,-0.11199699392163,0.0547287009186446,0.500808047731734
MYO6,Unconventional myosin-VI,Lifestyle factors,X1578.Average weekly champagne plus white wine intake,42936,-0.0179965893651684,0.043375066038259,-0.103011718800156,0.0670185400698193,0.678216954927653
MYO6,Unconventional myosin-VI,Lifestyle factors,X1588.Average weekly beer plus cider intake,42978,0.0421986441749926,0.0482895190856158,-0.0524488132328145,0.1368461015828,0.382205608533944
MYO6,Unconventional myosin-VI,Lifestyle factors,X1598.Average weekly spirits intake,42923,-0.0431905370598993,0.0456319663970077,-0.132629191198034,0.0462481170782357,0.343911612580559
MYO6,Unconventional myosin-VI,Lifestyle factors,X1608.Average weekly fortified wine intake,42964,0.00630750324831185,0.0688152429233366,-0.128570372881428,0.141185379378052,0.926970689058605
MYO6,Unconventional myosin-VI,Lifestyle factors,X1737.Childhood sunburn occasions,43828,-0.0547106131538021,0.0450831643361305,-0.143073615252618,0.0336523889450137,0.224939713779254
MYO6,Unconventional myosin-VI,Health and medical history,X1807.Father's age at death,47458,0.000573311681369431,0.00266803144106842,-0.00465602994312467,0.00580265330586353,0.829861791439971
MYO6,Unconventional myosin-VI,Health and medical history,X1845.Mother's age,32163,-0.0108154183466358,0.0120141048073254,-0.0343630637689937,0.012732227075722,0.368072611942327
MYO6,Unconventional myosin-VI,Health and medical history,X1873.Number of full brothers,48932,0.0266058886610769,0.0353291056746977,-0.0426391584613307,0.0958509357834844,0.451406644525699
MYO6,Unconventional myosin-VI,Health and medical history,X1883.Number of full sisters,48936,0.0576200008430006,0.0355191322891176,-0.0119974984436698,0.127237500129671,0.104771291223249
MYO6,Unconventional myosin-VI,Physical measures,X20015.Sitting height,49153,-0.00191675082160227,0.00355977771676053,-0.0088939151464529,0.00506041350324836,0.590274647764038
MYO6,Unconventional myosin-VI,Cognitive function,X20016.Fluid intelligence score,35852,-0.127712252499602,0.0589005504968357,-0.2431573314734,-0.0122671735258038,0.030173572221701
MYO6,Unconventional myosin-VI,Cognitive function,X20018.Prospective memory result,36143,0.0405407649892561,0.0710348598886142,-0.0986875603924277,0.17976909037094,0.568210304358074
MYO6,Unconventional myosin-VI,Physical measures,X20019.Speech-reception-threshold (SRT) estimate (left),35727,-0.00681983021097659,0.00467590250680501,-0.0159845991243144,0.00234493870236122,0.144749292403526
MYO6,Unconventional myosin-VI,Physical measures,X20021.Speech-reception-threshold (SRT) estimate (right),35708,0.000804353750825117,0.00471600781031557,-0.0084390215573934,0.0100477290590436,0.864576473581224
MYO6,Unconventional myosin-VI,Cognitive function,X20023.Mean time to correctly identify matches,49035,-0.00118891088936466,0.00290644565171718,-0.00688554436673034,0.00450772258800102,0.682499986804795
MYO6,Unconventional myosin-VI,Health and medical history,X20107#1.Illnesses of father_Heart disease,46320,0.00158554581496595,0.00608701579592918,-0.0103450051450553,0.0135160967749871,0.794496679866477
MYO6,Unconventional myosin-VI,Health and medical history,X20107#10.Illnesses of father_Alzheimer's disease or dementia,45952,-0.0201929915498482,0.0127886188222908,-0.0452586844415382,0.00487270134184174,0.114359192114306
MYO6,Unconventional myosin-VI,Health and medical history,X20107#11.Illnesses of father_Parkinson's disease,45916,-0.00733678235539204,0.0172073163906346,-0.041063122481036,0.0263895577702519,0.669839560449789
MYO6,Unconventional myosin-VI,Health and medical history,X20107#12.Illnesses of father_Severe depression,45927,0.0251679791160485,0.0162363949670058,-0.0066553550192829,0.05699131325138,0.121137266370082
MYO6,Unconventional myosin-VI,Health and medical history,X20107#13.Illnesses of father_Prostate cancer,45952,0.00775156496605745,0.0113109984716179,-0.0144179920383136,0.0299211219704285,0.493156429738043
MYO6,Unconventional myosin-VI,Health and medical history,X20107#2.Illnesses of father_Stroke,46092,-0.00723601143659227,0.00763596857070079,-0.0222025098351658,0.00773048696198127,0.343335498054313
MYO6,Unconventional myosin-VI,Health and medical history,X20107#3.Illnesses of father_Lung cancer,46054,0.00376545086351529,0.00929213061912782,-0.0144471251499752,0.0219780268770058,0.685313535570898
MYO6,Unconventional myosin-VI,Health and medical history,X20107#4.Illnesses of father_Bowel cancer,45959,-0.0177412291126532,0.0120062996313442,-0.0412735763900879,0.00579111816478145,0.139517582000369
MYO6,Unconventional myosin-VI,Health and medical history,X20107#6.Illnesses of father_Chronic bronchitis or emphysema,46107,0.00166468728951032,0.00823542847947216,-0.0144767525302551,0.0178061271092757,0.839811818542185
MYO6,Unconventional myosin-VI,Health and medical history,X20107#8.Illnesses of father_High blood pressure,46094,-0.00175922064604402,0.00765875416646877,-0.0167703788123228,0.0132519375202348,0.818327186319317
MYO6,Unconventional myosin-VI,Health and medical history,X20107#9.Illnesses of father_Diabetes,45984,0.00854070058563933,0.0109522680499323,-0.0129257447922279,0.0300071459635066,0.435513042905366
MYO6,Unconventional myosin-VI,Health and medical history,X20110#1.Illnesses of mother_Heart disease,47276,-0.00250526553216534,0.00664620135513487,-0.0155318201882297,0.010521289123899,0.706217430258527
MYO6,Unconventional myosin-VI,Health and medical history,X20110#10.Illnesses of mother_Alzheimer's disease or dementia,47138,0.00741657030871167,0.00869725362542504,-0.00963004679712141,0.0244631874145447,0.393810149817185
MYO6,Unconventional myosin-VI,Health and medical history,X20110#11.Illnesses of mother_Parkinson's disease,47059,-0.0208392606577993,0.0194876700289322,-0.0590350939145064,0.0173565725989079,0.284923646292055
MYO6,Unconventional myosin-VI,Health and medical history,X20110#12.Illnesses of mother_Severe depression,47080,-0.00610792573310486,0.0120855276348627,-0.0297955598974357,0.017579708431226,0.613289952988688
MYO6,Unconventional myosin-VI,Health and medical history,X20110#2.Illnesses of mother_Stroke,47225,-0.0124657432101611,0.00728408299816146,-0.0267425458865575,0.00181105946623537,0.087030483490027
MYO6,Unconventional myosin-VI,Health and medical history,X20110#3.Illnesses of mother_Lung cancer,47101,-0.00911455356678087,0.0139568481362769,-0.0364699759138836,0.0182408687803218,0.51373086355825
MYO6,Unconventional myosin-VI,Health and medical history,X20110#4.Illnesses of mother_Bowel cancer,47085,0.00374187220963035,0.0118633346761928,-0.0195102637557076,0.0269940081749683,0.752450353970053
MYO6,Unconventional myosin-VI,Health and medical history,X20110#5.Illnesses of mother_Breast cancer,47090,-0.0194778415752927,0.0103774150194231,-0.039817575013362,0.00086189186277667,0.0605418308114633
MYO6,Unconventional myosin-VI,Health and medical history,X20110#6.Illnesses of mother_Chronic bronchitis or emphysema,47133,0.0303886670995737,0.0116182091289761,0.0076169772067806,0.0531603569923668,0.00891436193000048
MYO6,Unconventional myosin-VI,Health and medical history,X20110#8.Illnesses of mother_High blood pressure,47266,0.00144523228813845,0.00645611474131346,-0.0112087526048359,0.0140992171811128,0.822872816278721
MYO6,Unconventional myosin-VI,Health and medical history,X20110#9.Illnesses of mother_Diabetes,47147,0.00114484130969755,0.00995474725978928,-0.0183664633194894,0.0206561459388845,0.908442795313315
MYO6,Unconventional myosin-VI,Health and medical history,X20111#1.Illnesses of siblings_Heart disease,44009,-0.00998619193490228,0.00836386843432407,-0.0263793740661775,0.00640699019637291,0.232509571491268
MYO6,Unconventional myosin-VI,Health and medical history,X20111#10.Illnesses of siblings_Alzheimer's disease or dementia,43847,0.0180818546657762,0.0293813460947518,-0.0395055836799373,0.0756692930114897,0.538287244451396
MYO6,Unconventional myosin-VI,Health and medical history,X20111#11.Illnesses of siblings_Parkinson's disease,43841,0.0130244373661193,0.0307628026964129,-0.04727065591885,0.0733195306510887,0.672022307427606
MYO6,Unconventional myosin-VI,Health and medical history,X20111#12.Illnesses of siblings_Severe depression,43871,-0.0115841128048893,0.0127790855289312,-0.0366311204415944,0.0134628948318158,0.364691455011391
MYO6,Unconventional myosin-VI,Health and medical history,X20111#13.Illnesses of siblings_Prostate cancer,43862,0.0141071465164555,0.017444659030324,-0.0200843851829795,0.0482986782158905,0.418712362546367
MYO6,Unconventional myosin-VI,Health and medical history,X20111#2.Illnesses of siblings_Stroke,43894,-0.00412047414658626,0.0138786669775322,-0.0313226614225494,0.0230817131293769,0.766552666399097
MYO6,Unconventional myosin-VI,Health and medical history,X20111#3.Illnesses of siblings_Lung cancer,43862,0.0365540706480356,0.0156714771574926,0.00583797541935008,0.0672701658767211,0.0196866839488261
MYO6,Unconventional myosin-VI,Health and medical history,X20111#4.Illnesses of siblings_Bowel cancer,43855,-2.2282079804657e-05,0.015871255266196,-0.0311299424015489,0.0310853782419396,0.99887984799171
MYO6,Unconventional myosin-VI,Health and medical history,X20111#5.Illnesses of siblings_Breast cancer,43875,-0.0220780500786809,0.0127572174343139,-0.0470821962499361,0.00292609609257441,0.0835384141681633
MYO6,Unconventional myosin-VI,Health and medical history,X20111#6.Illnesses of siblings_Chronic bronchitis or emphysema,43892,-0.00713190935177689,0.0152985461949145,-0.0371170598938094,0.0228532411902556,0.641092024515771
MYO6,Unconventional myosin-VI,Health and medical history,X20111#8.Illnesses of siblings_High blood pressure,44042,-0.00931927017714881,0.00703535935314341,-0.0231085745093099,0.00447003415501228,0.18531324423747
MYO6,Unconventional myosin-VI,Health and medical history,X20111#9.Illnesses of siblings_Diabetes,43948,0.00296876553400009,0.00968772178988311,-0.0160191691741708,0.021956700242171,0.759269260548943
MYO6,Unconventional myosin-VI,Mental health,X20127.Neuroticism score,44969,0.0438343883829398,0.0368142495671818,-0.0283215407687365,0.115990317534616,0.233792918705176
MYO6,Unconventional myosin-VI,Cognitive function,X20128.Number of fluid intelligence questions attempted within time limit,35852,-0.0905316714923934,0.0595775315276277,-0.207303633286544,0.0262402903017569,0.128669000235226
MYO6,Unconventional myosin-VI,Lifestyle factors,X20161.Pack years of smoking,35999,-0.00109692777414195,0.00479261857245438,-0.0104904601761525,0.00829660462786864,0.818970159528056
MYO6,Unconventional myosin-VI,Lifestyle factors,X20162.Pack years adult smoking as proportion of life span exposed to smoking,35999,-0.00207444478272082,0.00495265042503566,-0.0117816396157907,0.00763275005034907,0.675334971085171
MYO6,Unconventional myosin-VI,Cognitive function,X20191.Fluid intelligence score,33651,0.0902115042458798,0.0692794906061012,-0.0455762973420786,0.225999305833838,0.192936452322263
MYO6,Unconventional myosin-VI,Cognitive function,X20192.Number of fluid intelligence questions attempted within time limit,33652,0.0891074843474894,0.0702324378521776,-0.0485480938427787,0.226763062537757,0.204596264263895
MYO6,Unconventional myosin-VI,Cognitive function,X20240.Maximum digits remembered correctly,33101,0.0302643521690304,0.0774307326053843,-0.121499883737523,0.182028588075584,0.695924215189193
MYO6,Unconventional myosin-VI,Physical measures,X20255.Spirometry QC measure,44070,0.0117525911380901,0.0463675682651887,-0.0791278426616797,0.10263302493786,0.799911815726704
MYO6,Unconventional myosin-VI,Eye measures,X20261.avMSE,33740,-0.00307377634015825,0.00537699795255676,-0.0136126923271695,0.007465139646853,0.567585428420732
MYO6,Unconventional myosin-VI,Eye measures,X20262.Myopia diagnosis,33740,-0.00442080905505371,0.0915641163353426,-0.183886477072325,0.175044858962218,0.961494401053008
MYO6,Unconventional myosin-VI,NMR metabolomics,X20280.Glucose-lactate,40453,0.00729707737019536,0.00361013360112573,0.000221215511988928,0.0143729392284018,0.0432747899893213
MYO6,Unconventional myosin-VI,NMR metabolomics,X20281.Spectrometer-corrected alanine,40476,-0.000734105395092399,0.00370126410734623,-0.007988583045491,0.0065203722553062,0.8427833348932
MYO6,Unconventional myosin-VI,Mental health,X20544#11.Mental health problems ever diagnosed by a professional_Depression,35471,-0.0280896981232816,0.0224967622300952,-0.0721833520942682,0.0160039558477051,0.211854061847991
MYO6,Unconventional myosin-VI,Mental health,X20544#6.Mental health problems ever diagnosed by a professional_Panic attacks,35471,-0.0353739222731948,0.0421329153024602,-0.117954436266017,0.0472065917196272,0.401176300969654
MYO6,Unconventional myosin-VI,Mental health,X20546#1.Substances taken for depression_Unprescribed medication (more than once),35471,0.0646061172879056,0.0686531432692486,-0.0699540435198217,0.199166278095633,0.346714876725421
MYO6,Unconventional myosin-VI,Mental health,X20546#3.Substances taken for depression_Medication prescribed to you (for at least two weeks),35471,-0.0264322980325189,0.0208188466527986,-0.0672372374720041,0.0143726414069663,0.204262399851753
MYO6,Unconventional myosin-VI,Mental health,X20546#4.Substances taken for depression_Drugs or alcohol (more than once),35471,-0.0185237388151338,0.0435791542451894,-0.103938881135705,0.0668914035054374,0.670807782267639
MYO6,Unconventional myosin-VI,Mental health,X20548#1.Manifestations of mania or irritability_I was more talkative than usual,35474,0.0338659311373617,0.05390674818814,-0.0717912953113927,0.139523157586116,0.529874974733234
MYO6,Unconventional myosin-VI,Mental health,X20548#2.Manifestations of mania or irritability_I was more restless than usual,35474,-0.0554637326680019,0.0347440665508049,-0.123562103107579,0.0126346377715757,0.110460718044554
MYO6,Unconventional myosin-VI,Mental health,X20548#3.Manifestations of mania or irritability_My thoughts were racing,35474,-0.074645019652703,0.0406871930120617,-0.154391917956344,0.00510187865093789,0.0666111809923134
MYO6,Unconventional myosin-VI,Mental health,X20548#5.Manifestations of mania or irritability_I needed less sleep than usual,35474,-0.112070847743804,0.062934476445132,-0.235422421576263,0.0112807260886544,0.0750009033849136
MYO6,Unconventional myosin-VI,Mental health,X20548#6.Manifestations of mania or irritability_I was more creative or had more ideas than usual,35474,-0.118662712285539,0.072029034675034,-0.259839620248605,0.0225141956775281,0.0995199513974939
MYO6,Unconventional myosin-VI,Mental health,X20548#7.Manifestations of mania or irritability_I was easily distracted,35474,-0.0796333354849948,0.04471101595167,-0.167266926750268,0.0080002557802784,0.0749497522939303
MYO6,Unconventional myosin-VI,Mental health,X20548#8.Manifestations of mania or irritability_I was more confident than usual,35474,0.139439959869368,0.0732697763337828,-0.00416880174484613,0.283048721483583,0.0570727377699009
MYO6,Unconventional myosin-VI,Mental health,X20548#9.Manifestations of mania or irritability_I was more active than usual,35474,-0.0242660959439802,0.0519878856489536,-0.126162351815929,0.0776301599279689,0.640684617312261
MYO6,Unconventional myosin-VI,Mental health,X20549#1.Substances taken for anxiety_Unprescribed medication (more than once),35474,-0.0122764010777881,0.0746264214111406,-0.158544187043624,0.133991384888047,0.869339099096228
MYO6,Unconventional myosin-VI,Mental health,X20549#3.Substances taken for anxiety_Medication prescribed to you (for at least two weeks),35474,0.0187652183978945,0.0281828131765064,-0.0364730954280581,0.0740035322238471,0.505538418183691
MYO6,Unconventional myosin-VI,Mental health,X20549#4.Substances taken for anxiety_Drugs or alcohol (more than once),35474,0.037339804627682,0.0529228080986619,-0.0663888992456953,0.141068508501059,0.480492817351708
MYO6,Unconventional myosin-VI,Mental health,X20553#4.Methods of self-harm used_Ingesting a medication in excess of the normal dose,35475,0.0134048839156363,0.0914301195688473,-0.165798150439304,0.192607918270577,0.883441853763028
MYO6,Unconventional myosin-VI,Diet and food preferences,X20600.Liking for adding salt to foods,35355,0.00525545965373028,0.0600894759464957,-0.112519913201401,0.123030832508862,0.930308274562035
MYO6,Unconventional myosin-VI,Diet and food preferences,X20601.Liking for aniseed,35355,0.0713845313484018,0.0588886609043813,-0.0440372440241856,0.186806306720989,0.225484354507357
MYO6,Unconventional myosin-VI,Diet and food preferences,X20602.Liking for apple juice,35355,0.0322010366609741,0.0608552488728919,-0.0870752511298941,0.151477324451842,0.59672639729208
MYO6,Unconventional myosin-VI,Diet and food preferences,X20603.Liking for apples,35355,-0.0445077135534862,0.0629165065231663,-0.167824066338892,0.0788086392319197,0.479339036961471
MYO6,Unconventional myosin-VI,Diet and food preferences,X20604.Liking for asparagus,35355,0.0157020331812196,0.0613305429289946,-0.10450583095961,0.135909897322049,0.797941592413114
MYO6,Unconventional myosin-VI,Diet and food preferences,X20605.Liking for aubergine,35355,-0.0664540316775664,0.059538456702823,-0.1831494068151,0.0502413434599666,0.264400208766332
MYO6,Unconventional myosin-VI,Diet and food preferences,X20606.Liking for avocados,35355,0.0752574538638204,0.061188211869954,-0.0446714414012894,0.19518634912893,0.218768903107526
MYO6,Unconventional myosin-VI,Diet and food preferences,X20607.Liking for bacon,35355,-0.073394250176538,0.0610932574198713,-0.193137034719486,0.0463485343664097,0.229662564205813
MYO6,Unconventional myosin-VI,Diet and food preferences,X20608.Liking for baked or steamed fish,35355,-0.0565356171292812,0.0620263653374166,-0.178107293190618,0.0650360589320553,0.362079712346
MYO6,Unconventional myosin-VI,Diet and food preferences,X20609.Liking for bananas,35355,-0.0585639291849459,0.0623584835658493,-0.180786556974011,0.0636586986041187,0.347690941098615
MYO6,Unconventional myosin-VI,Diet and food preferences,X20610.Liking for barbequed or grilled meat,35355,-0.0859601616709749,0.060899368267824,-0.20532292347591,0.0334026001339601,0.158144404452663
MYO6,Unconventional myosin-VI,Diet and food preferences,X20611.Liking for beef steak,35355,-0.0760362963711731,0.0608440036125587,-0.195290543451788,0.0432179507094421,0.211459429428885
MYO6,Unconventional myosin-VI,Diet and food preferences,X20612.Liking for beetroot,35355,-0.0707626713408181,0.0626400039659394,-0.193537079114059,0.0520117364324232,0.258658417690396
MYO6,Unconventional myosin-VI,Diet and food preferences,X20613.Liking for bell pepper,35355,-0.039720729401671,0.0599616093989212,-0.157245483823557,0.0778040250202146,0.507716645673986
MYO6,Unconventional myosin-VI,Diet and food preferences,X20614.Liking for bicycling,35355,-0.0343869001862161,0.0592348194202897,-0.150487146249984,0.0817133458775518,0.561586372421972
MYO6,Unconventional myosin-VI,Diet and food preferences,X20615.Liking for biscuits,35355,-0.0238157552664872,0.0601068503062178,-0.141625181866674,0.0939936713336997,0.691953791663038
MYO6,Unconventional myosin-VI,Diet and food preferences,X20616.Liking for bitter foods,35355,0.0313469548015171,0.0596315549118623,-0.085530892825733,0.148224802428767,0.59913138474322
MYO6,Unconventional myosin-VI,Diet and food preferences,X20617.Liking for bitter or ale,35355,0.0488291201349603,0.0605152673469982,-0.0697808038651563,0.167439044135077,0.419761471465573
MYO6,Unconventional myosin-VI,Diet and food preferences,X20618.Liking for black olives,35355,-0.0688794360088685,0.0604652583181128,-0.18739134231237,0.0496324702946325,0.2546819358419
MYO6,Unconventional myosin-VI,Diet and food preferences,X20619.Liking for black pepper,35355,0.00825934987365623,0.0615615036525057,-0.112401197285255,0.128919897032567,0.893277123021314
MYO6,Unconventional myosin-VI,Diet and food preferences,X20620.Liking for blue cheese,35355,-0.0581851211676701,0.0587065165715213,-0.173249893647852,0.0568796513125115,0.321666645855894
MYO6,Unconventional myosin-VI,Diet and food preferences,X20621.Liking for bolognese sauce,35355,-0.073931994145793,0.0606069023867489,-0.192721522823821,0.0448575345322347,0.222564348847466
MYO6,Unconventional myosin-VI,Diet and food preferences,X20622.Liking for broad beans,35355,0.0221266744353707,0.0609428982587377,-0.0973214061517552,0.141574755022497,0.716563396637683
MYO6,Unconventional myosin-VI,Diet and food preferences,X20623.Liking for broccoli,35355,0.0110143854535282,0.0611792365460758,-0.10889691817678,0.130925689083837,0.857131256773296
MYO6,Unconventional myosin-VI,Diet and food preferences,X20624.Liking for brown rice,35355,0.0862974361623931,0.0612862086184826,-0.0338235327298328,0.206418405054619,0.159150417131394
MYO6,Unconventional myosin-VI,Diet and food preferences,X20625.Liking for brussel sprouts,35355,-0.0221208247737357,0.0598259447983966,-0.139379676578593,0.0951380270311216,0.711579237316649
MYO6,Unconventional myosin-VI,Diet and food preferences,X20626.Liking for burgers (meat),35355,-0.107546235094184,0.0602736543676249,-0.225682597654729,0.0105901274663612,0.0744243229828174
MYO6,Unconventional myosin-VI,Diet and food preferences,X20627.Liking for burn of spicy foods,35355,-0.00563932796049382,0.0599044309897996,-0.123052012700501,0.111773356779513,0.925002008580098
MYO6,Unconventional myosin-VI,Diet and food preferences,X20628.Liking for butter on bread,35355,-0.0607321337989521,0.0618424355187409,-0.181943307415684,0.0604790398177799,0.326115666558139
MYO6,Unconventional myosin-VI,Diet and food preferences,X20629.Liking for butternut squash,35355,-0.0114013535703647,0.0599960996739692,-0.128993708931344,0.106191001790615,0.849288042323995
MYO6,Unconventional myosin-VI,Diet and food preferences,X20630.Liking for cabbage,35355,0.023685993894179,0.0625008857195572,-0.0988157421161531,0.146187729904511,0.704722825184949
MYO6,Unconventional myosin-VI,Diet and food preferences,X20631.Liking for cake,35355,-0.0376935217809685,0.0615318361785615,-0.158295920690949,0.0829088771290121,0.540172970510107
MYO6,Unconventional myosin-VI,Diet and food preferences,X20632.Liking for cake icing,35355,0.0267885650841519,0.0588656143997428,-0.0885880391393439,0.142165169307648,0.649067729039401
MYO6,Unconventional myosin-VI,Diet and food preferences,X20633.Liking for capers,35355,0.00777415357977988,0.0600347510443618,-0.109893958467169,0.125442265626729,0.896970827364206
MYO6,Unconventional myosin-VI,Diet and food preferences,X20634.Liking for cauliflower,35355,-0.0901543213366172,0.0608908789436935,-0.209500444066257,0.0291918013930221,0.138767531245695
MYO6,Unconventional myosin-VI,Diet and food preferences,X20635.Liking for cereal or granola bar,35355,-0.0374846840049517,0.0604236708352958,-0.155915078842132,0.0809457108322281,0.535040996003732
MYO6,Unconventional myosin-VI,Diet and food preferences,X20636.Liking for cheesecake,35355,0.0241813437469378,0.0607929008345942,-0.0949727418888667,0.143335429382742,0.690816546553343
MYO6,Unconventional myosin-VI,Diet and food preferences,X20637.Liking for cherries,35355,0.0803863351759014,0.0647287132650802,-0.0464819428236558,0.207254613175459,0.214322249540835
MYO6,Unconventional myosin-VI,Diet and food preferences,X20638.Liking for chicken,35355,-0.0108022368974184,0.0641835173703048,-0.136601930943216,0.114997457148379,0.86635095660815
MYO6,Unconventional myosin-VI,Diet and food preferences,X20639.Liking for chilli pepper,35355,0.0686548522981819,0.0600059405137414,-0.0489567911087513,0.186266495705115,0.252612475944329
MYO6,Unconventional myosin-VI,Diet and food preferences,X20640.Liking for chips or french fries,35355,0.028838993613213,0.0616950498319289,-0.0920833040573676,0.149761291283794,0.640198657321946
MYO6,Unconventional myosin-VI,Diet and food preferences,X20641.Liking for cigarette smoking,35355,0.142100596452481,0.105625116541269,-0.0649246319684054,0.349125824873368,0.178568401648835
MYO6,Unconventional myosin-VI,Diet and food preferences,X20642.Liking for cod,35355,-0.0558369114761488,0.0627518472245017,-0.178830532036172,0.0671567090838746,0.373605359767292
MYO6,Unconventional myosin-VI,Diet and food preferences,X20643.Liking for coffee with sugar,35355,-0.0827169113798471,0.0657630148571856,-0.211612420499931,0.0461785977402367,0.208510783584347
MYO6,Unconventional myosin-VI,Diet and food preferences,X20644.Liking for coffee without sugar,35355,-0.02712634276483,0.061262719984528,-0.147201273934505,0.092948588404845,0.657935295095529
MYO6,Unconventional myosin-VI,Diet and food preferences,X20645.Liking for coriander,35355,-0.0270098312719819,0.0596016805494436,-0.143829125148891,0.0898094626049276,0.650440651880392
MYO6,Unconventional myosin-VI,Diet and food preferences,X20646.Liking for corn flakes,35355,0.0780031459502199,0.0599856086999229,-0.0395686471016291,0.195574939002069,0.193524840256626
MYO6,Unconventional myosin-VI,Diet and food preferences,X20647.Liking for cream,35355,-0.00776757191584666,0.0605379405120801,-0.126421935319524,0.11088679148783,0.897908515360865
MYO6,Unconventional myosin-VI,Diet and food preferences,X20648.Liking for croissant,35355,-0.0550649260314119,0.0603117564481328,-0.173275968669752,0.0631461166069283,0.361275769328493
MYO6,Unconventional myosin-VI,Diet and food preferences,X20649.Liking for cucumber,35355,-0.1314798522093,0.0613169586941336,-0.251661091249802,-0.0112986131687981,0.0320506694692648
MYO6,Unconventional myosin-VI,Diet and food preferences,X20650.Liking for curry,35355,0.0266846640825206,0.0607959021650121,-0.092475304160903,0.145844632325944,0.660733408430147
MYO6,Unconventional myosin-VI,Diet and food preferences,X20651.Liking for dairy products,35355,0.0589115486247907,0.0610364608962206,-0.0607199147318017,0.178543011981383,0.334489505494833
MYO6,Unconventional myosin-VI,Diet and food preferences,X20652.Liking for dark chocolate,35355,-0.0664364543906603,0.0608986586570447,-0.185797825358468,0.0529249165771474,0.275344381729915
MYO6,Unconventional myosin-VI,Diet and food preferences,X20653.Liking for diet fizzy drinks,35355,-0.0918002211305239,0.0629431331058448,-0.21516876201798,0.031568319756932,0.144764057943833
MYO6,Unconventional myosin-VI,Diet and food preferences,X20654.Liking for dried fruit,35355,-0.000524063109763353,0.0615061665350834,-0.121076149518527,0.120028023299,0.993201985492576
MYO6,Unconventional myosin-VI,Diet and food preferences,X20655.Liking for eggs,35355,-0.00786597447656005,0.0624752161139706,-0.130317398059942,0.114585449106822,0.89981082855508
MYO6,Unconventional myosin-VI,Diet and food preferences,X20656.Liking for exercising alone,35355,-0.0626248980533225,0.0608322917800975,-0.181856189942314,0.0566063938356686,0.303300278793849
MYO6,Unconventional myosin-VI,Diet and food preferences,X20657.Liking for exercising with others,35355,0.0279555892211471,0.059278429633637,-0.0882301328607815,0.144141311303076,0.637230474379998
MYO6,Unconventional myosin-VI,Diet and food preferences,X20658.Liking for extra virgin olive oil,35355,0.0297567527774887,0.0610361987700259,-0.0898741968117621,0.149387702366739,0.625902774345431
MYO6,Unconventional myosin-VI,Diet and food preferences,X20659.Liking for fatty foods,35355,0.00232661431903488,0.0602281764771773,-0.115720611576233,0.120373840214302,0.969186638866119
MYO6,Unconventional myosin-VI,Diet and food preferences,X20660.Liking for fresh tomatoes,35355,-0.0150458048756445,0.0656099532820153,-0.143641313308394,0.113549703557106,0.818626288597405
MYO6,Unconventional myosin-VI,Diet and food preferences,X20661.Liking for fried chicken,35355,-0.0305777773851516,0.0620904693852413,-0.152275097380224,0.0911195426099213,0.622403743654688
MYO6,Unconventional myosin-VI,Diet and food preferences,X20662.Liking for fried or battered fish,35355,-0.0447374649890826,0.0611774135642362,-0.164645195574986,0.0751702655968204,0.464639529323373
MYO6,Unconventional myosin-VI,Diet and food preferences,X20663.Liking for fruit,35355,-0.00661641575355056,0.0678795515267438,-0.139660336745968,0.126427505238867,0.922354041199128
MYO6,Unconventional myosin-VI,Diet and food preferences,X20664.Liking for garlic,35355,-0.0338771558760327,0.0604857047113913,-0.15242913711036,0.0846748253582943,0.575441629386889
MYO6,Unconventional myosin-VI,Diet and food preferences,X20665.Liking for gherkins,35355,-0.00574595234663964,0.0594892579273834,-0.122344897884311,0.110852993191032,0.92305668064998
MYO6,Unconventional myosin-VI,Diet and food preferences,X20666.Liking for globe artichoke,35355,0.049570079988925,0.0603838032044763,-0.0687821742918485,0.167922334269699,0.411725455328909
MYO6,Unconventional myosin-VI,Diet and food preferences,X20667.Liking for goat's cheese,35355,-0.0275770926997383,0.0598488185428599,-0.144880777043744,0.0897265916442671,0.644973290170084
MYO6,Unconventional myosin-VI,Diet and food preferences,X20668.Liking for going to a cafe,35355,-0.045931921722706,0.0628571104094796,-0.169131858125286,0.077268014679874,0.464968557813957
MYO6,Unconventional myosin-VI,Diet and food preferences,X20669.Liking for going to the gym,35355,-0.0162420857704526,0.0604297569279201,-0.134684409349176,0.102200237808271,0.788110853918224
MYO6,Unconventional myosin-VI,Diet and food preferences,X20670.Liking for going to the pub,35355,-0.0278621038409372,0.0595177081480509,-0.144516811811117,0.0887926041292426,0.639707260149521
MYO6,Unconventional myosin-VI,Diet and food preferences,X20671.Liking for grapefruit,35355,-0.0101791124036108,0.0596702846326993,-0.127132870283701,0.10677464547648,0.864552317550743
MYO6,Unconventional myosin-VI,Diet and food preferences,X20672.Liking for green olives,35355,-0.0268988859874941,0.0603310416875081,-0.14514772769501,0.0913499557200217,0.655717806621211
MYO6,Unconventional myosin-VI,Diet and food preferences,X20673.Liking for haddock,35355,-0.139556502427411,0.0623202415477419,-0.261704175860985,-0.0174088289938369,0.0251690894027049
MYO6,Unconventional myosin-VI,Diet and food preferences,X20674.Liking for ham,35355,-0.0112840538341458,0.0614644999314863,-0.131754473699859,0.109186366031567,0.854343886702157
MYO6,Unconventional myosin-VI,Diet and food preferences,X20675.Liking for hard cheese,35355,0.0154550122894513,0.0620572270150182,-0.106177152659984,0.137087177238887,0.803334658153583
MYO6,Unconventional myosin-VI,Diet and food preferences,X20676.Liking for herring,35355,-0.0861498022108785,0.0598674663422422,-0.203490036241673,0.0311904318199162,0.150198944884303
MYO6,Unconventional myosin-VI,Diet and food preferences,X20677.Liking for honey,35355,-0.0746858544583785,0.0593307957392741,-0.190974214107356,0.0416025051905986,0.208148829964727
MYO6,Unconventional myosin-VI,Diet and food preferences,X20678.Liking for horseradish or wasabi,35355,-0.0524057798576489,0.0591684014992428,-0.168375846796165,0.063564287080867,0.375810850549073
MYO6,Unconventional myosin-VI,Diet and food preferences,X20679.Liking for ice cream,35355,0.00397342220603793,0.0604586062191002,-0.114525445983398,0.122472290395474,0.947601796809453
MYO6,Unconventional myosin-VI,Diet and food preferences,X20680.Liking for jam,35355,-0.0097068711409688,0.06082267970302,-0.128919323358888,0.10950558107695,0.873206968660402
MYO6,Unconventional myosin-VI,Diet and food preferences,X20681.Liking for kiwi fruit,35355,-0.074389857065597,0.0608234597192053,-0.193603838115239,0.0448241239840454,0.221359369127594
MYO6,Unconventional myosin-VI,Diet and food preferences,X20682.Liking for lager,35355,0.00920262237813473,0.059780413967508,-0.107966988998181,0.12637223375445,0.877661758171139
MYO6,Unconventional myosin-VI,Diet and food preferences,X20683.Liking for lamb,35355,-0.0810737649979704,0.0597876156654631,-0.198257491702278,0.0361099617063373,0.175139580765613
MYO6,Unconventional myosin-VI,Diet and food preferences,X20684.Liking for lemons,35355,-0.0867938007852748,0.0606254288756729,-0.205619641381594,0.0320320398110442,0.152297619719188
MYO6,Unconventional myosin-VI,Diet and food preferences,X20685.Liking for lentils or beans,35355,-0.0576851175490599,0.0598716982466422,-0.175033646112479,0.0596634110143589,0.335345120625087
MYO6,Unconventional myosin-VI,Diet and food preferences,X20686.Liking for liver,35355,-0.140855644886327,0.0599949405280911,-0.258445728321386,-0.023265561451269,0.0189165690630994
MYO6,Unconventional myosin-VI,Diet and food preferences,X20687.Liking for mackerel,35355,-0.0336750315964738,0.0609373873342236,-0.153112310771552,0.0857622475786044,0.580545827265583
MYO6,Unconventional myosin-VI,Diet and food preferences,X20688.Liking for marzipan,35355,0.122420493815585,0.0587984104419647,0.00717560934933387,0.237665378281836,0.0373802776171329
MYO6,Unconventional myosin-VI,Diet and food preferences,X20689.Liking for mayonnaise,35355,-0.0452918469838137,0.06101155713714,-0.164874498972608,0.0742908050049806,0.457904465503793
MYO6,Unconventional myosin-VI,Diet and food preferences,X20690.Liking for melon,35355,0.00072991955161144,0.0615653549737849,-0.119938176197007,0.12139801530023,0.990540877584843
MYO6,Unconventional myosin-VI,Diet and food preferences,X20691.Liking for milk chocolate,35355,-0.0184711152493231,0.0594155713968777,-0.134925635187203,0.0979834046885572,0.755902350843375
MYO6,Unconventional myosin-VI,Diet and food preferences,X20692.Liking for mushrooms,35355,-0.0179456766985074,0.0623446931195886,-0.140141275212901,0.104249921815886,0.773474244230602
MYO6,Unconventional myosin-VI,Diet and food preferences,X20694.Liking for orange juice,35355,-0.0199126505097074,0.0601628465821817,-0.137831829810783,0.0980065287913687,0.740671473265972
MYO6,Unconventional myosin-VI,Diet and food preferences,X20695.Liking for oranges,35355,-0.0346314963612718,0.061068433745944,-0.154325626503322,0.0850626337807784,0.57067152144053
MYO6,Unconventional myosin-VI,Diet and food preferences,X20696.Liking for pasta,35355,-0.0615439259091789,0.0609194228484459,-0.180945994692133,0.057858142873775,0.312414640186071
MYO6,Unconventional myosin-VI,Diet and food preferences,X20697.Liking for pears,35355,-0.0813201780325669,0.0618545252784057,-0.202555047578242,0.0399146915131083,0.188659570984247
MYO6,Unconventional myosin-VI,Diet and food preferences,X20698.Liking for pizza,35355,-0.0992467294985879,0.0607256425779737,-0.218268988951416,0.0197755299542406,0.102237321541692
MYO6,Unconventional myosin-VI,Diet and food preferences,X20699.Liking for plain yogurt,35355,0.036670706000557,0.0611365910042899,-0.0831570123678512,0.156498424368965,0.548650954020378
MYO6,Unconventional myosin-VI,Diet and food preferences,X20700.Liking for plums,35355,0.0167181572324589,0.0619900108083589,-0.104782263951925,0.138218578416842,0.787406915732053
MYO6,Unconventional myosin-VI,Diet and food preferences,X20701.Liking for pollock,35355,-0.0124794561919039,0.0595448578126022,-0.129187377504604,0.104228465120796,0.834001841832117
MYO6,Unconventional myosin-VI,Diet and food preferences,X20702.Liking for pork chop,35355,-0.0532624554219023,0.0605465935591929,-0.17193377879792,0.0654088679541157,0.379059636809718
MYO6,Unconventional myosin-VI,Diet and food preferences,X20703.Liking for porridge,35355,-0.0775135340161528,0.0624786929616042,-0.199971772220897,0.0449447041885914,0.214786265606909
MYO6,Unconventional myosin-VI,Diet and food preferences,X20704.Liking for potato crisps,35355,-0.00596185891959318,0.0608664932495304,-0.125260185688673,0.113336467849486,0.921975371417473
MYO6,Unconventional myosin-VI,Diet and food preferences,X20705.Liking for potatoes,35355,0.00712535714917442,0.0617199816637549,-0.113845806911785,0.128096521210134,0.908094974358672
MYO6,Unconventional myosin-VI,Diet and food preferences,X20706.Liking for prawns,35355,-0.0278743714275064,0.0602088229022317,-0.14588366431588,0.0901349214608677,0.643408286014398
MYO6,Unconventional myosin-VI,Diet and food preferences,X20707.Liking for raw carrots,35355,-0.0500743318202286,0.0615252471441894,-0.17066381622284,0.0705151525823826,0.415743674864461
MYO6,Unconventional myosin-VI,Diet and food preferences,X20708.Liking for red meat,35355,-0.0441080184072172,0.0612362485233294,-0.164131065512943,0.0759150286985084,0.471372208055435
MYO6,Unconventional myosin-VI,Diet and food preferences,X20709.Liking for red wine,35355,0.0275156467938547,0.0613761013265563,-0.0927815118061956,0.147812805393905,0.653943781747691
MYO6,Unconventional myosin-VI,Diet and food preferences,X20710.Liking for regular (non-diet) fizzy drinks,35355,0.0826029784120533,0.0608322782172323,-0.0366282868937221,0.201834243717829,0.174551332421144
MYO6,Unconventional myosin-VI,Diet and food preferences,X20711.Liking for roast chicken,35355,-0.0473827246157288,0.0636414783299851,-0.1721200221425,0.0773545729110419,0.456586857323346
MYO6,Unconventional myosin-VI,Diet and food preferences,X20712.Liking for salad dressing,35355,-0.0675596502259475,0.0607107118464818,-0.186552645445052,0.0514333449931568,0.265832366615135
MYO6,Unconventional myosin-VI,Diet and food preferences,X20713.Liking for salad leaves,35355,-0.00498479757212584,0.0629883395212361,-0.128441943033749,0.118472347889497,0.936925099711538
MYO6,Unconventional myosin-VI,Diet and food preferences,X20714.Liking for salami,35355,-0.0733615772779749,0.0595319525699317,-0.190044204315041,0.0433210497590912,0.217881924929931
MYO6,Unconventional myosin-VI,Diet and food preferences,X20715.Liking for salmon,35355,-0.117244794065865,0.0644437805296401,-0.24355460390396,0.00906501577222948,0.0689089965710945
MYO6,Unconventional myosin-VI,Diet and food preferences,X20716.Liking for salty foods,35355,-0.0765222563563658,0.0597244183665333,-0.193582116354771,0.0405376036420395,0.200152131058519
MYO6,Unconventional myosin-VI,Diet and food preferences,X20717.Liking for salty pretzels,35355,0.0257828087277547,0.061058698489868,-0.0938922403123865,0.145457857767896,0.672848062585801
MYO6,Unconventional myosin-VI,Diet and food preferences,X20718.Liking for sardines,35355,-0.086784705532169,0.0593410805274358,-0.203093223365943,0.0295238123016052,0.143662823350717
MYO6,Unconventional myosin-VI,Diet and food preferences,X20719.Liking for sausages (meat),35355,-0.123397133538635,0.0624871796204007,-0.24587200559462,-0.000922261482649941,0.0483401247093465
MYO6,Unconventional myosin-VI,Diet and food preferences,X20720.Liking for savoury biscuits,35355,-0.0548256600616468,0.0606187953068465,-0.173638498863066,0.0639871787397724,0.365801076654728
MYO6,Unconventional myosin-VI,Diet and food preferences,X20721.Liking for shellfish (other than prawns),35355,-0.042072319112433,0.0615467237222269,-0.162703897607998,0.0785592593831317,0.49426400987645
MYO6,Unconventional myosin-VI,Diet and food preferences,X20722.Liking for skimmed milk,35355,-0.0121453483268219,0.0601782458834698,-0.130094710258423,0.105804013604779,0.840061848349302
MYO6,Unconventional myosin-VI,Diet and food preferences,X20723.Liking for smoked fish,35355,0.00682408166234604,0.0612119993735665,-0.113151437109844,0.126799600434536,0.911237185378091
MYO6,Unconventional myosin-VI,Diet and food preferences,X20724.Liking for soft cheese,35355,0.033754511958784,0.0618654978542807,-0.0875018638356062,0.155010887753174,0.585352967446279
MYO6,Unconventional myosin-VI,Diet and food preferences,X20725.Liking for soy sauce,35355,0.00511682990004393,0.0603812015328518,-0.113230325104346,0.123463984904433,0.932469181706538
MYO6,Unconventional myosin-VI,Diet and food preferences,X20726.Liking for soya milk,35355,-0.060538549378411,0.0613138069628636,-0.180713611025624,0.0596365122688016,0.323507023048875
MYO6,Unconventional myosin-VI,Diet and food preferences,X20727.Liking for spicy foods,35355,0.0124399452418089,0.0602670308952795,-0.105683435312939,0.130563325796557,0.836474543737921
MYO6,Unconventional myosin-VI,Diet and food preferences,X20728.Liking for spinach,35355,-0.0342166300319559,0.0597334248643086,-0.151294142766001,0.082860882702089,0.566786041027881
MYO6,Unconventional myosin-VI,Diet and food preferences,X20729.Liking for spirits,35355,-0.0205311065530129,0.059626007825109,-0.137398081890226,0.0963358687842007,0.730608844308427
MYO6,Unconventional myosin-VI,Diet and food preferences,X20730.Liking for strawberries,35355,-0.108746109935897,0.0645758366235379,-0.235314749718031,0.0178225298462374,0.0922311985211083
MYO6,Unconventional myosin-VI,Diet and food preferences,X20731.Liking for sweet coffee house drinks,35355,0.0184618003071164,0.0614081530690019,-0.101898179708127,0.13882178032236,0.763698524915074
MYO6,Unconventional myosin-VI,Diet and food preferences,X20732.Liking for sweet foods,35355,-0.0267133257339436,0.059742549820107,-0.143808723381353,0.090382071913466,0.654789213212593
MYO6,Unconventional myosin-VI,Diet and food preferences,X20733.Liking for taking the stairs,35355,-0.0760698706729423,0.0599641183227062,-0.193599542585446,0.0414598012395619,0.204635392623134
MYO6,Unconventional myosin-VI,Diet and food preferences,X20734.Liking for tea with sugar,35355,-0.0415108689704029,0.074096359278822,-0.186739733156894,0.103717995216088,0.575344202829945
MYO6,Unconventional myosin-VI,Diet and food preferences,X20735.Liking for tea without sugar,35355,0.00884452222547568,0.0632052425600048,-0.115037753192134,0.132726797643085,0.888717220672485
MYO6,Unconventional myosin-VI,Diet and food preferences,X20736.Liking for tomato ketchup,35355,-0.0389265540688608,0.0590037272264256,-0.154573859432655,0.0767207512949334,0.509451534391793
MYO6,Unconventional myosin-VI,Diet and food preferences,X20737.Liking for tinned tuna,35355,-0.0441234506860339,0.0621884178689566,-0.166012749709189,0.077765848337121,0.478033477435038
MYO6,Unconventional myosin-VI,Diet and food preferences,X20738.Liking for turnip (white),35355,-0.00292875584376524,0.059537013166783,-0.11962130165066,0.113763789963129,0.960767735045431
MYO6,Unconventional myosin-VI,Diet and food preferences,X20739.Liking for vegetables,35355,0.0100654200060971,0.0661389325306266,-0.119566887753931,0.139697727766125,0.879045221217127
MYO6,Unconventional myosin-VI,Diet and food preferences,X20740.Liking for vinegar,35355,-0.0408782485952943,0.0588237024901382,-0.156172705475965,0.0744162082853765,0.4871265554768
MYO6,Unconventional myosin-VI,Diet and food preferences,X20741.Liking for watching television,35355,0.0370451221628676,0.0611867469023288,-0.0828809017656968,0.156971146091432,0.544906645534961
MYO6,Unconventional myosin-VI,Diet and food preferences,X20742.Liking for whisky,35355,-0.00429345032517854,0.0616667268157914,-0.12516023488413,0.116573334233773,0.94449563399145
MYO6,Unconventional myosin-VI,Diet and food preferences,X20743.Liking for white bread,35355,-0.00843698292444749,0.0606088831881294,-0.127230393973181,0.110356428124286,0.889293713519097
MYO6,Unconventional myosin-VI,Diet and food preferences,X20744.Liking for white rice,35355,-0.116756549913362,0.0610121551453083,-0.236340373998166,0.0028272741714421,0.0557099092688154
MYO6,Unconventional myosin-VI,Diet and food preferences,X20745.Liking for white wine,35355,-0.0510180633710576,0.0599073864264851,-0.168436540766968,0.0664004140248531,0.394460639941342
MYO6,Unconventional myosin-VI,Diet and food preferences,X20746.Liking for whole grain breakfast cereal,35355,0.00466557204189019,0.0628333590874405,-0.118487811769493,0.127818955853274,0.940811404478795
MYO6,Unconventional myosin-VI,Diet and food preferences,X20747.Liking for whole milk,35355,-0.0333723167090645,0.059502926011225,-0.149998051691066,0.0832534182729366,0.574919070179754
MYO6,Unconventional myosin-VI,Diet and food preferences,X20748.Liking for wholemeal bread,35355,-0.0874642832090631,0.0633671999255118,-0.211663995063066,0.03673542864494,0.167551551307113
MYO6,Unconventional myosin-VI,Diet and food preferences,X20749.Liking for working up a sweat,35355,0.00305997537667182,0.0599573670469365,-0.114456464035324,0.120576414788667,0.959298608015078
MYO6,Unconventional myosin-VI,Physical measures,X21001.Body mass index (BMI),49204,0.021362558181048,0.0125164133807918,-0.00316961204530399,0.0458947284073999,0.0878815245250395
MYO6,Unconventional myosin-VI,Physical measures,X21002.Weight,49219,-0.00466726587858818,0.00670262049955318,-0.0178044020577124,0.00846987030053606,0.486227455726377
MYO6,Unconventional myosin-VI,Physical measures,X21021.Pulse wave Arterial Stiffness index,36106,-0.000140808963195083,0.0044576636865351,-0.00887782978880387,0.0085962118624137,0.974801474686476
MYO6,Unconventional myosin-VI,Health and medical history,X21025.Frequency of discomfort or pain in abdomen in last 3 months,35168,-0.0616492864388058,0.0676120784104068,-0.194168960123203,0.0708703872455915,0.361906212282182
MYO6,Unconventional myosin-VI,Health and medical history,X21033.Frequency of hard or lumpy stools in the last 3 months,35184,0.0118512222230326,0.0672866815161248,-0.120030673548572,0.143733117994637,0.860197547809325
MYO6,Unconventional myosin-VI,Health and medical history,X21034.Frequency of loose or mushy or watery stools in the last 3 months,35186,-0.115903262782861,0.0672055461113388,-0.247626133161085,0.0158196075953633,0.0846496287939776
MYO6,Unconventional myosin-VI,Health and medical history,X21040.Satisfaction with bowel habits,35142,-0.0882677170991945,0.0627463028806958,-0.211250470745358,0.0347150365469693,0.159556904929288
MYO6,Unconventional myosin-VI,Health and medical history,X21041.Degree to which abdominal pain or discomfort or altered bowel habits affect or interfere with life in general,35123,-0.0633536833973396,0.0671885171786727,-0.195043177067538,0.0683358102728589,0.345758118280044
MYO6,Unconventional myosin-VI,Health and medical history,X21042.Greatest number of times bowels opened per day,35143,0.0506394688017924,0.0665620565646036,-0.0798221620648307,0.181101099668415,0.446815162913925
MYO6,Unconventional myosin-VI,Health and medical history,X21043.Least number of times bowels opened per week,35085,0.104847475290393,0.0672858757791078,-0.0270328412366582,0.236727791817445,0.119230330827145
MYO6,Unconventional myosin-VI,Health and medical history,X21044.Average number of times bowels opened per day,35112,0.0566829675343213,0.0738961965396218,-0.0881535776833374,0.20151951275198,0.44307526845348
MYO6,Unconventional myosin-VI,Health and medical history,X21048.Degree bothered by back pain in the past 3 months,35187,0.034593935598203,0.0670730114761822,-0.096869166895114,0.16605703809152,0.606037331485908
MYO6,Unconventional myosin-VI,Health and medical history,X21049.Degree bothered by pain in arms or legs or joints in the past 3 months,35182,-0.00646548004244586,0.0673397228028233,-0.138451336735979,0.125520376651088,0.923513564582135
MYO6,Unconventional myosin-VI,Health and medical history,X21050.Degree bothered by menstrual cramps or other problems with period in the last 3 months,32361,-0.0302726150881916,0.113677869550809,-0.253081239407778,0.192536009231395,0.790024170185474
MYO6,Unconventional myosin-VI,Health and medical history,X21051.Degree bothered by headaches in the last 3 months,35186,0.0817502681569366,0.078487423470258,-0.0720850818447691,0.235585618158642,0.297652389091616
MYO6,Unconventional myosin-VI,Health and medical history,X21052.Degree bothered by chest pain in the last 3 months,35185,0.0158451890590561,0.10344015489922,-0.186897514543415,0.218587892661528,0.878259765062083
MYO6,Unconventional myosin-VI,Health and medical history,X21053.Degree bothered by dizziness in the last 3 months,35182,-0.0181477280611456,0.0776260155564339,-0.170294718551756,0.133999262429465,0.815160588308171
MYO6,Unconventional myosin-VI,Health and medical history,X21054.Degree bothered by fainting spells in the last 3 months,35182,-0.320378310573823,0.16102740093074,-0.635992016398074,-0.00476460474957269,0.0466816725737722
MYO6,Unconventional myosin-VI,Health and medical history,X21055.Degree bothered by feeling heart pound or race in the last 3 months,35188,0.00763984005185082,0.0795019017340808,-0.148183887346948,0.163463567450649,0.923447288444179
MYO6,Unconventional myosin-VI,Health and medical history,X21056.Degree bothered by shortness of breath in the last 3 months,35185,0.0482745473354555,0.0735391504862194,-0.0958621876175345,0.192411282288445,0.511561839096409
MYO6,Unconventional myosin-VI,Health and medical history,X21057.Degree bothered by pain or problems during intercourse in the last 3 months,35044,-0.0404885209052006,0.0713281475015596,-0.180291690008258,0.0993146481978562,0.570303027985958
MYO6,Unconventional myosin-VI,Health and medical history,X21058.Degree bothered by urinary frequency or bladder irritability in the last 3 months,35181,0.0386738643762062,0.0677185378479084,-0.0940544698056943,0.171402198558107,0.5679552256525
MYO6,Unconventional myosin-VI,Health and medical history,X21059.Degree bothered by nausea in the last 3 months,35184,-0.0617225919965876,0.10552670289997,-0.268554929680529,0.145109745687353,0.558636843126074
MYO6,Unconventional myosin-VI,Health and medical history,X21060.Degree bothered by feeling tired all the time in the last 3 months,35189,0.0401207870979636,0.0675859485076962,-0.092347671977121,0.172589246173048,0.552784579872246
MYO6,Unconventional myosin-VI,Health and medical history,X21061.Degree bothered by trouble sleeping in the last 3 months,35188,0.0607399808411638,0.0676869020936784,-0.0719263472624459,0.193406308944774,0.369559252596482
MYO6,Unconventional myosin-VI,Working and living environment,X21100.Water hardness (USGS classification),49175,-0.0283980403906915,0.0355052919542305,-0.0979884126209833,0.0411923318396002,0.423821375166866
MYO6,Unconventional myosin-VI,Lifestyle factors,X2139.Age first had sexual intercourse,45912,-0.00444494778086368,0.00311958279235333,-0.0105593300538762,0.00166943449214885,0.154218283667367
MYO6,Unconventional myosin-VI,Health and medical history,X2149.Lifetime number of sexual partners,44882,0.0104906691210387,0.039869620968126,-0.0676537879764882,0.0886351262185656,0.792458172451584
MYO6,Unconventional myosin-VI,Physical activities,X22032.IPAQ activity group,44843,-0.0161876901860794,0.0410325502145607,-0.0966114886066183,0.0642361082344595,0.693211023127719
MYO6,Unconventional myosin-VI,Physical activities,X22033.Summed days activity,45280,-0.00532223075029091,0.00299878493061327,-0.0111998492142929,0.000555387713711099,0.0759505255454107
MYO6,Unconventional myosin-VI,Physical activities,X22034.Summed minutes activity,44843,-0.0049605109151907,0.00299165688373828,-0.0108241584073177,0.000903136576936334,0.0973143152711022
MYO6,Unconventional myosin-VI,Physical activities,X22037.MET minutes per week for walking,43999,-0.00507260777330441,0.0032219940371337,-0.0113877160860865,0.00124250053947764,0.115423516353489
MYO6,Unconventional myosin-VI,Physical activities,X22038.MET minutes per week for moderate activity,44843,-0.00288965790964754,0.00291238697981869,-0.00859793639009218,0.0028186205707971,0.321117398712732
MYO6,Unconventional myosin-VI,Physical activities,X22039.MET minutes per week for vigorous activity,44843,-0.0576827865484643,0.0403793129169912,-0.136826239865767,0.0214606667688384,0.153161272232073
MYO6,Unconventional myosin-VI,Physical activities,X22040.Summed MET minutes per week for all activity,43999,-0.0058800465475618,0.00312767007912971,-0.012010279902656,0.000250186807532419,0.0601265288171151
MYO6,Unconventional myosin-VI,Eye measures,X2217.Age started wearing glasses or contact lenses,47562,-0.000991014159285445,0.00255430618261051,-0.00599745427720205,0.00401542595863116,0.698036939288584
MYO6,Unconventional myosin-VI,Working and living environment,X22501.Year ended full time education,33496,0.00906985683519143,0.0127784559925531,-0.0159759169102126,0.0341156305805955,0.477880772379893
MYO6,Unconventional myosin-VI,Lifestyle factors,X22506.Tobacco smoking,33473,0.158840029808071,0.164885355660148,-0.16433526728582,0.482015326901961,0.335433300195661
MYO6,Unconventional myosin-VI,Lifestyle factors,X2277.Frequency of solarium or sunlamp use,48165,-0.0191645746787087,0.135205949238528,-0.284168235186224,0.245839085828806,0.887284059292124
MYO6,Unconventional myosin-VI,Physical measures,X23098.Weight,48797,-0.00384542118728174,0.00677780784638179,-0.01712992456619,0.00943908219162655,0.570479712313247
MYO6,Unconventional myosin-VI,Physical measures,X23099.Body fat percentage,48789,0.013564874247498,0.00645930727163902,0.000904631995085503,0.0262251164999105,0.0357371117069984
MYO6,Unconventional myosin-VI,Physical measures,X23100.Whole body fat mass,48775,0.0114599080042055,0.00636634584915842,-0.00101812986014497,0.023937945868556,0.0718639837508942
MYO6,Unconventional myosin-VI,Physical measures,X23101.Whole body fat-free mass,48796,-0.00844181112006847,0.00552100296485436,-0.019262976931183,0.00237935469104607,0.126271708024056
MYO6,Unconventional myosin-VI,Physical measures,X23102.Whole body water mass,48797,-0.00909176714729923,0.00553761349943138,-0.0199454896061847,0.00176195531158627,0.100643258253452
MYO6,Unconventional myosin-VI,Physical measures,X23104.Body mass index (BMI),48797,0.019761779764241,0.0124890421201167,-0.00471674279118773,0.0442403023196698,0.113590502269647
MYO6,Unconventional myosin-VI,Physical measures,X23105.Basal metabolic rate,48797,-0.00822458754125121,0.00589532005296429,-0.0197794148450612,0.0033302397625588,0.163000134303156
MYO6,Unconventional myosin-VI,Physical measures,X23106.Impedance of whole body,48794,0.00869892558943469,0.00450869846401554,-0.000138123400035764,0.0175359745789051,0.0536999672785916
MYO6,Unconventional myosin-VI,Physical measures,X23107.Impedance of leg (right),48797,0.00619403141896787,0.00365545456251788,-0.000970659523567174,0.0133587223615029,0.0901932772277954
MYO6,Unconventional myosin-VI,Physical measures,X23108.Impedance of leg (left),48797,0.00620472731938621,0.00362621350592323,-0.000902651152223327,0.0133121057909958,0.0870828829383419
MYO6,Unconventional myosin-VI,Physical measures,X23109.Impedance of arm (right),48795,0.00500260378562147,0.00446212015423047,-0.00374315171667024,0.0137483592879132,0.262247503865595
MYO6,Unconventional myosin-VI,Physical measures,X23110.Impedance of arm (left),48797,0.0080748613786123,0.00447492561953585,-0.000695992835677959,0.0168457155929026,0.0711732674204193
MYO6,Unconventional myosin-VI,Physical measures,X23111.Leg fat percentage (right),48797,0.010691446561776,0.00761688091683259,-0.0042376400352159,0.0256205331587679,0.160438482675638
MYO6,Unconventional myosin-VI,Physical measures,X23112.Leg fat mass (right),48797,0.0122723060126691,0.00834966666720388,-0.00409304065505048,0.0286376526803887,0.141633082644672
MYO6,Unconventional myosin-VI,Physical measures,X23113.Leg fat-free mass (right),48796,-0.009489551654665,0.005621103822738,-0.0205069151472315,0.00152781183790149,0.0913886076127688
MYO6,Unconventional myosin-VI,Physical measures,X23114.Leg predicted mass (right),48796,-0.00953746008858137,0.00565385702505422,-0.0206190198576876,0.00154409968052489,0.0916395593389667
MYO6,Unconventional myosin-VI,Physical measures,X23115.Leg fat percentage (left),48794,0.0124592856129225,0.00800093958255316,-0.0032225559688817,0.0281411271947267,0.119432553835947
MYO6,Unconventional myosin-VI,Physical measures,X23116.Leg fat mass (left),48794,0.0126473536482552,0.00873020323912281,-0.00446384470042551,0.0297585519969359,0.147440315121155
MYO6,Unconventional myosin-VI,Physical measures,X23117.Leg fat-free mass (left),48793,-0.00822312915992268,0.00590569292982717,-0.0197982873023839,0.00335202898253858,0.163814932396622
MYO6,Unconventional myosin-VI,Physical measures,X23118.Leg predicted mass (left),48793,-0.00780394471189025,0.0059434001225247,-0.0194530089520387,0.00384511952825817,0.189183560868207
MYO6,Unconventional myosin-VI,Physical measures,X23119.Arm fat percentage (right),48793,0.0079613226467411,0.00724970444932056,-0.0062480980739272,0.0221707433674094,0.272148890253509
MYO6,Unconventional myosin-VI,Physical measures,X23120.Arm fat mass (right),48791,0.00727818934850835,0.00725557468773548,-0.0069427370394532,0.0214991157364699,0.315816863075557
MYO6,Unconventional myosin-VI,Physical measures,X23121.Arm fat-free mass (right),48792,-0.00712526535397615,0.00564473103944786,-0.018188938191294,0.00393840748334165,0.206860888378523
MYO6,Unconventional myosin-VI,Physical measures,X23122.Arm predicted mass (right),48792,-0.00684739035098073,0.00565611853275723,-0.0179333826751849,0.00423860197322345,0.22605702193667
MYO6,Unconventional myosin-VI,Physical measures,X23123.Arm fat percentage (left),48791,0.0120766638345325,0.00744406847631682,-0.00251371037904851,0.0266670380481134,0.104750857868979
MYO6,Unconventional myosin-VI,Physical measures,X23124.Arm fat mass (left),48791,0.00437348604220835,0.00726496240911036,-0.00986584027964795,0.0186128123640647,0.547183056098195
MYO6,Unconventional myosin-VI,Physical measures,X23125.Arm fat-free mass (left),48791,-0.00771839490573397,0.00576682551927282,-0.0190213729235087,0.00358458311204076,0.180777333587321
MYO6,Unconventional myosin-VI,Physical measures,X23126.Arm predicted mass (left),48789,-0.00816066358103503,0.00577053916151002,-0.0194709203375947,0.00314959317552461,0.157320749589491
MYO6,Unconventional myosin-VI,Physical measures,X23127.Trunk fat percentage,48789,0.00793633279939881,0.00461743793407876,-0.00111384555139556,0.0169865111501932,0.0856713054692722
MYO6,Unconventional myosin-VI,Physical measures,X23128.Trunk fat mass,48789,0.00630079349352072,0.00516867685720121,-0.00382981314659366,0.0164314001336351,0.222845913418192
MYO6,Unconventional myosin-VI,Physical measures,X23129.Trunk fat-free mass,48788,-0.00693695370084782,0.00498802466293035,-0.0167134820401913,0.00283957463849567,0.164325654944818
MYO6,Unconventional myosin-VI,Physical measures,X23130.Trunk predicted mass,48785,-0.0068810113315163,0.00501140535002136,-0.0167033658175582,0.00294134315452557,0.169746239986351
MYO6,Unconventional myosin-VI,NMR metabolomics,X23400.Total Cholesterol,40482,0.00303538177378721,0.00362108553582948,-0.00406194587643856,0.010132709424013,0.401907001928605
MYO6,Unconventional myosin-VI,NMR metabolomics,X23401.Total Cholesterol Minus HDL-C,40482,0.0050309817006339,0.00350461046427971,-0.00183805480935433,0.0119000182106221,0.151163164499998
MYO6,Unconventional myosin-VI,NMR metabolomics,"X23402.Remnant Cholesterol (Non-HDL, Non-LDL -Cholesterol)",40482,0.0048661442294505,0.00349905369425305,-0.00199200101128548,0.0117242894701865,0.164342942950816
MYO6,Unconventional myosin-VI,NMR metabolomics,X23403.VLDL Cholesterol,40482,0.00591799138197279,0.00354985594771251,-0.00103972627554373,0.0128757090394893,0.0955207773328281
MYO6,Unconventional myosin-VI,NMR metabolomics,X23404.Clinical LDL Cholesterol,40482,0.00492429791909599,0.00350006465894386,-0.00193582881243397,0.011784424650626,0.159479749530189
MYO6,Unconventional myosin-VI,NMR metabolomics,X23405.LDL Cholesterol,40482,0.00500210419958165,0.0035158078402618,-0.00188887916733148,0.0118930875664948,0.154837215113579
MYO6,Unconventional myosin-VI,NMR metabolomics,X23406.HDL Cholesterol,40482,-0.00649830997504502,0.00407453127600139,-0.0144843912760077,0.0014877713259177,0.110771375871143
MYO6,Unconventional myosin-VI,NMR metabolomics,X23407.Total Triglycerides,40482,0.0053980938569186,0.00383274362709513,-0.00211408365218785,0.012910271366025,0.159035743116171
MYO6,Unconventional myosin-VI,NMR metabolomics,X23408.Triglycerides in VLDL,40482,0.00516609362955538,0.00381745504701059,-0.00231611826258538,0.0126483055216961,0.175992621018752
MYO6,Unconventional myosin-VI,NMR metabolomics,X23409.Triglycerides in LDL,40482,0.00888989693530304,0.00381469877838766,0.00141308732966324,0.0163667065409428,0.0198008463126108
MYO6,Unconventional myosin-VI,NMR metabolomics,X23410.Triglycerides in HDL,40482,0.00233798460363964,0.00374823316210462,-0.00500855239408542,0.00968452160136469,0.532800149622701
MYO6,Unconventional myosin-VI,NMR metabolomics,X23411.Total Phospholipids in Lipoprotein Particles,40482,0.00199277135924952,0.00376127241979232,-0.00537932258354343,0.00936486530204247,0.596251949390219
MYO6,Unconventional myosin-VI,NMR metabolomics,X23412.Phospholipids in VLDL,40482,0.00636333712177415,0.00366468852170573,-0.000819452380769079,0.0135461266243174,0.0825217665818243
MYO6,Unconventional myosin-VI,NMR metabolomics,X23413.Phospholipids in LDL,40482,0.00591183831340846,0.00349555346079285,-0.000939446469745519,0.0127631230965624,0.090817569640217
MYO6,Unconventional myosin-VI,NMR metabolomics,X23414.Phospholipids in HDL,40482,-0.00516092212782994,0.00403420439763703,-0.0130679627471985,0.00274611849153863,0.200820830961509
MYO6,Unconventional myosin-VI,NMR metabolomics,X23415.Total Esterified Cholesterol,40482,0.00279455843162176,0.00364056868267787,-0.00434095618642687,0.0099300730496704,0.44273146509894
MYO6,Unconventional myosin-VI,NMR metabolomics,X23416.Cholesteryl Esters in VLDL,40482,0.00569374368982982,0.00350759054462693,-0.00118113377763896,0.0125686211572986,0.104561013005773
MYO6,Unconventional myosin-VI,NMR metabolomics,X23417.Cholesteryl Esters in LDL,40482,0.00525196101184589,0.00351977883381256,-0.00164680550242672,0.0121507275261185,0.135693504540921
MYO6,Unconventional myosin-VI,NMR metabolomics,X23418.Cholesteryl Esters in HDL,40482,-0.0067280643011829,0.00405142559734811,-0.0146688584719852,0.0012127298696194,0.0968083405681525
MYO6,Unconventional myosin-VI,NMR metabolomics,X23419.Total Free Cholesterol,40482,0.00358898986408765,0.00357721112023703,-0.00342234393157693,0.0106003236597522,0.315741155158715
MYO6,Unconventional myosin-VI,NMR metabolomics,X23420.Free Cholesterol in VLDL,40482,0.00611256909149955,0.00362254919283804,-0.000987627326463004,0.0132127655094621,0.0915604796555227
MYO6,Unconventional myosin-VI,NMR metabolomics,X23421.Free Cholesterol in LDL,40482,0.00420717224211519,0.00352256655802155,-0.00269705821160704,0.0111114026958374,0.232366751712516
MYO6,Unconventional myosin-VI,NMR metabolomics,X23422.Free Cholesterol in HDL,40482,-0.00534125688636456,0.00411282793842275,-0.0134023996456731,0.00271988587294402,0.194079506474064
MYO6,Unconventional myosin-VI,NMR metabolomics,X23423.Total Lipids in Lipoprotein Particles,40482,0.00400599067771114,0.00361516790643391,-0.00307973841889933,0.0110917197743216,0.267839479217211
MYO6,Unconventional myosin-VI,NMR metabolomics,X23424.Total Lipids in VLDL,40482,0.00603038257336245,0.00371345471061793,-0.00124798865944869,0.0133087538061736,0.104419126526277
MYO6,Unconventional myosin-VI,NMR metabolomics,X23425.Total Lipids in LDL,40482,0.00558555441514164,0.003514091112771,-0.00130206416588952,0.0124731729961728,0.111981555798699
MYO6,Unconventional myosin-VI,NMR metabolomics,X23426.Total Lipids in HDL,40482,-0.00545705938962683,0.00406159905130807,-0.0134177935301906,0.00250367475093698,0.179113149032043
MYO6,Unconventional myosin-VI,NMR metabolomics,X23427.Total Concentration of Lipoprotein Particles,40482,-0.000115586074564065,0.00383047901116972,-0.00762332493645672,0.00739215278732859,0.975927734704502
MYO6,Unconventional myosin-VI,NMR metabolomics,X23428.Concentration of VLDL Particles,40482,0.00656846810152089,0.00361399876426305,-0.000514969476434682,0.0136519056794765,0.0691660149467567
MYO6,Unconventional myosin-VI,NMR metabolomics,X23429.Concentration of LDL Particles,40482,0.00563086287701356,0.00348079009008881,-0.00119148569956052,0.0124532114535876,0.105755903563532
MYO6,Unconventional myosin-VI,NMR metabolomics,X23430.Concentration of HDL Particles,40482,-0.00124563697684677,0.00383696194876058,-0.0087660823964175,0.00627480844272396,0.745458451143475
MYO6,Unconventional myosin-VI,NMR metabolomics,X23431.Average Diameter for VLDL Particles,40482,0.00433052236269927,0.00389247069428719,-0.00329872019810363,0.0119597649235022,0.265930504848174
MYO6,Unconventional myosin-VI,NMR metabolomics,X23432.Average Diameter for LDL Particles,40482,0.00301956984354067,0.00368920373992612,-0.00421126948671453,0.0102504091737959,0.413095737333991
MYO6,Unconventional myosin-VI,NMR metabolomics,X23433.Average Diameter for HDL Particles,40482,-0.0111146210317585,0.00417622411176859,-0.0193000202908249,-0.00292922177269201,0.00779256032968641
MYO6,Unconventional myosin-VI,NMR metabolomics,X23434.Phosphoglycerides,40471,0.000632071253578599,0.00383640738618017,-0.00688728722333454,0.00815142973049173,0.869138966288592
MYO6,Unconventional myosin-VI,NMR metabolomics,X23435.Triglycerides to Phosphoglycerides ratio,40471,0.00632551760267979,0.00399387226753179,-0.00150247204168252,0.0141535072470421,0.113265986345477
MYO6,Unconventional myosin-VI,NMR metabolomics,X23436.Total Cholines,40471,0.000888919209357079,0.00384316072395048,-0.00664367580958586,0.00842151422830002,0.817086724499375
MYO6,Unconventional myosin-VI,NMR metabolomics,X23437.Phosphatidylcholines,40471,-0.00104333022038646,0.00387272477394275,-0.00863387077731424,0.00654721033654133,0.787623205768718
MYO6,Unconventional myosin-VI,NMR metabolomics,X23438.Sphingomyelins,40471,0.00408441509532712,0.00376591466847916,-0.00329677765489203,0.0114656078455463,0.278133331005527
MYO6,Unconventional myosin-VI,NMR metabolomics,X23439.Apolipoprotein B,40482,0.00578306901974062,0.00348073828630046,-0.00103917802140829,0.0126053160608895,0.0966510802659505
MYO6,Unconventional myosin-VI,NMR metabolomics,X23440.Apolipoprotein A1,40482,-0.0039645198274531,0.0039620664979886,-0.0117301701635107,0.00380113050860456,0.317032390804085
MYO6,Unconventional myosin-VI,NMR metabolomics,X23441.Apolipoprotein B to Apolipoprotein A1 ratio,40482,0.00692735245686991,0.00356397332089061,-5.8035252075689e-05,0.0139127401658155,0.0519545096607693
MYO6,Unconventional myosin-VI,NMR metabolomics,X23442.Total Fatty Acids,40471,0.00460317607844597,0.00372220299105363,-0.00269234178401915,0.0118986939409111,0.216231452846047
MYO6,Unconventional myosin-VI,NMR metabolomics,X23443.Degree of Unsaturation,40471,-0.0115625720136453,0.00374889850212417,-0.0189104130778087,-0.00421473094948195,0.00204553609862533
MYO6,Unconventional myosin-VI,NMR metabolomics,X23444.Omega-3 Fatty Acids,40471,-0.00682876576417409,0.00372833475120196,-0.0141363018765299,0.000478770348181757,0.0670394870498616
MYO6,Unconventional myosin-VI,NMR metabolomics,X23445.Omega-6 Fatty Acids,40471,0.00191528898133205,0.0036699885690343,-0.00527788861397518,0.00910846657663929,0.601765016970941
MYO6,Unconventional myosin-VI,NMR metabolomics,X23446.Polyunsaturated Fatty Acids,40471,0.000254596778309573,0.0037236848568941,-0.00704382554120286,0.007553019097822,0.945490509424528
MYO6,Unconventional myosin-VI,NMR metabolomics,X23447.Monounsaturated Fatty Acids,40471,0.00741274711967314,0.00380470430040829,-4.44733091271143e-05,0.0148699675484734,0.0514025373272801
MYO6,Unconventional myosin-VI,NMR metabolomics,X23448.Saturated Fatty Acids,40471,0.00548157096335564,0.00372166868062403,-0.00181289965066746,0.0127760415773787,0.140811334093575
MYO6,Unconventional myosin-VI,NMR metabolomics,X23449.Linoleic Acid,40471,0.00239012108240797,0.00359031078254063,-0.00464688805137166,0.00942713021618761,0.505607373718457
MYO6,Unconventional myosin-VI,NMR metabolomics,X23450.Docosahexaenoic Acid,40471,-0.00670282097878454,0.0037236707617317,-0.0140012156717787,0.000595573714209582,0.0718782961593502
MYO6,Unconventional myosin-VI,NMR metabolomics,X23451.Omega-3 Fatty Acids to Total Fatty Acids percentage,40471,-0.0105447666256046,0.00366629262657814,-0.0177307001736978,-0.00335883307751144,0.00403326992437885
MYO6,Unconventional myosin-VI,NMR metabolomics,X23452.Omega-6 Fatty Acids to Total Fatty Acids percentage,40471,-0.00529971433311466,0.00397519618120981,-0.0130910988482859,0.00249167018205656,0.18249453108957
MYO6,Unconventional myosin-VI,NMR metabolomics,X23453.Polyunsaturated Fatty Acids to Total Fatty Acids percentage,40471,-0.010635673229963,0.00391661240981537,-0.0183122335532011,-0.00295911290672486,0.00662708274647732
MYO6,Unconventional myosin-VI,NMR metabolomics,X23454.Monounsaturated Fatty Acids to Total Fatty Acids percentage,40471,0.010716661503905,0.00398380145239458,0.00290841065721165,0.0185249123505984,0.00715445444514132
MYO6,Unconventional myosin-VI,NMR metabolomics,X23455.Saturated Fatty Acids to Total Fatty Acids percentage,40471,0.0055429484792045,0.00360954192856244,-0.00153175370077789,0.0126176506591869,0.124655329479654
MYO6,Unconventional myosin-VI,NMR metabolomics,X23456.Linoleic Acid to Total Fatty Acids percentage,40471,-0.00235448218834196,0.00380891783584161,-0.00981996114659151,0.0051109967699076,0.536489013692144
MYO6,Unconventional myosin-VI,NMR metabolomics,X23457.Docosahexaenoic Acid to Total Fatty Acids percentage,40471,-0.00886028832220967,0.00366182188878669,-0.0160374592242316,-0.00168311742018776,0.015551617083153
MYO6,Unconventional myosin-VI,NMR metabolomics,X23458.Polyunsaturated Fatty Acids to Monounsaturated Fatty Acids ratio,40471,-0.011183638641375,0.00398084748326078,-0.0189860997085661,-0.0033811775741839,0.00497253519522291
MYO6,Unconventional myosin-VI,NMR metabolomics,X23459.Omega-6 Fatty Acids to Omega-3 Fatty Acids ratio,40471,0.00802857481047118,0.0036339582349558,0.000906016669957808,0.0151511329509846,0.0271724484323934
MYO6,Unconventional myosin-VI,NMR metabolomics,X23460.Alanine,40476,-0.00378541682184584,0.00361427686427275,-0.0108693994758204,0.00329856583212876,0.294960116688296
MYO6,Unconventional myosin-VI,NMR metabolomics,X23461.Glutamine,40443,-0.00954003262923984,0.00360500742452906,-0.0166058471813168,-0.00247421807716288,0.0081484104905681
MYO6,Unconventional myosin-VI,NMR metabolomics,X23462.Glycine,40467,0.0093172235476745,0.00382768538483593,0.00181496019339607,0.0168194869019529,0.014941546711134
MYO6,Unconventional myosin-VI,NMR metabolomics,X23463.Histidine,40463,-0.000818693607652592,0.00355306240347499,-0.00778269591846358,0.0061453087031584,0.817770266968917
MYO6,Unconventional myosin-VI,NMR metabolomics,X23464.Total Concentration of Branched-Chain Amino Acids (Leucine + Isoleucine + Valine),40474,-0.00140856040004007,0.00376668043738821,-0.00879125405732096,0.00597413325724082,0.708446519735734
MYO6,Unconventional myosin-VI,NMR metabolomics,X23465.Isoleucine,40478,-0.00287092162503833,0.00366886424904183,-0.0100618955531603,0.00432005230308365,0.433931545584765
MYO6,Unconventional myosin-VI,NMR metabolomics,X23466.Leucine,40478,-0.0010638572966189,0.00370833406655028,-0.00833219206705746,0.00620447747381966,0.774207320666277
MYO6,Unconventional myosin-VI,NMR metabolomics,X23467.Valine,40474,-0.000956443849672498,0.00380801454793616,-0.00842015236362737,0.00650726466428238,0.801690331502765
MYO6,Unconventional myosin-VI,NMR metabolomics,X23468.Phenylalanine,40475,0.00596625930083093,0.00360326093241665,-0.00109613212670569,0.0130286507283676,0.0977912742735962
MYO6,Unconventional myosin-VI,NMR metabolomics,X23469.Tyrosine,40465,-0.00214982815366475,0.00366302366352355,-0.00932935453417091,0.00502969822684141,0.557282704483097
MYO6,Unconventional myosin-VI,NMR metabolomics,X23470.Glucose,40457,0.00191785511475693,0.00357706153061121,-0.00509318548524103,0.0089288957147549,0.591862851929749
MYO6,Unconventional myosin-VI,NMR metabolomics,X23471.Lactate,40459,0.0115595309550831,0.00360159942545426,0.00450039608119271,0.0186186658289734,0.0013331322445142
MYO6,Unconventional myosin-VI,NMR metabolomics,X23472.Pyruvate,40445,0.00834056456324908,0.00358385346165679,0.00131621177840178,0.0153649173480964,0.0199689968317321
MYO6,Unconventional myosin-VI,NMR metabolomics,X23473.Citrate,40479,0.010134160779294,0.00359213395236762,0.00309357823265348,0.0171747433259346,0.00479265654913315
MYO6,Unconventional myosin-VI,NMR metabolomics,X23474.3-Hydroxybutyrate,40297,0.00781720526031693,0.00378126182170552,0.000405932089774107,0.0152284784308598,0.0387239639418537
MYO6,Unconventional myosin-VI,NMR metabolomics,X23475.Acetate,40470,-0.01255045936313,0.00354818586742815,-0.0195049036632892,-0.00559601506297088,0.000406097461266412
MYO6,Unconventional myosin-VI,NMR metabolomics,X23476.Acetoacetate,40480,0.00172917382023207,0.0036364952277473,-0.00539835682615263,0.00885670446661677,0.634435850384755
MYO6,Unconventional myosin-VI,NMR metabolomics,X23477.Acetone,40480,-0.00275669928784041,0.00359903656105147,-0.00981081094750129,0.00429741237182047,0.443719222935357
MYO6,Unconventional myosin-VI,NMR metabolomics,X23478.Creatinine,40214,0.00402967610720362,0.00420453984428278,-0.00421122198759062,0.0122705742019979,0.337876711826391
MYO6,Unconventional myosin-VI,NMR metabolomics,X23479.Albumin,40479,0.00231094874534017,0.00361318743009575,-0.00477089861764749,0.00939279610832783,0.522453932773401
MYO6,Unconventional myosin-VI,NMR metabolomics,X23480.Glycoprotein Acetyls,40482,0.0180543842940316,0.00384425533756816,0.010519643832398,0.0255891247556652,2.67832264812526e-06
MYO6,Unconventional myosin-VI,NMR metabolomics,X23481.Concentration of Chylomicrons and Extremely Large VLDL Particles,40482,0.00309526054407939,0.00385186410897369,-0.00445439310950904,0.0106449141976678,0.421659560493638
MYO6,Unconventional myosin-VI,NMR metabolomics,X23482.Total Lipids in Chylomicrons and Extremely Large VLDL,40482,0.00262572162893705,0.00380028383719139,-0.00482283469195807,0.0100742779498322,0.489625142501904
MYO6,Unconventional myosin-VI,NMR metabolomics,X23483.Phospholipids in Chylomicrons and Extremely Large VLDL,40482,0.00362247874144502,0.0038607350307689,-0.00394456191886203,0.0111895194017521,0.348116847505434
MYO6,Unconventional myosin-VI,NMR metabolomics,X23484.Cholesterol in Chylomicrons and Extremely Large VLDL,40482,0.00414315676833735,0.0038177328281925,-0.00333959957491994,0.0116259131115946,0.277838502811826
MYO6,Unconventional myosin-VI,NMR metabolomics,X23485.Cholesteryl Esters in Chylomicrons and Extremely Large VLDL,40482,0.00516101968691486,0.00377240641931543,-0.00223289689494338,0.0125549362687731,0.171308799570374
MYO6,Unconventional myosin-VI,NMR metabolomics,X23486.Free Cholesterol in Chylomicrons and Extremely Large VLDL,40482,0.00337313491051855,0.00385357355312842,-0.00417986925361315,0.0109261390746503,0.381414923521518
MYO6,Unconventional myosin-VI,NMR metabolomics,X23487.Triglycerides in Chylomicrons and Extremely Large VLDL,40482,0.00180748737753728,0.00376658039628986,-0.00557501019919085,0.00918998495426541,0.631325650378457
MYO6,Unconventional myosin-VI,NMR metabolomics,X23488.Concentration of Very Large VLDL Particles,40482,0.00619837557441473,0.00383493243057454,-0.00131809198951137,0.0137148431383408,0.106058860454315
MYO6,Unconventional myosin-VI,NMR metabolomics,X23489.Total Lipids in Very Large VLDL,40482,0.00582545266884944,0.00381554032235299,-0.00165300636296242,0.0133039117006613,0.126846220464434
MYO6,Unconventional myosin-VI,NMR metabolomics,X23490.Phospholipids in Very Large VLDL,40482,0.00584515819164147,0.00380589028265006,-0.00161438676235265,0.0133047031456356,0.124610832423285
MYO6,Unconventional myosin-VI,NMR metabolomics,X23491.Cholesterol in Very Large VLDL,40482,0.0064710711985718,0.00371729551662357,-0.000814828014010396,0.013756970411154,0.0817457397963515
MYO6,Unconventional myosin-VI,NMR metabolomics,X23492.Cholesteryl Esters in Very Large VLDL,40482,0.00686756747682733,0.00365633484735738,-0.000298848823993127,0.0140339837776478,0.0603706128311813
MYO6,Unconventional myosin-VI,NMR metabolomics,X23493.Free Cholesterol in Very Large VLDL,40482,0.00560190180217694,0.0037777711097131,-0.00180252957286074,0.0130063331772146,0.138139800016819
MYO6,Unconventional myosin-VI,NMR metabolomics,X23494.Triglycerides in Very Large VLDL,40482,0.00530047698264487,0.0038393685587601,-0.00222468539252493,0.0128256393578147,0.167441758974652
MYO6,Unconventional myosin-VI,NMR metabolomics,X23495.Concentration of Large VLDL Particles,40482,0.00650907898442461,0.00378977661007569,-0.00091888317132374,0.013937041140173,0.0859086512535092
MYO6,Unconventional myosin-VI,NMR metabolomics,X23496.Total Lipids in Large VLDL,40482,0.00611481314008298,0.00376747220282597,-0.00126943237745593,0.0134990586576219,0.104605654886518
MYO6,Unconventional myosin-VI,NMR metabolomics,X23497.Phospholipids in Large VLDL,40482,0.00682585671127372,0.00378663262557021,-0.000595943234843898,0.0142476566573913,0.071474700224706
MYO6,Unconventional myosin-VI,NMR metabolomics,X23498.Cholesterol in Large VLDL,40482,0.00663848375406769,0.00371134125552532,-0.000635745106761944,0.0139127126148973,0.0736896175616424
MYO6,Unconventional myosin-VI,NMR metabolomics,X23499.Cholesteryl Esters in Large VLDL,40482,0.00622426232506038,0.0036461871416544,-0.000922264472582243,0.013370789122703,0.087838295310167
MYO6,Unconventional myosin-VI,NMR metabolomics,X23500.Free Cholesterol in Large VLDL,40482,0.00685120093705592,0.0037777569430503,-0.000553202671322664,0.0142556045454345,0.0697715451532755
MYO6,Unconventional myosin-VI,NMR metabolomics,X23501.Triglycerides in Large VLDL,40482,0.00504425281697834,0.00375976240781863,-0.00232488150234617,0.0124133871363029,0.179739291805821
MYO6,Unconventional myosin-VI,NMR metabolomics,X23502.Concentration of Medium VLDL Particles,40482,0.00609359925985922,0.00355360873858738,-0.000871473867772039,0.0130586723874905,0.0864160074865682
MYO6,Unconventional myosin-VI,NMR metabolomics,X23503.Total Lipids in Medium VLDL,40482,0.00615879709527993,0.0035932183766544,-0.000883910922962692,0.0132015051135225,0.0865551159580229
MYO6,Unconventional myosin-VI,NMR metabolomics,X23504.Phospholipids in Medium VLDL,40482,0.00590136836780565,0.00353920813290872,-0.00103547957269544,0.0128382163083068,0.0954574272134725
MYO6,Unconventional myosin-VI,NMR metabolomics,X23505.Cholesterol in Medium VLDL,40482,0.00445189655965985,0.00347628409795521,-0.00236162027233236,0.0112654133916521,0.200343616111162
MYO6,Unconventional myosin-VI,NMR metabolomics,X23506.Cholesteryl Esters in Medium VLDL,40482,0.00358823078521882,0.00348843725667069,-0.00324910623785573,0.0104255678082934,0.303686453391719
MYO6,Unconventional myosin-VI,NMR metabolomics,X23507.Free Cholesterol in Medium VLDL,40482,0.0053592967018641,0.00351434247966835,-0.00152881455828587,0.0122474079620141,0.127292477175533
MYO6,Unconventional myosin-VI,NMR metabolomics,X23508.Triglycerides in Medium VLDL,40482,0.00595340108549593,0.00372995746200108,-0.00135731554002619,0.0132641177110181,0.110493505627479
MYO6,Unconventional myosin-VI,NMR metabolomics,X23509.Concentration of Small VLDL Particles,40482,0.00701870171814147,0.00366804082263781,-0.000170658294228636,0.0142080617305116,0.0557126318900464
MYO6,Unconventional myosin-VI,NMR metabolomics,X23510.Total Lipids in Small VLDL,40482,0.00715216536466431,0.00365736082962847,-1.62618614074949e-05,0.0143205925907361,0.0505423914263809
MYO6,Unconventional myosin-VI,NMR metabolomics,X23511.Phospholipids in Small VLDL,40482,0.00709429869704044,0.00357151700796407,9.41253614308579e-05,0.01409447203265,0.047018123085105
MYO6,Unconventional myosin-VI,NMR metabolomics,X23512.Cholesterol in Small VLDL,40482,0.00699135433562271,0.00353439030075084,6.39493461510546e-05,0.0139187593250944,0.0479424413178626
MYO6,Unconventional myosin-VI,NMR metabolomics,X23513.Cholesteryl Esters in Small VLDL,40482,0.00747565354098168,0.00355069151712611,0.000516298167414499,0.0144350089145489,0.0352778610590162
MYO6,Unconventional myosin-VI,NMR metabolomics,X23514.Free Cholesterol in Small VLDL,40482,0.00625537932521204,0.00351074093137433,-0.000625672900281647,0.0131364315507057,0.0748114634984897
MYO6,Unconventional myosin-VI,NMR metabolomics,X23515.Triglycerides in Small VLDL,40482,0.00521717117222965,0.00379858144563291,-0.00222804846121084,0.0126623908056701,0.169638996285572
MYO6,Unconventional myosin-VI,NMR metabolomics,X23516.Concentration of Very Small VLDL Particles,40482,0.0056237484959706,0.00357125664320997,-0.00137591452472095,0.0126234115166622,0.115347870032237
MYO6,Unconventional myosin-VI,NMR metabolomics,X23517.Total Lipids in Very Small VLDL,40482,0.00497836964487064,0.00360485783288594,-0.00208715170758579,0.0120438909973271,0.167301098778447
MYO6,Unconventional myosin-VI,NMR metabolomics,X23518.Phospholipids in Very Small VLDL,40482,0.00547306258751073,0.00360545574846287,-0.00159363067947649,0.012539755854498,0.129043748638858
MYO6,Unconventional myosin-VI,NMR metabolomics,X23519.Cholesterol in Very Small VLDL,40482,0.00298701065154633,0.0035611094789614,-0.003992763927218,0.00996678523031067,0.401606874437142
MYO6,Unconventional myosin-VI,NMR metabolomics,X23520.Cholesteryl Esters in Very Small VLDL,40482,0.00219517050895499,0.00356723994705947,-0.00479661978728157,0.00918696080519156,0.538323163246724
MYO6,Unconventional myosin-VI,NMR metabolomics,X23521.Free Cholesterol in Very Small VLDL,40482,0.00478408547786815,0.00357626318575879,-0.00222539036621909,0.0117935613219554,0.181010421706437
MYO6,Unconventional myosin-VI,NMR metabolomics,X23522.Triglycerides in Very Small VLDL,40482,0.00650945587703914,0.00379513290738952,-0.000929004621444311,0.0139479163755226,0.0863338886083164
MYO6,Unconventional myosin-VI,NMR metabolomics,X23523.Concentration of IDL Particles,40482,0.00472872832537365,0.0034692705851096,-0.00207104202144116,0.0115284986721885,0.172899476995688
MYO6,Unconventional myosin-VI,NMR metabolomics,X23524.Total Lipids in IDL,40482,0.00351026053786597,0.00357682080364282,-0.00350030823727396,0.0105208293130059,0.326420886553099
MYO6,Unconventional myosin-VI,NMR metabolomics,X23525.Phospholipids in IDL,40482,0.00303449677266235,0.00358110456084345,-0.00398446816659082,0.0100534617119155,0.396810589131007
MYO6,Unconventional myosin-VI,NMR metabolomics,X23526.Cholesterol in IDL,40482,0.00292216455856828,0.00357688617554179,-0.00408853234549363,0.00993286146263019,0.413969866261173
MYO6,Unconventional myosin-VI,NMR metabolomics,X23527.Cholesteryl Esters in IDL,40482,0.00298187368012272,0.00358162627022851,-0.00403811380952516,0.0100018611697706,0.405117641824384
MYO6,Unconventional myosin-VI,NMR metabolomics,X23528.Free Cholesterol in IDL,40482,0.00278367288335495,0.0035603337931633,-0.00419458135124512,0.00976192711795502,0.434314854558154
MYO6,Unconventional myosin-VI,NMR metabolomics,X23529.Triglycerides in IDL,40482,0.00750891529616972,0.00380014974730756,6.06217914469031e-05,0.0149572088008925,0.0481844717456517
MYO6,Unconventional myosin-VI,NMR metabolomics,X23530.Concentration of Large LDL Particles,40482,0.00589979447998554,0.00348154803858999,-0.000924039675650835,0.0127236286356219,0.0901809187562996
MYO6,Unconventional myosin-VI,NMR metabolomics,X23531.Total Lipids in Large LDL,40482,0.00486191244029394,0.00353617708683681,-0.00206899464990622,0.0117928195304941,0.169187760074545
MYO6,Unconventional myosin-VI,NMR metabolomics,X23532.Phospholipids in Large LDL,40482,0.00510676982357756,0.00351135735926895,-0.00177549060058957,0.0119890302477447,0.145874948261902
MYO6,Unconventional myosin-VI,NMR metabolomics,X23533.Cholesterol in Large LDL,40482,0.00426958496723957,0.00354276343799508,-0.00267423137123078,0.0112134013057099,0.228168092336571
MYO6,Unconventional myosin-VI,NMR metabolomics,X23534.Cholesteryl Esters in Large LDL,40482,0.00452581576050979,0.0035417993324183,-0.00241611093103008,0.0114677424520497,0.201335818811305
MYO6,Unconventional myosin-VI,NMR metabolomics,X23535.Free Cholesterol in Large LDL,40482,0.00345990675022008,0.00355065810236562,-0.00349938313041654,0.0104191966308567,0.329858512878486
MYO6,Unconventional myosin-VI,NMR metabolomics,X23536.Triglycerides in Large LDL,40482,0.00918787770144373,0.00380511148364481,0.00172985919349991,0.0166458962093875,0.0157676646962169
MYO6,Unconventional myosin-VI,NMR metabolomics,X23537.Concentration of Medium LDL Particles,40482,0.00484671057702645,0.00349978659152207,-0.0020128711423568,0.0117062922964097,0.166122988872881
MYO6,Unconventional myosin-VI,NMR metabolomics,X23538.Total Lipids in Medium LDL,40482,0.00681881358149572,0.00352188797489944,-8.40868493071877e-05,0.0137217140122986,0.0528773882572206
MYO6,Unconventional myosin-VI,NMR metabolomics,X23539.Phospholipids in Medium LDL,40482,0.00727283890588062,0.00351180426632142,0.000389702543890625,0.0141559752678706,0.038384335581088
MYO6,Unconventional myosin-VI,NMR metabolomics,X23540.Cholesterol in Medium LDL,40482,0.00623490365192945,0.00351415058275258,-0.000652831490265604,0.0131226387941245,0.0760524270858892
MYO6,Unconventional myosin-VI,NMR metabolomics,X23541.Cholesteryl Esters in Medium LDL,40482,0.00644473714936563,0.00353296571987847,-0.000479875661596181,0.0133693499603274,0.0681524971390544
MYO6,Unconventional myosin-VI,NMR metabolomics,X23542.Free Cholesterol in Medium LDL,40482,0.00539886771148804,0.00350306734306284,-0.00146714428091512,0.0122648797038912,0.123300293425911
MYO6,Unconventional myosin-VI,NMR metabolomics,X23543.Triglycerides in Medium LDL,40482,0.00878892838932063,0.00382318238284172,0.00129549091895087,0.0162823658596904,0.0215315540249355
MYO6,Unconventional myosin-VI,NMR metabolomics,X23544.Concentration of Small LDL Particles,40482,0.00516848428338374,0.00347859485524789,-0.00164956163290213,0.0119865301996696,0.137360866086996
MYO6,Unconventional myosin-VI,NMR metabolomics,X23545.Total Lipids in Small LDL,40482,0.00636082151358816,0.00348633677118452,-0.000472398557933507,0.0131940415851098,0.0681029335286724
MYO6,Unconventional myosin-VI,NMR metabolomics,X23546.Phospholipids in Small LDL,40482,0.00583575582012053,0.00346042910851874,-0.000946685232576206,0.0126181968728173,0.0917415110449508
MYO6,Unconventional myosin-VI,NMR metabolomics,X23547.Cholesterol in Small LDL,40482,0.00616570177445514,0.00348423219398151,-0.000663393325748622,0.0129947968746589,0.0768205774316264
MYO6,Unconventional myosin-VI,NMR metabolomics,X23548.Cholesteryl Esters in Small LDL,40482,0.00635513392687517,0.00350719183362048,-0.000518962067020976,0.0132292299207713,0.0700082489243545
MYO6,Unconventional myosin-VI,NMR metabolomics,X23549.Free Cholesterol in Small LDL,40482,0.00533373192874112,0.00347483515954923,-0.00147694498397538,0.0121444088414576,0.124821754258276
MYO6,Unconventional myosin-VI,NMR metabolomics,X23550.Triglycerides in Small LDL,40482,0.00631543009782585,0.00383700159260864,-0.00120509302368709,0.0138359532193388,0.0998063299155297
MYO6,Unconventional myosin-VI,NMR metabolomics,X23551.Concentration of Very Large HDL Particles,40482,-0.00646277163047154,0.00399617830019868,-0.014295281098861,0.00136973783791787,0.105854846233152
MYO6,Unconventional myosin-VI,NMR metabolomics,X23552.Total Lipids in Very Large HDL,40482,-0.00768642833473753,0.00401361373934883,-0.0155531112638612,0.000180254594386185,0.0555063722341827
MYO6,Unconventional myosin-VI,NMR metabolomics,X23553.Phospholipids in Very Large HDL,40482,-0.00872597651793541,0.00403538646633827,-0.0166353339919584,-0.00081661904391239,0.0306110271695086
MYO6,Unconventional myosin-VI,NMR metabolomics,X23554.Cholesterol in Very Large HDL,40482,-0.00687974435309655,0.00397553417574846,-0.0146717913375635,0.000912302631370428,0.0835646081418469
MYO6,Unconventional myosin-VI,NMR metabolomics,X23555.Cholesteryl Esters in Very Large HDL,40482,-0.00727918997645236,0.00401924675966712,-0.0151569136253999,0.000598533672495203,0.0701545562350306
MYO6,Unconventional myosin-VI,NMR metabolomics,X23556.Free Cholesterol in Very Large HDL,40482,-0.00527050151143419,0.00379450374850852,-0.0127077288585109,0.0021667258356425,0.164865296070609
MYO6,Unconventional myosin-VI,NMR metabolomics,X23557.Triglycerides in Very Large HDL,40482,0.000719050533372416,0.0037415164857254,-0.00661432177864937,0.00805242284539421,0.847603434447812
MYO6,Unconventional myosin-VI,NMR metabolomics,X23558.Concentration of Large HDL Particles,40482,-0.0100138982119582,0.0041950069953747,-0.0182361119228926,-0.0017916845010238,0.0169982651714121
MYO6,Unconventional myosin-VI,NMR metabolomics,X23559.Total Lipids in Large HDL,40482,-0.00975847050474287,0.00420131626869079,-0.0179930503913768,-0.00152389061810892,0.0202120243063438
MYO6,Unconventional myosin-VI,NMR metabolomics,X23560.Phospholipids in Large HDL,40482,-0.00926360825330825,0.00419725915005759,-0.0174902361874211,-0.00103698031919537,0.0273298256079738
MYO6,Unconventional myosin-VI,NMR metabolomics,X23561.Cholesterol in Large HDL,40482,-0.0102385132134412,0.0041599044719034,-0.0183919259783719,-0.00208510044851058,0.0138607155234756
MYO6,Unconventional myosin-VI,NMR metabolomics,X23562.Cholesteryl Esters in Large HDL,40482,-0.0104186354447174,0.00415154299191407,-0.018555659708869,-0.00228161118056582,0.0121013180865324
MYO6,Unconventional myosin-VI,NMR metabolomics,X23563.Free Cholesterol in Large HDL,40482,-0.00930898286902242,0.00416447317342186,-0.0174713502889293,-0.00114661544911557,0.0254149957548488
MYO6,Unconventional myosin-VI,NMR metabolomics,X23564.Triglycerides in Large HDL,40482,-0.00337005217323179,0.00385001210990952,-0.0109160759086545,0.00417597156219088,0.381410022777582
MYO6,Unconventional myosin-VI,NMR metabolomics,X23565.Concentration of Medium HDL Particles,40482,-0.00416436146314362,0.00392522304789545,-0.0118577986370187,0.00352907571073146,0.288747356815232
MYO6,Unconventional myosin-VI,NMR metabolomics,X23566.Total Lipids in Medium HDL,40482,-0.00355661085999906,0.00389056232555868,-0.0111821130180941,0.00406889129809595,0.36065035960538
MYO6,Unconventional myosin-VI,NMR metabolomics,X23567.Phospholipids in Medium HDL,40482,-0.00296167304872453,0.00386689750708227,-0.0105407921626058,0.00461744606515672,0.443749320295624
MYO6,Unconventional myosin-VI,NMR metabolomics,X23568.Cholesterol in Medium HDL,40482,-0.0045463646715513,0.00391878444005971,-0.0122271821740683,0.00313445283096574,0.246013637093434
MYO6,Unconventional myosin-VI,NMR metabolomics,X23569.Cholesteryl Esters in Medium HDL,40482,-0.00463529306043536,0.00389699111190649,-0.0122733956397721,0.00300280951890136,0.234285939948445
MYO6,Unconventional myosin-VI,NMR metabolomics,X23570.Free Cholesterol in Medium HDL,40482,-0.00404113748660623,0.00398941027527505,-0.0118603816261453,0.00377810665293286,0.311098051069261
MYO6,Unconventional myosin-VI,NMR metabolomics,X23571.Triglycerides in Medium HDL,40482,0.00229349507576886,0.00372806774938099,-0.00501351771301787,0.0096005078645556,0.538437211102281
MYO6,Unconventional myosin-VI,NMR metabolomics,X23572.Concentration of Small HDL Particles,40482,0.00508744379032784,0.00358610815423754,-0.00194132819197773,0.0121162157726334,0.156027757631647
MYO6,Unconventional myosin-VI,NMR metabolomics,X23573.Total Lipids in Small HDL,40482,0.00475822743481042,0.00361509238616212,-0.00232735364206734,0.0118438085116882,0.188129673880188
MYO6,Unconventional myosin-VI,NMR metabolomics,X23574.Phospholipids in Small HDL,40482,0.0036604256662813,0.00363785535199609,-0.00346977082363105,0.0107906221561936,0.314338876522196
MYO6,Unconventional myosin-VI,NMR metabolomics,X23575.Cholesterol in Small HDL,40482,0.00473635934039978,0.00358448442327134,-0.00228923012921206,0.0117619488100116,0.186411392127418
MYO6,Unconventional myosin-VI,NMR metabolomics,X23576.Cholesteryl Esters in Small HDL,40482,0.0046041739638401,0.0035601926403182,-0.00237380361118357,0.0115821515388638,0.195955459201374
MYO6,Unconventional myosin-VI,NMR metabolomics,X23577.Free Cholesterol in Small HDL,40482,0.00454118822879057,0.00368554047726073,-0.00268247110664047,0.0117648475642216,0.217913702405569
MYO6,Unconventional myosin-VI,NMR metabolomics,X23578.Triglycerides in Small HDL,40482,0.00698893172572716,0.00380413649227442,-0.000467175799130706,0.014445039250585,0.0662077278260499
MYO6,Unconventional myosin-VI,NMR metabolomics,X23579.Phospholipids to Total Lipids in Chylomicrons and Extremely Large VLDL percentage,40054,0.00186306859027989,0.00364256482933575,-0.00527635847521818,0.00900249565577796,0.609031243888914
MYO6,Unconventional myosin-VI,NMR metabolomics,X23580.Cholesterol to Total Lipids in Chylomicrons and Extremely Large VLDL percentage,40054,0.00606429794257429,0.00374757350756252,-0.00128094613224825,0.0134095420173968,0.10565000944015
MYO6,Unconventional myosin-VI,NMR metabolomics,X23581.Cholesteryl Esters to Total Lipids in Chylomicrons and Extremely Large VLDL percentage,40054,0.00793946855996168,0.00370053869888071,0.000686412710155497,0.0151925244097679,0.0319357994843721
MYO6,Unconventional myosin-VI,NMR metabolomics,X23582.Free Cholesterol to Total Lipids in Chylomicrons and Extremely Large VLDL percentage,40054,-2.24981409577953e-05,0.00377201738744527,-0.00741565222035053,0.00737065593843494,0.995241167311241
MYO6,Unconventional myosin-VI,NMR metabolomics,X23583.Triglycerides to Total Lipids in Chylomicrons and Extremely Large VLDL percentage,40054,-0.00593896565411076,0.00371858356338808,-0.0132273894383514,0.00134945813012988,0.110271563015174
MYO6,Unconventional myosin-VI,NMR metabolomics,X23584.Phospholipids to Total Lipids in Very Large VLDL percentage,40384,0.0035067401285849,0.00363338706714665,-0.00361469852302253,0.0106281787801923,0.334493768682064
MYO6,Unconventional myosin-VI,NMR metabolomics,X23585.Cholesterol to Total Lipids in Very Large VLDL percentage,40384,-0.00073787814398846,0.00381543946802511,-0.00821613950131768,0.00674038321334076,0.846654941368168
MYO6,Unconventional myosin-VI,NMR metabolomics,X23586.Cholesteryl Esters to Total Lipids in Very Large VLDL percentage,40384,0.000144455324228785,0.00382498112804422,-0.00735250768673789,0.00764141833519546,0.969874700206277
MYO6,Unconventional myosin-VI,NMR metabolomics,X23587.Free Cholesterol to Total Lipids in Very Large VLDL percentage,40384,-0.00260466539795088,0.00376053477060435,-0.00997531354833541,0.00476598275243365,0.488555116903842
MYO6,Unconventional myosin-VI,NMR metabolomics,X23588.Triglycerides to Total Lipids in Very Large VLDL percentage,40384,0.000346884460565771,0.00374757430599665,-0.00699836117918766,0.00769213010031921,0.926252875331427
MYO6,Unconventional myosin-VI,NMR metabolomics,X23589.Phospholipids to Total Lipids in Large VLDL percentage,40481,0.00726115485786823,0.00373022082414686,-5.00779574596124e-05,0.0145723876731961,0.0516104765046376
MYO6,Unconventional myosin-VI,NMR metabolomics,X23590.Cholesterol to Total Lipids in Large VLDL percentage,40481,0.0019821342228692,0.0036118959585607,-0.00509718185590976,0.00906145030164816,0.583167680014963
MYO6,Unconventional myosin-VI,NMR metabolomics,X23591.Cholesteryl Esters to Total Lipids in Large VLDL percentage,40481,-2.99904570693823e-06,0.00371243527568333,-0.00727937218604627,0.00727337409463239,0.999355453003689
MYO6,Unconventional myosin-VI,NMR metabolomics,X23592.Free Cholesterol to Total Lipids in Large VLDL percentage,40481,0.00601413139431049,0.00356230362746216,-0.000967983715515351,0.0129962465041363,0.091386980015634
MYO6,Unconventional myosin-VI,NMR metabolomics,X23593.Triglycerides to Total Lipids in Large VLDL percentage,40481,-0.00613907449483012,0.00354866030503902,-0.0130944486927066,0.000816299703046355,0.0836630407604474
MYO6,Unconventional myosin-VI,NMR metabolomics,X23594.Phospholipids to Total Lipids in Medium VLDL percentage,40482,0.00198723583486901,0.00361314130103496,-0.0050945211151595,0.00906899278489753,0.582328714368472
MYO6,Unconventional myosin-VI,NMR metabolomics,X23595.Cholesterol to Total Lipids in Medium VLDL percentage,40482,-0.00104803173540417,0.00375505658609407,-0.00840794264414853,0.0063118791733402,0.780174127609075
MYO6,Unconventional myosin-VI,NMR metabolomics,X23596.Cholesteryl Esters to Total Lipids in Medium VLDL percentage,40482,-0.001287833858971,0.00379388503193829,-0.00872384852157005,0.00614818080362805,0.734277154959464
MYO6,Unconventional myosin-VI,NMR metabolomics,X23597.Free Cholesterol to Total Lipids in Medium VLDL percentage,40482,-0.000222261359518424,0.00366238499139101,-0.00740053594264481,0.00695601322360796,0.951609080723038
MYO6,Unconventional myosin-VI,NMR metabolomics,X23598.Triglycerides to Total Lipids in Medium VLDL percentage,40482,0.00032351616963601,0.00371928097633518,-0.00696627454398093,0.00761330688325295,0.93068615050215
MYO6,Unconventional myosin-VI,NMR metabolomics,X23599.Phospholipids to Total Lipids in Small VLDL percentage,40482,0.00109948017075506,0.00374699150700577,-0.00624462318297624,0.00844358352448636,0.769198799374838
MYO6,Unconventional myosin-VI,NMR metabolomics,X23600.Cholesterol to Total Lipids in Small VLDL percentage,40482,0.00316297753545351,0.00365058659985069,-0.00399217220025385,0.0103181272711609,0.386272845710358
MYO6,Unconventional myosin-VI,NMR metabolomics,X23601.Cholesteryl Esters to Total Lipids in Small VLDL percentage,40482,0.00485434260952043,0.00357988314532337,-0.00216222835531337,0.0118709135743542,0.175124420433855
MYO6,Unconventional myosin-VI,NMR metabolomics,X23602.Free Cholesterol to Total Lipids in Small VLDL percentage,40482,0.000145809459390547,0.00376215840114869,-0.00722802100686088,0.00751963992564197,0.969084922344823
MYO6,Unconventional myosin-VI,NMR metabolomics,X23603.Triglycerides to Total Lipids in Small VLDL percentage,40482,-0.0025653268197711,0.00368293896541716,-0.00978388719198875,0.00465323355244654,0.486102931858979
MYO6,Unconventional myosin-VI,NMR metabolomics,X23604.Phospholipids to Total Lipids in Very Small VLDL percentage,40482,0.00400970753648862,0.00366228110570868,-0.00316836343070039,0.0111877785036776,0.273598650686668
MYO6,Unconventional myosin-VI,NMR metabolomics,X23605.Cholesterol to Total Lipids in Very Small VLDL percentage,40482,-0.0030524804914321,0.00379413519814716,-0.0104889854798005,0.00438402449693633,0.421110191742299
MYO6,Unconventional myosin-VI,NMR metabolomics,X23606.Cholesteryl Esters to Total Lipids in Very Small VLDL percentage,40482,-0.00364177663141139,0.00382500368262377,-0.011138783849354,0.00385523058653119,0.34106789772329
MYO6,Unconventional myosin-VI,NMR metabolomics,X23607.Free Cholesterol to Total Lipids in Very Small VLDL percentage,40482,0.000906921032677661,0.00359799969510203,-0.00614515836972232,0.00795900043507764,0.80099729358144
MYO6,Unconventional myosin-VI,NMR metabolomics,X23608.Triglycerides to Total Lipids in Very Small VLDL percentage,40482,0.00248874017608659,0.00377880257146292,-0.00491771286398074,0.00989519321615391,0.510162559746119
MYO6,Unconventional myosin-VI,NMR metabolomics,X23609.Phospholipids to Total Lipids in IDL percentage,40482,-0.00321057069032433,0.00346464260841403,-0.0100012702028158,0.00358012882216717,0.354119160417515
MYO6,Unconventional myosin-VI,NMR metabolomics,X23610.Cholesterol to Total Lipids in IDL percentage,40482,-0.000997232009294264,0.0036676044377861,-0.00818573670735502,0.00619127268876649,0.785701711382525
MYO6,Unconventional myosin-VI,NMR metabolomics,X23611.Cholesteryl Esters to Total Lipids in IDL percentage,40482,-0.00113121619428418,0.00367102258827506,-0.00832642046730331,0.00606398807873494,0.757975834080776
MYO6,Unconventional myosin-VI,NMR metabolomics,X23612.Free Cholesterol to Total Lipids in IDL percentage,40482,-0.00181059202803373,0.00351601202555293,-0.00870197559811748,0.00508079154205003,0.606593743097843
MYO6,Unconventional myosin-VI,NMR metabolomics,X23613.Triglycerides to Total Lipids in IDL percentage,40482,0.00283467299023965,0.00377956397355226,-0.00457327239792277,0.0102426183784021,0.45327033431327
MYO6,Unconventional myosin-VI,NMR metabolomics,X23614.Phospholipids to Total Lipids in Large LDL percentage,40482,0.00153497992795539,0.00350667031298327,-0.00533809388549183,0.00840805374140261,0.661589333745698
MYO6,Unconventional myosin-VI,NMR metabolomics,X23615.Cholesterol to Total Lipids in Large LDL percentage,40482,-0.0045764112774321,0.00379468752561256,-0.0120139988276327,0.00286117627276851,0.227840926142777
MYO6,Unconventional myosin-VI,NMR metabolomics,X23616.Cholesteryl Esters to Total Lipids in Large LDL percentage,40482,-0.00187298081751869,0.00352170633828834,-0.00877552524056385,0.00502956360552646,0.594847967181661
MYO6,Unconventional myosin-VI,NMR metabolomics,X23617.Free Cholesterol to Total Lipids in Large LDL percentage,40482,-0.00513425419051283,0.00379610888248908,-0.0125746276001914,0.00230611921916576,0.17624108558814
MYO6,Unconventional myosin-VI,NMR metabolomics,X23618.Triglycerides to Total Lipids in Large LDL percentage,40482,0.00282446713412342,0.00378515801898203,-0.00459444258308135,0.0102433768513282,0.455564984578444
MYO6,Unconventional myosin-VI,NMR metabolomics,X23619.Phospholipids to Total Lipids in Medium LDL percentage,40482,0.00333185341570989,0.00358037431000427,-0.00368568023189848,0.0103493870633182,0.352086618305302
MYO6,Unconventional myosin-VI,NMR metabolomics,X23620.Cholesterol to Total Lipids in Medium LDL percentage,40482,-0.00328731668720537,0.00349844630616177,-0.0101442714472824,0.00356963807287169,0.347416989296859
MYO6,Unconventional myosin-VI,NMR metabolomics,X23621.Cholesteryl Esters to Total Lipids in Medium LDL percentage,40482,0.000531950528842783,0.00361389361971296,-0.00655128096579461,0.00761518202348018,0.882979980711395
MYO6,Unconventional myosin-VI,NMR metabolomics,X23622.Free Cholesterol to Total Lipids in Medium LDL percentage,40482,-0.00436593302692322,0.0038722256395917,-0.011955495280523,0.00322362922667651,0.259555256741011
MYO6,Unconventional myosin-VI,NMR metabolomics,X23623.Triglycerides to Total Lipids in Medium LDL percentage,40482,0.000395905542945356,0.00371853924213631,-0.00689243137164181,0.00768424245753252,0.915212912517818
MYO6,Unconventional myosin-VI,NMR metabolomics,X23624.Phospholipids to Total Lipids in Small LDL percentage,40482,-0.00470704928943989,0.00354589546865278,-0.0116570044079993,0.00224290582911957,0.184382020837867
MYO6,Unconventional myosin-VI,NMR metabolomics,X23625.Cholesterol to Total Lipids in Small LDL percentage,40482,0.00205364519649021,0.00356250561411975,-0.00492886580718451,0.00903615620016493,0.564315184310275
MYO6,Unconventional myosin-VI,NMR metabolomics,X23626.Cholesteryl Esters to Total Lipids in Small LDL percentage,40482,0.00338959258145002,0.00354909135652302,-0.0035666264773351,0.0103458116402351,0.339568179362306
MYO6,Unconventional myosin-VI,NMR metabolomics,X23627.Free Cholesterol to Total Lipids in Small LDL percentage,40482,-0.000453402222300628,0.00379073734474929,-0.00788324741800923,0.00697644297340797,0.904795871286184
MYO6,Unconventional myosin-VI,NMR metabolomics,X23628.Triglycerides to Total Lipids in Small LDL percentage,40482,0.000595648215591677,0.00379033460641557,-0.00683340761298284,0.00802470404416619,0.875130039690625
MYO6,Unconventional myosin-VI,NMR metabolomics,X23629.Phospholipids to Total Lipids in Very Large HDL percentage,40474,-0.0113006194065963,0.00393966827954565,-0.0190223692345057,-0.00357886957868678,0.00413294149225754
MYO6,Unconventional myosin-VI,NMR metabolomics,X23630.Cholesterol to Total Lipids in Very Large HDL percentage,40474,0.00719596675860182,0.00373194006272328,-0.000118635764335814,0.0145105692815395,0.0538539932230434
MYO6,Unconventional myosin-VI,NMR metabolomics,X23631.Cholesteryl Esters to Total Lipids in Very Large HDL percentage,40474,0.00219139143605872,0.00362691608739487,-0.00491736409523523,0.00930014696735266,0.545721231150329
MYO6,Unconventional myosin-VI,NMR metabolomics,X23632.Free Cholesterol to Total Lipids in Very Large HDL percentage,40474,0.00950764009415421,0.00414146446623729,0.00139036974032912,0.0176249104479793,0.0217101892732483
MYO6,Unconventional myosin-VI,NMR metabolomics,X23633.Triglycerides to Total Lipids in Very Large HDL percentage,40474,0.0075805123566382,0.00394113676674967,-0.000144115706191152,0.0153051404194676,0.0544508382142475
MYO6,Unconventional myosin-VI,NMR metabolomics,X23634.Phospholipids to Total Lipids in Large HDL percentage,40482,0.00690657117367182,0.00383933459299212,-0.000618524628592736,0.0144316669759364,0.0720615246522343
MYO6,Unconventional myosin-VI,NMR metabolomics,X23635.Cholesterol to Total Lipids in Large HDL percentage,40482,-0.00671474205871775,0.00397252636190409,-0.0145008937280498,0.00107140961061427,0.090999112202137
MYO6,Unconventional myosin-VI,NMR metabolomics,X23636.Cholesteryl Esters to Total Lipids in Large HDL percentage,40482,-0.00635750032059792,0.00399554013294117,-0.0141887589811626,0.00147375833996679,0.111604013999549
MYO6,Unconventional myosin-VI,NMR metabolomics,X23637.Free Cholesterol to Total Lipids in Large HDL percentage,40482,-0.00361990901502504,0.00376539716085533,-0.0110000874503015,0.00376026942025141,0.336390873626309
MYO6,Unconventional myosin-VI,NMR metabolomics,X23638.Triglycerides to Total Lipids in Large HDL percentage,40482,0.00510676698168042,0.00393551852085529,-0.00260684931919594,0.0128203832825568,0.194448005921165
MYO6,Unconventional myosin-VI,NMR metabolomics,X23639.Phospholipids to Total Lipids in Medium HDL percentage,40482,0.0056961801293657,0.00390490568065433,-0.00195743500471679,0.0133497952634482,0.144668876486883
MYO6,Unconventional myosin-VI,NMR metabolomics,X23640.Cholesterol to Total Lipids in Medium HDL percentage,40482,-0.00516270799294378,0.00386806148396903,-0.0127441085015231,0.00241869251563552,0.182000937612626
MYO6,Unconventional myosin-VI,NMR metabolomics,X23641.Cholesteryl Esters to Total Lipids in Medium HDL percentage,40482,-0.00443352288186184,0.00383613021432361,-0.0119523381019361,0.00308529233821244,0.247816916186051
MYO6,Unconventional myosin-VI,NMR metabolomics,X23642.Free Cholesterol to Total Lipids in Medium HDL percentage,40482,-0.00420754637833042,0.00408202178676729,-0.0122083090803943,0.00379321632373348,0.302679876875869
MYO6,Unconventional myosin-VI,NMR metabolomics,X23643.Triglycerides to Total Lipids in Medium HDL percentage,40482,0.00436882089630437,0.00381215965258566,-0.00310301202276353,0.0118406538153723,0.251810118792413
MYO6,Unconventional myosin-VI,NMR metabolomics,X23644.Phospholipids to Total Lipids in Small HDL percentage,40482,-0.00757052072955237,0.00371059947660798,-0.014843295703704,-0.000297745755400731,0.0413494570963923
MYO6,Unconventional myosin-VI,NMR metabolomics,X23645.Cholesterol to Total Lipids in Small HDL percentage,40482,0.00152219072457974,0.00370951005657477,-0.00574844898630682,0.00879283043546629,0.681558337026472
MYO6,Unconventional myosin-VI,NMR metabolomics,X23646.Cholesteryl Esters to Total Lipids in Small HDL percentage,40482,0.00202226674805631,0.00374579204904845,-0.00531948566807866,0.00936401916419127,0.589292551945691
MYO6,Unconventional myosin-VI,NMR metabolomics,X23647.Free Cholesterol to Total Lipids in Small HDL percentage,40482,0.000168954896962974,0.0037237557229352,-0.00712960631999002,0.00746751611391597,0.963811461725123
MYO6,Unconventional myosin-VI,NMR metabolomics,X23648.Triglycerides to Total Lipids in Small HDL percentage,40482,0.00570548715267269,0.00385117053369537,-0.00184280709337024,0.0132537813987156,0.138502818269481
MYO6,Unconventional myosin-VI,Working and living environment,X24003.Nitrogen dioxide air pollution; 2010,49045,-0.00165651700580659,0.00304415241771641,-0.00762305574453075,0.00431002173291757,0.586334994312487
MYO6,Unconventional myosin-VI,Working and living environment,X24004.Nitrogen oxides air pollution; 2010,49045,0.000984603032510172,0.0029690366610405,-0.0048347088231292,0.00680391488814955,0.740176894353731
MYO6,Unconventional myosin-VI,Working and living environment,X24005.Particulate matter air pollution (pm10); 2010,47703,0.00244165573255908,0.00281395433131444,-0.00307369475681723,0.00795700622193539,0.385572256096205
MYO6,Unconventional myosin-VI,Working and living environment,X24006.Particulate matter air pollution (pm2.5); 2010,47703,-0.00140410632823453,0.0030994279979422,-0.00747898520420124,0.00467077254773217,0.650538847244494
MYO6,Unconventional myosin-VI,Working and living environment,X24007.Particulate matter air pollution (pm2.5) absorbance; 2010,47703,-9.07576382489574e-05,0.00300700112681708,-0.00598447984681044,0.00580296457031252,0.975922141742123
MYO6,Unconventional myosin-VI,Working and living environment,X24008.Particulate matter air pollution 2.5-10um; 2010,47703,0.00178516157617178,0.00275703176590531,-0.00361862068500262,0.00718894383734618,0.517320295368296
MYO6,Unconventional myosin-VI,Working and living environment,X24009.Traffic intensity on the nearest road,49045,0.0452177263557519,0.0771946553853461,-0.106083798199526,0.19651925091103,0.558041856086413
MYO6,Unconventional myosin-VI,Working and living environment,X24010.Inverse distance to the nearest road,49045,-0.00110575017906266,0.00267446299608521,-0.00634769765138968,0.00413619729326436,0.679283207368688
MYO6,Unconventional myosin-VI,Working and living environment,X24011.Traffic intensity on the nearest major road,49045,0.00102207194917833,0.00262563092867223,-0.00412416467101925,0.0061683085693759,0.697082687028191
MYO6,Unconventional myosin-VI,Working and living environment,X24012.Inverse distance to the nearest major road,49045,0.00359276296233009,0.00270069031687091,-0.0017005900587369,0.00888611598339708,0.183430506034306
MYO6,Unconventional myosin-VI,Working and living environment,X24013.Total traffic load on major roads,49045,-0.0208426515731069,0.056167038661806,-0.130930047350247,0.0892447442040328,0.710579429198114
MYO6,Unconventional myosin-VI,Working and living environment,X24015.Sum of road length of major roads within 100m,49045,0.0269266114926804,0.0538960773231685,-0.0787097000607299,0.132562923046091,0.617360580124812
MYO6,Unconventional myosin-VI,Working and living environment,X24016.Nitrogen dioxide air pollution; 2005,49045,-0.00231973947236186,0.00303403995356976,-0.00826645778135859,0.00362697883663488,0.444536031293186
MYO6,Unconventional myosin-VI,Working and living environment,X24017.Nitrogen dioxide air pollution; 2006,49045,-0.00188257805971019,0.00302738629071695,-0.00781625518951542,0.00405109907009504,0.534048104025205
MYO6,Unconventional myosin-VI,Working and living environment,X24018.Nitrogen dioxide air pollution; 2007,49045,-0.00204102430608493,0.00299392745198341,-0.00790912211197241,0.00382707349980254,0.49542310911947
MYO6,Unconventional myosin-VI,Working and living environment,X24019.Particulate matter air pollution (pm10); 2007,48993,0.000618620995754278,0.0029829180846155,-0.00522789845009209,0.00646514044160065,0.835709096326293
MYO6,Unconventional myosin-VI,Working and living environment,X24020.Average daytime sound level of noise pollution,49045,0.000237903545180818,0.0026806171742746,-0.00501610611639739,0.00549191320675903,0.929281854688883
MYO6,Unconventional myosin-VI,Working and living environment,X24021.Average evening sound level of noise pollution,49045,0.00022996724075531,0.00268126531061079,-0.00502531276804183,0.00548524724955245,0.931651568395517
MYO6,Unconventional myosin-VI,Working and living environment,X24022.Average night-time sound level of noise pollution,49045,0.000226222776938392,0.00268048350406765,-0.00502752489103421,0.00547997044491099,0.932742233533786
MYO6,Unconventional myosin-VI,Working and living environment,X24023.Average 16-hour sound level of noise pollution,49045,0.000235394785651317,0.00268079249437836,-0.00501895850333027,0.0054897480746329,0.930030236613634
MYO6,Unconventional myosin-VI,Working and living environment,X24024.Average 24-hour sound level of noise pollution,49045,0.000230963799412121,0.00268079928719652,-0.00502340280349305,0.00548533040231729,0.931344208690436
MYO6,Unconventional myosin-VI,Health and medical history,X2405.Number of children fathered,38586,0.0441599981613299,0.0613804217853495,-0.0761456285379552,0.164465624860615,0.471883067898018
MYO6,Unconventional myosin-VI,Working and living environment,"X24500.Greenspace percentage, buffer 1000m",46925,0.00453860174221524,0.00306060096692206,-0.00146017615295199,0.0105373796373825,0.138115579619083
MYO6,Unconventional myosin-VI,Working and living environment,"X24501.Domestic garden percentage, buffer 1000m",46925,-0.0025608584541445,0.00274991093972219,-0.00795068389599998,0.00282896698771099,0.351736206598126
MYO6,Unconventional myosin-VI,Working and living environment,"X24502.Water percentage, buffer 1000m",46925,-0.00119027475082875,0.00278967898212372,-0.00665804555579125,0.00427749605413375,0.669624252701164
MYO6,Unconventional myosin-VI,Working and living environment,"X24503.Greenspace percentage, buffer 300m",46925,0.00384805900516723,0.00285605342345907,-0.00174980570481255,0.00944592371514701,0.177889776869359
MYO6,Unconventional myosin-VI,Working and living environment,"X24504.Domestic garden percentage, buffer 300m",46925,-0.00254306398468292,0.00276162788752583,-0.00795585464423356,0.00286972667486771,0.357137692578431
MYO6,Unconventional myosin-VI,Working and living environment,"X24505.Water percentage, buffer 300m",46925,-0.000301216903732891,0.00281926897153542,-0.00582698408794232,0.00522455028047654,0.914915375812669
MYO6,Unconventional myosin-VI,Working and living environment,"X24506.Natural environment percentage, buffer 1000m",49175,0.00176601631056971,0.00298980244095873,-0.00409399647370939,0.00762602909484882,0.554741575600796
MYO6,Unconventional myosin-VI,Working and living environment,"X24507.Natural environment percentage, buffer 300m",49175,-0.00177138152253759,0.00280514768325895,-0.00726947098172514,0.00372670793664996,0.527737007184547
MYO6,Unconventional myosin-VI,Working and living environment,X24508.Distance (Euclidean) to coast,49175,0.00232025708928638,0.00263597857238292,-0.00284626091258414,0.0074867750911569,0.378747433736512
MYO6,Unconventional myosin-VI,Health and medical history,X2684.Years since last breast cancer screening  or  mammogram,34734,0.0184360213702786,0.0725601490212494,-0.12378187071137,0.160653913451927,0.799443836040798
MYO6,Unconventional myosin-VI,Health and medical history,X2704.Years since last cervical smear test,37311,-0.0414797777833634,0.0620473445532846,-0.163092573107801,0.0801330175410744,0.503821891899351
MYO6,Unconventional myosin-VI,Health and medical history,X2714.Age when periods started (menarche),39418,-0.0484553204945615,0.0502187385070414,-0.146884047968363,0.0499734069792395,0.33462510715665
MYO6,Unconventional myosin-VI,Health and medical history,X2734.Number of live births,39733,0.0168465755981486,0.0490462257585523,-0.0792840268886139,0.112977178084911,0.731241511141243
MYO6,Unconventional myosin-VI,Health and medical history,X2744.Birth weight of first child,38148,-0.0195015286755839,0.0526332884971801,-0.122662774130057,0.083659716778889,0.711006077153459
MYO6,Unconventional myosin-VI,Health and medical history,X2754.Age at first live birth,37057,-0.00380293230326524,0.00472858579460409,-0.0130709604606892,0.00546509585415877,0.421280926587292
MYO6,Unconventional myosin-VI,Health and medical history,X2764.Age at last live birth,37033,0.00354055608471023,0.00432846598457466,-0.00494323724505611,0.0120243494144766,0.413399075663927
MYO6,Unconventional myosin-VI,Health and medical history,X2794.Age started oral contraceptive pill,36097,0.00531388934503482,0.00698111210926727,-0.00836909038912902,0.0189968690791987,0.446575009784683
MYO6,Unconventional myosin-VI,Health and medical history,X2804.Age when last used oral contraceptive pill,35420,0.000206325946111423,0.00528255591564575,-0.0101474836485542,0.0105601355407771,0.968845417165972
MYO6,Unconventional myosin-VI,Lifestyle factors,X2867.Age started smoking in former smokers,35307,0.000263106199033356,0.00508142272691604,-0.00969648234572208,0.0102226947437888,0.958707231031831
MYO6,Unconventional myosin-VI,Mental health,"X28735.Feeling anxious, nervous or on edge over the last 2 weeks",35200,0.0126587279383885,0.0824644949577451,-0.148971682178792,0.174289138055569,0.878005056890953
MYO6,Unconventional myosin-VI,Mental health,X28736.Not being able to stop or control worrying over the last 2 weeks,35198,0.0667075245872479,0.0880080899983384,-0.105788331809495,0.239203380983991,0.448498479420982
MYO6,Unconventional myosin-VI,Mental health,X28737.Little interest or pleasure in doing things over the last 2 weeks,35209,0.0574781360517403,0.0888428091240908,-0.116653769831478,0.231610041934958,0.517679669649597
MYO6,Unconventional myosin-VI,Mental health,"X28738.Feeling down, depressed or hopeless over the last 2 weeks",35185,0.126103816277908,0.0861360732218348,-0.0427228872368881,0.294930519792704,0.143244512885466
MYO6,Unconventional myosin-VI,Mental health,X28739.Difficulty with standing for long periods,35213,0.0230728361414558,0.0690124205002124,-0.112191508038961,0.158337180321872,0.738143153700841
MYO6,Unconventional myosin-VI,Mental health,X28740.Difficulty with taking care of household responsibilities,35235,0.031336794484603,0.0760798371097492,-0.117779686250505,0.180453275219711,0.680432066842876
MYO6,Unconventional myosin-VI,Mental health,X28741.Difficulty learning a new task,35179,0.16250717808047,0.0822436374808483,0.00130964861800753,0.323704707542933,0.0482092624459517
MYO6,Unconventional myosin-VI,Mental health,X28742.Difficulty with joining in community activities,34952,0.0520322693973395,0.0910338583714914,-0.126394093010784,0.230458631805463,0.567635296318799
MYO6,Unconventional myosin-VI,Mental health,X28743.Difficulty with being emotionally affected by health problems,35203,0.0503533733477404,0.0785595970811235,-0.103623436931262,0.204330183626742,0.521574665323536
MYO6,Unconventional myosin-VI,Mental health,X28744.Difficulty with concentrating on doing something for ten minutes,35236,-0.053602097590776,0.122460158763359,-0.29362400876696,0.186419813585408,0.661611809048993
MYO6,Unconventional myosin-VI,Lifestyle factors,X2887.Number of cigarettes previously smoked daily,34910,0.0358495363600781,0.0705345324588472,-0.102398147259263,0.174097219979419,0.611294062305502
MYO6,Unconventional myosin-VI,Lifestyle factors,X2897.Age stopped smoking,35303,-0.00364492917300646,0.00479742511369707,-0.0130478823958527,0.00575802404983981,0.447422700211521
MYO6,Unconventional myosin-VI,Mental health,X29001#0.Mental health conditions experienced by first degree blood relatives_None of the above,34598,-0.00647183012967144,0.0117592715171305,-0.0295200023032471,0.0165763420439043,0.582095374291745
MYO6,Unconventional myosin-VI,Mental health,X29001#1.Mental health conditions experienced by first degree blood relatives_Depression,34598,-0.000409368609640652,0.0131553792822436,-0.026193912002838,0.0253751747835567,0.97517661311626
MYO6,Unconventional myosin-VI,Mental health,X29001#3.Mental health conditions experienced by first degree blood relatives_Schizophrenia,34598,0.0232147103486242,0.0433701426947089,-0.0617907693330052,0.108220190030254,0.592485606711954
MYO6,Unconventional myosin-VI,Mental health,X29001#4.Mental health conditions experienced by first degree blood relatives_Any other type of psychosis or psychotic illness,34598,0.0323280614316979,0.0539679504503623,-0.0734491214510123,0.138105244314408,0.549182436265259
MYO6,Unconventional myosin-VI,Mental health,X29001#5.Mental health conditions experienced by first degree blood relatives_A personality disorder,34598,0.0233322004072404,0.0625935049801459,-0.0993510693538455,0.146015470168326,0.709343532110701
MYO6,Unconventional myosin-VI,Mental health,X29001#7.Mental health conditions experienced by first degree blood relatives_Attention deficit or attention deficit and hyperactivity disorder,34598,0.00248720837000809,0.0501044794898206,-0.0957175714300403,0.100691988170056,0.960410755008776
MYO6,Unconventional myosin-VI,Mental health,X29001#8.Mental health conditions experienced by first degree blood relatives_An anxiety disorder,34598,-0.010042846234172,0.0217662863197818,-0.0527047674209442,0.0326190749526003,0.644534119525992
MYO6,Unconventional myosin-VI,Mental health,X29001#9.Mental health conditions experienced by first degree blood relatives_An eating disorder,34598,0.0125056795322788,0.037141670325273,-0.0602919943052563,0.0853033533698139,0.736354531455797
MYO6,Unconventional myosin-VI,Mental health,X29002.Recent lack of interest or pleasure in doing things,34569,0.0527671005792127,0.0901618160713825,-0.123950058920697,0.229484260079122,0.558404969276616
MYO6,Unconventional myosin-VI,Mental health,X29003.Recent feelings of depression,34558,0.0429281118139817,0.0883653312193314,-0.130267937375908,0.216124161003871,0.627126947919981
MYO6,Unconventional myosin-VI,Mental health,"X29004.Trouble falling or staying asleep, or sleeping too much",34572,0.0466120896786143,0.0685501311448814,-0.0877461673653532,0.180970346722582,0.49655220872321
MYO6,Unconventional myosin-VI,Mental health,X29005.Recent feelings of tiredness or low energy,34575,0.0410610703801808,0.0679609337688935,-0.0921423598068504,0.174264500567212,0.545745217637831
MYO6,Unconventional myosin-VI,Mental health,X29006.Recent poor appetite or overeating,34584,0.108073687477345,0.103728675235679,-0.0952345159845867,0.311381890939276,0.297510240870726
MYO6,Unconventional myosin-VI,Mental health,X29007.Recent feelings of inadequacy,34556,-0.0142690301035211,0.102831320103511,-0.215818417506404,0.187280357299361,0.889643816555649
MYO6,Unconventional myosin-VI,Mental health,X29008.Recent trouble concentrating on things,34582,-0.18114792314711,0.106022987992321,-0.388952979612059,0.0266571333178398,0.087587849665285
MYO6,Unconventional myosin-VI,Mental health,X29009.Recent changes in speed or amount of moving or speaking,34576,-0.0673263947621722,0.175764015557593,-0.411823865255055,0.277171075730711,0.701697873116544
MYO6,Unconventional myosin-VI,Mental health,X29010.Recent thoughts of suicide or self-harm,34556,0.0487902365651946,0.182353426010455,-0.308622478415298,0.406202951545687,0.789049357457988
MYO6,Unconventional myosin-VI,Mental health,X29038#0.Substances taken for depression_None of options listed,35417,-0.00100508092220326,0.022557256261725,-0.0452173031951842,0.0432071413507777,0.964461944231044
MYO6,Unconventional myosin-VI,Mental health,X29038#1.Substances taken for depression_Drugs or alcohol (more than once),35417,-0.073152779992497,0.0560293322271763,-0.182970271157763,0.0366647111727685,0.191731517860911
MYO6,Unconventional myosin-VI,Mental health,X29038#2.Substances taken for depression_Medication prescribed to participant (for at least 2 weeks),35417,-0.0274460123959774,0.0229263076973358,-0.0723815754827557,0.0174895506908008,0.231297381274563
MYO6,Unconventional myosin-VI,Mental health,X29038#3.Substances taken for depression_Unprescribed medication (more than once),35417,-0.0287554098680474,0.0708589836322966,-0.167639017787349,0.110128198051254,0.684894858926367
MYO6,Unconventional myosin-VI,Mental health,X29039#1.Use of specific medications_Citalopram (sometimes called Cipramil),35417,-0.0711563519665809,0.0586561802089131,-0.186122465176051,0.0438097612428887,0.225134117459185
MYO6,Unconventional myosin-VI,Mental health,X29039#2.Use of specific medications_Fluoxetine (Prozac or Oxactin),35417,0.00901871874079201,0.0625514252417554,-0.113582074733049,0.131619512214633,0.885362317527425
MYO6,Unconventional myosin-VI,Mental health,X29039#3.Use of specific medications_Sertraline (Lustral),35417,0.0238250162284605,0.0663388997727677,-0.106199227326164,0.153849259783085,0.719501824964841
MYO6,Unconventional myosin-VI,Mental health,X29039#5.Use of specific medications_Amitriptyline (Elavil),35417,-0.0921464977458016,0.0609147497448399,-0.211539407245688,0.0272464117540847,0.130403506988021
MYO6,Unconventional myosin-VI,Mental health,X29039#7.Use of specific medications_Other antidepressant(s),35417,-0.0378182714130749,0.0399989175726202,-0.116216149855411,0.0405796070292607,0.344449375418996
MYO6,Unconventional myosin-VI,Mental health,X29047#0.Activities undertaken to treat depression_None of options listed,35417,-0.0177806076749759,0.020700019062006,-0.0583526450365077,0.0227914296865559,0.390392489903817
MYO6,Unconventional myosin-VI,Mental health,X29051#0.Manifestations of mania or irritability_None of options listed,35417,0.0331632408866476,0.0360592235855102,-0.0375128373409525,0.103839319114248,0.357771390430814
MYO6,Unconventional myosin-VI,Mental health,X29051#1.Manifestations of mania or irritability_More active than usual,35417,-0.00979888515814944,0.0579458150029133,-0.123372682563859,0.103774912247561,0.865720116912887
MYO6,Unconventional myosin-VI,Mental health,X29051#2.Manifestations of mania or irritability_More confident than usual,35417,-0.0481249929525369,0.0780861051675004,-0.201173759080838,0.104923773175764,0.53771463401351
MYO6,Unconventional myosin-VI,Mental health,X29051#3.Manifestations of mania or irritability_Easily distracted,35417,-0.0390302041980296,0.0566008317319345,-0.149967834392621,0.071907425996562,0.490490698717761
MYO6,Unconventional myosin-VI,Mental health,X29051#4.Manifestations of mania or irritability_More creative or had more ideas than usual,35417,0.0323391465313573,0.0798540519662659,-0.124174795322524,0.188853088385238,0.685507489488995
MYO6,Unconventional myosin-VI,Mental health,X29051#5.Manifestations of mania or irritability_Neded less sleep than usual,35417,-0.0465534641896571,0.076528535459385,-0.196549393690052,0.103442465310738,0.543000705061841
MYO6,Unconventional myosin-VI,Mental health,X29051#6.Manifestations of mania or irritability_Thoughts were racing,35417,-0.0680142695896625,0.0443958099037648,-0.155030057001041,0.0190015178217164,0.12557388454639
MYO6,Unconventional myosin-VI,Mental health,X29051#7.Manifestations of mania or irritability_More restless than usual,35417,-0.0127851222711458,0.0426488622251824,-0.0963768922325033,0.0708066476902117,0.764357732102985
MYO6,Unconventional myosin-VI,Mental health,X29051#8.Manifestations of mania or irritability_More talkative than usual,35417,-0.0279284022069346,0.0624890460127599,-0.150406932391944,0.0945501279780748,0.654939158395831
MYO6,Unconventional myosin-VI,Mental health,X29058.Recent feelings or nervousness or anxiety,34493,-0.0657056318253838,0.0844202472824973,-0.231169316499079,0.099758052848311,0.436417491025851
MYO6,Unconventional myosin-VI,Mental health,X29059.Recent inability to stop or control worrying,34505,-0.0545015869869172,0.0865250887895726,-0.224090761014479,0.115087587040645,0.528791403705428
MYO6,Unconventional myosin-VI,Mental health,X29060.Recent worrying too much about different things,34503,-0.0196016858538153,0.0785788861062821,-0.173616302622128,0.134412930914498,0.803020568465836
MYO6,Unconventional myosin-VI,Mental health,X29061.Recent trouble relaxing,34501,0.041395449737091,0.0839928684881835,-0.123230572499749,0.206021471973931,0.622142640211985
MYO6,Unconventional myosin-VI,Mental health,X29062.Recent restlessness,34515,0.167321855423635,0.115463042298458,-0.0589857074813422,0.393629418328612,0.147358063885069
MYO6,Unconventional myosin-VI,Mental health,X29063.Recent easy annoyance or irritability,34486,0.115749629395323,0.083428940079036,-0.0477710931595876,0.279270351950234,0.165377106601683
MYO6,Unconventional myosin-VI,Mental health,X29064.Recent feelings of foreboding,34489,0.0442697489883319,0.0955203565583225,-0.14295014986598,0.231489647842644,0.643054602483673
MYO6,Unconventional myosin-VI,Mental health,X29065#1.Symptoms of panic attack_Heart was pounding or racing,35417,0.00505589262965162,0.0258970711152154,-0.0457023667561707,0.0558141520154739,0.845219043168124
MYO6,Unconventional myosin-VI,Mental health,X29065#11.Symptoms of panic attack_Felt like things weren't real or detached from self,35417,-0.05342196284872,0.0453298449571388,-0.142268458964712,0.035424533267272,0.238635883965877
MYO6,Unconventional myosin-VI,Mental health,X29065#12.Symptoms of panic attack_Afraid of losing control or 'going crazy',35417,-0.0899447887406375,0.0566404540271967,-0.200960078633943,0.021070501152668,0.112338149159665
MYO6,Unconventional myosin-VI,Mental health,X29065#13.Symptoms of panic attack_Afraid I was going to die,35417,-0.0676176655339964,0.0541934495483787,-0.173836826648819,0.0386014955808258,0.212184519327161
MYO6,Unconventional myosin-VI,Mental health,X29065#2.Symptoms of panic attack_Sweating,35417,0.0160895304963583,0.0391524028609753,-0.0606491791111533,0.0928282401038698,0.681126147268742
MYO6,Unconventional myosin-VI,Mental health,X29065#3.Symptoms of panic attack_Trembling or shaking,35417,0.0165014425274245,0.0427154317533122,-0.0672208037090673,0.100223688763916,0.699279538243428
MYO6,Unconventional myosin-VI,Mental health,X29065#6.Symptoms of panic attack_Pain or discomfort in chest,35417,0.0310135148079901,0.042687382127835,-0.0526537541625664,0.114680783778547,0.467543387283774
MYO6,Unconventional myosin-VI,Mental health,X29065#7.Symptoms of panic attack_Nauseous or felt sick in the stomach,35417,-0.0187508805407107,0.0427013905924718,-0.102445606101956,0.0649438450205341,0.660592448679682
MYO6,Unconventional myosin-VI,Mental health,X29065#9.Symptoms of panic attack_Felt hot or cold,35417,0.0154361228136145,0.0531959409919066,-0.0888279215305225,0.119700167157751,0.771692163999718
MYO6,Unconventional myosin-VI,Mental health,X29076.Felt loved as a child,34487,-0.0510027112111061,0.073466463388845,-0.194996979453242,0.09299155703103,0.487567713250461
MYO6,Unconventional myosin-VI,Mental health,X29077.Physically abused by family as a child,34508,0.0917026975676341,0.10380349982381,-0.111752162087033,0.295157557222302,0.377046202564559
MYO6,Unconventional myosin-VI,Mental health,X29078.Felt hated by family member as a child,34493,0.31146167629616,0.0951341740542876,0.124998695149756,0.497924657442564,0.00106747706831149
MYO6,Unconventional myosin-VI,Mental health,X29079.Sexually molested as a child,34454,0.0178139127002965,0.135938255211114,-0.248625067513487,0.28425289291408,0.895745398589232
MYO6,Unconventional myosin-VI,Mental health,X29080.Someone to take to doctor when needed as a child,34472,-0.161847959007697,0.0921022564935449,-0.342368381735046,0.0186724637196506,0.0789308634282315
MYO6,Unconventional myosin-VI,Mental health,X29081.Stopped from seeing friends or family by partner or ex-partner as an adult,34496,0.122271528212017,0.153257980529633,-0.178114113626063,0.422657170050097,0.425013544379765
MYO6,Unconventional myosin-VI,Mental health,X29082.Belittlement by partner or ex-partner as an adult,34463,-0.039026296007248,0.121514731742488,-0.277195170222525,0.199142578208029,0.748097987554198
MYO6,Unconventional myosin-VI,Mental health,X29083.Physical violence by partner or ex-partner as an adult,34501,-0.112574154246124,0.145323205907013,-0.397407637823869,0.172259329331621,0.438582921048494
MYO6,Unconventional myosin-VI,Mental health,X29084.Sexual interference by partner or ex-partner without consent as an adult,34490,-0.137108995706849,0.206172513505444,-0.541207122177519,0.266989130763821,0.506066196187823
MYO6,Unconventional myosin-VI,Mental health,X29085.Sexual intercourse by partner or ex-partner without consent as an adult,34490,-0.0346363259550772,0.178956653995443,-0.385391367786146,0.316118715875992,0.846538889406653
MYO6,Unconventional myosin-VI,Mental health,X29086.Experienced a violent or sexual assault,34504,-0.329850343734154,0.193212056979304,-0.708545975413589,0.0488452879452812,0.0878445878377315
MYO6,Unconventional myosin-VI,Mental health,X29087.Experienced a life-threatening injury or illness,34501,-0.0550458751664273,0.082144444163875,-0.216048985727622,0.105957235394768,0.502816353940753
MYO6,Unconventional myosin-VI,Mental health,X29088.Experienced a marital separation or divorce,34502,-0.0252905055693507,0.0820092506249256,-0.186028636794205,0.135447625655503,0.757800729817217
MYO6,Unconventional myosin-VI,Mental health,X29089.Experienced the death of a spouse or partner,34511,-0.0559381670200471,0.0891934079564152,-0.230757246614621,0.118880912574527,0.530584018380243
MYO6,Unconventional myosin-VI,Mental health,X29090.Experienced the death of a close friend or family member due to suicide,34501,0.121776175931461,0.0985940710033427,-0.0714682032350909,0.315020555098012,0.216838017535763
MYO6,Unconventional myosin-VI,Lifestyle factors,X29091.Frequency of drinking alcohol,34499,0.0310455637437622,0.0652352407134339,-0.0968155080545682,0.158906635542093,0.63416399917183
MYO6,Unconventional myosin-VI,Lifestyle factors,X29092.Amount of alcohol drunk on a typical drinking day,33847,-0.0152736653098286,0.0817907450261553,-0.175583525561093,0.145036194941436,0.851872048327401
MYO6,Unconventional myosin-VI,Lifestyle factors,X29093.Frequency of consuming six or more units of alcohol,33868,-0.0555232524961948,0.0853858437219003,-0.222879506191119,0.11183300119873,0.515554350953606
MYO6,Unconventional myosin-VI,Mental health,X29104.Ever used cannabis,34500,0.00637397933328526,0.122715664992964,-0.234148724052925,0.246896682719496,0.958577629086283
MYO6,Unconventional myosin-VI,Mental health,X29108.Ever thought that life not worth living,34473,-0.0104693794225501,0.0886837643589283,-0.18428955756605,0.163350798720949,0.906030200518277
MYO6,Unconventional myosin-VI,Mental health,X29109.Ever contemplated self-harm,34493,0.00563906259012584,0.133709834199795,-0.256432212441472,0.267710337621723,0.966361673476737
MYO6,Unconventional myosin-VI,Mental health,X29111.Ever self-harmed,34500,0.063901160290887,0.23206305178007,-0.390942421198051,0.518744741779825,0.783049474697582
MYO6,Unconventional myosin-VI,Diet and food preferences,X29132.Ever had recurrent episodes of excessive overeating or binge eating,34488,-0.0757964956119201,0.141105297709039,-0.352362879121637,0.200769887897796,0.59117784793624
MYO6,Unconventional myosin-VI,Diet and food preferences,X29136#1.Actions and feelings during periods of overeating or binge eating_Eaten much more rapidly than normal,35968,-0.0205644935192927,0.0616218594041621,-0.14134333795145,0.100214350912865,0.738600615079285
MYO6,Unconventional myosin-VI,Diet and food preferences,X29136#2.Actions and feelings during periods of overeating or binge eating_Eaten until feeling uncomfortably full,35968,-0.109910590955817,0.0456285444325171,-0.199342538043551,-0.0204786438680838,0.0160310594421717
MYO6,Unconventional myosin-VI,Diet and food preferences,X29136#3.Actions and feelings during periods of overeating or binge eating_Eaten large amounts of food when not physically hungry,35968,0.00934340777206334,0.0540569435837139,-0.0966082016520159,0.115295017196143,0.862779368318441
MYO6,Unconventional myosin-VI,Diet and food preferences,X29136#4.Actions and feelings during periods of overeating or binge eating_Eaten alone because of feeling embarrassed by overeating,35968,-0.0655260358310688,0.0847594678484587,-0.231654592814048,0.10060252115191,0.43950070941312
MYO6,Unconventional myosin-VI,Diet and food preferences,X29149.Dependency of self-esteem on body shape or weight currently,34479,-0.017084127977914,0.0764092314961046,-0.166846221710279,0.132677965754451,0.823087148967649
MYO6,Unconventional myosin-VI,Health and medical history,X29153.Pain or discomfort today,34491,-0.0477078890093683,0.0684931944098102,-0.181954550052596,0.0865387720338595,0.486124592821852
MYO6,Unconventional myosin-VI,Mental health,X29154.Anxiety or depression today,34491,0.0198433102507588,0.0886240623679662,-0.153859851990455,0.193546472491973,0.822840395528053
MYO6,Unconventional myosin-VI,Mental health,X29166.Frequency of confiding in someone close,34331,0.0293725100144658,0.0691995968514551,-0.106258699814386,0.165003719843318,0.671247642514573
MYO6,Unconventional myosin-VI,Lifestyle factors,X29167#0.Sports and social activities attended in person at least once a week_None of the above,34476,0.0107089127102156,0.0113841631646761,-0.0116040470925497,0.0330218725129808,0.346909271901323
MYO6,Unconventional myosin-VI,Lifestyle factors,X29167#1.Sports and social activities attended in person at least once a week_Sports club or gym or fitness class,34476,0.000432397861225963,0.0116422963404647,-0.0223865029660848,0.0232512986885367,0.970374578381892
MYO6,Unconventional myosin-VI,Lifestyle factors,X29167#2.Sports and social activities attended in person at least once a week_Pub or social club,34476,-0.0048579356001658,0.0144812680237422,-0.0332412209267005,0.0235253497263689,0.737288862011602
MYO6,Unconventional myosin-VI,Lifestyle factors,X29167#3.Sports and social activities attended in person at least once a week_Religious group,34476,-0.0151606422500253,0.0134573905465645,-0.0415371277212917,0.011215843221241,0.259977086040132
MYO6,Unconventional myosin-VI,Lifestyle factors,X29167#4.Sports and social activities attended in person at least once a week_Adult education class,34476,-0.0470000417691022,0.0226814753652104,-0.0914557334849146,-0.00254435005328991,0.0382973047890902
MYO6,Unconventional myosin-VI,Lifestyle factors,X29167#5.Sports and social activities attended in person at least once a week_Other group activity,34476,-0.0124739376302238,0.011018080608418,-0.0340693756227231,0.00912150036227549,0.257629725268885
MYO6,Unconventional myosin-VI,Lifestyle factors,X29168#0.Sports and social activities attended virtually at least once a week_None of the above,34472,-0.00388858682336191,0.0117896424687381,-0.0269962860620886,0.0192191124153648,0.741540927330091
MYO6,Unconventional myosin-VI,Lifestyle factors,X29168#1.Sports and social activities attended virtually at least once a week_Sports club or gym or fitness class,34472,0.0260064494783745,0.0181442120793542,-0.00955620619715975,0.0615691051539087,0.151825838533951
MYO6,Unconventional myosin-VI,Lifestyle factors,X29168#2.Sports and social activities attended virtually at least once a week_Pub or social club,34472,0.0541025711595644,0.0262361772374348,0.00267966377419218,0.105525478544937,0.0392436055729776
MYO6,Unconventional myosin-VI,Lifestyle factors,X29168#3.Sports and social activities attended virtually at least once a week_Religious group,34472,-0.0290960975399843,0.0210558438402789,-0.070365551466931,0.0121733563869624,0.16707508271632
MYO6,Unconventional myosin-VI,Lifestyle factors,X29168#4.Sports and social activities attended virtually at least once a week_Adult education class,34472,-0.045178160541422,0.0350394551077884,-0.113855492552687,0.0234991714698433,0.197332547643622
MYO6,Unconventional myosin-VI,Lifestyle factors,X29168#5.Sports and social activities attended virtually at least once a week_Other group activity,34472,0.00377803702778854,0.0159103360993746,-0.0274062217269856,0.0349622957825627,0.812310693717983
MYO6,Unconventional myosin-VI,Mental health,X29171.Frequency of feeling 'in tune' with people,34388,-0.0603200115089433,0.0866315313004747,-0.230117812857874,0.109477789839987,0.486283148065686
MYO6,Unconventional myosin-VI,Mental health,X29172.Freuency of feeling that lacks companionship,34458,0.0631088437920019,0.0768418644548987,-0.0875012105395994,0.213718898123603,0.411522830782993
MYO6,Unconventional myosin-VI,Mental health,X29173.Frequency of feeling left out,34422,0.0805702734228269,0.0819843847517838,-0.0801191206906694,0.241259667536323,0.325775264397209
MYO6,Unconventional myosin-VI,Mental health,X29174.Frequency of feeling isolated from others,34449,-0.00823624775655402,0.0862583707893255,-0.177302654503632,0.160830158990524,0.923934468100095
MYO6,Unconventional myosin-VI,Mental health,X29175.Tendency to bounce back quickly after hard times,34487,0.0154710600741366,0.0689153554432596,-0.119603036594652,0.150545156742925,0.822381873177461
MYO6,Unconventional myosin-VI,Mental health,X29176.Ability to make it through stressful events,34487,-0.108127774293871,0.0661879525230762,-0.2378561612391,0.0216006126513586,0.102392424074929
MYO6,Unconventional myosin-VI,Mental health,X29177.Quick recovery from stressful events,34487,0.0920511327808908,0.0678198613789558,-0.0408757955218626,0.224978061083644,0.174747393160751
MYO6,Unconventional myosin-VI,Mental health,X29178.Hard to snap back when something bad happens,34487,-0.0476692670485015,0.0651565183173876,-0.175376042950581,0.0800375088535783,0.464438050324949
MYO6,Unconventional myosin-VI,Mental health,X29179.Comes through difficult times with little trouble,34487,0.0622767975692415,0.0683808530246671,-0.0717496743591059,0.196303269497589,0.362476811407121
MYO6,Unconventional myosin-VI,Mental health,X29180.Tendency to take a long time to get over setbacks,34487,-0.0745749513305349,0.066485558758472,-0.20488664649714,0.0557367438360703,0.262053082807259
MYO6,Unconventional myosin-VI,Mental health,X29181.General happiness,34462,0.0159240024461435,0.0705289029561584,-0.122312647347927,0.154160652240214,0.821381444615071
MYO6,Unconventional myosin-VI,Mental health,X29182.Belief that own life is meaningful,34378,-0.0457564030283657,0.0711265656378018,-0.185164471678457,0.0936516656217257,0.520051694766454
MYO6,Unconventional myosin-VI,Lifestyle factors,X2926.Number of unsuccessful stop-smoking attempts,34737,-0.0131756320572678,0.0665791520465471,-0.1436707700685,0.117319505953964,0.843135051529419
MYO6,Unconventional myosin-VI,Health and medical history,X2946.Father's age,30044,0.00225632547310785,0.0263951154374765,-0.0494781007843461,0.0539907517305618,0.931897786695328
MYO6,Unconventional myosin-VI,Health and medical history,X2966.Age high blood pressure diagnosed,35715,-0.00660179652044619,0.00492331142542348,-0.0162514869142762,0.00304789387338382,0.179991170166777
MYO6,Unconventional myosin-VI,Blood and urine assays,X30000.White blood cell (leukocyte) count,48651,0.00953497912511065,0.00290389050500742,0.00384335373529611,0.0152266045149252,0.00102700683184907
MYO6,Unconventional myosin-VI,Blood and urine assays,X30010.Red blood cell (erythrocyte) count,48652,-0.00713366826255046,0.00310435867427585,-0.0132182112641311,-0.00104912526096979,0.0215750579567956
MYO6,Unconventional myosin-VI,Blood and urine assays,X30020.Haemoglobin concentration,48652,-0.0107904178853567,0.00335605092432428,-0.0173682776970323,-0.00421255807368108,0.00130560639094012
MYO6,Unconventional myosin-VI,Blood and urine assays,X30030.Haematocrit percentage,48652,-0.00724205867093458,0.00326008632902073,-0.0136318278758152,-0.000852289466053954,0.0263332075505965
MYO6,Unconventional myosin-VI,Blood and urine assays,X30040.Mean corpuscular volume,48652,0.0018910999076527,0.00281594336986228,-0.00362814909727738,0.00741034891258277,0.501866174255269
MYO6,Unconventional myosin-VI,Blood and urine assays,X30050.Mean corpuscular haemoglobin,48652,-0.00171142934562417,0.00282329932398498,-0.00724509602063472,0.00382223732938639,0.544401889204349
MYO6,Unconventional myosin-VI,Blood and urine assays,X30060.Mean corpuscular haemoglobin concentration,48652,-0.00725439337490689,0.00275521918448907,-0.0126546229765055,-0.00185416377330831,0.00847101640721866
MYO6,Unconventional myosin-VI,Blood and urine assays,X30070.Red blood cell (erythrocyte) distribution width,48652,0.00530729071075354,0.00284365463361922,-0.000266272371140124,0.0108808537926472,0.0620056803290655
MYO6,Unconventional myosin-VI,Blood and urine assays,X30080.Platelet count,48652,0.0315426304826788,0.00278667501609902,0.0260807474511247,0.0370045135142329,1.30651158440209e-29
MYO6,Unconventional myosin-VI,Blood and urine assays,X30090.Platelet crit,48652,0.026970635596751,0.00284701319848742,0.0213904897277157,0.0325507814657864,3.01267365147699e-21
MYO6,Unconventional myosin-VI,Blood and urine assays,X30100.Mean platelet (thrombocyte) volume,48652,-0.0166898234292103,0.00265374966227649,-0.0218911727672722,-0.0114884740911484,3.26013594919607e-10
MYO6,Unconventional myosin-VI,Blood and urine assays,X30110.Platelet distribution width,48652,-0.00804613793343356,0.00277023849561622,-0.0134758053848413,-0.00261647048202578,0.003682624934451
MYO6,Unconventional myosin-VI,Blood and urine assays,X30120.Lymphocyte count,48618,0.0031086697345947,0.00273540588822815,-0.00225272580633247,0.00847006527552187,0.25577959184698
MYO6,Unconventional myosin-VI,Blood and urine assays,X30130.Monocyte count,48618,0.00276278742905168,0.00280328279764317,-0.00273164685432892,0.00825722171243229,0.324364146637635
MYO6,Unconventional myosin-VI,Blood and urine assays,X30140.Neutrophill count,48618,0.00972804960358045,0.00288050109125072,0.00408226746472904,0.0153738317424319,0.000733694609140159
MYO6,Unconventional myosin-VI,Blood and urine assays,X30150.Eosinophill count,48618,0.00195936928461192,0.00274857141055178,-0.00342783068006957,0.00734656924929341,0.475935852652678
MYO6,Unconventional myosin-VI,Blood and urine assays,X30160.Basophill count,48618,0.0234845306785338,0.0392259726805888,-0.0533983757754202,0.100367437132488,0.549380945115001
MYO6,Unconventional myosin-VI,Blood and urine assays,X30170.Nucleated red blood cell count,48618,-0.545802235684913,0.234134320643314,-1.00470550414581,-0.0868989672240187,0.0197556257133461
MYO6,Unconventional myosin-VI,Blood and urine assays,X30180.Lymphocyte percentage,48619,-0.0034682054094511,0.00272697078483313,-0.00881306814772403,0.00187665732882184,0.203453685301481
MYO6,Unconventional myosin-VI,Blood and urine assays,X30190.Monocyte percentage,48619,-0.00384545027433052,0.00277183782347648,-0.00927825240834442,0.00158735185968339,0.165357459306792
MYO6,Unconventional myosin-VI,Blood and urine assays,X30200.Neutrophill percentage,48619,0.00435799442276767,0.00271149931793708,-0.000956544240389012,0.00967253308592434,0.108020873897462
MYO6,Unconventional myosin-VI,Blood and urine assays,X30210.Eosinophill percentage,48619,-0.00117925885470134,0.00273312019313784,-0.0065361744332515,0.00417765672384882,0.666131586821973
MYO6,Unconventional myosin-VI,Blood and urine assays,X30220.Basophill percentage,48619,0.000252824792967886,0.00273053234368792,-0.00509901860066044,0.00560466818659622,0.926228845760644
MYO6,Unconventional myosin-VI,Blood and urine assays,X30230.Nucleated red blood cell percentage,48618,-0.546770273918934,0.234138713928653,-1.00568215321909,-0.0878583946187736,0.0195409739723304
MYO6,Unconventional myosin-VI,Blood and urine assays,X30240.Reticulocyte percentage,48296,0.00207088020253536,0.0029600252703732,-0.00373076932739611,0.00787252973246683,0.484175843572398
MYO6,Unconventional myosin-VI,Blood and urine assays,X30250.Reticulocyte count,48296,0.00063927599948226,0.00301639380980879,-0.00527285586774297,0.00655140786670749,0.832160891074554
MYO6,Unconventional myosin-VI,Blood and urine assays,X30260.Mean reticulocyte volume,48296,0.00282353732887092,0.00277396462971285,-0.00261343334536626,0.00826050800310811,0.308752297356827
MYO6,Unconventional myosin-VI,Blood and urine assays,X30270.Mean sphered cell volume,48296,0.00364324847279057,0.00281315874168242,-0.00187054266090698,0.00915703960648812,0.195310388380192
MYO6,Unconventional myosin-VI,Blood and urine assays,X30280.Immature reticulocyte fraction,48296,0.00147064871762404,0.00292510541328136,-0.00426255789240742,0.0072038553276555,0.615133354326953
MYO6,Unconventional myosin-VI,Blood and urine assays,X30290.High light scatter reticulocyte percentage,48296,0.00253167771416999,0.00301799657138644,-0.00338359556574743,0.00844695099408741,0.401558167105564
MYO6,Unconventional myosin-VI,Blood and urine assays,X30300.High light scatter reticulocyte count,48296,0.00156782905248179,0.00305927991297543,-0.00442835957695004,0.00756401768191363,0.608318916590639
MYO6,Unconventional myosin-VI,Blood and urine assays,X30500.Microalbumin in urine,36061,0.00827571141210611,0.004568495983128,-0.000678540714824765,0.017229963539037,0.0701111900198996
MYO6,Unconventional myosin-VI,Blood and urine assays,X30510.Creatinine (enzymatic) in urine,48632,-0.00427062261162684,0.00304663092938438,-0.0102420192332202,0.00170077400996654,0.161005125720299
MYO6,Unconventional myosin-VI,Blood and urine assays,X30520.Potassium in urine,48601,-0.00597605368232853,0.00285341438381313,-0.0115687458746023,-0.000383361490054785,0.0362415851115844
MYO6,Unconventional myosin-VI,Blood and urine assays,X30530.Sodium in urine,48582,-0.000691194795227596,0.00299986319497758,-0.00657092665738364,0.00518853706692845,0.817776576335446
MYO6,Unconventional myosin-VI,Blood and urine assays,X30600.Albumin,46689,-0.00110986998253683,0.00292199901751396,-0.00683698805686419,0.00461724809179054,0.704074419410061
MYO6,Unconventional myosin-VI,Blood and urine assays,X30610.Alkaline phosphatase,48265,0.00588817710954745,0.00291506578986244,0.000174648161417067,0.0116017060576778,0.0434064455901993
MYO6,Unconventional myosin-VI,Blood and urine assays,X30620.Alanine aminotransferase,48269,-0.00388830776434204,0.0030942126839859,-0.00995296462495441,0.00217634909627033,0.208899840643304
MYO6,Unconventional myosin-VI,Blood and urine assays,X30630.Apolipoprotein A,46562,-0.0108088818340471,0.00322613571859777,-0.0171321078424987,-0.00448565582559548,0.000808635072214369
MYO6,Unconventional myosin-VI,Blood and urine assays,X30640.Apolipoprotein B,48181,0.00380925826422867,0.00269987469887116,-0.00148249614555881,0.00910101267401615,0.158289934294215
MYO6,Unconventional myosin-VI,Blood and urine assays,X30650.Aspartate aminotransferase,48210,-0.00288172271375632,0.00295995259131853,-0.00868322979274064,0.002919784365228,0.330282191673072
MYO6,Unconventional myosin-VI,Blood and urine assays,X30660.Direct bilirubin,45482,-0.0046655983731552,0.00311164536641204,-0.0107644232913228,0.0014332265450124,0.133789498703252
MYO6,Unconventional myosin-VI,Blood and urine assays,X30670.Urea,48257,-0.000855155604197238,0.00290426282807831,-0.00654751074723072,0.00483719953883625,0.768418477318859
MYO6,Unconventional myosin-VI,Blood and urine assays,X30680.Calcium,46686,0.00892860696527729,0.00284088205031513,0.00336047814665964,0.0144967357838949,0.0016756259449546
MYO6,Unconventional myosin-VI,Blood and urine assays,X30690.Cholesterol,48273,0.00205272412887573,0.00272636794523861,-0.00329095704379195,0.00739640530154342,0.451510105545482
MYO6,Unconventional myosin-VI,Blood and urine assays,X30700.Creatinine,48265,0.00294034921228569,0.00327910036142905,-0.00348668749611525,0.00936738592068664,0.369893608142627
MYO6,Unconventional myosin-VI,Blood and urine assays,X30710.C-reactive protein,48217,0.0105128620419728,0.00307496355847175,0.00448593346736817,0.0165397906165774,0.000630164994973796
MYO6,Unconventional myosin-VI,Blood and urine assays,X30720.Cystatin C,48280,0.00960941287226554,0.00320505032780016,0.00332751422977723,0.0158913115147538,0.00271920488919364
MYO6,Unconventional myosin-VI,Blood and urine assays,X30730.Gamma glutamyltransferase,48266,0.00321090276056013,0.00312277670022501,-0.0029097395718809,0.00933154509300115,0.303859196368031
MYO6,Unconventional myosin-VI,Blood and urine assays,X30740.Glucose,46672,0.0057805135004175,0.00291681230047473,6.35613914870279e-05,0.011497465609348,0.0475182336828578
MYO6,Unconventional myosin-VI,Blood and urine assays,X30750.Glycated haemoglobin (HbA1c),48270,0.00665883920273283,0.00301386627415385,0.00075166130539128,0.0125660171000744,0.0271585959556078
MYO6,Unconventional myosin-VI,Blood and urine assays,X30760.HDL cholesterol,46679,-0.012352998417709,0.00329904991558966,-0.0188191362522647,-0.00588686058315323,0.000181397258228017
MYO6,Unconventional myosin-VI,Blood and urine assays,X30770.IGF-1,48162,-0.00187763811544427,0.00286284509507324,-0.00748881450178782,0.00373353827089928,0.511919345421417
MYO6,Unconventional myosin-VI,Blood and urine assays,X30780.LDL direct,48228,0.00322228299432206,0.00267122179667135,-0.00201331172715379,0.00845787771579791,0.227718542037909
MYO6,Unconventional myosin-VI,Blood and urine assays,X30790.Lipoprotein A,44402,0.00202482411603098,0.00302219683275003,-0.00389868167615907,0.00794832990822103,0.502878037173368
MYO6,Unconventional myosin-VI,Blood and urine assays,X30810.Phosphate,46655,0.00465831927340539,0.00303687154490384,-0.00129394895460613,0.0106105875014169,0.125067349606406
MYO6,Unconventional myosin-VI,Blood and urine assays,X30830.SHBG,46528,-0.00501829211309819,0.00352195521742241,-0.0119213243392461,0.00188474011304973,0.154215759982452
MYO6,Unconventional myosin-VI,Blood and urine assays,X30840.Total bilirubin,48193,-0.00670637592070518,0.00300781044645858,-0.012601684395764,-0.000811067445646374,0.025782077250688
MYO6,Unconventional myosin-VI,Blood and urine assays,X30850.Testosterone,46021,0.00702127802902883,0.00475158885535537,-0.0022918361274677,0.0163343921855254,0.139514971988404
MYO6,Unconventional myosin-VI,Blood and urine assays,X30860.Total protein,46673,0.0186327832648205,0.00283769138861998,0.0130709081431254,0.0241946583865157,5.30768554035658e-11
MYO6,Unconventional myosin-VI,Blood and urine assays,X30870.Triglycerides,48261,0.00947832036200521,0.00311563177729909,0.00337168207849901,0.0155849586455114,0.00235188777356388
MYO6,Unconventional myosin-VI,Blood and urine assays,X30880.Urate,48241,0.00596917170306266,0.00338813355759377,-0.000671570069821134,0.0126099134759465,0.0781212297817324
MYO6,Unconventional myosin-VI,Blood and urine assays,X30890.Vitamin D,47301,-0.00179088075506836,0.00315048795380737,-0.0079658371445308,0.00438407563439408,0.569739540000357
MYO6,Unconventional myosin-VI,Physical measures,X3137.Number of measurements made,47047,0.0816045533150344,0.0471014233964317,-0.0107142365419718,0.173923343172041,0.0831967973339713
MYO6,Unconventional myosin-VI,Physical measures,X3143.Ankle spacing width,40485,0.00815681712094304,0.00480354884160034,-0.00125813860859362,0.0175717728504797,0.0895199466383368
MYO6,Unconventional myosin-VI,Physical measures,"X3144.Heel Broadband ultrasound attenuation, direct entry",40485,-0.00266818768521546,0.00375043957070771,-0.0100190492438026,0.00468267387337166,0.47683045286894
MYO6,Unconventional myosin-VI,Physical measures,X3146.Speed of sound through heel,40485,-0.00529956559588422,0.00360266856301773,-0.012360795979399,0.00176166478763054,0.141315971097966
MYO6,Unconventional myosin-VI,Physical measures,"X3147.Heel quantitative ultrasound index (QUI), direct entry",40485,-0.00449989978994815,0.00364642346684619,-0.0116468897849667,0.00264709020507039,0.217206799750077
MYO6,Unconventional myosin-VI,Physical measures,X3148.Heel bone mineral density (BMD),40474,-0.00438110951300609,0.00365505107042341,-0.011545009611036,0.00278279058502379,0.230691106172243
MYO6,Unconventional myosin-VI,Health and medical history,X3526.Mother's age at death,45810,0.00158532738222793,0.0028809380208255,-0.00406131113859005,0.00723196590304592,0.582133592368638
MYO6,Unconventional myosin-VI,Health and medical history,X3581.Age at menopause (last menstrual period),37315,-0.0052364365178363,0.00389979437282832,-0.0128800334885798,0.0024071604529072,0.179391490222278
MYO6,Unconventional myosin-VI,Health and medical history,"X3761.Age hay fever, rhinitis or eczema diagnosed",32353,-0.00655273733512522,0.00615826260811076,-0.0186229320470223,0.00551745737677187,0.287384580578261
MYO6,Unconventional myosin-VI,Physical measures,X4100.Ankle spacing width (left),35828,-0.00325861658958784,0.00629310305819657,-0.0155930985836531,0.00907586540447745,0.604609781790007
MYO6,Unconventional myosin-VI,Physical measures,X4101.Heel broadband ultrasound attenuation (left),35826,0.000860413675244805,0.00491347489564727,-0.00876999712022385,0.0104908244707135,0.86099613397207
MYO6,Unconventional myosin-VI,Physical measures,X4103.Speed of sound through heel (left),35828,-0.00102437676824794,0.00470382037311876,-0.0102438646995607,0.00819511116306482,0.827610743194287
MYO6,Unconventional myosin-VI,Physical measures,"X4104.Heel quantitative ultrasound index (QUI), direct entry (left)",35828,-0.000311177477546709,0.00476671514626735,-0.00965393916423072,0.0090315842091373,0.947951978643457
MYO6,Unconventional myosin-VI,Physical measures,X4105.Heel bone mineral density (BMD) (left),35825,-0.000667481368625879,0.00476163906773381,-0.0100002939413841,0.00866533120413238,0.888522893240218
MYO6,Unconventional myosin-VI,Physical measures,"X4106.Heel bone mineral density (BMD) T-score, automated (left)",35828,-0.000304655112037157,0.00476671707056727,-0.009647420570349,0.00903811034627469,0.949041439264172
MYO6,Unconventional myosin-VI,Physical measures,X4119.Ankle spacing width (right),35826,0.000405203769963735,0.0062275151200474,-0.0118007258653292,0.0126111334052566,0.948122866148765
MYO6,Unconventional myosin-VI,Physical measures,X4120.Heel broadband ultrasound attenuation (right),35825,6.95662965542308e-05,0.00488811547433571,-0.00951114003314377,0.00965027262625223,0.988645540848622
MYO6,Unconventional myosin-VI,Physical measures,X4122.Speed of sound through heel (right),35826,-0.00166627129763538,0.0046728605174317,-0.0108250779118015,0.00749253531653074,0.721413959722265
MYO6,Unconventional myosin-VI,Physical measures,"X4123.Heel quantitative ultrasound index (QUI), direct entry (right)",35826,-0.00107214984162675,0.00473667329276551,-0.0103560294954471,0.00821172981219364,0.820935557789414
MYO6,Unconventional myosin-VI,Physical measures,X4124.Heel bone mineral density (BMD) (right),35822,-0.00138017505201338,0.00473266375563637,-0.0106561960130607,0.0078958459090339,0.770580548714651
MYO6,Unconventional myosin-VI,Physical measures,"X4125.Heel bone mineral density (BMD) T-score, automated (right)",35826,-0.0010691892377532,0.00473666570662672,-0.0103530540227416,0.00821467554723518,0.821421386159171
MYO6,Unconventional myosin-VI,Physical measures,X4194.Pulse rate,36138,0.0122431123309358,0.00449013081281422,0.00344245593781992,0.0210437687240517,0.0064137286657706
MYO6,Unconventional myosin-VI,Physical measures,X4195.Pulse wave reflection index,36138,-0.00611355887977446,0.00482172506534102,-0.0155641400078429,0.00333702224829394,0.204869236669985
MYO6,Unconventional myosin-VI,Physical measures,X4196.Pulse wave peak to peak time,36133,-0.00109891568560763,0.00443242146564389,-0.00978646175826966,0.00758863038705439,0.804198446837151
MYO6,Unconventional myosin-VI,Physical measures,X4198.Position of the pulse wave peak,36138,0.00240690172770483,0.00470389022824673,-0.00681272311965877,0.0116265265750684,0.608888998102174
MYO6,Unconventional myosin-VI,Physical measures,X4199.Position of pulse wave notch,36138,0.00520996781815359,0.00450666794289095,-0.00362310134991268,0.0140430369862199,0.247697361577654
MYO6,Unconventional myosin-VI,Physical measures,X4200.Position of the shoulder on the pulse waveform,36138,0.000333071671398077,0.00463210759823296,-0.00874585922113853,0.00941200256393468,0.942679586102402
MYO6,Unconventional myosin-VI,Physical measures,X4269.Number of triplets attempted (left),35981,-0.0682051055769422,0.179947098658866,-0.420901418948319,0.284491207794435,0.704678471305066
MYO6,Unconventional myosin-VI,Physical measures,X4270.Volume level set by participant (left),35903,-0.0485538947646918,0.0619806217073488,-0.170035913311095,0.0729281237817118,0.433436252734026
MYO6,Unconventional myosin-VI,Physical measures,X4276.Number of triplets attempted (right),35975,0.000765270329031545,0.181709919384596,-0.355386171664776,0.35691671232284,0.996639847603828
MYO6,Unconventional myosin-VI,Physical measures,X4277.Volume level set by participant (right),35892,-0.0189375814722249,0.0618244203329806,-0.140113445324867,0.102238282380417,0.759376386530055
MYO6,Unconventional myosin-VI,Cognitive function,X4288.Time to answer,36143,-0.00152019019230711,0.00533660548878124,-0.0119799369503183,0.00893955656570412,0.775759208668964
MYO6,Unconventional myosin-VI,Cognitive function,X4290.Duration screen displayed,36143,0.00476128546368496,0.00496372727900841,-0.00496762000317152,0.0144901909305414,0.337483431902435
MYO6,Unconventional myosin-VI,Physical measures,X46.Hand grip strength (left),49167,-0.00809556032225481,0.00392593675547319,-0.0157903963629823,-0.000400724281527365,0.0392138818434793
MYO6,Unconventional myosin-VI,Physical measures,X47.Hand grip strength (right),49186,-0.0060479514455885,0.00390371423375391,-0.0136992313437462,0.00160332845256916,0.121329943040859
MYO6,Unconventional myosin-VI,Physical measures,X48.Waist circumference,49248,0.00414641232108839,0.00594444293573902,-0.0075046958329601,0.0157975204751369,0.485480832492862
MYO6,Unconventional myosin-VI,Health and medical history,X4803.Tinnitus,36057,0.0413833196729697,0.0670625972549789,-0.090059370946789,0.172826010292728,0.537199173029
MYO6,Unconventional myosin-VI,Working and living environment,X4825.Noisy workplace,36131,0.210150941643968,0.0765186861048939,0.060174316878376,0.36012756640956,0.00604086418778571
MYO6,Unconventional myosin-VI,Working and living environment,X4836.Loud music exposure frequency,36087,-0.0708922998727167,0.134062333751114,-0.3336544740249,0.191869874279467,0.596960515851546
MYO6,Unconventional myosin-VI,Physical measures,X49.Hip circumference,49243,-0.00491344135044074,0.00482219375949517,-0.0143649411190513,0.00453805841816979,0.308252092370732
MYO6,Unconventional myosin-VI,Physical measures,X50.Standing height,49229,-0.00566237229749988,0.0038219665291794,-0.0131534266946915,0.00182868209969174,0.138480132294268
MYO6,Unconventional myosin-VI,Health and medical history,X5057.Number of older siblings,35067,-0.030366953861817,0.065717462327809,-0.159173180024323,0.0984392723006886,0.644038573886857
MYO6,Unconventional myosin-VI,Physical measures,X51.Seated height,49153,-0.00408914476936926,0.00358598161807822,-0.0111176687408026,0.00293937920206406,0.254169222197104
MYO6,Unconventional myosin-VI,Eye measures,X5181.Ever had eye surgery,33877,0.029637797583512,0.132310461771228,-0.229690707488094,0.288966302655118,0.822765584299105
MYO6,Unconventional myosin-VI,Eye measures,X5186.Duration visual-acuity screen displayed (right),33864,-0.000640606650053827,0.00545004731496167,-0.0113226993873787,0.0100414860872711,0.906436027043193
MYO6,Unconventional myosin-VI,Eye measures,X5188.Duration visual-acuity screen displayed (left),33863,0.00116139458821228,0.00563047844641526,-0.00987434316676163,0.0121971323431862,0.836589587571169
MYO6,Unconventional myosin-VI,Eye measures,X5190.Duration at which refractometer first shown (right),33801,-0.00298316744945904,0.00577873876486,-0.0143094954285846,0.00834316052966656,0.605717451255887
MYO6,Unconventional myosin-VI,Eye measures,X5193.Duration at which refractometer first shown (left),33799,-0.00330096685139446,0.00584770055178623,-0.0147624599328955,0.00816052623010655,0.572448387127159
MYO6,Unconventional myosin-VI,Eye measures,"X5199.logMAR, initial (right)",33849,0.0788343917559643,0.0767999542211788,-0.071693518517546,0.229362302029475,0.304713980919989
MYO6,Unconventional myosin-VI,Eye measures,X5200.Final number of letters displayed (right),33849,-0.208037759271883,0.425763356488234,-1.04253393798882,0.626458419445056,0.625131669501913
MYO6,Unconventional myosin-VI,Eye measures,"X5201.logMAR, final (right)",33795,-0.00310167488808515,0.00603251567819688,-0.014925405617351,0.00872205584118074,0.60716521524176
MYO6,Unconventional myosin-VI,Eye measures,X5202.Number of rounds to result (right),33849,0.16435884841792,0.070181362594486,0.0268033777327277,0.301914319103113,0.0192270749794072
MYO6,Unconventional myosin-VI,Eye measures,"X5206.logMAR, initial (left)",33844,-0.0657779022611367,0.0756221414375156,-0.213997299478667,0.0824414949563939,0.384441870877139
MYO6,Unconventional myosin-VI,Eye measures,X5207.Final number of letters displayed (left),33844,0.895480283273951,0.516958855420123,-0.117759073349489,1.90871963989739,0.0833028685348024
MYO6,Unconventional myosin-VI,Eye measures,"X5208.logMAR, final (left)",33794,-0.0102572362375039,0.00596924655237379,-0.0219569594801566,0.00144248700514868,0.0858006521302668
MYO6,Unconventional myosin-VI,Eye measures,X5209.Number of rounds to result (left),33842,0.024594528426444,0.0708666156585271,-0.114304038264269,0.163493095117157,0.728566648637206
MYO6,Unconventional myosin-VI,Eye measures,"X5254.Intra-ocular pressure, corneal-compensated (right)",33630,0.00736688772785674,0.00567034731291029,-0.00374699300544742,0.0184807684611609,0.193944484679031
MYO6,Unconventional myosin-VI,Eye measures,"X5255.Intra-ocular pressure, Goldmann-correlated (right)",33630,0.00497120746687581,0.00571254636513499,-0.00622538340878877,0.0161677983425404,0.384223892009271
MYO6,Unconventional myosin-VI,Eye measures,X5256.Corneal hysteresis (right),33630,-0.0052805324993867,0.0057172349774899,-0.0164863130552669,0.00592524805649351,0.355736260591648
MYO6,Unconventional myosin-VI,Eye measures,X5257.Corneal resistance factor (right),33630,-0.000985631843655172,0.00575534649098437,-0.0122661109659845,0.0102948472786742,0.864031076110441
MYO6,Unconventional myosin-VI,Eye measures,"X5262.Intra-ocular pressure, corneal-compensated (left)",33621,0.00353079993914834,0.00569893937000399,-0.00763912122605949,0.0147007211043562,0.53558342925843
MYO6,Unconventional myosin-VI,Eye measures,"X5263.Intra-ocular pressure, Goldmann-correlated (left)",33621,0.00122858393261144,0.00570825316707561,-0.00995959227485675,0.0124167601400796,0.829598380650421
MYO6,Unconventional myosin-VI,Eye measures,X5264.Corneal hysteresis (left),33621,-0.00294341256539392,0.00580289248664108,-0.0143170818392104,0.0084302567084226,0.61201733375597
MYO6,Unconventional myosin-VI,Eye measures,X5265.Corneal resistance factor (left),33621,-0.00165499601441546,0.00580298376209093,-0.0130288441881137,0.00971885215928276,0.775506236020181
MYO6,Unconventional myosin-VI,Lifestyle factors,X5364.Average weekly intake of other alcoholic drinks,33961,0.235721932108968,0.365360122678098,-0.480383908340104,0.951827772558039,0.518843572938039
MYO6,Unconventional myosin-VI,Diet and food preferences,"X6144#1.Never eat eggs, dairy, wheat, sugar_Eggs or foods containing eggs",49199,0.0245587410990399,0.0144958487536726,-0.00385312245815837,0.0529706046562381,0.0902444999757509
MYO6,Unconventional myosin-VI,Diet and food preferences,"X6144#2.Never eat eggs, dairy, wheat, sugar_Dairy products",49199,0.0270320052687332,0.0154966409813366,-0.0033414110546866,0.057405421592153,0.0811084924807441
MYO6,Unconventional myosin-VI,Diet and food preferences,"X6144#3.Never eat eggs, dairy, wheat, sugar_Wheat products",49199,0.00257542694717612,0.0409646979359707,-0.0777153810073265,0.0828662349016788,0.949871111200165
MYO6,Unconventional myosin-VI,Diet and food preferences,"X6144#4.Never eat eggs, dairy, wheat, sugar_Sugar or foods or drinks containing sugar",49199,-0.00173644031012037,0.00623864593806979,-0.0139641863487372,0.0104913057284964,0.780757251970902
MYO6,Unconventional myosin-VI,Diet and food preferences,"X6144#5.Never eat eggs, dairy, wheat, sugar_I eat all of the above",49199,-0.00535625359096655,0.00587503649223129,-0.0168713251157399,0.00615881793380678,0.361939189439498
MYO6,Unconventional myosin-VI,Mental health,"X6145#3.Illness, injury, bereavement, stress in last 2 years_Death of a close relative",37039,0.00392729772583838,0.00846663273451906,-0.012667302433819,0.0205218978854957,0.642763845041909
MYO6,Unconventional myosin-VI,Mental health,"X6145#4.Illness, injury, bereavement, stress in last 2 years_Death of a spouse or partner",37039,0.00698621225433475,0.0178656041557889,-0.0280303718910116,0.0420027963996811,0.695776368784687
MYO6,Unconventional myosin-VI,Mental health,"X6145#5.Illness, injury, bereavement, stress in last 2 years_Marital separation or divorce",37039,0.000998693062803175,0.0220701422724751,-0.0422587857912481,0.0442561719168544,0.963908501828497
MYO6,Unconventional myosin-VI,Mental health,"X6145#6.Illness, injury, bereavement, stress in last 2 years_Financial difficulties",37039,0.00171803272021837,0.012043695867501,-0.0218876111800837,0.0253236766205204,0.886570302816837
MYO6,Unconventional myosin-VI,Eye measures,X6147#1.Reason for glasses or contact lenses_For short-sightedness,49263,-0.0155760816579998,0.0120824778770581,-0.0392577382970337,0.00810557498103415,0.197362087765956
MYO6,Unconventional myosin-VI,Eye measures,X6147#2.Reason for glasses or contact lenses_For long-sightedness,49263,-0.0155760816579998,0.0120824778770581,-0.0392577382970337,0.00810557498103415,0.197362087765956
MYO6,Unconventional myosin-VI,Eye measures,X6147#3.Reason for glasses or contact lenses_For just reading or near work as you are getting older (called 'presbyopia'),49263,0.0113519946642584,0.00973888064258418,-0.0077362113952066,0.0304402007237234,0.243775300372723
MYO6,Unconventional myosin-VI,Eye measures,X6147#4.Reason for glasses or contact lenses_For 'astigmatism',49263,-0.00715500700736632,0.016509658736037,-0.0395139381299988,0.0252039241152661,0.66474113728583
MYO6,Unconventional myosin-VI,Eye measures,X6147#5.Reason for glasses or contact lenses_For a 'squint' or 'turn' in an eye since childhood (called 'strabismus'),49263,0.012736473445821,0.04055114585294,-0.0667437724259415,0.0922167193175834,0.7534603681963
MYO6,Unconventional myosin-VI,Eye measures,X6147#6.Reason for glasses or contact lenses_For a 'lazy' eye or an eye with poor vision since childhood (called 'amblyopia'),49263,-0.0151059940701003,0.0271339454765019,-0.0682885272040441,0.0380765390638435,0.577725362126114
MYO6,Unconventional myosin-VI,Eye measures,X6147#7.Reason for glasses or contact lenses_Other eye condition,49263,-0.0269680621880643,0.0440020644887264,-0.113212108585968,0.0592759842098394,0.539961477577305
MYO6,Unconventional myosin-VI,Health and medical history,X6149#1.Mouth or teeth dental problems_Mouth ulcers,49199,-0.00785507498037363,0.00899983667025262,-0.0254947548540688,0.0097846048933215,0.382781513245986
MYO6,Unconventional myosin-VI,Health and medical history,X6149#2.Mouth or teeth dental problems_Painful gums,49199,0.00646052073652934,0.0152210767718478,-0.0233727897362923,0.0362938312093509,0.671245355108944
MYO6,Unconventional myosin-VI,Health and medical history,X6149#3.Mouth or teeth dental problems_Bleeding gums,49199,-0.00278061246596357,0.00897653629496955,-0.0203746236041039,0.0148133986721767,0.756743259968719
MYO6,Unconventional myosin-VI,Health and medical history,X6149#4.Mouth or teeth dental problems_Loose teeth,49199,0.00107629111400361,0.0126514186947512,-0.0237204895277088,0.025873071755716,0.932204396979169
MYO6,Unconventional myosin-VI,Health and medical history,X6149#5.Mouth or teeth dental problems_Toothache,49199,0.0111558280396966,0.0154083510960142,-0.0190445401084913,0.0413561961878844,0.469066956006978
MYO6,Unconventional myosin-VI,Health and medical history,X6149#6.Mouth or teeth dental problems_Dentures,49199,0.000664434864640202,0.00603456439919557,-0.0111633113577831,0.0124921810870635,0.912327318807931
MYO6,Unconventional myosin-VI,Health and medical history,X6150#1.Vascular or heart problems diagnosed by doctor_Heart attack,37466,-0.00610646359821205,0.0135279040860518,-0.0326211556068736,0.0204082284104495,0.651714837753104
MYO6,Unconventional myosin-VI,Health and medical history,X6150#2.Vascular or heart problems diagnosed by doctor_Angina,37466,0.0104926375044081,0.0115571417936231,-0.0121593604110931,0.0331446354199094,0.363961690313364
MYO6,Unconventional myosin-VI,Health and medical history,X6150#3.Vascular or heart problems diagnosed by doctor_Stroke,37466,0.029550146638262,0.0166533304482813,-0.00309038104036921,0.0621906743168933,0.0760290471229878
MYO6,Unconventional myosin-VI,Health and medical history,X6150#4.Vascular or heart problems diagnosed by doctor_High blood pressure,37466,0.0128693996477077,0.0129998275277879,-0.0126102623067565,0.0383490616021719,0.322219227976805
MYO6,Unconventional myosin-VI,Health and medical history,X6151#1.Fractured bone site(s)_Ankle,49189,-0.0386002899540128,0.0206063074642426,-0.0789886525839283,0.00178807267590279,0.0610516328111395
MYO6,Unconventional myosin-VI,Health and medical history,X6151#2.Fractured bone site(s)_Leg,49189,0.0043782050287835,0.0321896716012375,-0.0587135513096419,0.0674699613672089,0.891812588691949
MYO6,Unconventional myosin-VI,Health and medical history,X6151#3.Fractured bone site(s)_Hip,49189,-0.0142572429766618,0.0492210256091501,-0.110730453170596,0.0822159672172725,0.772081218168637
MYO6,Unconventional myosin-VI,Health and medical history,X6151#4.Fractured bone site(s)_Spine,49189,0.0179034270939662,0.0529667107714743,-0.0859113260181233,0.121718180206056,0.7353570780465
MYO6,Unconventional myosin-VI,Health and medical history,X6151#5.Fractured bone site(s)_Wrist,49189,-0.00148083154484415,0.017169393667032,-0.0351328431322268,0.0321711800425385,0.9312698749768
MYO6,Unconventional myosin-VI,Health and medical history,X6151#6.Fractured bone site(s)_Arm,49189,0.0192480016299583,0.023592978048908,-0.0269942353459014,0.0654902386058181,0.414603639537186
MYO6,Unconventional myosin-VI,Health and medical history,X6151#7.Fractured bone site(s)_Other bones,49189,0.00130533238969384,0.0125004924203752,-0.0231956327542415,0.0258062975336292,0.916835133000187
MYO6,Unconventional myosin-VI,Health and medical history,"X6152#5.Blood clot, DVT, bronchitis, emphysema, asthma, rhinitis, eczema, allergy diagnosed by doctor_Blood clot in the leg (DVT)",35138,0.0363335430228758,0.0164030925713035,0.00418348158312083,0.0684836044626307,0.0267949373213978
MYO6,Unconventional myosin-VI,Health and medical history,"X6152#6.Blood clot, DVT, bronchitis, emphysema, asthma, rhinitis, eczema, allergy diagnosed by doctor_Emphysema or chronic bronchitis",35138,-0.0151936652548766,0.0169560262370982,-0.0484274766795891,0.018040146169836,0.3702554817255
MYO6,Unconventional myosin-VI,Health and medical history,"X6152#7.Blood clot, DVT, bronchitis, emphysema, asthma, rhinitis, eczema, allergy diagnosed by doctor_Blood clot in the lung",35138,-0.00631041507535837,0.0242279368651367,-0.0537971713310264,0.0411763411803097,0.794517776873113
MYO6,Unconventional myosin-VI,Health and medical history,"X6152#8.Blood clot, DVT, bronchitis, emphysema, asthma, rhinitis, eczema, allergy diagnosed by doctor_Asthma",35138,-0.00326519709556449,0.00993764976949246,-0.0227429906437697,0.0162125964526407,0.74249355537687
MYO6,Unconventional myosin-VI,Health and medical history,"X6154#1.Medication for pain relief, constipation, heartburn_Aspirin",38996,-0.00269601661070366,0.00760225207544033,-0.0175964306785667,0.0122043974571594,0.722871474993077
MYO6,Unconventional myosin-VI,Health and medical history,"X6154#2.Medication for pain relief, constipation, heartburn_Ibuprofen",38996,-0.000766930733635335,0.00892558694258301,-0.018261081141098,0.0167272196738274,0.93152782174336
MYO6,Unconventional myosin-VI,Health and medical history,"X6154#3.Medication for pain relief, constipation, heartburn_Paracetamol",38996,0.00418435231000735,0.00743812503570794,-0.0103943727599802,0.0187630773799949,0.573751000951815
MYO6,Unconventional myosin-VI,Health and medical history,"X6154#4.Medication for pain relief, constipation, heartburn_Ranitidine",38996,-0.00745045063797018,0.0170968504590734,-0.0409602775377541,0.0260593762618137,0.663006582663137
MYO6,Unconventional myosin-VI,Health and medical history,"X6154#5.Medication for pain relief, constipation, heartburn_Omeprazole",38996,0.00427370028913394,0.00953162592012476,-0.0144082865143106,0.0229556870925785,0.65389570785778
MYO6,Unconventional myosin-VI,Health and medical history,"X6154#6.Medication for pain relief, constipation, heartburn_Laxatives",38996,0.018481968408204,0.0138063305449478,-0.00857843945989367,0.0455423762763017,0.180712761275697
MYO6,Unconventional myosin-VI,Health and medical history,X6155#1.Vitamin and mineral supplements_Vitamin A,49199,0.0158255664932893,0.0166756466772726,-0.0168587009941649,0.0485098339807436,0.342620553686887
MYO6,Unconventional myosin-VI,Health and medical history,X6155#2.Vitamin and mineral supplements_Vitamin B,49199,0.0168369135148721,0.0126551224649326,-0.00796712651639573,0.04164095354614,0.183387665663215
MYO6,Unconventional myosin-VI,Health and medical history,X6155#3.Vitamin and mineral supplements_Vitamin C,49199,0.00117349275374781,0.0341720518036926,-0.0658037287814897,0.0681507142889853,0.972605799298884
MYO6,Unconventional myosin-VI,Health and medical history,X6155#4.Vitamin and mineral supplements_Vitamin D,49199,0.00667100046327158,0.0118412633974961,-0.0165378757958208,0.029879876722364,0.573189970858568
MYO6,Unconventional myosin-VI,Health and medical history,X6155#5.Vitamin and mineral supplements_Vitamin E,49199,0.0239435257587754,0.0137825122341594,-0.00307019822017703,0.0509572497377278,0.0823602821875216
MYO6,Unconventional myosin-VI,Health and medical history,X6155#6.Vitamin and mineral supplements_Folic acid or Folate (Vit B9),49199,-0.0153355038043462,0.0168013612835794,-0.0482661719201618,0.0175951643114693,0.361383120894652
MYO6,Unconventional myosin-VI,Health and medical history,X6155#7.Vitamin and mineral supplements_Multivitamins + or - minerals,49199,-0.00967732153901766,0.00563074240984522,-0.0207135766623143,0.00135893358427897,0.0856921016026746
MYO6,Unconventional myosin-VI,Lifestyle factors,X6157#1.Why stopped smoking_Illness or ill health,34132,-0.00652885140002057,0.0145518379383605,-0.0350504537592072,0.021992750959166,0.653695447141116
MYO6,Unconventional myosin-VI,Lifestyle factors,X6157#2.Why stopped smoking_Doctor's advice,34132,0.00759720022525523,0.0181051867297789,-0.0278889657651113,0.0430833662156218,0.674785290317718
MYO6,Unconventional myosin-VI,Lifestyle factors,X6157#3.Why stopped smoking_Health precaution,34132,-0.00664697571709177,0.0124991599439948,-0.0311453292073216,0.0178513777731381,0.594892737687211
MYO6,Unconventional myosin-VI,Lifestyle factors,X6157#4.Why stopped smoking_Financial reasons,34132,-0.00832904495729252,0.0117018481436684,-0.0312646673188825,0.0146065774042975,0.47663974441018
MYO6,Unconventional myosin-VI,Health and medical history,X6159#1.Pain type(s) experienced in last month_Headache,49279,-0.00323411552501086,0.00747303832035696,-0.0178812706329105,0.0114130395828888,0.665185667853679
MYO6,Unconventional myosin-VI,Health and medical history,X6159#2.Pain type(s) experienced in last month_Facial pain,49279,0.00773446848180841,0.0210880320552031,-0.0335980743463896,0.0490670113100064,0.713794062827102
MYO6,Unconventional myosin-VI,Health and medical history,X6159#3.Pain type(s) experienced in last month_Neck or shoulder pain,49279,0.000505933144273969,0.00626607496449234,-0.011775573786131,0.012787440074679,0.93564822857692
MYO6,Unconventional myosin-VI,Health and medical history,X6159#4.Pain type(s) experienced in last month_Back pain,49279,0.00908436972489766,0.0060318989565618,-0.00273815222996346,0.0209068916797588,0.13206886035145
MYO6,Unconventional myosin-VI,Health and medical history,X6159#5.Pain type(s) experienced in last month_Stomach or abdominal pain,49279,0.00892182860794338,0.0102607065710415,-0.011189156271298,0.0290328134871847,0.384576412915046
MYO6,Unconventional myosin-VI,Health and medical history,X6159#6.Pain type(s) experienced in last month_Hip pain,49279,0.0161419249260588,0.00769708243947865,0.00105564334468066,0.031228206507437,0.0359929014249528
MYO6,Unconventional myosin-VI,Health and medical history,X6159#7.Pain type(s) experienced in last month_Knee pain,49279,0.0103104748628415,0.00629023342953917,-0.0020183826590553,0.0226393323847382,0.101203023956812
MYO6,Unconventional myosin-VI,Health and medical history,X6159#8.Pain type(s) experienced in last month_Pain all over the body,49279,0.0154058521882728,0.0193691693119569,-0.0225577196631626,0.0533694240397082,0.426401820449555
MYO6,Unconventional myosin-VI,Lifestyle factors,X6160#1.Leisure or social activities_Sports club or gym,43498,-0.00593638941902383,0.00641915989869083,-0.0185179428204579,0.00664516398241019,0.355089575926829
MYO6,Unconventional myosin-VI,Lifestyle factors,X6160#2.Leisure or social activities_Pub or social club,43498,0.00799116984586338,0.0066755141209303,-0.00509283783116002,0.0210751775228868,0.231292562418072
MYO6,Unconventional myosin-VI,Lifestyle factors,X6160#3.Leisure or social activities_Religious group,43498,-0.0059183299321842,0.00706546726824983,-0.0197666457779539,0.00792998591358547,0.402245967282315
MYO6,Unconventional myosin-VI,Lifestyle factors,X6160#4.Leisure or social activities_Adult education class,43498,-0.0148137275533484,0.00958304679003646,-0.0335964992618198,0.00396904415512306,0.122168600835457
MYO6,Unconventional myosin-VI,Lifestyle factors,X6160#5.Leisure or social activities_Other group activity,43498,-0.00479649820886553,0.00643711181761818,-0.0174132373713972,0.0078202409536661,0.456204149195272
MYO6,Unconventional myosin-VI,Physical activities,X6162#1.Types of transport used (excluding work)_Car or motor vehicle,49087,-0.00136434879293863,0.00658198783436795,-0.0142650449482998,0.0115363473624225,0.835789238320348
MYO6,Unconventional myosin-VI,Physical activities,X6162#2.Types of transport used (excluding work)_Walk,49087,0.00417684850251875,0.00536250414372975,-0.00633365961919156,0.0146873566242291,0.436048545392238
MYO6,Unconventional myosin-VI,Physical activities,X6162#3.Types of transport used (excluding work)_Public transport,49087,0.000207035854394897,0.00554735602244712,-0.0106657819496014,0.0110798536583912,0.970229007705582
MYO6,Unconventional myosin-VI,Physical activities,X6162#4.Types of transport used (excluding work)_Cycle,49087,0.0104142442628435,0.0120730649371764,-0.0132489630140223,0.0340774515397092,0.388366988591236
MYO6,Unconventional myosin-VI,Physical activities,X6164#1.Types of physical activity in last 4 weeks_Walking for pleasure (not as a means of transport),49102,-0.00306742152273023,0.00597727625523719,-0.0147828829829951,0.00864803993753466,0.607830770660774
MYO6,Unconventional myosin-VI,Physical activities,X6164#3.Types of physical activity in last 4 weeks_Strenuous sports,49102,-0.00715607840822249,0.0117628559243875,-0.030211276020022,0.015899119203577,0.542954132083484
MYO6,Unconventional myosin-VI,Health and medical history,X6179#1.Mineral and other dietary supplements_Fish oil (including cod liver oil),49199,-0.00514581360880521,0.00543899182104363,-0.0158062375780507,0.00551461036044031,0.344110563014639
MYO6,Unconventional myosin-VI,Health and medical history,X6179#2.Mineral and other dietary supplements_Glucosamine,49199,0.00422255037576161,0.00621387184076968,-0.00795663843214696,0.0164017391836702,0.49680609037641
MYO6,Unconventional myosin-VI,Health and medical history,X6179#3.Mineral and other dietary supplements_Calcium,49199,-0.00152805534767948,0.00941291929189023,-0.0199773771597843,0.0169212664644254,0.87104293295493
MYO6,Unconventional myosin-VI,Health and medical history,X6179#4.Mineral and other dietary supplements_Zinc,49199,-0.0210675973431209,0.0130679038125688,-0.0466806888157558,0.00454549412951395,0.106942143597766
MYO6,Unconventional myosin-VI,Health and medical history,X6179#5.Mineral and other dietary supplements_Iron,49199,0.00720001863414357,0.0166581124812848,-0.0254498818291746,0.0398499190974617,0.665584034435105
MYO6,Unconventional myosin-VI,Health and medical history,X6179#6.Mineral and other dietary supplements_Selenium,49199,0.00801114294457969,0.0153766130759322,-0.0221270186842474,0.0381493045734068,0.602375821130212
MYO6,Unconventional myosin-VI,Physical measures,"X78.Heel bone mineral density (BMD) T-score, automated",40485,-0.00449868460379919,0.00364640449577885,-0.0116456374155257,0.00264826820792737,0.21732859960274
MYO6,Unconventional myosin-VI,Physical activities,X864.Number of days or week walked 10+ minutes,48785,-0.022902714636581,0.0359211378778632,-0.0933081448771928,0.0475027156040308,0.523752477190226
MYO6,Unconventional myosin-VI,Physical activities,X874.Duration of walks,46103,-0.000165775773188384,0.00298682990062412,-0.00601996237841166,0.00568841083203489,0.955738994998787
MYO6,Unconventional myosin-VI,Physical activities,X884.Number of days or week of moderate physical activity 10+ minutes,47956,-0.044920531778278,0.0347229858774692,-0.112977584098118,0.0231365205415616,0.195790917997446
MYO6,Unconventional myosin-VI,Physical activities,X894.Duration of moderate activity,43737,-0.0119874672814775,0.0421303547359308,-0.0945629625639019,0.0705880280009469,0.776006162392812
MYO6,Unconventional myosin-VI,Physical activities,X90087.No-wear time bias adjusted average acceleration,32917,-0.000382979714439644,0.00716638604030944,-0.0144290963534461,0.0136631369245669,0.957383308226237
MYO6,Unconventional myosin-VI,Physical activities,X904.Number of days or week of vigorous physical activity 10+ minutes,47897,-0.0128522447678111,0.0352829453331063,-0.0820068176206995,0.0563023280850772,0.715666311670252
MYO6,Unconventional myosin-VI,Physical activities,X914.Duration of vigorous activity,38967,-0.00265902400855203,0.00375204159169035,-0.0100130255282651,0.00469497751116106,0.478535487035353
