Protein,Protein_definition,Trait_category,Trait,sample_size,Estimated_effect,se,lowerCI,upperCI,Pvalue
TBR1,T-box brain protein 1,Lifestyle factors,X1050.Time spend outdoors in summer,46935,0.0497917468996614,0.0307311609472771,-0.0104413285570018,0.110024822356325,0.105199269709598
TBR1,T-box brain protein 1,Lifestyle factors,X1060.Time spent outdoors in winter,45119,0.0327814840477836,0.033900786221045,-0.0336640569454646,0.0992270250410318,0.333567216372122
TBR1,T-box brain protein 1,Physical activities,X1070.Time spent watching television (TV),47946,0.0152486684922978,0.0310981584273074,-0.0457037220252246,0.0762010590098203,0.623899120969746
TBR1,T-box brain protein 1,Physical activities,X1080.Time spent using computer,45108,-0.00270334650180791,0.0298730417621535,-0.0612545083556288,0.0558478153520129,0.92789538941202
TBR1,T-box brain protein 1,Physical activities,X1090.Time spent driving,41599,0.0127451701733181,0.0352850512245591,-0.0564135302268177,0.0819038705734539,0.717951652068078
TBR1,T-box brain protein 1,Lifestyle factors,X1160.Sleep duration,48616,0.00634206708474943,0.0270166888438325,-0.0466106430491623,0.0592947772186611,0.814408143168175
TBR1,T-box brain protein 1,Health and medical history,X120039#0.Location of pain during the past week_None of the given areas,34658,0.0390038312710561,0.022765910875152,-0.00561735404424189,0.0836250165863541,0.0867221963662798
TBR1,T-box brain protein 1,Health and medical history,X120039#1.Location of pain during the past week_Left shoulder,34658,-0.000904989766130587,0.021862521435013,-0.043755531778756,0.0419455522464949,0.966982850665108
TBR1,T-box brain protein 1,Health and medical history,X120039#10.Location of pain during the past week_Upper right leg,34658,-0.00322721504218251,0.0238401158825119,-0.0499538421719058,0.0434994120875407,0.892325039864092
TBR1,T-box brain protein 1,Health and medical history,X120039#11.Location of pain during the past week_Lower left leg,34658,0.00160282847275857,0.0241562034333676,-0.0457433302566419,0.048948987202159,0.947099482564392
TBR1,T-box brain protein 1,Health and medical history,X120039#12.Location of pain during the past week_Lower right leg,34658,-0.0242497554583281,0.0243295329319965,-0.0719356400050413,0.023436129088385,0.318944109239972
TBR1,T-box brain protein 1,Health and medical history,X120039#13.Location of pain during the past week_Left jaw pain,34658,0.0242508410071875,0.0621345810002241,-0.0975329377532518,0.146034619767627,0.696333340288346
TBR1,T-box brain protein 1,Health and medical history,X120039#14.Location of pain during the past week_Right jaw pain,34658,-0.0132820712529266,0.0635267518020436,-0.137794504784932,0.111230362279079,0.834394834876163
TBR1,T-box brain protein 1,Health and medical history,X120039#15.Location of pain during the past week_Chest pain,34658,-0.0125893768882203,0.0423532027151298,-0.0956016542098747,0.070422900433434,0.766288980948518
TBR1,T-box brain protein 1,Health and medical history,X120039#16.Location of pain during the past week_Abdomen,34658,0.0119513282850206,0.0303906070016682,-0.047614261438249,0.0715169180082902,0.694144789633515
TBR1,T-box brain protein 1,Health and medical history,X120039#17.Location of pain during the past week_Neck pain,34658,-0.00732205804048833,0.0197833184985512,-0.0460973622976486,0.0314532462166719,0.711312841568675
TBR1,T-box brain protein 1,Health and medical history,X120039#18.Location of pain during the past week_Upper back,34658,-0.0154254913498388,0.0296546289140215,-0.073548564021321,0.0426975813216434,0.602965155791756
TBR1,T-box brain protein 1,Health and medical history,X120039#19.Location of pain during the past week_Lower back,34658,0.00996179481600542,0.015982240659668,-0.0213633968769439,0.0412869865089547,0.533110774051751
TBR1,T-box brain protein 1,Health and medical history,X120039#2.Location of pain during the past week_Right shoulder,34658,-0.012997807847835,0.0205174144198902,-0.0532119401108198,0.0272163244151497,0.526432874747923
TBR1,T-box brain protein 1,Health and medical history,X120039#3.Location of pain during the past week_Upper left arm,34658,0.0445493574957744,0.0294196646882399,-0.0131131852931757,0.102211900284725,0.130014853644578
TBR1,T-box brain protein 1,Health and medical history,X120039#4.Location of pain during the past week_Upper right arm,34658,0.0444460185902433,0.0278435838109701,-0.0101274056792582,0.0990194428597447,0.110485223938356
TBR1,T-box brain protein 1,Health and medical history,X120039#5.Location of pain during the past week_Lower left arm,34658,-0.0246657681946667,0.0426587154054167,-0.108276850389283,0.05894531399995,0.563145032182569
TBR1,T-box brain protein 1,Health and medical history,X120039#6.Location of pain during the past week_Lower right arm,34658,-0.0212959707190947,0.0411112372306831,-0.101873995691234,0.0592820542530442,0.604473305169905
TBR1,T-box brain protein 1,Health and medical history,X120039#7.Location of pain during the past week_Left hip,34658,0.0106209139026981,0.0216347487364216,-0.0317831936206883,0.0530250214260845,0.623503300381836
TBR1,T-box brain protein 1,Health and medical history,X120039#8.Location of pain during the past week_Right hip,34658,-0.0129294476091796,0.0205621786268405,-0.0532313177177869,0.0273724224994278,0.529507886840035
TBR1,T-box brain protein 1,Health and medical history,X120039#9.Location of pain during the past week_Upper left leg,34658,0.00119605304426624,0.0258919792673386,-0.0495522263197174,0.0519443324082499,0.963157345011566
TBR1,T-box brain protein 1,Health and medical history,X120040.Fatigue severity over the past week,34665,0.0203455776945877,0.051181033558701,-0.0799692480804664,0.120660403469642,0.690998212090934
TBR1,T-box brain protein 1,Health and medical history,X120041.Waking unrefreshed severity over the past week,34663,-0.0623847944493906,0.0512437956546251,-0.162822633932456,0.0380530450336747,0.223500173220655
TBR1,T-box brain protein 1,Health and medical history,X120042.Cognitive symptoms severity over the past week,34663,0.0151659896560569,0.0538998979530616,-0.0904778103319439,0.120809789644058,0.778434779128351
TBR1,T-box brain protein 1,Health and medical history,X120098.Mobility problems today,34667,-0.0218302857725364,0.056318916992368,-0.132215363077578,0.0885547915325048,0.698313042150832
TBR1,T-box brain protein 1,Health and medical history,X120099.Self-care problems today,34667,-0.0642731101020908,0.0906326430174675,-0.241913090416327,0.113366870212146,0.478254971732067
TBR1,T-box brain protein 1,Health and medical history,X120100.Problems doing usual activities,34667,0.000865749995287116,0.0540263053103925,-0.105025808413082,0.106757308403656,0.987215349738893
TBR1,T-box brain protein 1,Health and medical history,X120101.Pain or discomfort today,34667,-0.0420072455590729,0.0512515317473748,-0.142460247783928,0.0584457566657817,0.412463304173879
TBR1,T-box brain protein 1,Health and medical history,X120102.Anxiety or depression today,34667,0.0534993377336434,0.0622470841952315,-0.0685049472890104,0.175503622756297,0.390120378531928
TBR1,T-box brain protein 1,Health and medical history,X120103.Scale to indicate how health is today,34648,-0.00100226521827128,0.00699727384365295,-0.0147169219518311,0.0127123915152885,0.886108672668752
TBR1,T-box brain protein 1,Health and medical history,X120104.Little interest or pleasure in doing things over the last two weeks,34645,0.000835358391812367,0.0660621972742907,-0.128646548265797,0.130317265049422,0.989911458482202
TBR1,T-box brain protein 1,Health and medical history,"X120105.Feeling down, depressed, or hopeless over the last two weeks",34635,-0.0260746422983306,0.0697945214155116,-0.162871904272733,0.110722619676072,0.708722794383662
TBR1,T-box brain protein 1,Health and medical history,"X120106.Trouble falling or staying asleep, or sleeping too much over the last two weeks",34651,-0.0674978068864302,0.052182146639707,-0.169774814300256,0.0347792005273956,0.195891627025083
TBR1,T-box brain protein 1,Health and medical history,X120107.Feeling tired or having little energy over the last two weeks,34652,-0.0464822194324864,0.052302104893995,-0.148994345024717,0.0560299061597438,0.374189749933178
TBR1,T-box brain protein 1,Health and medical history,X120108.Poor appetite or overeating over the last two weeks,34659,-0.102878811974559,0.0804549883758579,-0.260570589191241,0.0548129652421223,0.201052578379796
TBR1,T-box brain protein 1,Health and medical history,X120109.Feeling bad about self over the last two weeks,34642,0.0183288739206515,0.0721278496036063,-0.123041711302417,0.15969945914372,0.799415179768501
TBR1,T-box brain protein 1,Health and medical history,X120110.Trouble concentrating over the last two weeks,34655,0.0156891499556352,0.0730522428315158,-0.127493245994136,0.158871545905406,0.829957656764047
TBR1,T-box brain protein 1,Health and medical history,X120111.Moving or speaking slower or faster than usual over the last two weeks,34651,-0.363475894261575,0.133345643283216,-0.624833355096679,-0.102118433426472,0.00643472337183243
TBR1,T-box brain protein 1,Health and medical history,X120112.Thoughts of being better off dead or of hurting self over the last two weeks,34631,-0.0297719607296895,0.157316872601107,-0.338113031027859,0.27856910956848,0.849905230228026
TBR1,T-box brain protein 1,Health and medical history,"X120113.Level of difficultly depression has made to do work, take care of things at home, or get along with other people",32812,-0.111229954597116,0.0769203404807384,-0.261993821939363,0.0395339127451316,0.14825240987197
TBR1,T-box brain protein 1,Lifestyle factors,X1269.Exposure to tobacco smoke at home,47073,0.0231250115466024,0.0659175567564007,-0.106073399695943,0.152323422789148,0.725729639165794
TBR1,T-box brain protein 1,Lifestyle factors,X1279.Exposure to tobacco smoke outside home,45599,0.0349890397031666,0.040922435603864,-0.0452189340804067,0.11519701348674,0.392558801692479
TBR1,T-box brain protein 1,Diet and food preferences,X1289.Cooked vegetable intake,48234,0.0107666333004278,0.028799648450971,-0.0456806776634754,0.0672139442643309,0.708523058518653
TBR1,T-box brain protein 1,Diet and food preferences,X1299.Salad  or  raw vegetable intake,47564,-0.0139844130643689,0.0299082113829957,-0.0726045073750404,0.0446356812463026,0.640092153016623
TBR1,T-box brain protein 1,Diet and food preferences,X1309.Fresh fruit intake,48187,0.00115859764798199,0.0293284544358864,-0.0563251730463553,0.0586423683423193,0.968488806157976
TBR1,T-box brain protein 1,Diet and food preferences,X1319.Dried fruit intake,47168,-0.0464798679100491,0.029603790341523,-0.104503296979434,0.0115435611593359,0.116417649983779
TBR1,T-box brain protein 1,Health and medical history,X134.Number of self-reported cancers,48797,-0.0467392026082634,0.0474365431455554,-0.139714827173552,0.0462364219570252,0.324489136975481
TBR1,T-box brain protein 1,Health and medical history,X135.Number of self-reported non-cancer illnesses,48798,0.0083969640079154,0.0294134008856495,-0.0492533017279575,0.0660472297437883,0.775278755514538
TBR1,T-box brain protein 1,Health and medical history,"X136.Number of operations, self-reported",48798,-0.0147432275780576,0.028593557065387,-0.0707865994262161,0.0413001442701009,0.606130107826847
TBR1,T-box brain protein 1,Health and medical history,X137.Number of treatments or medications taken,48798,-0.00335425190959203,0.0280511691982967,-0.0583345435382536,0.0516260397190695,0.904820108141589
TBR1,T-box brain protein 1,Diet and food preferences,X1438.Bread intake,48264,0.00419714498477809,0.00380603206589223,-0.00326267786437068,0.0116569678339269,0.270144741323262
TBR1,T-box brain protein 1,Diet and food preferences,X1458.Cereal intake,47994,0.0146092424232562,0.0279579087780758,-0.0401882587817724,0.0694067436282847,0.6012976541416
TBR1,T-box brain protein 1,Diet and food preferences,X1488.Tea intake,48194,0.00180651394473683,0.00368682631938526,-0.00541966564125828,0.00903269353073193,0.624145497093777
TBR1,T-box brain protein 1,Diet and food preferences,X1498.Coffee intake,47367,0.0108658276876921,0.028397817660007,-0.0447938949259216,0.0665255503013058,0.701999362968466
TBR1,T-box brain protein 1,Diet and food preferences,X1528.Water intake,47248,-0.0352047453009893,0.0282968943703647,-0.0906666582669042,0.0202571676649255,0.213471384052105
TBR1,T-box brain protein 1,Lifestyle factors,X1568.Average weekly red wine intake,42584,-0.0831507809614005,0.032352524621243,-0.146561729219037,-0.0197398327037642,0.0101762166621575
TBR1,T-box brain protein 1,Lifestyle factors,X1578.Average weekly champagne plus white wine intake,42584,0.0461800631360753,0.032839646282419,-0.018185643577466,0.110545769849617,0.159679341026377
TBR1,T-box brain protein 1,Lifestyle factors,X1588.Average weekly beer plus cider intake,42622,0.0122660316193876,0.0377980164595782,-0.0618180806413857,0.0863501438801608,0.74555305678105
TBR1,T-box brain protein 1,Lifestyle factors,X1598.Average weekly spirits intake,42568,-0.010249619674944,0.0344858686038158,-0.0778419221384231,0.057342682788535,0.766309151147784
TBR1,T-box brain protein 1,Lifestyle factors,X1608.Average weekly fortified wine intake,42608,-0.00280788642507721,0.0527047155069525,-0.106109128818704,0.10049335596855,0.95751294681546
TBR1,T-box brain protein 1,Lifestyle factors,X1737.Childhood sunburn occasions,43481,-0.0424924949271082,0.0350147412873556,-0.111121387850325,0.0261363979961088,0.224935792713034
TBR1,T-box brain protein 1,Health and medical history,X1807.Father's age at death,47007,0.00202000844183067,0.00354935121980906,-0.00493671994899508,0.00897673683265643,0.569281561867368
TBR1,T-box brain protein 1,Health and medical history,X1845.Mother's age,32097,-0.00432573717042861,0.0166689923588356,-0.0369969621937465,0.0283454878528892,0.795261697497493
TBR1,T-box brain protein 1,Health and medical history,X1873.Number of full brothers,48444,-0.0222760783785827,0.0269876678464998,-0.0751719073577223,0.030619750600557,0.409145146503639
TBR1,T-box brain protein 1,Health and medical history,X1883.Number of full sisters,48448,-0.013234843370856,0.0271905979835085,-0.0665284154185327,0.0400587286768206,0.626445745201593
TBR1,T-box brain protein 1,Physical measures,X20015.Sitting height,48660,0.00512637499282742,0.00475533475030851,-0.00419408111777727,0.0144468311034321,0.281035465430729
TBR1,T-box brain protein 1,Cognitive function,X20016.Fluid intelligence score,35689,-0.031386999021372,0.0439937765842855,-0.117614801126572,0.0548408030838277,0.475598097917838
TBR1,T-box brain protein 1,Cognitive function,X20018.Prospective memory result,35975,-0.0290118865597247,0.0544814610001999,-0.135795550120116,0.077771777000667,0.594390728816658
TBR1,T-box brain protein 1,Physical measures,X20019.Speech-reception-threshold (SRT) estimate (left),35568,-0.00535760138806099,0.00647989044490213,-0.0180581866600692,0.00734298388394719,0.408378932749265
TBR1,T-box brain protein 1,Physical measures,X20021.Speech-reception-threshold (SRT) estimate (right),35553,0.00576753284997088,0.00652461560505356,-0.0070207137359341,0.0185557794358759,0.376748441701016
TBR1,T-box brain protein 1,Cognitive function,X20023.Mean time to correctly identify matches,48546,-0.00441209341690286,0.00387956954607176,-0.0120160497272035,0.0031918628933978,0.25544216721943
TBR1,T-box brain protein 1,Health and medical history,X20107#1.Illnesses of father_Heart disease,45906,0.00900391863156029,0.00809633255470378,-0.00686489317565911,0.0248727304387797,0.266111833908683
TBR1,T-box brain protein 1,Health and medical history,X20107#10.Illnesses of father_Alzheimer's disease or dementia,45545,-0.011902010649021,0.0170321914701481,-0.0452851059305113,0.0214810846324694,0.484690077561304
TBR1,T-box brain protein 1,Health and medical history,X20107#11.Illnesses of father_Parkinson's disease,45510,0.0342396734031452,0.0229146510878453,-0.0106730427290316,0.079152389535322,0.135135829314473
TBR1,T-box brain protein 1,Health and medical history,X20107#12.Illnesses of father_Severe depression,45521,0.0104274623509301,0.0215991889801965,-0.0319069480502551,0.0527618727521152,0.629264807339501
TBR1,T-box brain protein 1,Health and medical history,X20107#13.Illnesses of father_Prostate cancer,45545,0.0129041733133291,0.015074591526434,-0.0166420260784816,0.0424503727051398,0.391998472958808
TBR1,T-box brain protein 1,Health and medical history,X20107#2.Illnesses of father_Stroke,45686,-0.0004803359143754,0.0101327021563705,-0.0203404321408616,0.0193797603121108,0.962191398086319
TBR1,T-box brain protein 1,Health and medical history,X20107#3.Illnesses of father_Lung cancer,45641,-0.0110973599120018,0.012413560497571,-0.0354279384872409,0.0132332186632373,0.371350625774642
TBR1,T-box brain protein 1,Health and medical history,X20107#4.Illnesses of father_Bowel cancer,45552,0.0154212570679368,0.01601000498367,-0.0159583527000563,0.04680086683593,0.335448232906462
TBR1,T-box brain protein 1,Health and medical history,X20107#6.Illnesses of father_Chronic bronchitis or emphysema,45692,0.00708472172531305,0.0109721313932845,-0.0144206558055247,0.0285900992561508,0.518481667671074
TBR1,T-box brain protein 1,Health and medical history,X20107#8.Illnesses of father_High blood pressure,45685,0.00681372192593277,0.0101799444424619,-0.0131389691812926,0.0267664130331581,0.503295635111908
TBR1,T-box brain protein 1,Health and medical history,X20107#9.Illnesses of father_Diabetes,45576,0.00321145920432894,0.0145752086093226,-0.0253559496699434,0.0317788680786013,0.825611373671405
TBR1,T-box brain protein 1,Health and medical history,X20110#1.Illnesses of mother_Heart disease,46833,0.00961968259928705,0.00872871425278286,-0.00748859733616736,0.0267279625347415,0.270444858981815
TBR1,T-box brain protein 1,Health and medical history,X20110#10.Illnesses of mother_Alzheimer's disease or dementia,46695,0.00202856202161902,0.0114404427180027,-0.0203947057056662,0.0244518297489043,0.859263026597915
TBR1,T-box brain protein 1,Health and medical history,X20110#11.Illnesses of mother_Parkinson's disease,46620,0.000580897546352294,0.0254951466967664,-0.0493895899793098,0.0505513850720144,0.981822327260171
TBR1,T-box brain protein 1,Health and medical history,X20110#12.Illnesses of mother_Severe depression,46640,-0.00188186249911029,0.0158605287233389,-0.0329684987968545,0.0292047737986339,0.905553479077168
TBR1,T-box brain protein 1,Health and medical history,X20110#2.Illnesses of mother_Stroke,46783,0.0131114217901207,0.00955040394800599,-0.005607369947971,0.0318302135282125,0.16981161079461
TBR1,T-box brain protein 1,Health and medical history,X20110#3.Illnesses of mother_Lung cancer,46660,-0.0393527797241369,0.018263606064616,-0.0751494476107842,-0.00355611183748962,0.0311981406813577
TBR1,T-box brain protein 1,Health and medical history,X20110#4.Illnesses of mother_Bowel cancer,46644,-0.0227239845994041,0.0155654546493549,-0.0532322757121397,0.00778430651333147,0.144335961089653
TBR1,T-box brain protein 1,Health and medical history,X20110#5.Illnesses of mother_Breast cancer,46650,0.0118346049642483,0.0137242424055186,-0.0150649101505681,0.0387341200790648,0.388526652912633
TBR1,T-box brain protein 1,Health and medical history,X20110#6.Illnesses of mother_Chronic bronchitis or emphysema,46693,0.00717152264866947,0.0152380451615275,-0.0226950458679245,0.0370380911652634,0.637908903238958
TBR1,T-box brain protein 1,Health and medical history,X20110#8.Illnesses of mother_High blood pressure,46823,0.00955968988585482,0.00849576332681165,-0.00709200623469601,0.0262113860064057,0.260506797194447
TBR1,T-box brain protein 1,Health and medical history,X20110#9.Illnesses of mother_Diabetes,46703,-0.0122415708243859,0.0130557307905604,-0.0378308031738843,0.0133476615251125,0.348442561870867
TBR1,T-box brain protein 1,Health and medical history,X20111#1.Illnesses of siblings_Heart disease,43653,-0.0160794622561852,0.0110799850163207,-0.0377962328881738,0.00563730837580332,0.146741148333294
TBR1,T-box brain protein 1,Health and medical history,X20111#10.Illnesses of siblings_Alzheimer's disease or dementia,43500,0.0604111868441754,0.038729585629821,-0.0154988009902737,0.136321174678624,0.118824515657132
TBR1,T-box brain protein 1,Health and medical history,X20111#11.Illnesses of siblings_Parkinson's disease,43495,-0.0483767678696798,0.0407431788053467,-0.128233398328159,0.0314798625887998,0.235105883974281
TBR1,T-box brain protein 1,Health and medical history,X20111#12.Illnesses of siblings_Severe depression,43525,0.00268555800308725,0.0168735312481001,-0.0303865632431889,0.0357576792493634,0.87354661182124
TBR1,T-box brain protein 1,Health and medical history,X20111#13.Illnesses of siblings_Prostate cancer,43515,-0.0127082866768811,0.0230617286697334,-0.0579092748695586,0.0324927015157964,0.581604396644449
TBR1,T-box brain protein 1,Health and medical history,X20111#2.Illnesses of siblings_Stroke,43544,-0.0140573894423436,0.0183862036380052,-0.0500943485728338,0.0219795696881467,0.444545079513581
TBR1,T-box brain protein 1,Health and medical history,X20111#3.Illnesses of siblings_Lung cancer,43514,0.00382253325283023,0.0207732906533104,-0.0368931164276581,0.0445381829333186,0.854006703422196
TBR1,T-box brain protein 1,Health and medical history,X20111#4.Illnesses of siblings_Bowel cancer,43507,0.0050723475950483,0.0210482592542654,-0.036182240543312,0.0463269357334086,0.809568984831079
TBR1,T-box brain protein 1,Health and medical history,X20111#5.Illnesses of siblings_Breast cancer,43528,-0.00340954072023744,0.0169286595579125,-0.0365897134537459,0.029770632013271,0.840383653355908
TBR1,T-box brain protein 1,Health and medical history,X20111#6.Illnesses of siblings_Chronic bronchitis or emphysema,43544,-0.0305799164485355,0.0201798102774507,-0.0701323445923388,0.00897251169526777,0.129700287499364
TBR1,T-box brain protein 1,Health and medical history,X20111#8.Illnesses of siblings_High blood pressure,43689,-0.0139273521746355,0.00931466705681445,-0.0321840996059918,0.00432939525672085,0.134882286952121
TBR1,T-box brain protein 1,Health and medical history,X20111#9.Illnesses of siblings_Diabetes,43600,-0.0105817824030129,0.0127388686023986,-0.0355499648637141,0.0143864000576883,0.406174446912202
TBR1,T-box brain protein 1,Mental health,X20127.Neuroticism score,44591,0.0203742555430341,0.0287868581689999,-0.0360479864682056,0.0767964975542739,0.479103546372857
TBR1,T-box brain protein 1,Cognitive function,X20128.Number of fluid intelligence questions attempted within time limit,35689,-0.0393408519660317,0.0437645712662058,-0.125119411647795,0.0464377077157317,0.368728610850397
TBR1,T-box brain protein 1,Lifestyle factors,X20161.Pack years of smoking,35850,0.0140573792924923,0.00635768421426755,0.00159631823252792,0.0265184403524567,0.027063822573264
TBR1,T-box brain protein 1,Lifestyle factors,X20162.Pack years adult smoking as proportion of life span exposed to smoking,35850,0.0134213049374339,0.00656917052092171,0.000545730716427339,0.0262968791584405,0.0410843581552859
TBR1,T-box brain protein 1,Cognitive function,X20191.Fluid intelligence score,33552,-0.0032668950834542,0.0537462019269987,-0.108609450860372,0.102075660693463,0.951534236056441
TBR1,T-box brain protein 1,Cognitive function,X20192.Number of fluid intelligence questions attempted within time limit,33553,0.00334191509612471,0.055012153806232,-0.10448190636409,0.111165736556339,0.951562163979458
TBR1,T-box brain protein 1,Cognitive function,X20240.Maximum digits remembered correctly,33012,0.00254599910907057,0.0577785185289732,-0.110699897207717,0.115791895425858,0.964855056813395
TBR1,T-box brain protein 1,Physical measures,X20255.Spirometry QC measure,43704,-0.0038754387881447,0.0358322491082546,-0.0741066470403238,0.0663557694640344,0.913874193766946
TBR1,T-box brain protein 1,Eye measures,X20261.avMSE,33620,0.00342012459736871,0.00727850519084561,-0.0108457455766887,0.0176859947714261,0.638454030929265
TBR1,T-box brain protein 1,Eye measures,X20262.Myopia diagnosis,33620,-0.0716873846835635,0.0716146128413095,-0.21205202585253,0.0686772564854032,0.316873731290754
TBR1,T-box brain protein 1,NMR metabolomics,X20280.Glucose-lactate,40153,-0.0065122450110843,0.00482198876598689,-0.0159633429924186,0.00293885297025,0.176873623325857
TBR1,T-box brain protein 1,NMR metabolomics,X20281.Spectrometer-corrected alanine,40176,-0.00524069783950409,0.00495469090220812,-0.014951892007832,0.00447049632882382,0.290204338252121
TBR1,T-box brain protein 1,Mental health,X20544#11.Mental health problems ever diagnosed by a professional_Depression,35340,0.030330592926415,0.0298760156513635,-0.0282263977502575,0.0888875836030876,0.310043096566826
TBR1,T-box brain protein 1,Mental health,X20544#6.Mental health problems ever diagnosed by a professional_Panic attacks,35340,-0.0139480997600751,0.0558932806651138,-0.123498929863698,0.095602730343548,0.802944656050572
TBR1,T-box brain protein 1,Mental health,X20546#1.Substances taken for depression_Unprescribed medication (more than once),35340,-0.0837017220099716,0.090021056613633,-0.260142992972692,0.0927395489527491,0.352510337855243
TBR1,T-box brain protein 1,Mental health,X20546#3.Substances taken for depression_Medication prescribed to you (for at least two weeks),35340,0.0579540920289092,0.0274422097418587,0.00416736093486622,0.111740823122952,0.0347387465799254
TBR1,T-box brain protein 1,Mental health,X20546#4.Substances taken for depression_Drugs or alcohol (more than once),35340,0.0694115519458657,0.0582202679342305,-0.0447001732052261,0.183523277096957,0.233219783520502
TBR1,T-box brain protein 1,Mental health,X20548#1.Manifestations of mania or irritability_I was more talkative than usual,35343,0.0270864241786886,0.0720464241477266,-0.114124567150856,0.168297415508233,0.706961145258324
TBR1,T-box brain protein 1,Mental health,X20548#2.Manifestations of mania or irritability_I was more restless than usual,35343,-0.0218978463391752,0.04591037143429,-0.111882174350384,0.0680864816720331,0.633400799499515
TBR1,T-box brain protein 1,Mental health,X20548#3.Manifestations of mania or irritability_My thoughts were racing,35343,0.0417627581908181,0.0536352730134367,-0.0633623769155179,0.146887893297154,0.436219692572573
TBR1,T-box brain protein 1,Mental health,X20548#5.Manifestations of mania or irritability_I needed less sleep than usual,35343,0.0137540049759249,0.0847457741160075,-0.15234771229145,0.1798557222433,0.871077123215915
TBR1,T-box brain protein 1,Mental health,X20548#6.Manifestations of mania or irritability_I was more creative or had more ideas than usual,35343,-0.0398870860217084,0.0944217331510195,-0.224953682997707,0.14517951095429,0.67272198749765
TBR1,T-box brain protein 1,Mental health,X20548#7.Manifestations of mania or irritability_I was easily distracted,35343,0.0506489624660674,0.0593927539039245,-0.0657608351856248,0.167058760117759,0.39381444028272
TBR1,T-box brain protein 1,Mental health,X20548#8.Manifestations of mania or irritability_I was more confident than usual,35343,-0.0141798015840499,0.0960556522041199,-0.202448879904125,0.174089276736025,0.882646966325383
TBR1,T-box brain protein 1,Mental health,X20548#9.Manifestations of mania or irritability_I was more active than usual,35343,-0.0363666734300769,0.0687532514482509,-0.171123046268649,0.0983896994084948,0.596862849260605
TBR1,T-box brain protein 1,Mental health,X20549#1.Substances taken for anxiety_Unprescribed medication (more than once),35343,0.0429340805850008,0.0978376974814242,-0.148827806478591,0.234695967648592,0.660800407074604
TBR1,T-box brain protein 1,Mental health,X20549#3.Substances taken for anxiety_Medication prescribed to you (for at least two weeks),35343,0.0338676917109463,0.0372313113006334,-0.039105678438295,0.106841061860188,0.363039524198297
TBR1,T-box brain protein 1,Mental health,X20549#4.Substances taken for anxiety_Drugs or alcohol (more than once),35343,-0.0357636701387313,0.0720834054728219,-0.177047144865462,0.105519804588,0.619811324022788
TBR1,T-box brain protein 1,Mental health,X20553#4.Methods of self-harm used_Ingesting a medication in excess of the normal dose,35344,-0.100597704876289,0.123360638006168,-0.342384555368378,0.141189145615799,0.414831174343448
TBR1,T-box brain protein 1,Diet and food preferences,X20600.Liking for adding salt to foods,35204,-0.0398968927281479,0.0456397243307555,-0.129350752416429,0.0495569669601328,0.382060484667098
TBR1,T-box brain protein 1,Diet and food preferences,X20601.Liking for aniseed,35204,-0.0605289569901785,0.0444645229383668,-0.147679421949377,0.0266215079690204,0.17347426242592
TBR1,T-box brain protein 1,Diet and food preferences,X20602.Liking for apple juice,35204,0.0382545025674423,0.044824599130091,-0.0496017117275361,0.126110716862421,0.393456871253507
TBR1,T-box brain protein 1,Diet and food preferences,X20603.Liking for apples,35204,-0.014255015359552,0.0460145693395849,-0.104443571265139,0.0759335405460344,0.756728737124342
TBR1,T-box brain protein 1,Diet and food preferences,X20604.Liking for asparagus,35204,0.0206348929909685,0.0447780132680285,-0.0671300130143674,0.108399798996304,0.644939821390884
TBR1,T-box brain protein 1,Diet and food preferences,X20605.Liking for aubergine,35204,-0.067181993651008,0.0442158526453147,-0.153845064835825,0.0194810775338088,0.128712093009659
TBR1,T-box brain protein 1,Diet and food preferences,X20606.Liking for avocados,35204,-0.00176622087561045,0.0452389087324877,-0.0904344819912863,0.0869020402400655,0.968858141736193
TBR1,T-box brain protein 1,Diet and food preferences,X20607.Liking for bacon,35204,-0.035818175392387,0.0455760275010267,-0.125147189294399,0.0535108385096254,0.431957420330854
TBR1,T-box brain protein 1,Diet and food preferences,X20608.Liking for baked or steamed fish,35204,-0.0546397510930084,0.0458099548057192,-0.144427262512218,0.0351477603262014,0.23301507494657
TBR1,T-box brain protein 1,Diet and food preferences,X20609.Liking for bananas,35204,-0.00639866753581748,0.0473632677580885,-0.0992306723416709,0.0864333372700359,0.892539176307298
TBR1,T-box brain protein 1,Diet and food preferences,X20610.Liking for barbequed or grilled meat,35204,-0.056048613700059,0.0448782780661483,-0.14401003870971,0.0319128113095917,0.211749289418053
TBR1,T-box brain protein 1,Diet and food preferences,X20611.Liking for beef steak,35204,-0.0295502935432963,0.0450344662621689,-0.117817847417147,0.0587172603305547,0.511739509462483
TBR1,T-box brain protein 1,Diet and food preferences,X20612.Liking for beetroot,35204,-0.0761780950886678,0.0454542301650178,-0.165268386212103,0.012912196034767,0.0938040530606161
TBR1,T-box brain protein 1,Diet and food preferences,X20613.Liking for bell pepper,35204,-0.0717563376459914,0.0450568188552515,-0.160067702602284,0.0165550273103015,0.111308361177359
TBR1,T-box brain protein 1,Diet and food preferences,X20614.Liking for bicycling,35204,0.0295044085146809,0.0446766171571799,-0.0580617611133916,0.117070578142754,0.509022942902022
TBR1,T-box brain protein 1,Diet and food preferences,X20615.Liking for biscuits,35204,-0.0735762471395467,0.0448998227349937,-0.161579899700134,0.0144274054210409,0.101333245556844
TBR1,T-box brain protein 1,Diet and food preferences,X20616.Liking for bitter foods,35204,-0.0124299830456414,0.0446442834437413,-0.0999327785953742,0.0750728125040915,0.780697469736559
TBR1,T-box brain protein 1,Diet and food preferences,X20617.Liking for bitter or ale,35204,-0.0123550980508596,0.0456498466351594,-0.101828797455772,0.0771186013540529,0.786670098943098
TBR1,T-box brain protein 1,Diet and food preferences,X20618.Liking for black olives,35204,-0.0726995878926275,0.0446983293201472,-0.160308313360116,0.0149091375748611,0.103906513213821
TBR1,T-box brain protein 1,Diet and food preferences,X20619.Liking for black pepper,35204,-0.0221031145705299,0.0457281883854245,-0.111730363805962,0.067524134664902,0.628858750584076
TBR1,T-box brain protein 1,Diet and food preferences,X20620.Liking for blue cheese,35204,-0.0115127210992692,0.0452490680038172,-0.100200894386751,0.0771754521882126,0.799172081939966
TBR1,T-box brain protein 1,Diet and food preferences,X20621.Liking for bolognese sauce,35204,-0.0714199854841814,0.0456634093275496,-0.160920267766179,0.0180802967978158,0.117857886098913
TBR1,T-box brain protein 1,Diet and food preferences,X20622.Liking for broad beans,35204,0.01230959389681,0.0459556040946243,-0.0777633901286536,0.102382577922274,0.788817533270674
TBR1,T-box brain protein 1,Diet and food preferences,X20623.Liking for broccoli,35204,-0.0588636095611655,0.0455971114168988,-0.148233947938287,0.0305067288159562,0.196770603623538
TBR1,T-box brain protein 1,Diet and food preferences,X20624.Liking for brown rice,35204,0.0396395435116202,0.0450432791026265,-0.0486452835295277,0.127924370552768,0.378877015627497
TBR1,T-box brain protein 1,Diet and food preferences,X20625.Liking for brussel sprouts,35204,0.0644277251852395,0.0450839785236245,-0.0239368727210646,0.152792323091544,0.153038944207075
TBR1,T-box brain protein 1,Diet and food preferences,X20626.Liking for burgers (meat),35204,-0.0464384662983641,0.0462885950632712,-0.137164112622376,0.0442871800256474,0.315786609895755
TBR1,T-box brain protein 1,Diet and food preferences,X20627.Liking for burn of spicy foods,35204,0.020873828549329,0.0461891177223581,-0.0696568421864929,0.111404499285151,0.651342286545881
TBR1,T-box brain protein 1,Diet and food preferences,X20628.Liking for butter on bread,35204,-0.0251106750566343,0.0466515395368085,-0.116547692548779,0.0663263424355103,0.590417267936965
TBR1,T-box brain protein 1,Diet and food preferences,X20629.Liking for butternut squash,35204,-0.135136225688719,0.0450728828620733,-0.223479076098382,-0.0467933752790552,0.00272718106239149
TBR1,T-box brain protein 1,Diet and food preferences,X20630.Liking for cabbage,35204,-0.0281348980127619,0.0450919660915418,-0.116515151552184,0.06024535552666,0.532687550217103
TBR1,T-box brain protein 1,Diet and food preferences,X20631.Liking for cake,35204,0.00298470135109523,0.0445822973649811,-0.0843966014842676,0.0903660041864581,0.946625228596478
TBR1,T-box brain protein 1,Diet and food preferences,X20632.Liking for cake icing,35204,0.0353357326068711,0.0436003771398571,-0.0501210065872487,0.120792471800991,0.417716272292609
TBR1,T-box brain protein 1,Diet and food preferences,X20633.Liking for capers,35204,-0.053187444816326,0.045889218857586,-0.143130313777195,0.0367554241445426,0.246485957682989
TBR1,T-box brain protein 1,Diet and food preferences,X20634.Liking for cauliflower,35204,0.0246545066734878,0.0453630900325578,-0.0642571497903256,0.113566163137301,0.586810828191374
TBR1,T-box brain protein 1,Diet and food preferences,X20635.Liking for cereal or granola bar,35204,-0.0096197391721234,0.044656112639584,-0.0971457199457081,0.0779062416014613,0.829448606278312
TBR1,T-box brain protein 1,Diet and food preferences,X20636.Liking for cheesecake,35204,0.0946836314160954,0.0441002184740376,0.00824720320698165,0.181120059625209,0.0318323969864681
TBR1,T-box brain protein 1,Diet and food preferences,X20637.Liking for cherries,35204,0.0140233267446192,0.0469830447866052,-0.0780634410371271,0.106110094526365,0.765349973902807
TBR1,T-box brain protein 1,Diet and food preferences,X20638.Liking for chicken,35204,0.0037896255034332,0.0473656984446286,-0.0890471434480389,0.0966263944549053,0.93623371725892
TBR1,T-box brain protein 1,Diet and food preferences,X20639.Liking for chilli pepper,35204,0.0145337858681836,0.0453299630217567,-0.0743129416544596,0.103380513390827,0.748507986174527
TBR1,T-box brain protein 1,Diet and food preferences,X20640.Liking for chips or french fries,35204,-0.12782751255666,0.0462926923863183,-0.218561189633844,-0.0370938354794765,0.00577487050115346
TBR1,T-box brain protein 1,Diet and food preferences,X20641.Liking for cigarette smoking,35204,0.0368071138253272,0.0779918282828468,-0.116056869609053,0.189671097259707,0.636989974648904
TBR1,T-box brain protein 1,Diet and food preferences,X20642.Liking for cod,35204,0.0172042887452518,0.0471774142435373,-0.0752634431720813,0.109672020662585,0.715369005236721
TBR1,T-box brain protein 1,Diet and food preferences,X20643.Liking for coffee with sugar,35204,0.0786184965755517,0.0500248521369564,-0.0194302136128827,0.176667206763986,0.116098668474482
TBR1,T-box brain protein 1,Diet and food preferences,X20644.Liking for coffee without sugar,35204,-0.059055740041585,0.0470606986191902,-0.151294709335198,0.0331832292520278,0.209569568852717
TBR1,T-box brain protein 1,Diet and food preferences,X20645.Liking for coriander,35204,0.0122637621928453,0.0461129627510026,-0.0781176447991197,0.10264516918481,0.790286523223748
TBR1,T-box brain protein 1,Diet and food preferences,X20646.Liking for corn flakes,35204,-0.0256932328632352,0.0465329391305017,-0.116897793559018,0.0655113278325481,0.580865111584256
TBR1,T-box brain protein 1,Diet and food preferences,X20647.Liking for cream,35204,0.0116462137328047,0.0450748656705769,-0.076700522981526,0.0999929504471353,0.796126449706959
TBR1,T-box brain protein 1,Diet and food preferences,X20648.Liking for croissant,35204,-0.0644206423867403,0.0449385161247851,-0.152500133991319,0.0236588492178384,0.151758965815894
TBR1,T-box brain protein 1,Diet and food preferences,X20649.Liking for cucumber,35204,-0.0623035170050756,0.0449380665289341,-0.150382127401787,0.0257750933916353,0.165666918883451
TBR1,T-box brain protein 1,Diet and food preferences,X20650.Liking for curry,35204,-0.0253675376075431,0.0454730062928815,-0.114494629941591,0.0637595547265046,0.576961302946793
TBR1,T-box brain protein 1,Diet and food preferences,X20651.Liking for dairy products,35204,0.0228855915772619,0.0464752684803565,-0.0682059346442368,0.113977117798761,0.62243683010072
TBR1,T-box brain protein 1,Diet and food preferences,X20652.Liking for dark chocolate,35204,-0.047391056049119,0.0451876737536425,-0.135958896606258,0.0411767845080204,0.294330507509232
TBR1,T-box brain protein 1,Diet and food preferences,X20653.Liking for diet fizzy drinks,35204,0.0178915581880792,0.0472158687959763,-0.0746515446520344,0.110434661028193,0.704752480646341
TBR1,T-box brain protein 1,Diet and food preferences,X20654.Liking for dried fruit,35204,0.01257519964434,0.0458080636929972,-0.0772086051939346,0.102359004482615,0.78369498873724
TBR1,T-box brain protein 1,Diet and food preferences,X20655.Liking for eggs,35204,-0.0500338843616781,0.0471683838172373,-0.142483916643463,0.042416147920107,0.288846015003249
TBR1,T-box brain protein 1,Diet and food preferences,X20656.Liking for exercising alone,35204,-0.0413520927894658,0.0450715377021283,-0.129692306685637,0.0469881211067056,0.358929685047748
TBR1,T-box brain protein 1,Diet and food preferences,X20657.Liking for exercising with others,35204,-0.0293159373510655,0.0437578477368365,-0.115081318915265,0.056449444213134,0.502910091842286
TBR1,T-box brain protein 1,Diet and food preferences,X20658.Liking for extra virgin olive oil,35204,-0.0168384127716548,0.045575173286217,-0.10616575241264,0.0724889268693306,0.711794497248968
TBR1,T-box brain protein 1,Diet and food preferences,X20659.Liking for fatty foods,35204,-0.022348911389784,0.0451743746435035,-0.110890685691051,0.0661928629114828,0.620812067759833
TBR1,T-box brain protein 1,Diet and food preferences,X20660.Liking for fresh tomatoes,35204,-0.0252773833272013,0.0480823710653741,-0.119518830615335,0.068964063960932,0.599109138951281
TBR1,T-box brain protein 1,Diet and food preferences,X20661.Liking for fried chicken,35204,-0.0353740790723223,0.0453029772547487,-0.12416791449163,0.0534197563469851,0.434931269935605
TBR1,T-box brain protein 1,Diet and food preferences,X20662.Liking for fried or battered fish,35204,-0.060177616547757,0.0449825446616093,-0.148343404084511,0.0279881709889973,0.181012565798076
TBR1,T-box brain protein 1,Diet and food preferences,X20663.Liking for fruit,35204,-0.0547986479218962,0.0506826107874027,-0.154136565065206,0.0445392692214132,0.279646260261647
TBR1,T-box brain protein 1,Diet and food preferences,X20664.Liking for garlic,35204,-0.0267372052463492,0.0458615838919125,-0.116625909674498,0.0631514991817993,0.559916647660063
TBR1,T-box brain protein 1,Diet and food preferences,X20665.Liking for gherkins,35204,-0.058792754552081,0.04434005804037,-0.145699268311206,0.0281137592070443,0.184906318606044
TBR1,T-box brain protein 1,Diet and food preferences,X20666.Liking for globe artichoke,35204,0.00544013221515477,0.0451030649539517,-0.0829618750945905,0.0938421395249,0.903999568045898
TBR1,T-box brain protein 1,Diet and food preferences,X20667.Liking for goat's cheese,35204,-0.0296111207826413,0.0451664007447583,-0.118137266242368,0.058915024677085,0.512106252195854
TBR1,T-box brain protein 1,Diet and food preferences,X20668.Liking for going to a cafe,35204,-0.0710581691582751,0.0457476368464478,-0.160723537377313,0.0186071990607625,0.120412748705597
TBR1,T-box brain protein 1,Diet and food preferences,X20669.Liking for going to the gym,35204,0.00506040259861643,0.043392917962004,-0.0799897166069115,0.0901105218041443,0.907166542304916
TBR1,T-box brain protein 1,Diet and food preferences,X20670.Liking for going to the pub,35204,-0.0618266334374826,0.0448392352850192,-0.14971153459612,0.026058267721155,0.167992027958779
TBR1,T-box brain protein 1,Diet and food preferences,X20671.Liking for grapefruit,35204,0.0233305384783191,0.0456515461610091,-0.0661464919972587,0.112807568953897,0.609330002772158
TBR1,T-box brain protein 1,Diet and food preferences,X20672.Liking for green olives,35204,-0.0611135850396901,0.0446295846093144,-0.148587570873946,0.0263604007945662,0.170940694767842
TBR1,T-box brain protein 1,Diet and food preferences,X20673.Liking for haddock,35204,0.0218719174604814,0.0467880111523139,-0.069832584398054,0.113576419319017,0.640181757787565
TBR1,T-box brain protein 1,Diet and food preferences,X20674.Liking for ham,35204,-0.00284303698386327,0.0453556782155988,-0.091740166286437,0.0860540923187104,0.950020899397414
TBR1,T-box brain protein 1,Diet and food preferences,X20675.Liking for hard cheese,35204,0.0154055286891033,0.0466543442033099,-0.0760369859493841,0.106848043327591,0.741256094235707
TBR1,T-box brain protein 1,Diet and food preferences,X20676.Liking for herring,35204,-0.0474737051294529,0.0438774681401024,-0.133473542684054,0.0385261324251479,0.279313374683138
TBR1,T-box brain protein 1,Diet and food preferences,X20677.Liking for honey,35204,0.000876310376794522,0.0452484432189963,-0.0878106383324383,0.0895632590860273,0.984549265515176
TBR1,T-box brain protein 1,Diet and food preferences,X20678.Liking for horseradish or wasabi,35204,-0.0514200367991082,0.0450840511058421,-0.139784776966559,0.0369447033683423,0.254108084960431
TBR1,T-box brain protein 1,Diet and food preferences,X20679.Liking for ice cream,35204,-0.00271871296507431,0.0448557517962187,-0.0906359864856629,0.0851985605555143,0.951671723782825
TBR1,T-box brain protein 1,Diet and food preferences,X20680.Liking for jam,35204,-0.0373165570658763,0.0447262947244695,-0.124980094725836,0.0503469805940838,0.404127410127396
TBR1,T-box brain protein 1,Diet and food preferences,X20681.Liking for kiwi fruit,35204,0.00863569279774918,0.0449543797441134,-0.079474891500713,0.0967462770962114,0.847671133511019
TBR1,T-box brain protein 1,Diet and food preferences,X20682.Liking for lager,35204,0.0072005968150336,0.0450670120719694,-0.0811307468460265,0.0955319404760937,0.873063433910224
TBR1,T-box brain protein 1,Diet and food preferences,X20683.Liking for lamb,35204,0.0107853598976141,0.0464704395374129,-0.0802967015957152,0.101867421390943,0.816475430886976
TBR1,T-box brain protein 1,Diet and food preferences,X20684.Liking for lemons,35204,0.0549545276639888,0.0458771446626739,-0.034964675874852,0.14487373120283,0.231017719782609
TBR1,T-box brain protein 1,Diet and food preferences,X20685.Liking for lentils or beans,35204,0.00913063722052114,0.0454675755735078,-0.0799858109035542,0.0982470853445965,0.840848903414452
TBR1,T-box brain protein 1,Diet and food preferences,X20686.Liking for liver,35204,0.021183050618555,0.0462558924867731,-0.0694784986555204,0.11184459989263,0.647002387277689
TBR1,T-box brain protein 1,Diet and food preferences,X20687.Liking for mackerel,35204,-0.0417234936758018,0.0444522069018261,-0.128849819203381,0.0454028318517774,0.347966391538721
TBR1,T-box brain protein 1,Diet and food preferences,X20688.Liking for marzipan,35204,0.0124865299940508,0.0456043531515794,-0.0768980021830449,0.101871062171146,0.784246767694409
TBR1,T-box brain protein 1,Diet and food preferences,X20689.Liking for mayonnaise,35204,0.019295954363083,0.0461451172807353,-0.0711484755071582,0.109740384233324,0.675846493797178
TBR1,T-box brain protein 1,Diet and food preferences,X20690.Liking for melon,35204,0.0204531285849105,0.0471378264765671,-0.071937011309161,0.112843268478982,0.664376262180232
TBR1,T-box brain protein 1,Diet and food preferences,X20691.Liking for milk chocolate,35204,-0.00573926954027917,0.0447419694411406,-0.0934335296449148,0.0819549905643565,0.897935763673963
TBR1,T-box brain protein 1,Diet and food preferences,X20692.Liking for mushrooms,35204,-0.0051878607981863,0.0462305013595292,-0.0957996434628635,0.0854239218664909,0.910654886942799
TBR1,T-box brain protein 1,Diet and food preferences,X20694.Liking for orange juice,35204,0.0705872505914161,0.0466514012021668,-0.0208494957648308,0.162023996947663,0.130312280054458
TBR1,T-box brain protein 1,Diet and food preferences,X20695.Liking for oranges,35204,-0.0420373507388627,0.0462591692161857,-0.132705322402587,0.0486306209248612,0.363526236740259
TBR1,T-box brain protein 1,Diet and food preferences,X20696.Liking for pasta,35204,-0.0104224262439323,0.0447004282459708,-0.0980352656060351,0.0771904131181706,0.815643825204526
TBR1,T-box brain protein 1,Diet and food preferences,X20697.Liking for pears,35204,0.0306271969106739,0.046360623294219,-0.0602396247459952,0.121494018567343,0.508875282733921
TBR1,T-box brain protein 1,Diet and food preferences,X20698.Liking for pizza,35204,0.010772702928005,0.0461357327366832,-0.0796533332358941,0.101198739091904,0.815380976826827
TBR1,T-box brain protein 1,Diet and food preferences,X20699.Liking for plain yogurt,35204,0.00877994939895101,0.0457053469478683,-0.0808025306188709,0.0983624294167729,0.847671192996283
TBR1,T-box brain protein 1,Diet and food preferences,X20700.Liking for plums,35204,-0.0186627073845659,0.0458107449932801,-0.108451767571395,0.0711263528022632,0.683738217821085
TBR1,T-box brain protein 1,Diet and food preferences,X20701.Liking for pollock,35204,-0.0681287904924724,0.0453356241220741,-0.156986613771738,0.0207290327867928,0.132952265674147
TBR1,T-box brain protein 1,Diet and food preferences,X20702.Liking for pork chop,35204,0.0376605938085142,0.0450074120444523,-0.0505539337986122,0.125875121415641,0.402758410170538
TBR1,T-box brain protein 1,Diet and food preferences,X20703.Liking for porridge,35204,-0.00882675203115679,0.0458810842448098,-0.0987536771509841,0.0811001730886705,0.84744852278517
TBR1,T-box brain protein 1,Diet and food preferences,X20704.Liking for potato crisps,35204,-0.0657677894215542,0.0454674758307237,-0.154884042049773,0.0233484632066642,0.148094875796907
TBR1,T-box brain protein 1,Diet and food preferences,X20705.Liking for potatoes,35204,-0.0802893899757032,0.0461565734914867,-0.170756274019017,0.0101774940676108,0.0819980002992241
TBR1,T-box brain protein 1,Diet and food preferences,X20706.Liking for prawns,35204,-0.00965529729483381,0.0450544283257785,-0.0979619768133596,0.078651382223692,0.830318092098931
TBR1,T-box brain protein 1,Diet and food preferences,X20707.Liking for raw carrots,35204,-0.0791957995069893,0.0440632900060871,-0.16555984791892,0.00716824890494133,0.0723352089494806
TBR1,T-box brain protein 1,Diet and food preferences,X20708.Liking for red meat,35204,-0.0460442418767822,0.0456755059853408,-0.13556823360805,0.0434797498544858,0.313460088571866
TBR1,T-box brain protein 1,Diet and food preferences,X20709.Liking for red wine,35204,-0.0291284014426181,0.0452117685816248,-0.117743467862603,0.0594866649773666,0.5194276382951
TBR1,T-box brain protein 1,Diet and food preferences,X20710.Liking for regular (non-diet) fizzy drinks,35204,0.0368054260937629,0.0466591984826386,-0.0546466029322087,0.128257455119734,0.430251923113881
TBR1,T-box brain protein 1,Diet and food preferences,X20711.Liking for roast chicken,35204,-0.0392997317525513,0.0481216285841638,-0.133618123777512,0.0550186602724097,0.414146591223923
TBR1,T-box brain protein 1,Diet and food preferences,X20712.Liking for salad dressing,35204,-0.0704414763706238,0.0451519229107314,-0.158939245275657,0.0180562925344098,0.11878918473415
TBR1,T-box brain protein 1,Diet and food preferences,X20713.Liking for salad leaves,35204,0.0250395370814176,0.0464649390207543,-0.0660317433992609,0.116110817562096,0.58998206310011
TBR1,T-box brain protein 1,Diet and food preferences,X20714.Liking for salami,35204,-0.0357520660520488,0.0452726935380001,-0.124486545386529,0.0529824132824314,0.429731354575835
TBR1,T-box brain protein 1,Diet and food preferences,X20715.Liking for salmon,35204,-0.0832402631800422,0.046160237034623,-0.173714327767903,0.00723380140781883,0.0713929256350269
TBR1,T-box brain protein 1,Diet and food preferences,X20716.Liking for salty foods,35204,-0.0819792430571069,0.044527309906312,-0.169252770473478,0.00529428435926464,0.0656561948304489
TBR1,T-box brain protein 1,Diet and food preferences,X20717.Liking for salty pretzels,35204,-0.0588203364284681,0.0448786214854505,-0.146782434539951,0.0291417616830149,0.190024905615154
TBR1,T-box brain protein 1,Diet and food preferences,X20718.Liking for sardines,35204,-0.0800893278664468,0.0449163438990822,-0.168125361908648,0.00794670617575419,0.0746241981709375
TBR1,T-box brain protein 1,Diet and food preferences,X20719.Liking for sausages (meat),35204,-0.00367211127877451,0.0462612194092422,-0.0943441013208893,0.0869998787633403,0.936734816381648
TBR1,T-box brain protein 1,Diet and food preferences,X20720.Liking for savoury biscuits,35204,0.000966582766770117,0.0449682455169494,-0.0871711784464508,0.089104343979991,0.98285167814298
TBR1,T-box brain protein 1,Diet and food preferences,X20721.Liking for shellfish (other than prawns),35204,-0.0445714153179921,0.0447206100205369,-0.132223810958244,0.0430809803222603,0.318967887980915
TBR1,T-box brain protein 1,Diet and food preferences,X20722.Liking for skimmed milk,35204,0.0307427008037312,0.0454726799509031,-0.0583837519000388,0.119869153507501,0.499022450574769
TBR1,T-box brain protein 1,Diet and food preferences,X20723.Liking for smoked fish,35204,-0.0239229247820456,0.045303835409826,-0.112718442185305,0.0648725926212134,0.597480565528469
TBR1,T-box brain protein 1,Diet and food preferences,X20724.Liking for soft cheese,35204,-0.0123117627991279,0.0448316879558891,-0.100181871192671,0.0755583455944148,0.78361620156796
TBR1,T-box brain protein 1,Diet and food preferences,X20725.Liking for soy sauce,35204,0.010637284154657,0.0448679837360211,-0.0773039639679443,0.0985785322772584,0.81260312169839
TBR1,T-box brain protein 1,Diet and food preferences,X20726.Liking for soya milk,35204,-0.0551650773355956,0.0453457503275716,-0.144042747977636,0.0337125933064448,0.223825800080013
TBR1,T-box brain protein 1,Diet and food preferences,X20727.Liking for spicy foods,35204,-0.014660702362754,0.0451681729892041,-0.103190321421594,0.073868916696086,0.745509998323113
TBR1,T-box brain protein 1,Diet and food preferences,X20728.Liking for spinach,35204,0.0100440680121389,0.0460276541339726,-0.0801701340904474,0.100258270114725,0.827266589886735
TBR1,T-box brain protein 1,Diet and food preferences,X20729.Liking for spirits,35204,-0.0282801115604677,0.0453454970013216,-0.117157285683058,0.0605970625621226,0.532875486490798
TBR1,T-box brain protein 1,Diet and food preferences,X20730.Liking for strawberries,35204,-0.0496975070313739,0.0485638866189952,-0.144882724804604,0.0454877107418567,0.306187011603086
TBR1,T-box brain protein 1,Diet and food preferences,X20731.Liking for sweet coffee house drinks,35204,0.0523930873078895,0.0457885751401665,-0.0373525199668369,0.142138694582616,0.252570045283902
TBR1,T-box brain protein 1,Diet and food preferences,X20732.Liking for sweet foods,35204,-0.0195136274759989,0.0449426973246604,-0.107601314232333,0.0685740592803356,0.664166766917452
TBR1,T-box brain protein 1,Diet and food preferences,X20733.Liking for taking the stairs,35204,-0.0750928165125746,0.0468518251873029,-0.166922393879688,0.0167367608545389,0.109037521626511
TBR1,T-box brain protein 1,Diet and food preferences,X20734.Liking for tea with sugar,35204,0.0553412862053631,0.0540414638708306,-0.0505799829814648,0.161262555392191,0.305851843261036
TBR1,T-box brain protein 1,Diet and food preferences,X20735.Liking for tea without sugar,35204,0.0237538243001542,0.0475685503809227,-0.0694805344464543,0.116988183046763,0.617544203287604
TBR1,T-box brain protein 1,Diet and food preferences,X20736.Liking for tomato ketchup,35204,-0.00598832315522452,0.0444757440357285,-0.0931607814652523,0.0811841351548033,0.8928990920999
TBR1,T-box brain protein 1,Diet and food preferences,X20737.Liking for tinned tuna,35204,-0.020063670451702,0.0444866736316571,-0.10725755076975,0.0671302098663459,0.652002917926306
TBR1,T-box brain protein 1,Diet and food preferences,X20738.Liking for turnip (white),35204,-0.0553581424081405,0.0445732849034932,-0.142721780818987,0.0320054960027062,0.21430063831315
TBR1,T-box brain protein 1,Diet and food preferences,X20739.Liking for vegetables,35204,-0.0506670959824639,0.048287484402857,-0.145310565412064,0.0439763734471358,0.294091481557901
TBR1,T-box brain protein 1,Diet and food preferences,X20740.Liking for vinegar,35204,-0.0784620938724538,0.0450913550852198,-0.166841149839485,0.00991696209457714,0.0818980701195676
TBR1,T-box brain protein 1,Diet and food preferences,X20741.Liking for watching television,35204,-0.0330985520986814,0.0451494575423517,-0.121591488881691,0.055394384684328,0.463533034388475
TBR1,T-box brain protein 1,Diet and food preferences,X20742.Liking for whisky,35204,-0.0219876113015388,0.047477704509776,-0.1150439121407,0.0710686895376222,0.643299122400702
TBR1,T-box brain protein 1,Diet and food preferences,X20743.Liking for white bread,35204,-0.0868565442156428,0.0453960540924216,-0.175832810236789,0.00211972180550352,0.0557564189040614
TBR1,T-box brain protein 1,Diet and food preferences,X20744.Liking for white rice,35204,0.0313069414807947,0.0454452318008502,-0.0577657128488717,0.120379595810461,0.490916691415646
TBR1,T-box brain protein 1,Diet and food preferences,X20745.Liking for white wine,35204,0.028206630955709,0.0458861068705805,-0.0617301385106287,0.118143400422047,0.538769816847835
TBR1,T-box brain protein 1,Diet and food preferences,X20746.Liking for whole grain breakfast cereal,35204,0.0321890704580912,0.0458159978130299,-0.0576102852554474,0.12198842617163,0.482349315902012
TBR1,T-box brain protein 1,Diet and food preferences,X20747.Liking for whole milk,35204,-0.0088898509283726,0.0445538803921468,-0.0962154564969803,0.0784357546402351,0.841854672436403
TBR1,T-box brain protein 1,Diet and food preferences,X20748.Liking for wholemeal bread,35204,0.016571506965207,0.046600003402011,-0.0747644997027346,0.107907513633148,0.722143870836669
TBR1,T-box brain protein 1,Diet and food preferences,X20749.Liking for working up a sweat,35204,-0.0537417057101638,0.0448865107561488,-0.141719266792215,0.0342358553718879,0.231244866688604
TBR1,T-box brain protein 1,Physical measures,X21001.Body mass index (BMI),48709,0.00411363427999732,0.0167836878423569,-0.0287823938910222,0.0370096624510169,0.806383776444563
TBR1,T-box brain protein 1,Physical measures,X21002.Weight,48723,0.00948233466941811,0.00899586759168437,-0.00814956581028326,0.0271142351491195,0.291860831029198
TBR1,T-box brain protein 1,Physical measures,X21021.Pulse wave Arterial Stiffness index,35939,-0.0017921860568626,0.00612084439684977,-0.0137890410746882,0.010204668960963,0.769683683129554
TBR1,T-box brain protein 1,Health and medical history,X21025.Frequency of discomfort or pain in abdomen in last 3 months,35032,0.00517417486486611,0.0492414595106868,-0.09133908577608,0.101687435505812,0.916317838718637
TBR1,T-box brain protein 1,Health and medical history,X21033.Frequency of hard or lumpy stools in the last 3 months,35049,-0.0576184098133221,0.0500122044281017,-0.155642330492401,0.0404055108657572,0.249332393137337
TBR1,T-box brain protein 1,Health and medical history,X21034.Frequency of loose or mushy or watery stools in the last 3 months,35050,-0.0553555237762895,0.0496680357258906,-0.152704873799035,0.0419938262464561,0.265106207417041
TBR1,T-box brain protein 1,Health and medical history,X21040.Satisfaction with bowel habits,35007,0.0148464270644959,0.0446121832432949,-0.0725934520923621,0.102286306221354,0.739305865447664
TBR1,T-box brain protein 1,Health and medical history,X21041.Degree to which abdominal pain or discomfort or altered bowel habits affect or interfere with life in general,34989,-0.0638306646595273,0.0492240480616246,-0.160309798860312,0.032648469541257,0.194773262659349
TBR1,T-box brain protein 1,Health and medical history,X21042.Greatest number of times bowels opened per day,35009,-0.0792891653470751,0.048776141194364,-0.174890402088029,0.0163120713938784,0.104094777910005
TBR1,T-box brain protein 1,Health and medical history,X21043.Least number of times bowels opened per week,34954,0.0338907588871573,0.0502028451326409,-0.064506817572819,0.132288335347134,0.499654291061333
TBR1,T-box brain protein 1,Health and medical history,X21044.Average number of times bowels opened per day,34979,-0.0568381984792295,0.0564924779526882,-0.167563455266498,0.0538870583080394,0.314400102315373
TBR1,T-box brain protein 1,Health and medical history,X21048.Degree bothered by back pain in the past 3 months,35051,-0.0406521447790952,0.0501593073117928,-0.138964387110209,0.0576600975520186,0.417708406541708
TBR1,T-box brain protein 1,Health and medical history,X21049.Degree bothered by pain in arms or legs or joints in the past 3 months,35046,0.0622476516938055,0.0508214959884198,-0.0373624804434973,0.161857783831108,0.220688892732256
TBR1,T-box brain protein 1,Health and medical history,X21050.Degree bothered by menstrual cramps or other problems with period in the last 3 months,32292,0.145086803176934,0.0933171868209659,-0.0378148829921591,0.327988489346027,0.120102929869494
TBR1,T-box brain protein 1,Health and medical history,X21051.Degree bothered by headaches in the last 3 months,35050,0.0223313209118837,0.057659444913213,-0.0906811911180137,0.135343832941781,0.698550540443785
TBR1,T-box brain protein 1,Health and medical history,X21052.Degree bothered by chest pain in the last 3 months,35049,-0.137298725863452,0.0691301521752256,-0.272793824126894,-0.00180362760000943,0.0470698588250694
TBR1,T-box brain protein 1,Health and medical history,X21053.Degree bothered by dizziness in the last 3 months,35046,0.0440149361791951,0.0588854337147156,-0.0714005139016474,0.159430386260038,0.454811571962272
TBR1,T-box brain protein 1,Health and medical history,X21054.Degree bothered by fainting spells in the last 3 months,35046,0.347902740437556,0.184292916803876,-0.0133113764980411,0.709116857373154,0.0591062019689955
TBR1,T-box brain protein 1,Health and medical history,X21055.Degree bothered by feeling heart pound or race in the last 3 months,35052,0.0488543080723824,0.0598363980524792,-0.0684250321104768,0.166133648255242,0.414267598151756
TBR1,T-box brain protein 1,Health and medical history,X21056.Degree bothered by shortness of breath in the last 3 months,35049,0.0593992151428016,0.0547821134193232,-0.0479737271590719,0.166772157444675,0.278284795494786
TBR1,T-box brain protein 1,Health and medical history,X21057.Degree bothered by pain or problems during intercourse in the last 3 months,34912,0.0529879304469575,0.052927383663811,-0.0507497415341122,0.156725602428027,0.316799593820665
TBR1,T-box brain protein 1,Health and medical history,X21058.Degree bothered by urinary frequency or bladder irritability in the last 3 months,35046,0.0507582717238062,0.0501840325626651,-0.0476024320990175,0.14911897554663,0.311846432902377
TBR1,T-box brain protein 1,Health and medical history,X21059.Degree bothered by nausea in the last 3 months,35048,-0.0472428153961574,0.0771364625898078,-0.198430282072181,0.103944651279866,0.540258812705268
TBR1,T-box brain protein 1,Health and medical history,X21060.Degree bothered by feeling tired all the time in the last 3 months,35053,0.00299129968356276,0.0501219705454127,-0.0952477625854462,0.101230361952572,0.952412211312217
TBR1,T-box brain protein 1,Health and medical history,X21061.Degree bothered by trouble sleeping in the last 3 months,35052,0.0558810327467282,0.0500472896690641,-0.0422116550046375,0.153973720498094,0.264226331311133
TBR1,T-box brain protein 1,Working and living environment,X21100.Water hardness (USGS classification),48677,0.00486869640870407,0.027286109943273,-0.048612079080111,0.0583494718975191,0.858386115471276
TBR1,T-box brain protein 1,Lifestyle factors,X2139.Age first had sexual intercourse,45501,-0.00458557435915563,0.00413622452000199,-0.0126925744183595,0.00352142570004828,0.267602866159168
TBR1,T-box brain protein 1,Health and medical history,X2149.Lifetime number of sexual partners,44486,0.00522587693828894,0.0308275789273278,-0.0551961777592736,0.0656479316358515,0.865390248092198
TBR1,T-box brain protein 1,Physical activities,X22032.IPAQ activity group,44472,0.0207335321960092,0.0309526310406562,-0.039933624643677,0.0814006890356954,0.502965346754754
TBR1,T-box brain protein 1,Physical activities,X22033.Summed days activity,44899,-0.00354290674450081,0.00405858458955468,-0.011497732540028,0.00441191905102636,0.38270833447747
TBR1,T-box brain protein 1,Physical activities,X22034.Summed minutes activity,44472,0.000218270560735889,0.00403110744885784,-0.00768270003902548,0.00811924116049726,0.956819113113223
TBR1,T-box brain protein 1,Physical activities,X22037.MET minutes per week for walking,43640,2.9879240010867e-05,0.00433888709524645,-0.00847433946667217,0.0085340979466939,0.994505599531656
TBR1,T-box brain protein 1,Physical activities,X22038.MET minutes per week for moderate activity,44472,-0.000233855449613782,0.00391820974142739,-0.00791354654281148,0.00744583564358391,0.952407888570452
TBR1,T-box brain protein 1,Physical activities,X22039.MET minutes per week for vigorous activity,44472,0.0329296105833111,0.0306944963550431,-0.0272316022725734,0.0930908234391956,0.283369693959114
TBR1,T-box brain protein 1,Physical activities,X22040.Summed MET minutes per week for all activity,43640,-0.000191442177894268,0.00420837127830312,-0.00843984988336838,0.00805696552757984,0.963716736297104
TBR1,T-box brain protein 1,Eye measures,X2217.Age started wearing glasses or contact lenses,47111,0.00107527348872379,0.00341814625132799,-0.00562429316387906,0.00777484014132665,0.753085775392773
TBR1,T-box brain protein 1,Working and living environment,X22501.Year ended full time education,33408,-0.00343145511360512,0.017335464607559,-0.0374089657444207,0.0305460555172105,0.843098249532683
TBR1,T-box brain protein 1,Lifestyle factors,X22506.Tobacco smoking,33385,-0.0170951829226522,0.121157106622741,-0.254563111903225,0.22037274605792,0.887798281244548
TBR1,T-box brain protein 1,Lifestyle factors,X2277.Frequency of solarium or sunlamp use,47690,-0.025092632125133,0.104274507097747,-0.229470666036718,0.179285401786452,0.809836703178084
TBR1,T-box brain protein 1,Physical measures,X23098.Weight,48315,0.00820617138091602,0.00910955655994773,-0.00964855947658153,0.0260609022384136,0.367689502658823
TBR1,T-box brain protein 1,Physical measures,X23099.Body fat percentage,48307,0.00468093746656724,0.00868385602793087,-0.0123394203481773,0.0217012952813118,0.589866191408936
TBR1,T-box brain protein 1,Physical measures,X23100.Whole body fat mass,48294,0.0086581776161787,0.00856938534629012,-0.00813781766254993,0.0254541728949073,0.3123348926323
TBR1,T-box brain protein 1,Physical measures,X23101.Whole body fat-free mass,48314,0.00259247903161899,0.00741649429056815,-0.0119438497778946,0.0171288078411326,0.726675892686753
TBR1,T-box brain protein 1,Physical measures,X23102.Whole body water mass,48315,0.00177729922940367,0.00743927097274002,-0.0128036718771668,0.0163582703359741,0.811179703468793
TBR1,T-box brain protein 1,Physical measures,X23104.Body mass index (BMI),48315,-0.00402329600610038,0.0167469284057123,-0.0368472756812965,0.0288006836690958,0.810146136809403
TBR1,T-box brain protein 1,Physical measures,X23105.Basal metabolic rate,48315,0.00374804918433174,0.00791690386081303,-0.0117690823828618,0.0192651807515253,0.635916395485058
TBR1,T-box brain protein 1,Physical measures,X23106.Impedance of whole body,48312,0.00204372564281602,0.00605896329043557,-0.0098318424064377,0.0139192936920697,0.735889819279228
TBR1,T-box brain protein 1,Physical measures,X23107.Impedance of leg (right),48315,0.00139847415697482,0.00491124853913712,-0.00822757297973394,0.0110245212936836,0.775839367816456
TBR1,T-box brain protein 1,Physical measures,X23108.Impedance of leg (left),48315,0.00336617348325222,0.00487765988776441,-0.00619403989676602,0.0129263868632705,0.490126736525404
TBR1,T-box brain protein 1,Physical measures,X23109.Impedance of arm (right),48314,-0.00401437520048962,0.00599545209909165,-0.0157654613147093,0.00773671091373001,0.503139992933675
TBR1,T-box brain protein 1,Physical measures,X23110.Impedance of arm (left),48315,0.000354142854207827,0.00600745618592774,-0.0114204712702105,0.0121287569786262,0.952992109932981
TBR1,T-box brain protein 1,Physical measures,X23111.Leg fat percentage (right),48315,-0.00319548809611483,0.0102256879913686,-0.0232378365591972,0.0168468603669675,0.754666898703837
TBR1,T-box brain protein 1,Physical measures,X23112.Leg fat mass (right),48315,0.00895517195222063,0.0112201045997373,-0.0130362330632645,0.0309465769677058,0.424801352704432
TBR1,T-box brain protein 1,Physical measures,X23113.Leg fat-free mass (right),48314,0.00718623470204434,0.00754790872441593,-0.00760766639781088,0.0219801358018996,0.341066984219855
TBR1,T-box brain protein 1,Physical measures,X23114.Leg predicted mass (right),48314,0.00638880323371713,0.00759069565129217,-0.00848896024281552,0.0212665667102498,0.399987468496429
TBR1,T-box brain protein 1,Physical measures,X23115.Leg fat percentage (left),48312,0.00594314297394295,0.0107544484376941,-0.0151355759639375,0.0270218619118234,0.580528851573608
TBR1,T-box brain protein 1,Physical measures,X23116.Leg fat mass (left),48312,0.021300760404932,0.0117398379617409,-0.00170932200008029,0.0443108428099442,0.0696318533783028
TBR1,T-box brain protein 1,Physical measures,X23117.Leg fat-free mass (left),48311,0.00681037630939987,0.00793532239560124,-0.00874285558597857,0.0223636082047783,0.390773132704057
TBR1,T-box brain protein 1,Physical measures,X23118.Leg predicted mass (left),48311,0.00638283135231397,0.00798707030956206,-0.00927182645442766,0.0220374891590556,0.424215973693476
TBR1,T-box brain protein 1,Physical measures,X23119.Arm fat percentage (right),48311,-0.0129265717357536,0.00973776492976401,-0.032012590998091,0.00615944752658388,0.184369756801786
TBR1,T-box brain protein 1,Physical measures,X23120.Arm fat mass (right),48309,-0.0034941684464419,0.00975211154686983,-0.0226083070783068,0.015619970185423,0.720123781493099
TBR1,T-box brain protein 1,Physical measures,X23121.Arm fat-free mass (right),48310,0.00960909732314539,0.00759677595625318,-0.00528058355111084,0.0244987781974016,0.205925644826491
TBR1,T-box brain protein 1,Physical measures,X23122.Arm predicted mass (right),48310,0.00824774506546634,0.00761261175730901,-0.00667297397885933,0.023168464109792,0.278630506754636
TBR1,T-box brain protein 1,Physical measures,X23123.Arm fat percentage (left),48309,-0.0103561174302277,0.00998994978494755,-0.0299364190087249,0.00922418414826952,0.299910436252163
TBR1,T-box brain protein 1,Physical measures,X23124.Arm fat mass (left),48309,-0.0073378690835842,0.00976174465266395,-0.0264708886028055,0.0117951504356371,0.452242863288957
TBR1,T-box brain protein 1,Physical measures,X23125.Arm fat-free mass (left),48309,0.00451264972409901,0.00774880240735106,-0.0106750029943091,0.0197003024425071,0.560326120326938
TBR1,T-box brain protein 1,Physical measures,X23126.Arm predicted mass (left),48307,0.00304193148108163,0.00775459424606316,-0.0121570732412022,0.0182409362033654,0.694859595876801
TBR1,T-box brain protein 1,Physical measures,X23127.Trunk fat percentage,48307,0.00507610409180632,0.00620310943680254,-0.00708199040432666,0.0172341985879393,0.413186938289633
TBR1,T-box brain protein 1,Physical measures,X23128.Trunk fat mass,48307,0.00682998966023416,0.006945466117498,-0.00678312393006192,0.0204431032505302,0.325435930019065
TBR1,T-box brain protein 1,Physical measures,X23129.Trunk fat-free mass,48306,-0.00208031405135243,0.00669573855958961,-0.0152039616281481,0.0110433335254432,0.756037980705442
TBR1,T-box brain protein 1,Physical measures,X23130.Trunk predicted mass,48303,-0.00219795503444788,0.0067280470479684,-0.0153849272484659,0.0109890171795702,0.743909388974621
TBR1,T-box brain protein 1,NMR metabolomics,X23400.Total Cholesterol,40182,0.00542980121927221,0.0048362201427737,-0.00404919026056424,0.0149087926991087,0.261573922337735
TBR1,T-box brain protein 1,NMR metabolomics,X23401.Total Cholesterol Minus HDL-C,40182,0.00953153738258044,0.00468299316504808,0.000352870779086203,0.0187102039860747,0.0418394595900615
TBR1,T-box brain protein 1,NMR metabolomics,"X23402.Remnant Cholesterol (Non-HDL, Non-LDL -Cholesterol)",40182,0.0102708724561252,0.00467270137341504,0.00111237776423172,0.0194293671480187,0.0279656964556695
TBR1,T-box brain protein 1,NMR metabolomics,X23403.VLDL Cholesterol,40182,0.0123852017508423,0.00474172814097233,0.00309141459453652,0.021678988907148,0.00901473684869035
TBR1,T-box brain protein 1,NMR metabolomics,X23404.Clinical LDL Cholesterol,40182,0.00873117705132368,0.00467846286961619,-0.000438610173124051,0.0179009642757714,0.0620331438847625
TBR1,T-box brain protein 1,NMR metabolomics,X23405.LDL Cholesterol,40182,0.00838434416795725,0.00469997841631486,-0.000827613528019881,0.0175963018639344,0.0744656826256692
TBR1,T-box brain protein 1,NMR metabolomics,X23406.HDL Cholesterol,40182,-0.0105508589782057,0.0054294827122636,-0.0211926450942423,9.09271378309578e-05,0.0520110911329414
TBR1,T-box brain protein 1,NMR metabolomics,X23407.Total Triglycerides,40182,0.00875342255588763,0.00512172678480883,-0.00128516194233768,0.0187920070541129,0.0874650301864532
TBR1,T-box brain protein 1,NMR metabolomics,X23408.Triglycerides in VLDL,40182,0.0097977047533209,0.00510157236076581,-0.000201377073780097,0.0197967865804219,0.0548172847745145
TBR1,T-box brain protein 1,NMR metabolomics,X23409.Triglycerides in LDL,40182,0.00580829448773636,0.00509793194042302,-0.00418365211549275,0.0158002410909655,0.254584840979142
TBR1,T-box brain protein 1,NMR metabolomics,X23410.Triglycerides in HDL,40182,0.000172227110621157,0.00500995943126502,-0.00964729337465828,0.0099917475959006,0.972577190533754
TBR1,T-box brain protein 1,NMR metabolomics,X23411.Total Phospholipids in Lipoprotein Particles,40182,0.00165866855960933,0.00502127561187898,-0.00818303163967348,0.0115003687588921,0.741158341342548
TBR1,T-box brain protein 1,NMR metabolomics,X23412.Phospholipids in VLDL,40182,0.012038909963247,0.00489559074934593,0.00244355209452901,0.0216342678319651,0.0139425917623246
TBR1,T-box brain protein 1,NMR metabolomics,X23413.Phospholipids in LDL,40182,0.00941295528012563,0.00467247821214694,0.000254897984317617,0.0185710125759336,0.0439758164381891
TBR1,T-box brain protein 1,NMR metabolomics,X23414.Phospholipids in HDL,40182,-0.0111787279307242,0.00537955974476972,-0.0217226650304728,-0.00063479083097555,0.0377324710051474
TBR1,T-box brain protein 1,NMR metabolomics,X23415.Total Esterified Cholesterol,40182,0.00463486564912411,0.00486212341797624,-0.00489489625010933,0.0141646275483575,0.340479542846585
TBR1,T-box brain protein 1,NMR metabolomics,X23416.Cholesteryl Esters in VLDL,40182,0.0121536892055014,0.00468546366030003,0.00297018043131331,0.0213371979796894,0.00950161673296252
TBR1,T-box brain protein 1,NMR metabolomics,X23417.Cholesteryl Esters in LDL,40182,0.00876000450291724,0.004705641537831,-0.000463052911231512,0.017983061917066,0.0626867070299684
TBR1,T-box brain protein 1,NMR metabolomics,X23418.Cholesteryl Esters in HDL,40182,-0.010754324634816,0.00539877649326488,-0.0213359265616152,-0.00017272270801684,0.0463965390933391
TBR1,T-box brain protein 1,NMR metabolomics,X23419.Total Free Cholesterol,40182,0.00731688275578128,0.00477750952242586,-0.0020470359081734,0.016680801419736,0.12566809393099
TBR1,T-box brain protein 1,NMR metabolomics,X23420.Free Cholesterol in VLDL,40182,0.0123435853383091,0.00483898766822937,0.00285916950857956,0.0218280011680387,0.0107591504581221
TBR1,T-box brain protein 1,NMR metabolomics,X23421.Free Cholesterol in LDL,40182,0.0070456757600796,0.00470874563360745,-0.00218346568179101,0.0162748172019502,0.134605340665802
TBR1,T-box brain protein 1,NMR metabolomics,X23422.Free Cholesterol in HDL,40182,-0.0094613439427262,0.00548138833006782,-0.0202048650696591,0.00128217718420673,0.0843601749559959
TBR1,T-box brain protein 1,NMR metabolomics,X23423.Total Lipids in Lipoprotein Particles,40182,0.00652805836068703,0.00482871122746188,-0.00293621564513824,0.0159923323665123,0.176426941073231
TBR1,T-box brain protein 1,NMR metabolomics,X23424.Total Lipids in VLDL,40182,0.011793202313605,0.00496223261152166,0.00206722639502252,0.0215191782321874,0.0174904330115529
TBR1,T-box brain protein 1,NMR metabolomics,X23425.Total Lipids in LDL,40182,0.00877147992794563,0.00469751411714821,-0.000435647741664855,0.0179786075975561,0.0618919027242513
TBR1,T-box brain protein 1,NMR metabolomics,X23426.Total Lipids in HDL,40182,-0.0108277795510609,0.00541449099827498,-0.0214401819076798,-0.000215377194441901,0.0455488227864069
TBR1,T-box brain protein 1,NMR metabolomics,X23427.Total Concentration of Lipoprotein Particles,40182,-0.00499391121531269,0.00510859303083733,-0.0150067535557539,0.00501893112512847,0.328317867461786
TBR1,T-box brain protein 1,NMR metabolomics,X23428.Concentration of VLDL Particles,40182,0.0115434874141619,0.00482777224786268,0.00208105380835107,0.0210059210199728,0.0168165853475739
TBR1,T-box brain protein 1,NMR metabolomics,X23429.Concentration of LDL Particles,40182,0.0116537370322955,0.00465255378795263,0.00253473160790839,0.0207727424566827,0.0122662761234974
TBR1,T-box brain protein 1,NMR metabolomics,X23430.Concentration of HDL Particles,40182,-0.00718911676638056,0.0051155123990832,-0.0172155210685836,0.00283728753582252,0.159943673802526
TBR1,T-box brain protein 1,NMR metabolomics,X23431.Average Diameter for VLDL Particles,40182,0.0102293944325229,0.00520730009768654,2.30862410572456e-05,0.0204357026239885,0.049505012908902
TBR1,T-box brain protein 1,NMR metabolomics,X23432.Average Diameter for LDL Particles,40182,0.00634567766528869,0.00493325451165153,-0.00332350117754831,0.0160148565081257,0.198363194352553
TBR1,T-box brain protein 1,NMR metabolomics,X23433.Average Diameter for HDL Particles,40182,-0.0117601531544749,0.00556922265015357,-0.0226758295487758,-0.000844476760173869,0.0347404725923957
TBR1,T-box brain protein 1,NMR metabolomics,X23434.Phosphoglycerides,40171,-0.00234793793760175,0.00512389811068987,-0.0123907782345539,0.0076949023593504,0.646794302182747
TBR1,T-box brain protein 1,NMR metabolomics,X23435.Triglycerides to Phosphoglycerides ratio,40171,0.0111600459718495,0.00533497317382072,0.000703498551160893,0.0216165933925381,0.0364734739397405
TBR1,T-box brain protein 1,NMR metabolomics,X23436.Total Cholines,40171,-0.00159801797495073,0.00513148030107385,-0.0116557193650555,0.00845968341515401,0.755491356717899
TBR1,T-box brain protein 1,NMR metabolomics,X23437.Phosphatidylcholines,40171,-0.00322179112339813,0.00517043192451396,-0.0133558376954455,0.00691225544864923,0.533219683162746
TBR1,T-box brain protein 1,NMR metabolomics,X23438.Sphingomyelins,40171,0.00227126998003492,0.00503206482849049,-0.00759157708380643,0.0121341170438763,0.651739425317929
TBR1,T-box brain protein 1,NMR metabolomics,X23439.Apolipoprotein B,40182,0.0116194473561423,0.00465076087614247,0.00250395603890304,0.0207349386733815,0.012490129172723
TBR1,T-box brain protein 1,NMR metabolomics,X23440.Apolipoprotein A1,40182,-0.010207753456035,0.00528244661806402,-0.0205613488274405,0.000145841915370495,0.0533369087085562
TBR1,T-box brain protein 1,NMR metabolomics,X23441.Apolipoprotein B to Apolipoprotein A1 ratio,40182,0.0156763717525058,0.00476039909358637,0.00634598952907657,0.0250067539759351,0.00099409600939413
TBR1,T-box brain protein 1,NMR metabolomics,X23442.Total Fatty Acids,40171,0.00597978849581724,0.00497929306578633,-0.00377962591312395,0.0157392029047584,0.229803795424787
TBR1,T-box brain protein 1,NMR metabolomics,X23443.Degree of Unsaturation,40171,-0.00863579170561793,0.00502066176577679,-0.0184762887665404,0.00120470535530457,0.0854514508626925
TBR1,T-box brain protein 1,NMR metabolomics,X23444.Omega-3 Fatty Acids,40171,-0.00486966989234687,0.00499334606337808,-0.0146566281765679,0.00491728839187417,0.329466779630064
TBR1,T-box brain protein 1,NMR metabolomics,X23445.Omega-6 Fatty Acids,40171,0.00400943625779922,0.00490254159683553,-0.00559954527199842,0.0136184177875969,0.413473104042421
TBR1,T-box brain protein 1,NMR metabolomics,X23446.Polyunsaturated Fatty Acids,40171,0.00254077649280616,0.00497540839094339,-0.00721102395344289,0.0122925769390552,0.60959457525487
TBR1,T-box brain protein 1,NMR metabolomics,X23447.Monounsaturated Fatty Acids,40171,0.00840534471203681,0.00509468373142478,-0.00158023540155575,0.0183909248256294,0.0990070191464658
TBR1,T-box brain protein 1,NMR metabolomics,X23448.Saturated Fatty Acids,40171,0.00565335016949337,0.00497716443783022,-0.00410189212865387,0.0154085924676406,0.256040954287986
TBR1,T-box brain protein 1,NMR metabolomics,X23449.Linoleic Acid,40171,0.00580532622435529,0.00479361127341143,-0.00359015187153111,0.0152008043202417,0.225900452605302
TBR1,T-box brain protein 1,NMR metabolomics,X23450.Docosahexaenoic Acid,40171,-0.00873918196329487,0.00498569119173547,-0.0185111366990964,0.00103277277250665,0.0796552187502575
TBR1,T-box brain protein 1,NMR metabolomics,X23451.Omega-3 Fatty Acids to Total Fatty Acids percentage,40171,-0.00910213571518605,0.00491125089093419,-0.0187281874614171,0.000523916031044952,0.0638628478347484
TBR1,T-box brain protein 1,NMR metabolomics,X23452.Omega-6 Fatty Acids to Total Fatty Acids percentage,40171,-0.00485685436613368,0.00532296798300751,-0.0152898716128284,0.00557616288056104,0.361560593633279
TBR1,T-box brain protein 1,NMR metabolomics,X23453.Polyunsaturated Fatty Acids to Total Fatty Acids percentage,40171,-0.00714350569880625,0.00524461240501094,-0.0174229460126277,0.0031359346150152,0.173205159166471
TBR1,T-box brain protein 1,NMR metabolomics,X23454.Monounsaturated Fatty Acids to Total Fatty Acids percentage,40171,0.0102325058961221,0.00533674949087192,-0.000227523105986817,0.0206925348982311,0.0552172833465094
TBR1,T-box brain protein 1,NMR metabolomics,X23455.Saturated Fatty Acids to Total Fatty Acids percentage,40171,0.00122513203875897,0.00482573524867135,-0.00823330904863688,0.0106835731261548,0.799597123911737
TBR1,T-box brain protein 1,NMR metabolomics,X23456.Linoleic Acid to Total Fatty Acids percentage,40171,0.0020632739404319,0.00509426637822244,-0.00792148816088407,0.0120480360417479,0.685471543223528
TBR1,T-box brain protein 1,NMR metabolomics,X23457.Docosahexaenoic Acid to Total Fatty Acids percentage,40171,-0.0112945420828792,0.00490512990032777,-0.0209085966875216,-0.00168048747823678,0.0213200883814478
TBR1,T-box brain protein 1,NMR metabolomics,X23458.Polyunsaturated Fatty Acids to Monounsaturated Fatty Acids ratio,40171,-0.00921554331706767,0.00533299515411178,-0.0196682138191267,0.00123712718499142,0.0840120555944412
TBR1,T-box brain protein 1,NMR metabolomics,X23459.Omega-6 Fatty Acids to Omega-3 Fatty Acids ratio,40171,0.00729719798093376,0.00486829469403771,-0.00224465961938014,0.0168390555812477,0.13392241390282
TBR1,T-box brain protein 1,NMR metabolomics,X23460.Alanine,40176,-0.00993932685189491,0.00483655720678313,-0.0194189789771898,-0.000459674726599975,0.0398985757073313
TBR1,T-box brain protein 1,NMR metabolomics,X23461.Glutamine,40144,-0.000605498166272621,0.0048086917529092,-0.0100305340019747,0.00881953766942942,0.899799587344265
TBR1,T-box brain protein 1,NMR metabolomics,X23462.Glycine,40167,0.00572158583727963,0.00511925884114457,-0.00431216149136374,0.015755333165923,0.263737119170203
TBR1,T-box brain protein 1,NMR metabolomics,X23463.Histidine,40163,0.000748210213241807,0.00475739998779993,-0.00857629376284605,0.0100727141893297,0.875032651813381
TBR1,T-box brain protein 1,NMR metabolomics,X23464.Total Concentration of Branched-Chain Amino Acids (Leucine + Isoleucine + Valine),40174,-0.00400458301359608,0.00502550780477773,-0.0138545783109604,0.00584541228376827,0.4255545591634
TBR1,T-box brain protein 1,NMR metabolomics,X23465.Isoleucine,40178,-0.00418011855025269,0.00489199507121096,-0.0137684288898262,0.00540819178932079,0.392856974650174
TBR1,T-box brain protein 1,NMR metabolomics,X23466.Leucine,40178,-0.00218551714946449,0.00494389667383293,-0.011875554630177,0.00750452033124806,0.658451830171727
TBR1,T-box brain protein 1,NMR metabolomics,X23467.Valine,40174,-0.00434153169933386,0.00508442664631061,-0.0143070079261027,0.00562394452743494,0.393185590131404
TBR1,T-box brain protein 1,NMR metabolomics,X23468.Phenylalanine,40175,0.00574526781085636,0.00482164212585999,-0.00370515075582922,0.0151956863775419,0.2334602268983
TBR1,T-box brain protein 1,NMR metabolomics,X23469.Tyrosine,40165,0.00143762363886661,0.00488888361524303,-0.00814458824700974,0.011019835524743,0.768717849418368
TBR1,T-box brain protein 1,NMR metabolomics,X23470.Glucose,40157,-0.00871005026091461,0.00477922087917272,-0.0180773231840931,0.000657222662263923,0.0684089120817167
TBR1,T-box brain protein 1,NMR metabolomics,X23471.Lactate,40159,0.00459491894681724,0.00480904865051369,-0.00483081640818958,0.0140206543018241,0.339359322053779
TBR1,T-box brain protein 1,NMR metabolomics,X23472.Pyruvate,40146,-0.00761285313356455,0.00477282769138897,-0.0169675954086869,0.00174188914155783,0.110732049302053
TBR1,T-box brain protein 1,NMR metabolomics,X23473.Citrate,40179,0.00558094440749253,0.00479963956100896,-0.00382634913208504,0.0149882379470701,0.244942382549463
TBR1,T-box brain protein 1,NMR metabolomics,X23474.3-Hydroxybutyrate,40005,-0.000340950874600684,0.00505745167261223,-0.0102535561529207,0.00957165440371929,0.946252138723042
TBR1,T-box brain protein 1,NMR metabolomics,X23475.Acetate,40171,0.00130256600824574,0.00473503863040175,-0.0079781097073417,0.0105832417238332,0.783251585062467
TBR1,T-box brain protein 1,NMR metabolomics,X23476.Acetoacetate,40180,-0.00691032988663113,0.00485505692352126,-0.0164262414567328,0.00260558168347054,0.154670002590098
TBR1,T-box brain protein 1,NMR metabolomics,X23477.Acetone,40180,0.00314006026912159,0.00481112001909119,-0.00628973496829715,0.0125698555065403,0.513984503915324
TBR1,T-box brain protein 1,NMR metabolomics,X23478.Creatinine,39924,-0.00167633352534067,0.0056249254959748,-0.0127011874974513,0.00934852044676993,0.765694587906957
TBR1,T-box brain protein 1,NMR metabolomics,X23479.Albumin,40179,-0.00228678182312226,0.00482961189294813,-0.0117528211333006,0.00717925748705608,0.635871730304961
TBR1,T-box brain protein 1,NMR metabolomics,X23480.Glycoprotein Acetyls,40182,0.00361405129554961,0.0051382926136879,-0.00645700222727867,0.0136851048183779,0.481848536739193
TBR1,T-box brain protein 1,NMR metabolomics,X23481.Concentration of Chylomicrons and Extremely Large VLDL Particles,40182,0.00931163329343765,0.0051487379903351,-0.000779893167619151,0.0194031597544944,0.0705517943739993
TBR1,T-box brain protein 1,NMR metabolomics,X23482.Total Lipids in Chylomicrons and Extremely Large VLDL,40182,0.00970785047838174,0.0050818593904753,-0.000252593926949839,0.0196682948837133,0.0561212475188841
TBR1,T-box brain protein 1,NMR metabolomics,X23483.Phospholipids in Chylomicrons and Extremely Large VLDL,40182,0.00940152417245843,0.00515827623706009,-0.000708697252179353,0.0195117455970962,0.0683896932825267
TBR1,T-box brain protein 1,NMR metabolomics,X23484.Cholesterol in Chylomicrons and Extremely Large VLDL,40182,0.0098866877553175,0.00510200618475646,-0.000113244366805165,0.0198866198774402,0.0526727332799349
TBR1,T-box brain protein 1,NMR metabolomics,X23485.Cholesteryl Esters in Chylomicrons and Extremely Large VLDL,40182,0.0106933039818389,0.00503951731082423,0.000815850052623418,0.0205707579110544,0.0338692473762447
TBR1,T-box brain protein 1,NMR metabolomics,X23486.Free Cholesterol in Chylomicrons and Extremely Large VLDL,40182,0.00936106219436938,0.00515121031751702,-0.000735310027963974,0.0194574344167027,0.0692053180787153
TBR1,T-box brain protein 1,NMR metabolomics,X23487.Triglycerides in Chylomicrons and Extremely Large VLDL,40182,0.0082792078380466,0.00503704985977855,-0.00159340988711935,0.0181518255632125,0.100274632972157
TBR1,T-box brain protein 1,NMR metabolomics,X23488.Concentration of Very Large VLDL Particles,40182,0.0105022190420552,0.00512481878147046,0.000457574230373093,0.0205468638537373,0.0404578568195086
TBR1,T-box brain protein 1,NMR metabolomics,X23489.Total Lipids in Very Large VLDL,40182,0.0110074097361964,0.00510201812645554,0.00100745420834353,0.0210073652640492,0.0309912998822015
TBR1,T-box brain protein 1,NMR metabolomics,X23490.Phospholipids in Very Large VLDL,40182,0.0114259844773656,0.00508596815126432,0.00145748690088757,0.0213944820538437,0.0246872835746836
TBR1,T-box brain protein 1,NMR metabolomics,X23491.Cholesterol in Very Large VLDL,40182,0.012650596903225,0.00496636959801003,0.0029165124911254,0.0223846813153247,0.0108709945568358
TBR1,T-box brain protein 1,NMR metabolomics,X23492.Cholesteryl Esters in Very Large VLDL,40182,0.0134097720033819,0.00488447375341224,0.00383620344669396,0.0229833405600699,0.0060537788748942
TBR1,T-box brain protein 1,NMR metabolomics,X23493.Free Cholesterol in Very Large VLDL,40182,0.0116016895307735,0.00504641526559165,0.00171071561021381,0.0214926634513331,0.0215238265877877
TBR1,T-box brain protein 1,NMR metabolomics,X23494.Triglycerides in Very Large VLDL,40182,0.00959480976340276,0.00513051532700772,-0.000461000277532377,0.0196506198043379,0.0614901934971481
TBR1,T-box brain protein 1,NMR metabolomics,X23495.Concentration of Large VLDL Particles,40182,0.0111229076388121,0.00506405523374679,0.00119735938066839,0.0210484558969558,0.0280810802215696
TBR1,T-box brain protein 1,NMR metabolomics,X23496.Total Lipids in Large VLDL,40182,0.0111977968627315,0.00503439033173504,0.00133039181253078,0.0210652019129322,0.0261511454016752
TBR1,T-box brain protein 1,NMR metabolomics,X23497.Phospholipids in Large VLDL,40182,0.0112765268595632,0.00505988848399675,0.00135914543092958,0.0211939082881968,0.0258598992297269
TBR1,T-box brain protein 1,NMR metabolomics,X23498.Cholesterol in Large VLDL,40182,0.0122357690126912,0.00495753661741325,0.00251899724256121,0.0219525407828212,0.0135977931226947
TBR1,T-box brain protein 1,NMR metabolomics,X23499.Cholesteryl Esters in Large VLDL,40182,0.0125320622559764,0.00486932827414054,0.00298817883866093,0.0220759456732918,0.0100754970257687
TBR1,T-box brain protein 1,NMR metabolomics,X23500.Free Cholesterol in Large VLDL,40182,0.0116292308932611,0.0050478953833315,0.00173535594193139,0.0215231058445909,0.0212536729557036
TBR1,T-box brain protein 1,NMR metabolomics,X23501.Triglycerides in Large VLDL,40182,0.00956783795264856,0.00502470717072046,-0.000280588101963538,0.0194162640072607,0.05691566166764
TBR1,T-box brain protein 1,NMR metabolomics,X23502.Concentration of Medium VLDL Particles,40182,0.0128700042481558,0.00474759897173718,0.00356471026355095,0.0221752982327607,0.0067216273275557
TBR1,T-box brain protein 1,NMR metabolomics,X23503.Total Lipids in Medium VLDL,40182,0.0123758959901378,0.00480064223630666,0.00296663720697679,0.0217851547732989,0.00995125803329856
TBR1,T-box brain protein 1,NMR metabolomics,X23504.Phospholipids in Medium VLDL,40182,0.012642084815146,0.00472761079377892,0.00337596765933931,0.0219082019709527,0.00750418546187023
TBR1,T-box brain protein 1,NMR metabolomics,X23505.Cholesterol in Medium VLDL,40182,0.0116935786167575,0.00464429311794461,0.00259076410558602,0.0207963931279289,0.0118218527092587
TBR1,T-box brain protein 1,NMR metabolomics,X23506.Cholesteryl Esters in Medium VLDL,40182,0.0105570593766924,0.00466286871809464,0.00141783668922695,0.0196962820641579,0.0235892415649619
TBR1,T-box brain protein 1,NMR metabolomics,X23507.Free Cholesterol in Medium VLDL,40182,0.0124282181503168,0.00469440083355914,0.00322719251654092,0.0216292437840927,0.00812157376239483
TBR1,T-box brain protein 1,NMR metabolomics,X23508.Triglycerides in Medium VLDL,40182,0.0103370745554346,0.00498385513316439,0.000568718494432425,0.0201054306164368,0.0380921278640447
TBR1,T-box brain protein 1,NMR metabolomics,X23509.Concentration of Small VLDL Particles,40182,0.0110777136317266,0.00490139640052693,0.00147097668669379,0.0206844505767593,0.023833680154153
TBR1,T-box brain protein 1,NMR metabolomics,X23510.Total Lipids in Small VLDL,40182,0.0114045877524531,0.0048874764355305,0.00182513393881329,0.0209840415660929,0.0196434923158529
TBR1,T-box brain protein 1,NMR metabolomics,X23511.Phospholipids in Small VLDL,40182,0.0123141978405969,0.00477314055306953,0.00295884235658063,0.0216695533246132,0.00989592150898814
TBR1,T-box brain protein 1,NMR metabolomics,X23512.Cholesterol in Small VLDL,40182,0.0123654440478258,0.0047236464154134,0.00310709707361557,0.0216237910220361,0.00886264461704655
TBR1,T-box brain protein 1,NMR metabolomics,X23513.Cholesteryl Esters in Small VLDL,40182,0.012278166793176,0.00474546221086973,0.00297706085987135,0.0215792727264807,0.00968447698401243
TBR1,T-box brain protein 1,NMR metabolomics,X23514.Free Cholesterol in Small VLDL,40182,0.012279737224208,0.00469123484880969,0.00308491692054105,0.021474557527875,0.00886740714660082
TBR1,T-box brain protein 1,NMR metabolomics,X23515.Triglycerides in Small VLDL,40182,0.00759147003563904,0.00507447704078867,-0.00235450496430675,0.0175374450355848,0.134679685237424
TBR1,T-box brain protein 1,NMR metabolomics,X23516.Concentration of Very Small VLDL Particles,40182,0.00866121854376369,0.00476801145428657,-0.000684083906637978,0.0180065209941654,0.0693169008188656
TBR1,T-box brain protein 1,NMR metabolomics,X23517.Total Lipids in Very Small VLDL,40182,0.00806496029497566,0.00481209173399339,-0.00136673950365138,0.0174966600936027,0.0937709350122246
TBR1,T-box brain protein 1,NMR metabolomics,X23518.Phospholipids in Very Small VLDL,40182,0.0084779702072177,0.0048120413313891,-0.000953630802304947,0.0179095712167403,0.0781268317587853
TBR1,T-box brain protein 1,NMR metabolomics,X23519.Cholesterol in Very Small VLDL,40182,0.0073989525319541,0.00475482786715506,-0.00192051008766982,0.016718415151578,0.119714870689365
TBR1,T-box brain protein 1,NMR metabolomics,X23520.Cholesteryl Esters in Very Small VLDL,40182,0.00681336648465054,0.00476432060204674,-0.00252470189536106,0.0161514348646621,0.152722078471928
TBR1,T-box brain protein 1,NMR metabolomics,X23521.Free Cholesterol in Very Small VLDL,40182,0.00861691867038027,0.00477307859476501,-0.000738315375359153,0.0179721527161197,0.0710524926733106
TBR1,T-box brain protein 1,NMR metabolomics,X23522.Triglycerides in Very Small VLDL,40182,0.00506016200480652,0.00506995893216941,-0.00487695750224552,0.0149972815118586,0.318268533158898
TBR1,T-box brain protein 1,NMR metabolomics,X23523.Concentration of IDL Particles,40182,0.00989551052857037,0.00463030158188496,0.000820119428075847,0.0189709016290649,0.0326102391848558
TBR1,T-box brain protein 1,NMR metabolomics,X23524.Total Lipids in IDL,40182,0.00628980876208252,0.00477648996652795,-0.00307211157231226,0.0156517290964773,0.187924236792403
TBR1,T-box brain protein 1,NMR metabolomics,X23525.Phospholipids in IDL,40182,0.00639234617340757,0.00478474979623613,-0.00298576342721524,0.0157704557740304,0.181582375929377
TBR1,T-box brain protein 1,NMR metabolomics,X23526.Cholesterol in IDL,40182,0.00597682735859935,0.00477615794174788,-0.0033844422072265,0.0153380969244252,0.210819546437556
TBR1,T-box brain protein 1,NMR metabolomics,X23527.Cholesteryl Esters in IDL,40182,0.00591112563455643,0.00478122902460852,-0.00346008325367628,0.0152823345227891,0.216366332806099
TBR1,T-box brain protein 1,NMR metabolomics,X23528.Free Cholesterol in IDL,40182,0.00604378043358214,0.00475778610676105,-0.00328148033566951,0.0153690412028338,0.204007323841005
TBR1,T-box brain protein 1,NMR metabolomics,X23529.Triglycerides in IDL,40182,0.00416530736337699,0.00507646638144191,-0.00578456674424915,0.0141151814710031,0.411941441800318
TBR1,T-box brain protein 1,NMR metabolomics,X23530.Concentration of Large LDL Particles,40182,0.0119588747975028,0.00465232977585267,0.0028403084368316,0.021077441158174,0.0101678451628672
TBR1,T-box brain protein 1,NMR metabolomics,X23531.Total Lipids in Large LDL,40182,0.00736634639771106,0.00472646816984328,-0.00189753121518176,0.0166302240106039,0.119136263168648
TBR1,T-box brain protein 1,NMR metabolomics,X23532.Phospholipids in Large LDL,40182,0.00803283911272044,0.00469361213032841,-0.00116664066272325,0.0172323188881641,0.0870279994674655
TBR1,T-box brain protein 1,NMR metabolomics,X23533.Cholesterol in Large LDL,40182,0.00693822990381958,0.00473548725045686,-0.00234332510707586,0.016219784914715,0.142906837597411
TBR1,T-box brain protein 1,NMR metabolomics,X23534.Cholesteryl Esters in Large LDL,40182,0.00725913639007888,0.00473433354435712,-0.00202015735686107,0.0165384301370188,0.125231641120199
TBR1,T-box brain protein 1,NMR metabolomics,X23535.Free Cholesterol in Large LDL,40182,0.00598331303790067,0.00474587242967771,-0.00331859692426764,0.015285223000069,0.207429167713856
TBR1,T-box brain protein 1,NMR metabolomics,X23536.Triglycerides in Large LDL,40182,0.00483749204047545,0.00508428765668722,-0.0051277117666315,0.0148026958475824,0.341392270861268
TBR1,T-box brain protein 1,NMR metabolomics,X23537.Concentration of Medium LDL Particles,40182,0.0102102650496114,0.00468073201608,0.00103603029809465,0.0193844998011282,0.0291794480693427
TBR1,T-box brain protein 1,NMR metabolomics,X23538.Total Lipids in Medium LDL,40182,0.0104570194392457,0.00470917154385246,0.00122704321329489,0.0196869956651965,0.0264007853253289
TBR1,T-box brain protein 1,NMR metabolomics,X23539.Phospholipids in Medium LDL,40182,0.0105553541490425,0.00469519589812856,0.0013527701887105,0.0197579381093744,0.0245884127821297
TBR1,T-box brain protein 1,NMR metabolomics,X23540.Cholesterol in Medium LDL,40182,0.0103244141742026,0.00469902871443638,0.00111431789390729,0.0195345104544979,0.0280313982853437
TBR1,T-box brain protein 1,NMR metabolomics,X23541.Cholesteryl Esters in Medium LDL,40182,0.0108124132753312,0.0047244267892529,0.0015525367683955,0.0200722897822669,0.0221203853706864
TBR1,T-box brain protein 1,NMR metabolomics,X23542.Free Cholesterol in Medium LDL,40182,0.00836830075778481,0.00468346470876954,-0.000811290071403492,0.0175478915869731,0.0740013130110939
TBR1,T-box brain protein 1,NMR metabolomics,X23543.Triglycerides in Medium LDL,40182,0.00653350549894471,0.00511013869953951,-0.00348236635215273,0.0165493773500422,0.201086868859564
TBR1,T-box brain protein 1,NMR metabolomics,X23544.Concentration of Small LDL Particles,40182,0.0110261100937344,0.00464905643893248,0.00191395947342679,0.0201382607140421,0.017724182151014
TBR1,T-box brain protein 1,NMR metabolomics,X23545.Total Lipids in Small LDL,40182,0.0118141048964736,0.00465983532411708,0.00268082766120413,0.0209473821317431,0.0112486845370629
TBR1,T-box brain protein 1,NMR metabolomics,X23546.Phospholipids in Small LDL,40182,0.0115630829042271,0.00462330272548153,0.00250140956228334,0.0206247562461709,0.0123972227447067
TBR1,T-box brain protein 1,NMR metabolomics,X23547.Cholesterol in Small LDL,40182,0.0113929940593252,0.0046573664873875,0.00226455574404567,0.0205214323746047,0.0144514174752761
TBR1,T-box brain protein 1,NMR metabolomics,X23548.Cholesteryl Esters in Small LDL,40182,0.0115564943935334,0.00468807584740219,0.00236786573262508,0.0207451230544416,0.0137133423037696
TBR1,T-box brain protein 1,NMR metabolomics,X23549.Free Cholesterol in Small LDL,40182,0.00963064029747641,0.00464458717634584,0.000527249431838574,0.0187340311631142,0.0381472378106082
TBR1,T-box brain protein 1,NMR metabolomics,X23550.Triglycerides in Small LDL,40182,0.00844614472144231,0.00512856586198056,-0.00160584436803959,0.0184981338109242,0.0996108213373324
TBR1,T-box brain protein 1,NMR metabolomics,X23551.Concentration of Very Large HDL Particles,40182,-0.00639336722670702,0.00532727561810876,-0.0168348274382002,0.00404809298478616,0.230118816272438
TBR1,T-box brain protein 1,NMR metabolomics,X23552.Total Lipids in Very Large HDL,40182,-0.00813701263165187,0.00535164741034868,-0.0186262415559353,0.00235221629263154,0.128421981277472
TBR1,T-box brain protein 1,NMR metabolomics,X23553.Phospholipids in Very Large HDL,40182,-0.00939020044605998,0.00538149776784186,-0.01993793607103,0.00115753517891007,0.0810294247366442
TBR1,T-box brain protein 1,NMR metabolomics,X23554.Cholesterol in Very Large HDL,40182,-0.00698191152877601,0.00530213304112298,-0.0173740922893771,0.00341026923182504,0.187929167973526
TBR1,T-box brain protein 1,NMR metabolomics,X23555.Cholesteryl Esters in Very Large HDL,40182,-0.00751532189011198,0.00536016806062172,-0.0180212512889306,0.00299060750870659,0.160923091168229
TBR1,T-box brain protein 1,NMR metabolomics,X23556.Free Cholesterol in Very Large HDL,40182,-0.00419102584097792,0.00506203041752434,-0.0141126054593256,0.00573055377736978,0.407725999771004
TBR1,T-box brain protein 1,NMR metabolomics,X23557.Triglycerides in Very Large HDL,40182,0.00233390505542846,0.00499579932724193,-0.00745786162596574,0.0121256717368226,0.640385015353415
TBR1,T-box brain protein 1,NMR metabolomics,X23558.Concentration of Large HDL Particles,40182,-0.01212990389879,0.00559249945079272,-0.0230912028223437,-0.00116860497523625,0.0301071466681699
TBR1,T-box brain protein 1,NMR metabolomics,X23559.Total Lipids in Large HDL,40182,-0.0132221502783418,0.00560073576590307,-0.0241995923795118,-0.00224470817717174,0.0182535115545768
TBR1,T-box brain protein 1,NMR metabolomics,X23560.Phospholipids in Large HDL,40182,-0.013885688531153,0.00559530080774437,-0.024852478114332,-0.00291889894797409,0.0130916774135755
TBR1,T-box brain protein 1,NMR metabolomics,X23561.Cholesterol in Large HDL,40182,-0.0121352152975594,0.00554721188252655,-0.0230077505873114,-0.00126268000780733,0.0287179787228651
TBR1,T-box brain protein 1,NMR metabolomics,X23562.Cholesteryl Esters in Large HDL,40182,-0.0122288953281199,0.00553706149640011,-0.0230815358610641,-0.00137625479517567,0.027226293561999
TBR1,T-box brain protein 1,NMR metabolomics,X23563.Free Cholesterol in Large HDL,40182,-0.0115811383547086,0.00555058710214101,-0.022460289074905,-0.000701987634512251,0.0369589892551592
TBR1,T-box brain protein 1,NMR metabolomics,X23564.Triglycerides in Large HDL,40182,-0.00620956995612504,0.00514518927695009,-0.0162941409389472,0.00387500102669715,0.227508539805296
TBR1,T-box brain protein 1,NMR metabolomics,X23565.Concentration of Medium HDL Particles,40182,-0.011097706412101,0.00523378162329737,-0.0213559183937639,-0.000839494430438204,0.0339947368619346
TBR1,T-box brain protein 1,NMR metabolomics,X23566.Total Lipids in Medium HDL,40182,-0.0109722630794382,0.00518824951892865,-0.0211412321365383,-0.000803294022338003,0.0344669349089047
TBR1,T-box brain protein 1,NMR metabolomics,X23567.Phospholipids in Medium HDL,40182,-0.0105689342282553,0.00515868085913284,-0.0206799487121556,-0.000457919744354888,0.0405086237964396
TBR1,T-box brain protein 1,NMR metabolomics,X23568.Cholesterol in Medium HDL,40182,-0.0114161754688269,0.00522238621214528,-0.0216520524446316,-0.00118029849302213,0.0288360847193255
TBR1,T-box brain protein 1,NMR metabolomics,X23569.Cholesteryl Esters in Medium HDL,40182,-0.0114797081961471,0.00519319421013224,-0.0216583688480063,-0.0013010475442879,0.0270889709388076
TBR1,T-box brain protein 1,NMR metabolomics,X23570.Free Cholesterol in Medium HDL,40182,-0.0107551360473791,0.00531772788534378,-0.0211778827026529,-0.000332389392105312,0.0431482904058294
TBR1,T-box brain protein 1,NMR metabolomics,X23571.Triglycerides in Medium HDL,40182,-0.000554032747363493,0.00498322652970027,-0.010321156745576,0.00921309125084904,0.911476020061289
TBR1,T-box brain protein 1,NMR metabolomics,X23572.Concentration of Small HDL Particles,40182,-4.86420986005435e-05,0.00478517060172669,-0.00942757647798486,0.00933029228078377,0.991889687690276
TBR1,T-box brain protein 1,NMR metabolomics,X23573.Total Lipids in Small HDL,40182,-0.00181532839358028,0.00482470994482164,-0.0112717598854307,0.00764110309827015,0.706733492493947
TBR1,T-box brain protein 1,NMR metabolomics,X23574.Phospholipids in Small HDL,40182,-0.00312812835864511,0.00485508573894642,-0.0126440964069801,0.00638783968968988,0.519394816492688
TBR1,T-box brain protein 1,NMR metabolomics,X23575.Cholesterol in Small HDL,40182,-0.000794305183658467,0.00478171103993399,-0.0101664588219291,0.00857784845461215,0.868070945457467
TBR1,T-box brain protein 1,NMR metabolomics,X23576.Cholesteryl Esters in Small HDL,40182,-0.000181324975717407,0.00474838639044311,-0.0094881623009859,0.00912551234955108,0.969539557508432
TBR1,T-box brain protein 1,NMR metabolomics,X23577.Free Cholesterol in Small HDL,40182,-0.00228119018770259,0.00492121243661553,-0.011926766563469,0.00736438618806385,0.642984875454912
TBR1,T-box brain protein 1,NMR metabolomics,X23578.Triglycerides in Small HDL,40182,0.00493651630868177,0.00508254546825812,-0.00502527280910414,0.0148983054264677,0.331435970456769
TBR1,T-box brain protein 1,NMR metabolomics,X23579.Phospholipids to Total Lipids in Chylomicrons and Extremely Large VLDL percentage,39768,-0.00142028358118369,0.00490513077052347,-0.0110343398914097,0.00819377272904231,0.772165737429829
TBR1,T-box brain protein 1,NMR metabolomics,X23580.Cholesterol to Total Lipids in Chylomicrons and Extremely Large VLDL percentage,39768,0.00380868141603993,0.00505509304616973,-0.00609930095445274,0.0137166637865326,0.451205642867875
TBR1,T-box brain protein 1,NMR metabolomics,X23581.Cholesteryl Esters to Total Lipids in Chylomicrons and Extremely Large VLDL percentage,39768,0.00484023894990062,0.00499250119773141,-0.00494506339765294,0.0146255412974542,0.332317052276619
TBR1,T-box brain protein 1,NMR metabolomics,X23582.Free Cholesterol to Total Lipids in Chylomicrons and Extremely Large VLDL percentage,39768,0.000280512740710476,0.00508714725923851,-0.009690295887397,0.010251321368818,0.956026805708852
TBR1,T-box brain protein 1,NMR metabolomics,X23583.Triglycerides to Total Lipids in Chylomicrons and Extremely Large VLDL percentage,39768,-0.00229870412113309,0.00501051029143158,-0.012119304292339,0.00752189605007282,0.646404137826241
TBR1,T-box brain protein 1,NMR metabolomics,X23584.Phospholipids to Total Lipids in Very Large VLDL percentage,40089,0.00922650863907651,0.00484163722690851,-0.00026310032566417,0.0187161176038172,0.0567207805158173
TBR1,T-box brain protein 1,NMR metabolomics,X23585.Cholesterol to Total Lipids in Very Large VLDL percentage,40089,0.00407842010166408,0.00509357843221019,-0.0059049936254679,0.0140618338287961,0.423323728653529
TBR1,T-box brain protein 1,NMR metabolomics,X23586.Cholesteryl Esters to Total Lipids in Very Large VLDL percentage,40089,0.00382996473145923,0.0051063689681611,-0.00617851844613653,0.013838447909055,0.453248726532384
TBR1,T-box brain protein 1,NMR metabolomics,X23587.Free Cholesterol to Total Lipids in Very Large VLDL percentage,40089,0.00510046274377698,0.00501822288233781,-0.00473525410560512,0.0149361795931591,0.309467111291653
TBR1,T-box brain protein 1,NMR metabolomics,X23588.Triglycerides to Total Lipids in Very Large VLDL percentage,40089,-0.0062242965266633,0.00500215872252167,-0.0160285276228058,0.00357993456947917,0.213407817195994
TBR1,T-box brain protein 1,NMR metabolomics,X23589.Phospholipids to Total Lipids in Large VLDL percentage,40181,0.00745869232641316,0.0049847849552299,-0.00231148618583745,0.0172288708386638,0.134606382021859
TBR1,T-box brain protein 1,NMR metabolomics,X23590.Cholesterol to Total Lipids in Large VLDL percentage,40181,0.00737063798947414,0.00482603844439617,-0.00208839736154235,0.0168296733404906,0.126723997991011
TBR1,T-box brain protein 1,NMR metabolomics,X23591.Cholesteryl Esters to Total Lipids in Large VLDL percentage,40181,0.00690960124243218,0.00495885695272888,-0.00280975838491642,0.0166289608697808,0.163531320570575
TBR1,T-box brain protein 1,NMR metabolomics,X23592.Free Cholesterol to Total Lipids in Large VLDL percentage,40181,0.00656054919878183,0.004760760397644,-0.00277054118060041,0.0158916395781641,0.168216995535197
TBR1,T-box brain protein 1,NMR metabolomics,X23593.Triglycerides to Total Lipids in Large VLDL percentage,40181,-0.00845932326689646,0.00474415596029764,-0.0177578689490798,0.000839222415286903,0.0745969811434609
TBR1,T-box brain protein 1,NMR metabolomics,X23594.Phospholipids to Total Lipids in Medium VLDL percentage,40182,0.00767728971469541,0.00482018643152626,-0.00177027569109607,0.0171248551204869,0.111247947112453
TBR1,T-box brain protein 1,NMR metabolomics,X23595.Cholesterol to Total Lipids in Medium VLDL percentage,40182,0.00432712445225325,0.00501391643426731,-0.00550015175891067,0.0141544006634172,0.388143739703216
TBR1,T-box brain protein 1,NMR metabolomics,X23596.Cholesteryl Esters to Total Lipids in Medium VLDL percentage,40182,0.00369485585823486,0.00506638755648824,-0.0062352637524821,0.0136249754689518,0.465841030393676
TBR1,T-box brain protein 1,NMR metabolomics,X23597.Free Cholesterol to Total Lipids in Medium VLDL percentage,40182,0.00592350782183807,0.00488911661553756,-0.00365916074461554,0.0155061763882917,0.225703015256273
TBR1,T-box brain protein 1,NMR metabolomics,X23598.Triglycerides to Total Lipids in Medium VLDL percentage,40182,-0.00514989425336071,0.00496498502319493,-0.0148812648988228,0.00458147639210135,0.299645607937373
TBR1,T-box brain protein 1,NMR metabolomics,X23599.Phospholipids to Total Lipids in Small VLDL percentage,40182,0.00566375722675317,0.0050028722816443,-0.00414187244526965,0.015469386898776,0.257616635971148
TBR1,T-box brain protein 1,NMR metabolomics,X23600.Cholesterol to Total Lipids in Small VLDL percentage,40182,0.00735608047088004,0.00487928439896076,-0.00220731695108304,0.0169194778928431,0.13168193900295
TBR1,T-box brain protein 1,NMR metabolomics,X23601.Cholesteryl Esters to Total Lipids in Small VLDL percentage,40182,0.00843948041679936,0.00478632606334504,-0.000941718667356914,0.0178206795009556,0.0778864422259764
TBR1,T-box brain protein 1,NMR metabolomics,X23602.Free Cholesterol to Total Lipids in Small VLDL percentage,40182,0.00513040533898149,0.00502408456738307,-0.00471680041308933,0.0149776110910523,0.307200071320577
TBR1,T-box brain protein 1,NMR metabolomics,X23603.Triglycerides to Total Lipids in Small VLDL percentage,40182,-0.00693200390664475,0.00492118475988502,-0.0165775260360194,0.00271351822272988,0.158980387758451
TBR1,T-box brain protein 1,NMR metabolomics,X23604.Phospholipids to Total Lipids in Very Small VLDL percentage,40182,0.00318889161979631,0.00489053930820065,-0.00639656542427696,0.0127743486638696,0.514380516873952
TBR1,T-box brain protein 1,NMR metabolomics,X23605.Cholesterol to Total Lipids in Very Small VLDL percentage,40182,0.00237509445972413,0.00506936303164299,-0.00756085708229614,0.0123110460017444,0.639422560704005
TBR1,T-box brain protein 1,NMR metabolomics,X23606.Cholesteryl Esters to Total Lipids in Very Small VLDL percentage,40182,0.00141441889827137,0.00510992578497477,-0.00860103564027917,0.0114298734368219,0.781940173853903
TBR1,T-box brain protein 1,NMR metabolomics,X23607.Free Cholesterol to Total Lipids in Very Small VLDL percentage,40182,0.00737528791892689,0.00480781323653262,-0.00204802602467703,0.0167986018625308,0.125053203103183
TBR1,T-box brain protein 1,NMR metabolomics,X23608.Triglycerides to Total Lipids in Very Small VLDL percentage,40182,-0.00370377322138734,0.0050489580481783,-0.0135997309958168,0.00619218455304214,0.463225406597589
TBR1,T-box brain protein 1,NMR metabolomics,X23609.Phospholipids to Total Lipids in IDL percentage,40182,-0.00370086184036061,0.00461867643615965,-0.0127534676552335,0.0053517439745123,0.422985791891309
TBR1,T-box brain protein 1,NMR metabolomics,X23610.Cholesterol to Total Lipids in IDL percentage,40182,0.00343167740994466,0.00489463195290218,-0.00616180121774361,0.0130251560376329,0.483248961968786
TBR1,T-box brain protein 1,NMR metabolomics,X23611.Cholesteryl Esters to Total Lipids in IDL percentage,40182,0.00401305048115939,0.00489529906479872,-0.00558173568584611,0.0136078366481649,0.412361387396396
TBR1,T-box brain protein 1,NMR metabolomics,X23612.Free Cholesterol to Total Lipids in IDL percentage,40182,0.00291436460240558,0.00470256154581566,-0.00630265602739312,0.0121313852322043,0.535441951601732
TBR1,T-box brain protein 1,NMR metabolomics,X23613.Triglycerides to Total Lipids in IDL percentage,40182,-0.0037819106703924,0.00504970687958775,-0.0136793361543844,0.00611551481359959,0.45391140672067
TBR1,T-box brain protein 1,NMR metabolomics,X23614.Phospholipids to Total Lipids in Large LDL percentage,40182,0.00394417278367635,0.00468214421847475,-0.00523282988453415,0.0131211754518869,0.399590256191676
TBR1,T-box brain protein 1,NMR metabolomics,X23615.Cholesterol to Total Lipids in Large LDL percentage,40182,0.00193401977070913,0.00507335974376489,-0.00800976532707005,0.0118778048684883,0.703054170596431
TBR1,T-box brain protein 1,NMR metabolomics,X23616.Cholesteryl Esters to Total Lipids in Large LDL percentage,40182,0.00346953724721458,0.00471045179141424,-0.00576294826395734,0.0127020227583865,0.461404804383674
TBR1,T-box brain protein 1,NMR metabolomics,X23617.Free Cholesterol to Total Lipids in Large LDL percentage,40182,0.000491184834224237,0.00507656127309829,-0.00945887526104841,0.0104412449294969,0.922922389527958
TBR1,T-box brain protein 1,NMR metabolomics,X23618.Triglycerides to Total Lipids in Large LDL percentage,40182,-0.00500101131391834,0.00506035452501,-0.0149193061829379,0.00491728355510126,0.323040767981938
TBR1,T-box brain protein 1,NMR metabolomics,X23619.Phospholipids to Total Lipids in Medium LDL percentage,40182,-0.00249045940124896,0.00478076017067762,-0.0118607493357771,0.00687983053327918,0.602423409497125
TBR1,T-box brain protein 1,NMR metabolomics,X23620.Cholesterol to Total Lipids in Medium LDL percentage,40182,0.00618502762102364,0.00467865765229627,-0.00298514137747704,0.0153551966195243,0.186206901292987
TBR1,T-box brain protein 1,NMR metabolomics,X23621.Cholesteryl Esters to Total Lipids in Medium LDL percentage,40182,0.00868108736129656,0.00482996858862138,-0.000785651072401349,0.0181478257949945,0.0723093824006281
TBR1,T-box brain protein 1,NMR metabolomics,X23622.Free Cholesterol to Total Lipids in Medium LDL percentage,40182,-0.00381132717163057,0.00517481378488103,-0.0139539621899974,0.00633130784673624,0.461433160519181
TBR1,T-box brain protein 1,NMR metabolomics,X23623.Triglycerides to Total Lipids in Medium LDL percentage,40182,-0.00676370310115823,0.00497099381579733,-0.016506850980121,0.00297944477780452,0.173657295647291
TBR1,T-box brain protein 1,NMR metabolomics,X23624.Phospholipids to Total Lipids in Small LDL percentage,40182,-0.0041159568628296,0.00473675289095265,-0.0133999925290968,0.0051680788034376,0.384898604561415
TBR1,T-box brain protein 1,NMR metabolomics,X23625.Cholesterol to Total Lipids in Small LDL percentage,40182,0.00545102494869473,0.00476125220966414,-0.00388102938224698,0.0147830792796364,0.252287067814183
TBR1,T-box brain protein 1,NMR metabolomics,X23626.Cholesteryl Esters to Total Lipids in Small LDL percentage,40182,0.00438002017422217,0.00474124727652689,-0.00491282448777053,0.0136728648362149,0.355604596944492
TBR1,T-box brain protein 1,NMR metabolomics,X23627.Free Cholesterol to Total Lipids in Small LDL percentage,40182,0.000241460171253497,0.00506616821660228,-0.00968822953328698,0.010171149875794,0.961987042086267
TBR1,T-box brain protein 1,NMR metabolomics,X23628.Triglycerides to Total Lipids in Small LDL percentage,40182,-0.00209339524351018,0.00506574956196679,-0.0120222643849651,0.00783547389794472,0.679435248375105
TBR1,T-box brain protein 1,NMR metabolomics,X23629.Phospholipids to Total Lipids in Very Large HDL percentage,40173,-0.0125763305623542,0.00526473028099618,-0.0228952019131067,-0.00225745921160164,0.0169207865145303
TBR1,T-box brain protein 1,NMR metabolomics,X23630.Cholesterol to Total Lipids in Very Large HDL percentage,40173,0.00852222259481365,0.00498300951009408,-0.00124447604497075,0.018288921234598,0.0872467719897362
TBR1,T-box brain protein 1,NMR metabolomics,X23631.Cholesteryl Esters to Total Lipids in Very Large HDL percentage,40173,0.00241217979798351,0.00484470760309546,-0.0070834471040836,0.0119078067000506,0.61856451689445
TBR1,T-box brain protein 1,NMR metabolomics,X23632.Free Cholesterol to Total Lipids in Very Large HDL percentage,40173,0.0114648851842605,0.00552446351994966,0.000636936685159142,0.0222928336833618,0.037982538332934
TBR1,T-box brain protein 1,NMR metabolomics,X23633.Triglycerides to Total Lipids in Very Large HDL percentage,40173,0.0086561448709099,0.00526357557819976,-0.00166046326236163,0.0189727530041814,0.10009395428565
TBR1,T-box brain protein 1,NMR metabolomics,X23634.Phospholipids to Total Lipids in Large HDL percentage,40182,0.00037224630663514,0.005131981211134,-0.00968643686718749,0.0104309294804578,0.94217777549413
TBR1,T-box brain protein 1,NMR metabolomics,X23635.Cholesterol to Total Lipids in Large HDL percentage,40182,-0.00362260203930277,0.00530936220042684,-0.0140289519521394,0.00678374787353383,0.495060773015119
TBR1,T-box brain protein 1,NMR metabolomics,X23636.Cholesteryl Esters to Total Lipids in Large HDL percentage,40182,-0.00402574947012976,0.00534216601659447,-0.0144963948626549,0.0064448959223954,0.451117603638216
TBR1,T-box brain protein 1,NMR metabolomics,X23637.Free Cholesterol to Total Lipids in Large HDL percentage,40182,-5.43776285301627e-05,0.00501933233932118,-0.00989226901359968,0.00978351375653935,0.991356373429955
TBR1,T-box brain protein 1,NMR metabolomics,X23638.Triglycerides to Total Lipids in Large HDL percentage,40182,0.00678758096316758,0.00525187074918169,-0.00350608570522854,0.0170812476315637,0.196241668523266
TBR1,T-box brain protein 1,NMR metabolomics,X23639.Phospholipids to Total Lipids in Medium HDL percentage,40182,0.00713207158105638,0.00520960497456337,-0.00307875416908782,0.0173428973312006,0.17101991591502
TBR1,T-box brain protein 1,NMR metabolomics,X23640.Cholesterol to Total Lipids in Medium HDL percentage,40182,-0.00653675445928495,0.00516021317943528,-0.0166507722909781,0.00357726337240819,0.205267774035306
TBR1,T-box brain protein 1,NMR metabolomics,X23641.Cholesteryl Esters to Total Lipids in Medium HDL percentage,40182,-0.00577495156532175,0.00512088348390837,-0.0158118831937822,0.00426198006313866,0.259460432931891
TBR1,T-box brain protein 1,NMR metabolomics,X23642.Free Cholesterol to Total Lipids in Medium HDL percentage,40182,-0.00676616842811765,0.00543813259599655,-0.0174249083162709,0.00389257146003559,0.213449536447491
TBR1,T-box brain protein 1,NMR metabolomics,X23643.Triglycerides to Total Lipids in Medium HDL percentage,40182,0.00592411191393344,0.00508748589946183,-0.00404736044901175,0.0158955842768786,0.244267855106592
TBR1,T-box brain protein 1,NMR metabolomics,X23644.Phospholipids to Total Lipids in Small HDL percentage,40182,-0.00964998564713937,0.00496487260914709,-0.0193811359610677,8.11646667889295e-05,0.0519629013308402
TBR1,T-box brain protein 1,NMR metabolomics,X23645.Cholesterol to Total Lipids in Small HDL percentage,40182,0.00191919412368794,0.00496058258648621,-0.00780354774582504,0.0116419359932009,0.698845983668529
TBR1,T-box brain protein 1,NMR metabolomics,X23646.Cholesteryl Esters to Total Lipids in Small HDL percentage,40182,0.00228502003828042,0.00500677131965141,-0.00752825174823635,0.0120982918247972,0.64812149444751
TBR1,T-box brain protein 1,NMR metabolomics,X23647.Free Cholesterol to Total Lipids in Small HDL percentage,40182,0.000621690303753281,0.00496681863150163,-0.00911327421398991,0.0103566548214965,0.900392274376399
TBR1,T-box brain protein 1,NMR metabolomics,X23648.Triglycerides to Total Lipids in Small HDL percentage,40182,0.00669805331682792,0.00513977358885427,-0.00337590291732645,0.0167720095509823,0.192540412378231
TBR1,T-box brain protein 1,Working and living environment,X24003.Nitrogen dioxide air pollution; 2010,48552,-0.0044801975785055,0.00408364582345265,-0.0124841433924727,0.00352374823546169,0.272608143390406
TBR1,T-box brain protein 1,Working and living environment,X24004.Nitrogen oxides air pollution; 2010,48552,-0.00426394671143472,0.00398665242165853,-0.0120777854578855,0.003549892035016,0.284832692961459
TBR1,T-box brain protein 1,Working and living environment,X24005.Particulate matter air pollution (pm10); 2010,47248,-0.000876503196779195,0.0038023469155543,-0.00832910315126563,0.00657609675770724,0.817693158805661
TBR1,T-box brain protein 1,Working and living environment,X24006.Particulate matter air pollution (pm2.5); 2010,47248,-0.00455265119431048,0.00419657962442179,-0.0127779472581772,0.00367264486955622,0.278003448873734
TBR1,T-box brain protein 1,Working and living environment,X24007.Particulate matter air pollution (pm2.5) absorbance; 2010,47248,-0.000525753877767591,0.00406620243115231,-0.00849551064282611,0.00744400288729093,0.897122898116251
TBR1,T-box brain protein 1,Working and living environment,X24008.Particulate matter air pollution 2.5-10um; 2010,47248,0.00425067623344296,0.00372682813004068,-0.00305390690143676,0.0115552593683227,0.254067626182753
TBR1,T-box brain protein 1,Working and living environment,X24009.Traffic intensity on the nearest road,48552,0.00363813308928628,0.0602101672078511,-0.114373794638102,0.121650060816674,0.951818648210875
TBR1,T-box brain protein 1,Working and living environment,X24010.Inverse distance to the nearest road,48552,0.00226855934263745,0.00358106982008215,-0.00475033750472355,0.00928745618999846,0.526423486149807
TBR1,T-box brain protein 1,Working and living environment,X24011.Traffic intensity on the nearest major road,48552,0.00508928085838554,0.00351946350805313,-0.00180886761739859,0.0119874293341697,0.148182503448887
TBR1,T-box brain protein 1,Working and living environment,X24012.Inverse distance to the nearest major road,48552,-0.00110558381834095,0.0036157382583739,-0.0081924308047538,0.0059812631680719,0.759783158382741
TBR1,T-box brain protein 1,Working and living environment,X24013.Total traffic load on major roads,48552,-0.0225207857728056,0.0429037937730032,-0.106612221567892,0.0615706500222808,0.599649251178709
TBR1,T-box brain protein 1,Working and living environment,X24015.Sum of road length of major roads within 100m,48552,-0.0343898972176586,0.0420027774738846,-0.116715341066472,0.0479355466311552,0.412937469291768
TBR1,T-box brain protein 1,Working and living environment,X24016.Nitrogen dioxide air pollution; 2005,48552,-0.00340312759410605,0.00406344186370081,-0.0113674736469596,0.00456121845874755,0.402322603188134
TBR1,T-box brain protein 1,Working and living environment,X24017.Nitrogen dioxide air pollution; 2006,48552,-0.00383598488798466,0.00405518605920046,-0.0117841495640176,0.00411217978804824,0.344188206253216
TBR1,T-box brain protein 1,Working and living environment,X24018.Nitrogen dioxide air pollution; 2007,48552,-0.0033118423184226,0.00401038284832098,-0.0111721927011317,0.00454850806428652,0.40891808831213
TBR1,T-box brain protein 1,Working and living environment,X24019.Particulate matter air pollution (pm10); 2007,48503,-0.00216028888520998,0.00399665687893951,-0.00999373636793142,0.00567315859751146,0.588841962270323
TBR1,T-box brain protein 1,Working and living environment,X24020.Average daytime sound level of noise pollution,48552,0.00346368976538537,0.00359196790639672,-0.0035765673311522,0.0105039468619229,0.334913849915402
TBR1,T-box brain protein 1,Working and living environment,X24021.Average evening sound level of noise pollution,48552,0.0034860765987697,0.00359293910479253,-0.00355608404662366,0.010528237244163,0.331930211149822
TBR1,T-box brain protein 1,Working and living environment,X24022.Average night-time sound level of noise pollution,48552,0.00345178473106861,0.00359178349178004,-0.00358811091282026,0.0104916803749575,0.336552861005771
TBR1,T-box brain protein 1,Working and living environment,X24023.Average 16-hour sound level of noise pollution,48552,0.00349521101107065,0.00359248333820652,-0.00354605633181412,0.0105364783539554,0.330603543669226
TBR1,T-box brain protein 1,Working and living environment,X24024.Average 24-hour sound level of noise pollution,48552,0.00348452237042653,0.00359250179095944,-0.00355678113985398,0.010525825880707,0.332086967060037
TBR1,T-box brain protein 1,Health and medical history,X2405.Number of children fathered,38351,-0.0114201952249495,0.0472703642213757,-0.104070109098846,0.081229718648947,0.809100855904538
TBR1,T-box brain protein 1,Working and living environment,"X24500.Greenspace percentage, buffer 1000m",46483,0.00311553925659413,0.0041666774028085,-0.00505114845291053,0.0112822269660988,0.45463471315346
TBR1,T-box brain protein 1,Working and living environment,"X24501.Domestic garden percentage, buffer 1000m",46483,0.00193433080105847,0.00374348748583017,-0.00540290467116867,0.00927156627328561,0.605358997752278
TBR1,T-box brain protein 1,Working and living environment,"X24502.Water percentage, buffer 1000m",46483,-0.000157157177043732,0.00379563745238112,-0.00759660658371073,0.00728229222962327,0.966973755191915
TBR1,T-box brain protein 1,Working and living environment,"X24503.Greenspace percentage, buffer 300m",46483,0.00151929580988041,0.00389428290060457,-0.00611349867530454,0.00915209029506536,0.696441576647491
TBR1,T-box brain protein 1,Working and living environment,"X24504.Domestic garden percentage, buffer 300m",46483,0.00127141516131978,0.00376281707105264,-0.00610370629794339,0.00864653662058294,0.735450806730207
TBR1,T-box brain protein 1,Working and living environment,"X24505.Water percentage, buffer 300m",46483,-0.00541630590053091,0.00383246994211787,-0.0129279469870819,0.00209533518602011,0.157595036634313
TBR1,T-box brain protein 1,Working and living environment,"X24506.Natural environment percentage, buffer 1000m",48677,0.00788760870330421,0.00397841318163238,8.99188673047441e-05,0.0156852985393037,0.0474259611396123
TBR1,T-box brain protein 1,Working and living environment,"X24507.Natural environment percentage, buffer 300m",48677,0.00440175591329487,0.00373760716183861,-0.0029239541239088,0.0117274659504985,0.23893317751785
TBR1,T-box brain protein 1,Working and living environment,X24508.Distance (Euclidean) to coast,48677,0.00254130554218766,0.00350738706046148,-0.00433317309631684,0.00941578418069216,0.468731900885953
TBR1,T-box brain protein 1,Health and medical history,X2684.Years since last breast cancer screening  or  mammogram,34594,0.00687626467770527,0.0543035858461929,-0.0995587635808329,0.113311292936243,0.899240857700422
TBR1,T-box brain protein 1,Health and medical history,X2704.Years since last cervical smear test,37119,0.0440205203883109,0.0503192654831361,-0.0546052399586358,0.142646280735258,0.381695978879246
TBR1,T-box brain protein 1,Health and medical history,X2714.Age when periods started (menarche),39170,-0.0381984650569382,0.0383367448545182,-0.113338484971794,0.0369415548579174,0.319083389190175
TBR1,T-box brain protein 1,Health and medical history,X2734.Number of live births,39471,-0.0412343664491618,0.0370463170744916,-0.113845147915165,0.0313764150168416,0.265713433245094
TBR1,T-box brain protein 1,Health and medical history,X2744.Birth weight of first child,37925,0.00786409359658654,0.0400647647612282,-0.0706628453354207,0.0863910325285938,0.844392040077213
TBR1,T-box brain protein 1,Health and medical history,X2754.Age at first live birth,36863,0.00194668397363729,0.00652274162854909,-0.0108378896183189,0.0147312575655935,0.765371123791848
TBR1,T-box brain protein 1,Health and medical history,X2764.Age at last live birth,36841,-0.0024087575105872,0.00597946653059699,-0.0141285119105573,0.00931099688938289,0.68707851972582
TBR1,T-box brain protein 1,Health and medical history,X2794.Age started oral contraceptive pill,35923,0.00512616528074725,0.00919975967876761,-0.0129053636896373,0.0231576942511318,0.577404924786436
TBR1,T-box brain protein 1,Health and medical history,X2804.Age when last used oral contraceptive pill,35262,0.00176615356061377,0.00703624148249472,-0.0120248797450759,0.0155571868663034,0.80181634926967
TBR1,T-box brain protein 1,Lifestyle factors,X2867.Age started smoking in former smokers,35171,-0.013207295705511,0.00680720421476055,-0.0265494159664417,0.000134824555419636,0.0524031020342256
TBR1,T-box brain protein 1,Mental health,"X28735.Feeling anxious, nervous or on edge over the last 2 weeks",35054,0.0381585305897851,0.0625050385239767,-0.0843513449172092,0.160668406096779,0.541562753952814
TBR1,T-box brain protein 1,Mental health,X28736.Not being able to stop or control worrying over the last 2 weeks,35049,0.0474292985318507,0.067129115586397,-0.0841437680174874,0.179002365081189,0.479881499998827
TBR1,T-box brain protein 1,Mental health,X28737.Little interest or pleasure in doing things over the last 2 weeks,35060,0.0120004820138428,0.0712192154657687,-0.127589180299064,0.151590144326749,0.866195266660017
TBR1,T-box brain protein 1,Mental health,"X28738.Feeling down, depressed or hopeless over the last 2 weeks",35041,0.0918317152673901,0.0667282864032192,-0.0389557260829196,0.2226191566177,0.168811295277168
TBR1,T-box brain protein 1,Mental health,X28739.Difficulty with standing for long periods,35065,0.0610080909622196,0.0531503336038173,-0.0431665629012624,0.165182744825702,0.251081320366377
TBR1,T-box brain protein 1,Mental health,X28740.Difficulty with taking care of household responsibilities,35086,0.135949902077954,0.0564509173254577,0.0253061041200565,0.246593700035851,0.0160581929960934
TBR1,T-box brain protein 1,Mental health,X28741.Difficulty learning a new task,35030,-0.0123392788091092,0.0694625950976241,-0.148485965200452,0.123807407582234,0.859012516628432
TBR1,T-box brain protein 1,Mental health,X28742.Difficulty with joining in community activities,34811,0.125542517364564,0.0668042124666853,-0.00539373907013971,0.256478773799267,0.0602606918180994
TBR1,T-box brain protein 1,Mental health,X28743.Difficulty with being emotionally affected by health problems,35056,0.107358714415224,0.0585473076505313,-0.00739400857981685,0.222111437410266,0.0667479250705986
TBR1,T-box brain protein 1,Mental health,X28744.Difficulty with concentrating on doing something for ten minutes,35087,0.0621751620720565,0.0899744156900493,-0.11417469268044,0.238525016824553,0.489572932073378
TBR1,T-box brain protein 1,Lifestyle factors,X2887.Number of cigarettes previously smoked daily,34783,0.075034231078165,0.0561886848744651,-0.0350955912757865,0.185164053432117,0.181800654716635
TBR1,T-box brain protein 1,Lifestyle factors,X2897.Age stopped smoking,35166,0.014332165703125,0.00641558415178411,0.00175762076562811,0.0269067106406218,0.0255224959962144
TBR1,T-box brain protein 1,Mental health,X29001#0.Mental health conditions experienced by first degree blood relatives_None of the above,34458,-0.0187430652515555,0.0154541184359899,-0.0490331373860957,0.0115470068829848,0.225253038175406
TBR1,T-box brain protein 1,Mental health,X29001#1.Mental health conditions experienced by first degree blood relatives_Depression,34458,0.00669126491144498,0.0172514320837589,-0.0271215419727225,0.0405040717956124,0.69812998448478
TBR1,T-box brain protein 1,Mental health,X29001#3.Mental health conditions experienced by first degree blood relatives_Schizophrenia,34458,0.150172576988399,0.0576080783617805,0.0372607433993097,0.263084410577489,0.00916512039400444
TBR1,T-box brain protein 1,Mental health,X29001#4.Mental health conditions experienced by first degree blood relatives_Any other type of psychosis or psychotic illness,34458,-0.0737718212104312,0.0736800753442938,-0.218184768885247,0.0706411264643847,0.316754304946796
TBR1,T-box brain protein 1,Mental health,X29001#5.Mental health conditions experienced by first degree blood relatives_A personality disorder,34458,-0.0633346436816891,0.0833904314691488,-0.226779889361221,0.100110601997843,0.447590313157883
TBR1,T-box brain protein 1,Mental health,X29001#7.Mental health conditions experienced by first degree blood relatives_Attention deficit or attention deficit and hyperactivity disorder,34458,-0.000720177160474864,0.0678824213850299,-0.133769723075133,0.132329368754184,0.991535655982557
TBR1,T-box brain protein 1,Mental health,X29001#8.Mental health conditions experienced by first degree blood relatives_An anxiety disorder,34458,0.0171074228967567,0.0283756208805815,-0.0385087940291831,0.0727236398226966,0.546606790171706
TBR1,T-box brain protein 1,Mental health,X29001#9.Mental health conditions experienced by first degree blood relatives_An eating disorder,34458,0.0411359367999427,0.0490399354804054,-0.0549823367416519,0.137254210341537,0.401605460855256
TBR1,T-box brain protein 1,Mental health,X29002.Recent lack of interest or pleasure in doing things,34427,-0.0281816451555361,0.0737564597145818,-0.172744306196116,0.116381015885044,0.702409733485124
TBR1,T-box brain protein 1,Mental health,X29003.Recent feelings of depression,34417,-0.0210347537057562,0.0708725111315566,-0.159944875523607,0.117875368112095,0.766633248131456
TBR1,T-box brain protein 1,Mental health,"X29004.Trouble falling or staying asleep, or sleeping too much",34431,0.00154585085581412,0.0551279778819013,-0.106504985792712,0.109596687504341,0.977630415004241
TBR1,T-box brain protein 1,Mental health,X29005.Recent feelings of tiredness or low energy,34433,0.00583193485044381,0.0529806522817223,-0.0980101436217318,0.109674013322619,0.912352772048032
TBR1,T-box brain protein 1,Mental health,X29006.Recent poor appetite or overeating,34442,0.0754941057857655,0.0797487756755966,-0.0808134945384038,0.231801706109935,0.343861222384984
TBR1,T-box brain protein 1,Mental health,X29007.Recent feelings of inadequacy,34415,0.0748908134734899,0.0751701758543873,-0.0724427312011092,0.222224358148089,0.31915855807042
TBR1,T-box brain protein 1,Mental health,X29008.Recent trouble concentrating on things,34439,-0.0676165650898779,0.0807866180569557,-0.225958336481511,0.0907252063017554,0.402643477523686
TBR1,T-box brain protein 1,Mental health,X29009.Recent changes in speed or amount of moving or speaking,34435,-0.291306838201921,0.159437856587762,-0.603805037113934,0.0211913607100923,0.0677435489920791
TBR1,T-box brain protein 1,Mental health,X29010.Recent thoughts of suicide or self-harm,34417,-0.0896193873253187,0.157724493589806,-0.398759394761338,0.2195206201107,0.569922186113278
TBR1,T-box brain protein 1,Mental health,X29038#0.Substances taken for depression_None of options listed,35275,-0.00415995117659061,0.0305097868343503,-0.0639591333719172,0.055639231018736,0.891550621548575
TBR1,T-box brain protein 1,Mental health,X29038#1.Substances taken for depression_Drugs or alcohol (more than once),35275,0.0387697591696779,0.0793707539329196,-0.116796918538845,0.1943364368782,0.625238803921244
TBR1,T-box brain protein 1,Mental health,X29038#2.Substances taken for depression_Medication prescribed to participant (for at least 2 weeks),35275,0.00831865669558242,0.0311245680994541,-0.0526854967793476,0.0693228101705124,0.789270510689791
TBR1,T-box brain protein 1,Mental health,X29038#3.Substances taken for depression_Unprescribed medication (more than once),35275,-0.0996963316208288,0.098257212079298,-0.292280467296253,0.0928878040545952,0.310314756059394
TBR1,T-box brain protein 1,Mental health,X29039#1.Use of specific medications_Citalopram (sometimes called Cipramil),35275,-0.0241440212140327,0.0793800313242135,-0.179728882609491,0.131440840181426,0.761018411380936
TBR1,T-box brain protein 1,Mental health,X29039#2.Use of specific medications_Fluoxetine (Prozac or Oxactin),35275,0.0366432132319216,0.0824861149766895,-0.12502957212239,0.198315998586233,0.656888550978043
TBR1,T-box brain protein 1,Mental health,X29039#3.Use of specific medications_Sertraline (Lustral),35275,-0.0321818338962726,0.090091470385491,-0.208761115851835,0.14439744805929,0.72094483749873
TBR1,T-box brain protein 1,Mental health,X29039#5.Use of specific medications_Amitriptyline (Elavil),35275,-0.00383192331907954,0.0836586507883195,-0.167802878864186,0.160139032226027,0.963467760490595
TBR1,T-box brain protein 1,Mental health,X29039#7.Use of specific medications_Other antidepressant(s),35275,0.0280231527910259,0.0549920149495702,-0.0797611965101316,0.135807502092183,0.610360129733664
TBR1,T-box brain protein 1,Mental health,X29047#0.Activities undertaken to treat depression_None of options listed,35275,-6.33999940948398e-05,0.0280639680695464,-0.0550687774104058,0.0549419774222161,0.998197555183309
TBR1,T-box brain protein 1,Mental health,X29051#0.Manifestations of mania or irritability_None of options listed,35275,0.00362730432391914,0.0492943021484736,-0.0929895278870891,0.100244136534927,0.941343300053402
TBR1,T-box brain protein 1,Mental health,X29051#1.Manifestations of mania or irritability_More active than usual,35275,0.0558717491531292,0.0765548632436122,-0.0941757828043507,0.205919281110609,0.465524505602626
TBR1,T-box brain protein 1,Mental health,X29051#2.Manifestations of mania or irritability_More confident than usual,35275,-0.041339167046407,0.104370735009556,-0.245905807665137,0.163227473572323,0.692059863685728
TBR1,T-box brain protein 1,Mental health,X29051#3.Manifestations of mania or irritability_Easily distracted,35275,-0.0177873156017214,0.0748161544369099,-0.164426978298065,0.128852347094622,0.812085344503352
TBR1,T-box brain protein 1,Mental health,X29051#4.Manifestations of mania or irritability_More creative or had more ideas than usual,35275,0.0190746759966952,0.106733325355388,-0.190122641699865,0.228271993693256,0.858168696495645
TBR1,T-box brain protein 1,Mental health,X29051#5.Manifestations of mania or irritability_Neded less sleep than usual,35275,-0.0248429112044209,0.100241433431351,-0.221316120729869,0.171630298321028,0.804273717342789
TBR1,T-box brain protein 1,Mental health,X29051#6.Manifestations of mania or irritability_Thoughts were racing,35275,0.018765022760894,0.0593568013964437,-0.0975743079761356,0.135104353497924,0.751907563024728
TBR1,T-box brain protein 1,Mental health,X29051#7.Manifestations of mania or irritability_More restless than usual,35275,-0.000565997265291543,0.0573825373863808,-0.113035770542598,0.111903776012015,0.992130452733127
TBR1,T-box brain protein 1,Mental health,X29051#8.Manifestations of mania or irritability_More talkative than usual,35275,-0.0255517148965707,0.0835286735834603,-0.189267915120153,0.138164485327011,0.759688580699749
TBR1,T-box brain protein 1,Mental health,X29058.Recent feelings or nervousness or anxiety,34351,0.0270688682845199,0.064087503641471,-0.0985426388527633,0.152680375421803,0.672769974965249
TBR1,T-box brain protein 1,Mental health,X29059.Recent inability to stop or control worrying,34363,-0.0211152764406624,0.0669884853517523,-0.152412707730097,0.110182154848772,0.752616801287148
TBR1,T-box brain protein 1,Mental health,X29060.Recent worrying too much about different things,34361,-0.0163246930635436,0.0614762831213424,-0.136818207981375,0.104168821854287,0.790600579001718
TBR1,T-box brain protein 1,Mental health,X29061.Recent trouble relaxing,34359,0.0506423238257048,0.0652261391505746,-0.0772009089094214,0.178485556560831,0.437541629230987
TBR1,T-box brain protein 1,Mental health,X29062.Recent restlessness,34373,0.0715733694751113,0.0932584193884839,-0.111213132526317,0.25435987147654,0.442835018411003
TBR1,T-box brain protein 1,Mental health,X29063.Recent easy annoyance or irritability,34344,0.034028227074318,0.0662412048647915,-0.0958045344606734,0.163860988609309,0.607482530592698
TBR1,T-box brain protein 1,Mental health,X29064.Recent feelings of foreboding,34347,0.0764378314068049,0.0736332851907798,-0.0678834075671235,0.220759070380733,0.299277803681849
TBR1,T-box brain protein 1,Mental health,X29065#1.Symptoms of panic attack_Heart was pounding or racing,35275,0.0562722537294441,0.0354022967896065,-0.0131162479781846,0.125660755437073,0.111997608148209
TBR1,T-box brain protein 1,Mental health,X29065#11.Symptoms of panic attack_Felt like things weren't real or detached from self,35275,0.0298909226592906,0.0614831138459358,-0.0906159804787434,0.150397825797325,0.62686788031044
TBR1,T-box brain protein 1,Mental health,X29065#12.Symptoms of panic attack_Afraid of losing control or 'going crazy',35275,0.0903536480897086,0.0757186496725874,-0.0580549052685626,0.23876220144798,0.232805779728466
TBR1,T-box brain protein 1,Mental health,X29065#13.Symptoms of panic attack_Afraid I was going to die,35275,-0.0397945484326592,0.074795038524817,-0.1863928239413,0.106803727075982,0.594712208674589
TBR1,T-box brain protein 1,Mental health,X29065#2.Symptoms of panic attack_Sweating,35275,0.0362555435972377,0.0534765024798237,-0.0685584012632168,0.141069488457692,0.497815570869788
TBR1,T-box brain protein 1,Mental health,X29065#3.Symptoms of panic attack_Trembling or shaking,35275,0.0496664913030271,0.0578268750534973,-0.0636741838018275,0.163007166407882,0.390439196299503
TBR1,T-box brain protein 1,Mental health,X29065#6.Symptoms of panic attack_Pain or discomfort in chest,35275,0.01712152945411,0.0578025744522223,-0.0961715164722458,0.130414575380466,0.767082088134881
TBR1,T-box brain protein 1,Mental health,X29065#7.Symptoms of panic attack_Nauseous or felt sick in the stomach,35275,0.0259443790642105,0.0574566976768366,-0.0866707483823892,0.13855950651081,0.65161171776157
TBR1,T-box brain protein 1,Mental health,X29065#9.Symptoms of panic attack_Felt hot or cold,35275,-0.0302945232187312,0.0725518144317009,-0.172496079504865,0.111907033067403,0.676285730179052
TBR1,T-box brain protein 1,Mental health,X29076.Felt loved as a child,34348,0.1070084105127,0.0582580731003903,-0.00717741276406526,0.221194233789465,0.066297056587812
TBR1,T-box brain protein 1,Mental health,X29077.Physically abused by family as a child,34367,-0.0198406652359053,0.0840341534454906,-0.184547605989067,0.144866275517256,0.813362564945029
TBR1,T-box brain protein 1,Mental health,X29078.Felt hated by family member as a child,34352,0.0502887677035065,0.080124979556471,-0.106756192227177,0.20733372763419,0.530274749622642
TBR1,T-box brain protein 1,Mental health,X29079.Sexually molested as a child,34313,0.0652540399499021,0.102077848253368,-0.1348185426267,0.265326622526504,0.522683989060197
TBR1,T-box brain protein 1,Mental health,X29080.Someone to take to doctor when needed as a child,34333,-0.0618525752802853,0.0754814557208595,-0.20979622849317,0.0860910779325994,0.412573057229498
TBR1,T-box brain protein 1,Mental health,X29081.Stopped from seeing friends or family by partner or ex-partner as an adult,34355,0.180802552113809,0.108441756589635,-0.0317432908018751,0.393348395029493,0.0955198283979266
TBR1,T-box brain protein 1,Mental health,X29082.Belittlement by partner or ex-partner as an adult,34323,0.103875365955438,0.0870977406143408,-0.0668362056486699,0.274586937559546,0.23306954852998
TBR1,T-box brain protein 1,Mental health,X29083.Physical violence by partner or ex-partner as an adult,34360,-0.0148085469493171,0.108892218822584,-0.228237295841582,0.198620201942948,0.89183235093527
TBR1,T-box brain protein 1,Mental health,X29084.Sexual interference by partner or ex-partner without consent as an adult,34348,0.215732963780732,0.127229427683914,-0.0336367144797393,0.465102642041203,0.0900179768218952
TBR1,T-box brain protein 1,Mental health,X29085.Sexual intercourse by partner or ex-partner without consent as an adult,34350,0.0751277224603749,0.12976162324501,-0.179205059099846,0.329460504020595,0.562636607443015
TBR1,T-box brain protein 1,Mental health,X29086.Experienced a violent or sexual assault,34363,0.0286986985598122,0.129489854994525,-0.225101417229457,0.282498814349081,0.824611512833729
TBR1,T-box brain protein 1,Mental health,X29087.Experienced a life-threatening injury or illness,34361,-0.00729168796858754,0.0624552507576332,-0.129703979453549,0.115120603516374,0.907062230115992
TBR1,T-box brain protein 1,Mental health,X29088.Experienced a marital separation or divorce,34362,0.117039292626973,0.060947446175975,-0.00241770187793842,0.236496287131884,0.054871040225428
TBR1,T-box brain protein 1,Mental health,X29089.Experienced the death of a spouse or partner,34371,0.0836107525910782,0.0658697844909403,-0.0454940250111648,0.212715530193321,0.204379059278133
TBR1,T-box brain protein 1,Mental health,X29090.Experienced the death of a close friend or family member due to suicide,34361,-0.012111497582505,0.0820622986449365,-0.172953602926581,0.148730607761571,0.88267284845251
TBR1,T-box brain protein 1,Lifestyle factors,X29091.Frequency of drinking alcohol,34358,0.0343554466075695,0.0499206793102499,-0.0634890848405203,0.132199978055659,0.49135733156559
TBR1,T-box brain protein 1,Lifestyle factors,X29092.Amount of alcohol drunk on a typical drinking day,33728,-0.0420876991827169,0.0615056175408234,-0.162638709562731,0.0784633111972969,0.493826850326882
TBR1,T-box brain protein 1,Lifestyle factors,X29093.Frequency of consuming six or more units of alcohol,33751,-0.0176753648532259,0.0634006249270642,-0.141940589710272,0.10658986000382,0.780419802040109
TBR1,T-box brain protein 1,Mental health,X29104.Ever used cannabis,34359,-0.000957827177971743,0.0947439557278769,-0.18665598040461,0.184740326048667,0.991934203296697
TBR1,T-box brain protein 1,Mental health,X29108.Ever thought that life not worth living,34332,0.0325892749828035,0.0676977415015552,-0.100098298360245,0.165276848325852,0.630257126662579
TBR1,T-box brain protein 1,Mental health,X29109.Ever contemplated self-harm,34352,0.0392280945655251,0.102541558019307,-0.161753359152317,0.240209548283367,0.702063273215083
TBR1,T-box brain protein 1,Mental health,X29111.Ever self-harmed,34359,0.0931310315212599,0.17515955509882,-0.250181696472426,0.436443759514946,0.594961819260901
TBR1,T-box brain protein 1,Diet and food preferences,X29132.Ever had recurrent episodes of excessive overeating or binge eating,34347,-0.0929192183845814,0.111359153829378,-0.311183159890163,0.125344723121,0.404088535396562
TBR1,T-box brain protein 1,Diet and food preferences,X29136#1.Actions and feelings during periods of overeating or binge eating_Eaten much more rapidly than normal,35807,-0.048131220759998,0.0821436599531813,-0.209132794268233,0.112870352748237,0.557936121510285
TBR1,T-box brain protein 1,Diet and food preferences,X29136#2.Actions and feelings during periods of overeating or binge eating_Eaten until feeling uncomfortably full,35807,-0.0594976984663579,0.061679322329021,-0.180389170231239,0.0613937732985234,0.334765653603323
TBR1,T-box brain protein 1,Diet and food preferences,X29136#3.Actions and feelings during periods of overeating or binge eating_Eaten large amounts of food when not physically hungry,35807,-0.032912784167976,0.0715534504153141,-0.173157546981992,0.10733197864604,0.645549429578944
TBR1,T-box brain protein 1,Diet and food preferences,X29136#4.Actions and feelings during periods of overeating or binge eating_Eaten alone because of feeling embarrassed by overeating,35807,0.0948804394688031,0.111648262887956,-0.12395015579159,0.313711034729196,0.395458360004643
TBR1,T-box brain protein 1,Diet and food preferences,X29149.Dependency of self-esteem on body shape or weight currently,34338,0.0583204424511426,0.0581971825536153,-0.0557460353539433,0.172386920256229,0.3163337655359
TBR1,T-box brain protein 1,Health and medical history,X29153.Pain or discomfort today,34350,-0.0850651316149637,0.0542165978262077,-0.191329663354331,0.0211994001244035,0.116712391217678
TBR1,T-box brain protein 1,Mental health,X29154.Anxiety or depression today,34350,0.0595489662381385,0.0678598543700566,-0.0734563483271725,0.19255428080345,0.380240476040333
TBR1,T-box brain protein 1,Mental health,X29166.Frequency of confiding in someone close,34197,-0.0424785486282092,0.0531129629381202,-0.146579955986925,0.0616228587305065,0.42387776745576
TBR1,T-box brain protein 1,Lifestyle factors,X29167#0.Sports and social activities attended in person at least once a week_None of the above,34337,0.011499832642297,0.0149570528101572,-0.0178159908656112,0.0408156561502052,0.442013595331161
TBR1,T-box brain protein 1,Lifestyle factors,X29167#1.Sports and social activities attended in person at least once a week_Sports club or gym or fitness class,34337,0.00064534103344906,0.0152829915652533,-0.0293093224344475,0.0306000045013456,0.96632010052024
TBR1,T-box brain protein 1,Lifestyle factors,X29167#2.Sports and social activities attended in person at least once a week_Pub or social club,34337,-0.0627458633981403,0.0190081329120569,-0.100001803905772,-0.0254899228905088,0.00096997405197529
TBR1,T-box brain protein 1,Lifestyle factors,X29167#3.Sports and social activities attended in person at least once a week_Religious group,34337,0.00459699392175118,0.0176110613643785,-0.0299206863524307,0.039114674195933,0.794080761926716
TBR1,T-box brain protein 1,Lifestyle factors,X29167#4.Sports and social activities attended in person at least once a week_Adult education class,34337,-0.0364537672450547,0.0296528359938109,-0.094573325792924,0.0216657913028147,0.218996173775909
TBR1,T-box brain protein 1,Lifestyle factors,X29167#5.Sports and social activities attended in person at least once a week_Other group activity,34337,-0.00966000476186697,0.0144648007151552,-0.0380110141635712,0.0186910046398372,0.504273100179619
TBR1,T-box brain protein 1,Lifestyle factors,X29168#0.Sports and social activities attended virtually at least once a week_None of the above,34333,0.0033261178674571,0.0155126829439585,-0.0270787407027015,0.0337309764376157,0.830233663737037
TBR1,T-box brain protein 1,Lifestyle factors,X29168#1.Sports and social activities attended virtually at least once a week_Sports club or gym or fitness class,34333,0.0205508502505873,0.0239085176183716,-0.026309844281421,0.0674115447825956,0.390070692362514
TBR1,T-box brain protein 1,Lifestyle factors,X29168#2.Sports and social activities attended virtually at least once a week_Pub or social club,34333,-0.0247921562530562,0.0346490694611104,-0.0927043323968327,0.0431200198907203,0.474319330215926
TBR1,T-box brain protein 1,Lifestyle factors,X29168#3.Sports and social activities attended virtually at least once a week_Religious group,34333,0.0199046567343793,0.0274443823717827,-0.0338863327143149,0.0736956461830735,0.468317875903384
TBR1,T-box brain protein 1,Lifestyle factors,X29168#4.Sports and social activities attended virtually at least once a week_Adult education class,34333,-0.0340652270233043,0.0461776136387049,-0.124573349755166,0.0564428957085574,0.46073043505211
TBR1,T-box brain protein 1,Lifestyle factors,X29168#5.Sports and social activities attended virtually at least once a week_Other group activity,34333,-0.00700519692119141,0.0210231084171166,-0.04821048941874,0.0342000955763571,0.738986241244326
TBR1,T-box brain protein 1,Mental health,X29171.Frequency of feeling 'in tune' with people,34247,-0.00806782377797949,0.0676324113191535,-0.14062734996352,0.124491702407561,0.905050894268756
TBR1,T-box brain protein 1,Mental health,X29172.Freuency of feeling that lacks companionship,34316,0.0884322732374279,0.0596069053090117,-0.028397261168235,0.205261807643091,0.137978977071216
TBR1,T-box brain protein 1,Mental health,X29173.Frequency of feeling left out,34284,0.0473927726853357,0.0636204191147724,-0.0773032487796182,0.17208879415029,0.456348305980109
TBR1,T-box brain protein 1,Mental health,X29174.Frequency of feeling isolated from others,34310,0.0483290277094827,0.0660408935463435,-0.0811111236413506,0.177769179060316,0.464321385352706
TBR1,T-box brain protein 1,Mental health,X29175.Tendency to bounce back quickly after hard times,34346,-0.0581622374321252,0.053897690498686,-0.16380171080955,0.0474772359452995,0.28058344666089
TBR1,T-box brain protein 1,Mental health,X29176.Ability to make it through stressful events,34346,0.0173362894218553,0.051157303964017,-0.0829320263476181,0.117604605191329,0.734712444548563
TBR1,T-box brain protein 1,Mental health,X29177.Quick recovery from stressful events,34346,0.0170981511863987,0.0531434582177577,-0.0870630269204063,0.121259329293204,0.747665940766193
TBR1,T-box brain protein 1,Mental health,X29178.Hard to snap back when something bad happens,34346,0.0189572366264102,0.052545242857246,-0.0840314393737919,0.121945912626612,0.718279228535018
TBR1,T-box brain protein 1,Mental health,X29179.Comes through difficult times with little trouble,34346,-0.00496942364175806,0.0527738652143472,-0.108406199461879,0.0984673521783625,0.924982163107774
TBR1,T-box brain protein 1,Mental health,X29180.Tendency to take a long time to get over setbacks,34346,0.0569869502035817,0.0525845474433534,-0.0460787627853911,0.160052663192554,0.278539501617191
TBR1,T-box brain protein 1,Mental health,X29181.General happiness,34321,0.0301069407322833,0.0542485872588217,-0.0762202902950073,0.136434171759574,0.578931816382533
TBR1,T-box brain protein 1,Mental health,X29182.Belief that own life is meaningful,34237,-0.0227783970338798,0.0551126735770442,-0.130799237244886,0.0852424431771269,0.679400039686868
TBR1,T-box brain protein 1,Lifestyle factors,X2926.Number of unsuccessful stop-smoking attempts,34613,0.0946538865313581,0.0510433752993182,-0.00539112905530557,0.194698902118022,0.0637389020219474
TBR1,T-box brain protein 1,Health and medical history,X2946.Father's age,30022,-0.00274548388247451,0.0314022458672293,-0.0642938857822439,0.0588029180172949,0.93035122970434
TBR1,T-box brain protein 1,Health and medical history,X2966.Age high blood pressure diagnosed,35553,0.00641326510790217,0.00682304226421054,-0.00695989772995049,0.0197864279457548,0.347282930207357
TBR1,T-box brain protein 1,Blood and urine assays,X30000.White blood cell (leukocyte) count,48167,0.00585792683190734,0.00386655127408377,-0.00172051366529685,0.0134363673291115,0.12978240499338
TBR1,T-box brain protein 1,Blood and urine assays,X30010.Red blood cell (erythrocyte) count,48168,0.00379215891867948,0.00413080186527336,-0.00430421273725631,0.0118885305746153,0.358620040158363
TBR1,T-box brain protein 1,Blood and urine assays,X30020.Haemoglobin concentration,48168,0.00861180988691009,0.00445962845582742,-0.00012906188651165,0.0173526816603318,0.0534905177924426
TBR1,T-box brain protein 1,Blood and urine assays,X30030.Haematocrit percentage,48168,0.00679529203034661,0.00433376942567506,-0.00169889604397651,0.0152894801046697,0.116900954512659
TBR1,T-box brain protein 1,Blood and urine assays,X30040.Mean corpuscular volume,48168,0.0027975271252303,0.00374891305168794,-0.00455034245607806,0.0101453967065387,0.455541642482977
TBR1,T-box brain protein 1,Blood and urine assays,X30050.Mean corpuscular haemoglobin,48168,0.00382490953274472,0.00375987954102432,-0.00354445436766295,0.0111942734331524,0.309025722011486
TBR1,T-box brain protein 1,Blood and urine assays,X30060.Mean corpuscular haemoglobin concentration,48168,0.00228781062583851,0.00367192175602257,-0.00490915601596572,0.00948477726764274,0.533255614819348
TBR1,T-box brain protein 1,Blood and urine assays,X30070.Red blood cell (erythrocyte) distribution width,48168,0.000381684910379506,0.00377958910705575,-0.00702630973944977,0.00778967956020878,0.919562782564144
TBR1,T-box brain protein 1,Blood and urine assays,X30080.Platelet count,48168,0.00250952421254983,0.00372467408287456,-0.00479083698988431,0.00980988541498396,0.500474198689147
TBR1,T-box brain protein 1,Blood and urine assays,X30090.Platelet crit,48168,0.00542346610807797,0.0037994586285082,-0.0020234728037981,0.012870405019954,0.153472075677694
TBR1,T-box brain protein 1,Blood and urine assays,X30100.Mean platelet (thrombocyte) volume,48168,0.00318075299076872,0.00354352265469051,-0.00376455141242468,0.0101260573939621,0.369397126207487
TBR1,T-box brain protein 1,Blood and urine assays,X30110.Platelet distribution width,48168,0.00643348379920269,0.00368653584040768,-0.000792126447996368,0.0136590940464018,0.0809784541191797
TBR1,T-box brain protein 1,Blood and urine assays,X30120.Lymphocyte count,48135,0.00710114997530612,0.00363395577892677,-2.14033513903557e-05,0.0142237033020026,0.0507028834415113
TBR1,T-box brain protein 1,Blood and urine assays,X30130.Monocyte count,48135,0.00496195740097213,0.00372590805419032,-0.0023408223852409,0.0122647371871852,0.182960200250048
TBR1,T-box brain protein 1,Blood and urine assays,X30140.Neutrophill count,48135,0.0041681630864342,0.00384273267269328,-0.00336359295204463,0.011699919124913,0.278074008142084
TBR1,T-box brain protein 1,Blood and urine assays,X30150.Eosinophill count,48135,0.00144361799890719,0.00366023067782823,-0.00573043412963613,0.00861767012745052,0.693285541784003
TBR1,T-box brain protein 1,Blood and urine assays,X30160.Basophill count,48135,-0.0233668467836478,0.0302974193514729,-0.0827497887125346,0.036016095145239,0.440569125270151
TBR1,T-box brain protein 1,Blood and urine assays,X30170.Nucleated red blood cell count,48135,0.0588950226023073,0.145409654655959,-0.226107900523372,0.343897945727987,0.685461296520006
TBR1,T-box brain protein 1,Blood and urine assays,X30180.Lymphocyte percentage,48136,0.00207358059813291,0.00363382942765548,-0.00504872508007184,0.00919588627633765,0.568255658956851
TBR1,T-box brain protein 1,Blood and urine assays,X30190.Monocyte percentage,48136,0.000951166582739297,0.00369003553961627,-0.0062813030749086,0.00818363624038719,0.796590121755882
TBR1,T-box brain protein 1,Blood and urine assays,X30200.Neutrophill percentage,48136,-0.00056262574294098,0.00361356975446086,-0.00764522246168427,0.00651997097580231,0.876272698062738
TBR1,T-box brain protein 1,Blood and urine assays,X30210.Eosinophill percentage,48136,-0.000767481230619321,0.00363823678195087,-0.00789842532324303,0.00636346286200439,0.832929590215293
TBR1,T-box brain protein 1,Blood and urine assays,X30220.Basophill percentage,48136,-0.00133717264497925,0.00363717840386741,-0.00846604231655937,0.00579169702660087,0.713145715108897
TBR1,T-box brain protein 1,Blood and urine assays,X30230.Nucleated red blood cell percentage,48135,0.0580531975036361,0.145498212155079,-0.227123298320319,0.343229693327591,0.689900686184604
TBR1,T-box brain protein 1,Blood and urine assays,X30240.Reticulocyte percentage,47813,0.00056335985385902,0.00392502762231026,-0.00712969428586909,0.00825641399358713,0.885873044609218
TBR1,T-box brain protein 1,Blood and urine assays,X30250.Reticulocyte count,47813,0.00126920336651053,0.00399908810880498,-0.00656900932674722,0.00910741605976828,0.750964003417905
TBR1,T-box brain protein 1,Blood and urine assays,X30260.Mean reticulocyte volume,47813,0.00194050198648655,0.0036800838043444,-0.00527246227002848,0.00915346624300158,0.597992727388227
TBR1,T-box brain protein 1,Blood and urine assays,X30270.Mean sphered cell volume,47813,0.00388593510407613,0.00373310080288041,-0.00343094246956948,0.0112028126777217,0.297916768528554
TBR1,T-box brain protein 1,Blood and urine assays,X30280.Immature reticulocyte fraction,47813,-0.000452875572883883,0.00387930512552609,-0.00805631361891502,0.00715056247314725,0.907066228653887
TBR1,T-box brain protein 1,Blood and urine assays,X30290.High light scatter reticulocyte percentage,47813,0.00104338486202364,0.00400653234815764,-0.00680941854036533,0.00889618826441262,0.794541983301422
TBR1,T-box brain protein 1,Blood and urine assays,X30300.High light scatter reticulocyte count,47813,0.00186233559878793,0.00406121846354533,-0.00609765258976091,0.00982232378733678,0.646551405242082
TBR1,T-box brain protein 1,Blood and urine assays,X30500.Microalbumin in urine,35899,-0.000383304789667438,0.00634788176450822,-0.0128251530481036,0.0120585434687687,0.951852316655754
TBR1,T-box brain protein 1,Blood and urine assays,X30510.Creatinine (enzymatic) in urine,48154,-0.00219178647887067,0.00410041440226666,-0.0102285987073133,0.00584502574957198,0.592982521858388
TBR1,T-box brain protein 1,Blood and urine assays,X30520.Potassium in urine,48124,-0.00274563117203607,0.00383898081937139,-0.010270033578004,0.00477877123393186,0.474495562465277
TBR1,T-box brain protein 1,Blood and urine assays,X30530.Sodium in urine,48104,0.0012040416666808,0.00403647958024792,-0.00670745831060511,0.00911554164396672,0.765485080629705
TBR1,T-box brain protein 1,Blood and urine assays,X30600.Albumin,46268,-0.00456593690910872,0.00385253498404686,-0.0121169054778406,0.00298503165962313,0.235963858713319
TBR1,T-box brain protein 1,Blood and urine assays,X30610.Alkaline phosphatase,47799,0.0101204660704922,0.00388203226852938,0.00251168282417465,0.0177292493168098,0.00914116809888484
TBR1,T-box brain protein 1,Blood and urine assays,X30620.Alanine aminotransferase,47803,0.0101929744403089,0.00411936783153003,0.00211901349051004,0.0182669353901077,0.0133547680495897
TBR1,T-box brain protein 1,Blood and urine assays,X30630.Apolipoprotein A,46143,-0.0112276485470412,0.00424217199749305,-0.0195423056621276,-0.00291299143195479,0.00813626739085587
TBR1,T-box brain protein 1,Blood and urine assays,X30640.Apolipoprotein B,47715,0.00603182598455892,0.00359612677256133,-0.00101658248966128,0.0130802344587791,0.093498394192142
TBR1,T-box brain protein 1,Blood and urine assays,X30650.Aspartate aminotransferase,47747,0.00974513493359729,0.003944214026306,0.00201447544203753,0.0174757944251571,0.013492227173636
TBR1,T-box brain protein 1,Blood and urine assays,X30660.Direct bilirubin,45061,0.00178672245774672,0.00420269229351096,-0.00645055443753476,0.0100239993530282,0.670742144726594
TBR1,T-box brain protein 1,Blood and urine assays,X30670.Urea,47790,0.00140408764137856,0.00387084619144148,-0.00618277089384673,0.00899094617660386,0.716807698261901
TBR1,T-box brain protein 1,Blood and urine assays,X30680.Calcium,46265,0.00240245006028852,0.00374756746366789,-0.00494278216850054,0.00974768228907757,0.521486332788537
TBR1,T-box brain protein 1,Blood and urine assays,X30690.Cholesterol,47806,0.00293104395685203,0.0036346095275109,-0.00419279071706933,0.0100548786307734,0.420007511258992
TBR1,T-box brain protein 1,Blood and urine assays,X30700.Creatinine,47798,0.00377603478705823,0.00437050127222339,-0.00479014770649962,0.0123422172806161,0.387608872725178
TBR1,T-box brain protein 1,Blood and urine assays,X30710.C-reactive protein,47749,0.00803379539688632,0.00411443580827483,-3.04987873323437e-05,0.016098089581105,0.0508835237572237
TBR1,T-box brain protein 1,Blood and urine assays,X30720.Cystatin C,47813,0.0076896319997166,0.00427175280705114,-0.000683003502103632,0.0160622675015368,0.0718591905646119
TBR1,T-box brain protein 1,Blood and urine assays,X30730.Gamma glutamyltransferase,47799,0.00589585815366438,0.00415742488655288,-0.00225269462397928,0.014044410931308,0.156163300064653
TBR1,T-box brain protein 1,Blood and urine assays,X30740.Glucose,46251,-0.00320416282832457,0.00384355609428271,-0.0107375327731187,0.00432920711646955,0.404492512091803
TBR1,T-box brain protein 1,Blood and urine assays,X30750.Glycated haemoglobin (HbA1c),47790,-0.000177530180356964,0.0040159439774454,-0.00804878037614995,0.00769372001543602,0.964740403947274
TBR1,T-box brain protein 1,Blood and urine assays,X30760.HDL cholesterol,46258,-0.0120688817677875,0.00434196431554743,-0.0205791318262605,-0.00355863170931455,0.00544870908848505
TBR1,T-box brain protein 1,Blood and urine assays,X30770.IGF-1,47697,0.000344781549775531,0.00381418356344042,-0.00713101823456769,0.00782058133411876,0.927974636101644
TBR1,T-box brain protein 1,Blood and urine assays,X30780.LDL direct,47761,0.00589361851347638,0.00356339095773383,-0.00109062776368192,0.0128778647906347,0.098157539636192
TBR1,T-box brain protein 1,Blood and urine assays,X30790.Lipoprotein A,44020,-0.00386144929789735,0.00404136306217623,-0.0117825208997628,0.00405962230396806,0.339349627890265
TBR1,T-box brain protein 1,Blood and urine assays,X30810.Phosphate,46237,-0.00223550378918577,0.00400711841426678,-0.0100894558811487,0.00561844830277712,0.576931515297318
TBR1,T-box brain protein 1,Blood and urine assays,X30830.SHBG,46115,-0.00769362836322824,0.00464063630688103,-0.0167892755247151,0.00140201879825859,0.0973597805987419
TBR1,T-box brain protein 1,Blood and urine assays,X30840.Total bilirubin,47730,0.00086786465594702,0.00401784558035636,-0.00700711268155144,0.00874284199344548,0.828988182249471
TBR1,T-box brain protein 1,Blood and urine assays,X30850.Testosterone,45606,0.0113908185986336,0.00627405275656811,-0.000906324804239919,0.0236879620015071,0.0694585975934743
TBR1,T-box brain protein 1,Blood and urine assays,X30860.Total protein,46252,0.0123095893613641,0.00374328782426179,0.00497274522581102,0.0196464334969172,0.0010094700343915
TBR1,T-box brain protein 1,Blood and urine assays,X30870.Triglycerides,47794,0.00539442835855428,0.00415575270147251,-0.00275084693633184,0.0135397036534404,0.194281821002328
TBR1,T-box brain protein 1,Blood and urine assays,X30880.Urate,47774,0.00115470696763952,0.00451383663820434,-0.00769241284324098,0.01000182677852,0.798096548775554
TBR1,T-box brain protein 1,Blood and urine assays,X30890.Vitamin D,46855,0.00363308971074908,0.0041967474317605,-0.00459253525550149,0.0118587146769997,0.386670974005804
TBR1,T-box brain protein 1,Physical measures,X3137.Number of measurements made,46610,0.0106348215061388,0.0355893357630445,-0.0591202765894284,0.0803899196017059,0.765080608283821
TBR1,T-box brain protein 1,Physical measures,X3143.Ankle spacing width,40209,0.0135608608072588,0.0062578296299074,0.00129551473264033,0.0258262068818773,0.0302544617034039
TBR1,T-box brain protein 1,Physical measures,"X3144.Heel Broadband ultrasound attenuation, direct entry",40209,-0.00704279839276563,0.00489955557162789,-0.0166459273131563,0.00256033052762503,0.150622503292306
TBR1,T-box brain protein 1,Physical measures,X3146.Speed of sound through heel,40209,-0.00810405153206361,0.00470699098327544,-0.0173297538592835,0.00112165079515626,0.0851509846386183
TBR1,T-box brain protein 1,Physical measures,"X3147.Heel quantitative ultrasound index (QUI), direct entry",40209,-0.0078593291656951,0.00476462107068759,-0.0171979864642428,0.00147932813285258,0.0990700321378443
TBR1,T-box brain protein 1,Physical measures,X3148.Heel bone mineral density (BMD),40198,-0.00840326825511015,0.00477609194262494,-0.017764408462655,0.000957871952434733,0.078529840457618
TBR1,T-box brain protein 1,Health and medical history,X3526.Mother's age at death,45394,0.00261320805091947,0.00381924194799603,-0.00487250616715274,0.0100989222689917,0.493844996696742
TBR1,T-box brain protein 1,Health and medical history,X3581.Age at menopause (last menstrual period),37109,-0.00361041881999156,0.00521066946264927,-0.0138233309667841,0.006602493326801,0.488399146570389
TBR1,T-box brain protein 1,Health and medical history,"X3761.Age hay fever, rhinitis or eczema diagnosed",32279,-0.00447085934075448,0.00832715750675594,-0.0207920880539961,0.0118503693724872,0.591374705270151
TBR1,T-box brain protein 1,Physical measures,X4100.Ankle spacing width (left),35670,-0.00224169622614288,0.00863284303951871,-0.0191620685835996,0.0146786761313138,0.795126065004324
TBR1,T-box brain protein 1,Physical measures,X4101.Heel broadband ultrasound attenuation (left),35667,-0.0169419993118056,0.00675764844243209,-0.0301869902589725,-0.00369700836463874,0.0121974469976121
TBR1,T-box brain protein 1,Physical measures,X4103.Speed of sound through heel (left),35670,-0.016568948459344,0.00646546605527666,-0.0292412619276862,-0.00389663499100172,0.0104090476890772
TBR1,T-box brain protein 1,Physical measures,"X4104.Heel quantitative ultrasound index (QUI), direct entry (left)",35670,-0.0170956546770076,0.00655039181268973,-0.0299344226298795,-0.00425688672413573,0.00907857732257541
TBR1,T-box brain protein 1,Physical measures,X4105.Heel bone mineral density (BMD) (left),35667,-0.0169584592052181,0.0065433821735041,-0.0297834882652862,-0.0041334301451501,0.00957185563940193
TBR1,T-box brain protein 1,Physical measures,"X4106.Heel bone mineral density (BMD) T-score, automated (left)",35670,-0.0170964742614799,0.00655036794947757,-0.029935195442456,-0.00425775308050391,0.00907500908613153
TBR1,T-box brain protein 1,Physical measures,X4119.Ankle spacing width (right),35671,0.00631876649468841,0.00857315760952561,-0.0104846224199818,0.0231221554093586,0.461124266556609
TBR1,T-box brain protein 1,Physical measures,X4120.Heel broadband ultrasound attenuation (right),35670,-0.0085778379766386,0.00674207979514087,-0.0217923143751147,0.0046366384218375,0.203318031369161
TBR1,T-box brain protein 1,Physical measures,X4122.Speed of sound through heel (right),35671,-0.0110721398457962,0.00644452046863191,-0.0237033999643148,0.0015591202727223,0.0858315690381966
TBR1,T-box brain protein 1,Physical measures,"X4123.Heel quantitative ultrasound index (QUI), direct entry (right)",35671,-0.0106102173003294,0.00653355457837102,-0.0234159842739366,0.00219554967327782,0.104433463297116
TBR1,T-box brain protein 1,Physical measures,X4124.Heel bone mineral density (BMD) (right),35667,-0.01100913643822,0.00653247971037904,-0.0238127966705629,0.00179452379412295,0.0919804306311706
TBR1,T-box brain protein 1,Physical measures,"X4125.Heel bone mineral density (BMD) T-score, automated (right)",35671,-0.0106057960097492,0.00653355274725032,-0.0234115593943598,0.00219996737486143,0.104577883555671
TBR1,T-box brain protein 1,Physical measures,X4194.Pulse rate,35971,0.0098191907336546,0.00617153581227254,-0.00227701945839959,0.0219154009257088,0.111646107427974
TBR1,T-box brain protein 1,Physical measures,X4195.Pulse wave reflection index,35971,-0.00349765466108124,0.0066243649276114,-0.0164814099191996,0.00948610059703711,0.597517673076599
TBR1,T-box brain protein 1,Physical measures,X4196.Pulse wave peak to peak time,35966,0.00121407086885293,0.00609382829340827,-0.0107298325862273,0.0131579743239331,0.842089140765325
TBR1,T-box brain protein 1,Physical measures,X4198.Position of the pulse wave peak,35971,0.00502393778344999,0.00649232620385043,-0.00770102157609684,0.0177488971429968,0.439060052613387
TBR1,T-box brain protein 1,Physical measures,X4199.Position of pulse wave notch,35971,0.00653253961182503,0.00619075669195659,-0.00560134350440988,0.0186664227280599,0.291367554529432
TBR1,T-box brain protein 1,Physical measures,X4200.Position of the shoulder on the pulse waveform,35971,0.0011684273441253,0.00637811145102865,-0.0113326710998909,0.0136695257881415,0.854651824045837
TBR1,T-box brain protein 1,Physical measures,X4269.Number of triplets attempted (left),35814,0.0818349497088205,0.145520485080557,-0.203385201049071,0.367055100466712,0.573889615004595
TBR1,T-box brain protein 1,Physical measures,X4270.Volume level set by participant (left),35741,0.0141910826253218,0.0454287673571396,-0.0748493013946717,0.103231466645315,0.754760960599499
TBR1,T-box brain protein 1,Physical measures,X4276.Number of triplets attempted (right),35808,-0.132279025465944,0.117007891740134,-0.361614493276606,0.0970564423447182,0.258300899882444
TBR1,T-box brain protein 1,Physical measures,X4277.Volume level set by participant (right),35731,0.00485961013308803,0.0448479459827632,-0.0830423639931278,0.0927615842593039,0.91371546056221
TBR1,T-box brain protein 1,Cognitive function,X4288.Time to answer,35975,0.00448505535731363,0.00739562264430357,-0.0100103650255214,0.0189804757401486,0.544238070987676
TBR1,T-box brain protein 1,Cognitive function,X4290.Duration screen displayed,35975,-0.00238153666614274,0.00688715392991949,-0.0158803583687849,0.0111172850364995,0.729508244262769
TBR1,T-box brain protein 1,Physical measures,X46.Hand grip strength (left),48674,0.000145960174112481,0.00526087305664067,-0.0101653510169032,0.0104572713651282,0.977866233638979
TBR1,T-box brain protein 1,Physical measures,X47.Hand grip strength (right),48693,0.00446827570067885,0.00523987150036686,-0.0058018724400402,0.0147384238413979,0.393811047758042
TBR1,T-box brain protein 1,Physical measures,X48.Waist circumference,48752,0.00405864617956841,0.00796497653560315,-0.0115527078302138,0.0196700001893506,0.610364382060039
TBR1,T-box brain protein 1,Health and medical history,X4803.Tinnitus,35893,0.0226017146764056,0.0497284956452317,-0.0748661367882486,0.12006956614106,0.64948208380162
TBR1,T-box brain protein 1,Working and living environment,X4825.Noisy workplace,35963,0.063803607262183,0.0571610844901471,-0.0482321183385053,0.175839332862871,0.264373137299059
TBR1,T-box brain protein 1,Working and living environment,X4836.Loud music exposure frequency,35922,0.042541248486266,0.0935857440176569,-0.140886809788342,0.225969306760874,0.649433469386919
TBR1,T-box brain protein 1,Physical measures,X49.Hip circumference,48748,-0.00260938038541468,0.00645519660761382,-0.0152615657363378,0.0100428049655084,0.686048441842733
TBR1,T-box brain protein 1,Physical measures,X50.Standing height,48734,0.00632068157375684,0.00512340351324174,-0.00372118931219697,0.0163625524597107,0.217334015897554
TBR1,T-box brain protein 1,Health and medical history,X5057.Number of older siblings,34922,0.0188139316540318,0.0499451179865191,-0.0790784995995456,0.116706362907609,0.706416385759174
TBR1,T-box brain protein 1,Physical measures,X51.Seated height,48660,0.00170210221142003,0.00478105365411945,-0.00766876295065409,0.0110729673734941,0.721837043935927
TBR1,T-box brain protein 1,Eye measures,X5181.Ever had eye surgery,33755,0.0338066921936369,0.100052692376185,-0.162296584863686,0.229909969250959,0.735462484711937
TBR1,T-box brain protein 1,Eye measures,X5186.Duration visual-acuity screen displayed (right),33742,-0.00393291110868333,0.0073405993297785,-0.0183204857950492,0.0104546635776825,0.592140120073334
TBR1,T-box brain protein 1,Eye measures,X5188.Duration visual-acuity screen displayed (left),33741,-0.0129182896162792,0.00758378252931031,-0.0277825033737274,0.00194592414116903,0.0885597359882273
TBR1,T-box brain protein 1,Eye measures,X5190.Duration at which refractometer first shown (right),33680,-0.0126863023640635,0.00778771006915878,-0.0279502140996147,0.00257760937148768,0.10337989897592
TBR1,T-box brain protein 1,Eye measures,X5193.Duration at which refractometer first shown (left),33678,-0.00604676672003215,0.00789449777025038,-0.0215199823497229,0.00942644890965859,0.4437481677803
TBR1,T-box brain protein 1,Eye measures,"X5199.logMAR, initial (right)",33727,0.0790795002588249,0.0581041846967834,-0.0348047017468705,0.19296370226452,0.173582964425966
TBR1,T-box brain protein 1,Eye measures,X5200.Final number of letters displayed (right),33727,-0.212283710002186,0.28191570474294,-0.764838491298348,0.340271071293976,0.451486510710282
TBR1,T-box brain protein 1,Eye measures,"X5201.logMAR, final (right)",33674,0.00762052313366595,0.00812291992662998,-0.0083003999225288,0.0235414461898607,0.34821753566219
TBR1,T-box brain protein 1,Eye measures,X5202.Number of rounds to result (right),33727,0.0677353121820265,0.0548791542295658,-0.0398278301079224,0.175298454471975,0.217169038475059
TBR1,T-box brain protein 1,Eye measures,"X5206.logMAR, initial (left)",33723,-0.0212612504685604,0.0565273906620732,-0.132054936166224,0.089532435229103,0.706843094241499
TBR1,T-box brain protein 1,Eye measures,X5207.Final number of letters displayed (left),33723,1.03679461487963,0.502788812734154,0.0513285419206878,2.02226068783857,0.039256330271054
TBR1,T-box brain protein 1,Eye measures,"X5208.logMAR, final (left)",33673,-0.0085880248694901,0.00810656638921647,-0.0244768949923544,0.00730084525337418,0.289478794217077
TBR1,T-box brain protein 1,Eye measures,X5209.Number of rounds to result (left),33721,0.072467698573188,0.0537227010416495,-0.0328287954684451,0.177764192614821,0.1774298613445
TBR1,T-box brain protein 1,Eye measures,"X5254.Intra-ocular pressure, corneal-compensated (right)",33516,0.00423655579711823,0.00758090264127877,-0.0106220133797882,0.0190951249740246,0.576295897227769
TBR1,T-box brain protein 1,Eye measures,"X5255.Intra-ocular pressure, Goldmann-correlated (right)",33516,-4.68945630358769e-05,0.00763404463076919,-0.0150096220393435,0.0149158329132717,0.995099052985752
TBR1,T-box brain protein 1,Eye measures,X5256.Corneal hysteresis (right),33516,-0.00979702274580052,0.00761352017770054,-0.0247195222940936,0.00512547680249253,0.198235442130527
TBR1,T-box brain protein 1,Eye measures,X5257.Corneal resistance factor (right),33516,-0.00824984744008871,0.00765596742004032,-0.0232555435833677,0.00675584870319032,0.281285449206705
TBR1,T-box brain protein 1,Eye measures,"X5262.Intra-ocular pressure, corneal-compensated (left)",33505,-0.00373253171984717,0.00763394275857014,-0.0186950595266446,0.0112299960869503,0.624909813787057
TBR1,T-box brain protein 1,Eye measures,"X5263.Intra-ocular pressure, Goldmann-correlated (left)",33505,-0.0050178300602873,0.00765166547503109,-0.0200150943913482,0.00997943427077363,0.511998926370517
TBR1,T-box brain protein 1,Eye measures,X5264.Corneal hysteresis (left),33505,-0.00428285344994839,0.00775502414573912,-0.0194827007755971,0.0109169938757003,0.580793224278651
TBR1,T-box brain protein 1,Eye measures,X5265.Corneal resistance factor (left),33505,-0.00703962182558289,0.00776257523248511,-0.0222542692812537,0.00817502563008793,0.364527920826788
TBR1,T-box brain protein 1,Lifestyle factors,X5364.Average weekly intake of other alcoholic drinks,33847,0.115388246547094,0.258281017747579,-0.39084254823816,0.621619041332349,0.655073012365487
TBR1,T-box brain protein 1,Diet and food preferences,"X6144#1.Never eat eggs, dairy, wheat, sugar_Eggs or foods containing eggs",48705,0.015778006048774,0.0194083725042057,-0.0222624040594691,0.0538184161570171,0.416257542691244
TBR1,T-box brain protein 1,Diet and food preferences,"X6144#2.Never eat eggs, dairy, wheat, sugar_Dairy products",48705,0.00421972936986318,0.0207649047578188,-0.0364794839554617,0.0449189426951881,0.838969512917162
TBR1,T-box brain protein 1,Diet and food preferences,"X6144#3.Never eat eggs, dairy, wheat, sugar_Wheat products",48705,-0.0512103939440174,0.0549725980271762,-0.158956686077283,0.0565358981892479,0.351574356105698
TBR1,T-box brain protein 1,Diet and food preferences,"X6144#4.Never eat eggs, dairy, wheat, sugar_Sugar or foods or drinks containing sugar",48705,-0.0151324122425939,0.00831389687549168,-0.0314276501185576,0.00116282563336979,0.0687538075976534
TBR1,T-box brain protein 1,Diet and food preferences,"X6144#5.Never eat eggs, dairy, wheat, sugar_I eat all of the above",48705,0.0150652742183169,0.00783412353357194,-0.000289607907484118,0.0304201563441179,0.0544905050366854
TBR1,T-box brain protein 1,Mental health,"X6145#3.Illness, injury, bereavement, stress in last 2 years_Death of a close relative",36842,-0.00607850004028024,0.011016641440128,-0.0276711172629311,0.0155141171823706,0.581131531552881
TBR1,T-box brain protein 1,Mental health,"X6145#4.Illness, injury, bereavement, stress in last 2 years_Death of a spouse or partner",36842,0.0193146755737217,0.0231133024939094,-0.0259873973143408,0.0646167484617841,0.403376856935671
TBR1,T-box brain protein 1,Mental health,"X6145#5.Illness, injury, bereavement, stress in last 2 years_Marital separation or divorce",36842,0.030521069771441,0.0290188281490173,-0.026355833400633,0.087397972943515,0.292939314052772
TBR1,T-box brain protein 1,Mental health,"X6145#6.Illness, injury, bereavement, stress in last 2 years_Financial difficulties",36842,0.00257208796165559,0.0156943077622884,-0.0281887552524297,0.0333329311757409,0.869824685354434
TBR1,T-box brain protein 1,Eye measures,X6147#1.Reason for glasses or contact lenses_For short-sightedness,48767,0.0295543056038796,0.0162345017581303,-0.0022653178420557,0.061373929049815,0.0687038284161175
TBR1,T-box brain protein 1,Eye measures,X6147#2.Reason for glasses or contact lenses_For long-sightedness,48767,0.0295543056038796,0.0162345017581303,-0.0022653178420557,0.061373929049815,0.0687038284161175
TBR1,T-box brain protein 1,Eye measures,X6147#3.Reason for glasses or contact lenses_For just reading or near work as you are getting older (called 'presbyopia'),48767,-0.00166742814740517,0.0130464665575241,-0.0272385026001524,0.023903646305342,0.898303120590098
TBR1,T-box brain protein 1,Eye measures,X6147#4.Reason for glasses or contact lenses_For 'astigmatism',48767,-0.00104709225582094,0.0222255726760646,-0.0446092147009076,0.0425150301892657,0.962424405414209
TBR1,T-box brain protein 1,Eye measures,X6147#5.Reason for glasses or contact lenses_For a 'squint' or 'turn' in an eye since childhood (called 'strabismus'),48767,0.000847110581443782,0.055638881040873,-0.108205096258667,0.109899317421555,0.987852708469505
TBR1,T-box brain protein 1,Eye measures,X6147#6.Reason for glasses or contact lenses_For a 'lazy' eye or an eye with poor vision since childhood (called 'amblyopia'),48767,-0.0752047762806266,0.0365699765660645,-0.146881930350113,-0.00352762221114024,0.0397512082222665
TBR1,T-box brain protein 1,Eye measures,X6147#7.Reason for glasses or contact lenses_Other eye condition,48767,0.0660649728929273,0.05990220173271,-0.0513433425031843,0.183473288289039,0.270092603839611
TBR1,T-box brain protein 1,Health and medical history,X6149#1.Mouth or teeth dental problems_Mouth ulcers,48705,-0.0236754266809491,0.012003354950269,-0.0472020023834764,-0.000148850978421912,0.0485779709565834
TBR1,T-box brain protein 1,Health and medical history,X6149#2.Mouth or teeth dental problems_Painful gums,48705,-0.0090594515528341,0.0201895492422057,-0.0486309680675573,0.030512064961889,0.653638745136708
TBR1,T-box brain protein 1,Health and medical history,X6149#3.Mouth or teeth dental problems_Bleeding gums,48705,0.0108982525920722,0.0119934564922618,-0.0126089221327608,0.0344054273169053,0.363528591045762
TBR1,T-box brain protein 1,Health and medical history,X6149#4.Mouth or teeth dental problems_Loose teeth,48705,0.0245027784875754,0.0168464116863015,-0.00851618841757547,0.0575217453927263,0.145829202539268
TBR1,T-box brain protein 1,Health and medical history,X6149#5.Mouth or teeth dental problems_Toothache,48705,-0.00436511460091139,0.0205564658266784,-0.0446557876212011,0.0359255584193783,0.831838140894889
TBR1,T-box brain protein 1,Health and medical history,X6149#6.Mouth or teeth dental problems_Dentures,48705,0.00942114951625929,0.00805136288146286,-0.00635952173140792,0.0252018207639265,0.241962536762116
TBR1,T-box brain protein 1,Health and medical history,X6150#1.Vascular or heart problems diagnosed by doctor_Heart attack,37257,-0.0286892424101488,0.0191556788152102,-0.0662343728879608,0.00885588806766316,0.134253311407436
TBR1,T-box brain protein 1,Health and medical history,X6150#2.Vascular or heart problems diagnosed by doctor_Angina,37257,-0.0186439134209412,0.0163378108430281,-0.0506660226732762,0.0133781958313938,0.253840874273903
TBR1,T-box brain protein 1,Health and medical history,X6150#3.Vascular or heart problems diagnosed by doctor_Stroke,37257,-0.00443172601009445,0.0235431743437889,-0.0505763477239207,0.0417128957037317,0.850694623929811
TBR1,T-box brain protein 1,Health and medical history,X6150#4.Vascular or heart problems diagnosed by doctor_High blood pressure,37257,0.0377991691805847,0.0183216745564693,0.00188868704990495,0.0737096513112645,0.0391365099012425
TBR1,T-box brain protein 1,Health and medical history,X6151#1.Fractured bone site(s)_Ankle,48692,-0.0355674877862239,0.0278232514665388,-0.09010106066064,0.0189660850881921,0.201145894739298
TBR1,T-box brain protein 1,Health and medical history,X6151#2.Fractured bone site(s)_Leg,48692,-0.00432413232818546,0.0429353035835083,-0.0884773273518618,0.0798290626954908,0.919779528409537
TBR1,T-box brain protein 1,Health and medical history,X6151#3.Fractured bone site(s)_Hip,48692,-0.0475823471842815,0.0663112456361259,-0.177552388631088,0.0823876942625252,0.47303676217875
TBR1,T-box brain protein 1,Health and medical history,X6151#4.Fractured bone site(s)_Spine,48692,0.117730164700164,0.0708324457918121,-0.0211014290517875,0.256561758452116,0.0965100554604966
TBR1,T-box brain protein 1,Health and medical history,X6151#5.Fractured bone site(s)_Wrist,48692,-0.015991063444829,0.0230158310870332,-0.0611020923754142,0.0291199654857561,0.487198077127752
TBR1,T-box brain protein 1,Health and medical history,X6151#6.Fractured bone site(s)_Arm,48692,-0.026801861251626,0.0319941114249544,-0.0895103196445366,0.0359065971412847,0.402202561639801
TBR1,T-box brain protein 1,Health and medical history,X6151#7.Fractured bone site(s)_Other bones,48692,0.0109172979510331,0.0168078037714376,-0.0220259974409847,0.0438605933430509,0.515998701670012
TBR1,T-box brain protein 1,Health and medical history,"X6152#5.Blood clot, DVT, bronchitis, emphysema, asthma, rhinitis, eczema, allergy diagnosed by doctor_Blood clot in the leg (DVT)",34997,0.0142473069475257,0.0226714434051284,-0.030188722126526,0.0586833360215774,0.529750148145148
TBR1,T-box brain protein 1,Health and medical history,"X6152#6.Blood clot, DVT, bronchitis, emphysema, asthma, rhinitis, eczema, allergy diagnosed by doctor_Emphysema or chronic bronchitis",34997,0.0104214426351054,0.0236153501698684,-0.0358646436978366,0.0567075289680474,0.659012616724968
TBR1,T-box brain protein 1,Health and medical history,"X6152#7.Blood clot, DVT, bronchitis, emphysema, asthma, rhinitis, eczema, allergy diagnosed by doctor_Blood clot in the lung",34997,-0.0586630428297745,0.0337186930206784,-0.124751681150304,0.00742559549075519,0.0819510111214567
TBR1,T-box brain protein 1,Health and medical history,"X6152#8.Blood clot, DVT, bronchitis, emphysema, asthma, rhinitis, eczema, allergy diagnosed by doctor_Asthma",34997,-0.0174577083277974,0.0137555449951429,-0.0444185765182775,0.00950315986268256,0.204442140561568
TBR1,T-box brain protein 1,Health and medical history,"X6154#1.Medication for pain relief, constipation, heartburn_Aspirin",38756,0.01092048776762,0.0106434775818797,-0.00994072829286414,0.0317817038281042,0.304905148776684
TBR1,T-box brain protein 1,Health and medical history,"X6154#2.Medication for pain relief, constipation, heartburn_Ibuprofen",38756,-0.00668394617561914,0.0125031623809074,-0.0311901444421977,0.0178222520909594,0.59295243437193
TBR1,T-box brain protein 1,Health and medical history,"X6154#3.Medication for pain relief, constipation, heartburn_Paracetamol",38756,-0.0106450294979119,0.0104190482837484,-0.0310663641340587,0.00977630513823488,0.306953853986864
TBR1,T-box brain protein 1,Health and medical history,"X6154#4.Medication for pain relief, constipation, heartburn_Ranitidine",38756,0.034976207660129,0.0240520659004582,-0.0121658415047691,0.0821182568250271,0.145927219447082
TBR1,T-box brain protein 1,Health and medical history,"X6154#5.Medication for pain relief, constipation, heartburn_Omeprazole",38756,0.0135568871453413,0.0133335499628677,-0.0125768707818793,0.0396906450725619,0.309298090475773
TBR1,T-box brain protein 1,Health and medical history,"X6154#6.Medication for pain relief, constipation, heartburn_Laxatives",38756,-0.00592657588434032,0.0193527335136586,-0.0438579335711111,0.0320047818024305,0.759428791823107
TBR1,T-box brain protein 1,Health and medical history,X6155#1.Vitamin and mineral supplements_Vitamin A,48705,-0.0345587197378972,0.0224288531800497,-0.0785192719707946,0.00940183249500025,0.123377966183498
TBR1,T-box brain protein 1,Health and medical history,X6155#2.Vitamin and mineral supplements_Vitamin B,48705,0.00252331855859726,0.0169527393427214,-0.0307040505531368,0.0357506876703313,0.881678034783805
TBR1,T-box brain protein 1,Health and medical history,X6155#3.Vitamin and mineral supplements_Vitamin C,48705,-0.066557151439527,0.0459880985222265,-0.156693824543091,0.0235795216640369,0.147837651465707
TBR1,T-box brain protein 1,Health and medical history,X6155#4.Vitamin and mineral supplements_Vitamin D,48705,-0.0251187560821403,0.0157981681658653,-0.0560831656872362,0.00584565352295562,0.111855734034817
TBR1,T-box brain protein 1,Health and medical history,X6155#5.Vitamin and mineral supplements_Vitamin E,48705,-0.0152720889524046,0.0184050488363078,-0.0513459846715678,0.0208018067667587,0.406674944795142
TBR1,T-box brain protein 1,Health and medical history,X6155#6.Vitamin and mineral supplements_Folic acid or Folate (Vit B9),48705,-0.0110388707653184,0.0224286224710814,-0.0549989708086379,0.0329212292780011,0.62259917239016
TBR1,T-box brain protein 1,Health and medical history,X6155#7.Vitamin and mineral supplements_Multivitamins + or - minerals,48705,0.00915170191891646,0.00751032538915082,-0.00556853584381914,0.0238719396816521,0.223030026918836
TBR1,T-box brain protein 1,Lifestyle factors,X6157#1.Why stopped smoking_Illness or ill health,34024,-0.0320855374866959,0.0197092149999962,-0.0707155988866886,0.00654452391329667,0.103601547619091
TBR1,T-box brain protein 1,Lifestyle factors,X6157#2.Why stopped smoking_Doctor's advice,34024,0.0444068131197137,0.0245632397976648,-0.00373713688370929,0.0925507631231367,0.0706910025787347
TBR1,T-box brain protein 1,Lifestyle factors,X6157#3.Why stopped smoking_Health precaution,34024,0.0349442145496605,0.016916977925652,0.00178693781538253,0.0681014912839385,0.0389166512898027
TBR1,T-box brain protein 1,Lifestyle factors,X6157#4.Why stopped smoking_Financial reasons,34024,-0.0140408779790157,0.0158838655066832,-0.0451732543721146,0.0170914984140833,0.376755805652954
TBR1,T-box brain protein 1,Health and medical history,X6159#1.Pain type(s) experienced in last month_Headache,48783,-0.0138854611693459,0.0099987511671616,-0.0334830134569827,0.00571209111829078,0.164933837416315
TBR1,T-box brain protein 1,Health and medical history,X6159#2.Pain type(s) experienced in last month_Facial pain,48783,-0.00851789864329563,0.0280913519359818,-0.06357694843782,0.0465411511512287,0.761724372798216
TBR1,T-box brain protein 1,Health and medical history,X6159#3.Pain type(s) experienced in last month_Neck or shoulder pain,48783,-0.00107520266725625,0.00839546989564538,-0.0175303236627212,0.0153799183282087,0.898095378305524
TBR1,T-box brain protein 1,Health and medical history,X6159#4.Pain type(s) experienced in last month_Back pain,48783,0.00644279000727933,0.00808335571795212,-0.00940058719990683,0.0222861672144655,0.425435150056992
TBR1,T-box brain protein 1,Health and medical history,X6159#5.Pain type(s) experienced in last month_Stomach or abdominal pain,48783,0.00950623073462061,0.0138009839611304,-0.0175436978291949,0.0365561592984361,0.490952140880566
TBR1,T-box brain protein 1,Health and medical history,X6159#6.Pain type(s) experienced in last month_Hip pain,48783,-0.00773986289760179,0.0103173810442089,-0.0279619297442512,0.0124822039490476,0.453157064289981
TBR1,T-box brain protein 1,Health and medical history,X6159#7.Pain type(s) experienced in last month_Knee pain,48783,-0.00801777959572843,0.00842483670458827,-0.0245304595367214,0.00849490034526458,0.341269170631724
TBR1,T-box brain protein 1,Health and medical history,X6159#8.Pain type(s) experienced in last month_Pain all over the body,48783,-0.0135557510461619,0.0259094844062197,-0.0643383404823524,0.0372268383900287,0.60084344846536
TBR1,T-box brain protein 1,Lifestyle factors,X6160#1.Leisure or social activities_Sports club or gym,43131,-0.00547968730872339,0.008878525564584,-0.022881597415308,0.0119222227978612,0.537123198965987
TBR1,T-box brain protein 1,Lifestyle factors,X6160#2.Leisure or social activities_Pub or social club,43131,0.00795488015182493,0.00923328344015999,-0.0101423553908887,0.0260521156945385,0.388953308631956
TBR1,T-box brain protein 1,Lifestyle factors,X6160#3.Leisure or social activities_Religious group,43131,-0.00632792773119172,0.00977042243987054,-0.025477955713338,0.0128221002509545,0.517214494173635
TBR1,T-box brain protein 1,Lifestyle factors,X6160#4.Leisure or social activities_Adult education class,43131,0.000210955860387716,0.0132820412124969,-0.0258218449161062,0.0262437566368817,0.987328127867456
TBR1,T-box brain protein 1,Lifestyle factors,X6160#5.Leisure or social activities_Other group activity,43131,-0.0155824415823158,0.00889679047633787,-0.033020150915938,0.00185526775130644,0.0798873671752743
TBR1,T-box brain protein 1,Physical activities,X6162#1.Types of transport used (excluding work)_Car or motor vehicle,48595,0.0090019836689707,0.00880015580564855,-0.00824632171010046,0.0262502890480419,0.306351533582992
TBR1,T-box brain protein 1,Physical activities,X6162#2.Types of transport used (excluding work)_Walk,48595,0.00554888524896643,0.00716763285684021,-0.00849967515044038,0.0195974456483732,0.438846388728744
TBR1,T-box brain protein 1,Physical activities,X6162#3.Types of transport used (excluding work)_Public transport,48595,-0.00129704913230696,0.00741919258940661,-0.0158386666075439,0.01324456834293,0.861220155473718
TBR1,T-box brain protein 1,Physical activities,X6162#4.Types of transport used (excluding work)_Cycle,48595,-0.0173458079408054,0.0161714514522208,-0.0490418527871581,0.0143502369055473,0.283455386425413
TBR1,T-box brain protein 1,Physical activities,X6164#1.Types of physical activity in last 4 weeks_Walking for pleasure (not as a means of transport),48610,-0.000896619494883126,0.00798585436339695,-0.0165488940471411,0.0147556550573749,0.910605760112326
TBR1,T-box brain protein 1,Physical activities,X6164#3.Types of physical activity in last 4 weeks_Strenuous sports,48610,-0.00260856899762889,0.0156634095175935,-0.0333088516521122,0.0280917136568544,0.867734506189021
TBR1,T-box brain protein 1,Health and medical history,X6179#1.Mineral and other dietary supplements_Fish oil (including cod liver oil),48705,-0.0085427346135368,0.0072589169794629,-0.0227702118932841,0.00568474266621048,0.239265439878539
TBR1,T-box brain protein 1,Health and medical history,X6179#2.Mineral and other dietary supplements_Glucosamine,48705,-0.0105769015052775,0.00830041827975389,-0.0268457213335952,0.00569191832304011,0.202586015849334
TBR1,T-box brain protein 1,Health and medical history,X6179#3.Mineral and other dietary supplements_Calcium,48705,-0.0224394835429949,0.0125526424470124,-0.0470426627391391,0.00216369565314932,0.0738511944344325
TBR1,T-box brain protein 1,Health and medical history,X6179#4.Mineral and other dietary supplements_Zinc,48705,-1.26289304783953e-06,0.0173934581535966,-0.0340924408740972,0.0340899150880015,0.999942068452179
TBR1,T-box brain protein 1,Health and medical history,X6179#5.Mineral and other dietary supplements_Iron,48705,-0.00518488214395042,0.0220648654068961,-0.0484320183414669,0.038062254053566,0.814223905730125
TBR1,T-box brain protein 1,Health and medical history,X6179#6.Mineral and other dietary supplements_Selenium,48705,0.00280655534310605,0.0205324836590957,-0.0374371126287214,0.0430502233149335,0.89127839358934
TBR1,T-box brain protein 1,Physical measures,"X78.Heel bone mineral density (BMD) T-score, automated",40209,-0.00785690498891717,0.00476459372376409,-0.0171955086874948,0.00148169870966045,0.0991722839668336
TBR1,T-box brain protein 1,Physical activities,X864.Number of days or week walked 10+ minutes,48305,-0.0192721154127276,0.0272074613598299,-0.0725987396779942,0.034054508852539,0.478743190130062
TBR1,T-box brain protein 1,Physical activities,X874.Duration of walks,45692,0.00190867571883487,0.00396146922554149,-0.00585580396322646,0.0096731554008962,0.629947274478048
TBR1,T-box brain protein 1,Physical activities,X884.Number of days or week of moderate physical activity 10+ minutes,47491,-0.0720339439204975,0.0260671146721131,-0.123125488677839,-0.0209423991631559,0.00572592718671695
TBR1,T-box brain protein 1,Physical activities,X894.Duration of moderate activity,43374,0.00169983576254878,0.0320485979077812,-0.0611154161367024,0.0645150876618,0.957701328085534
TBR1,T-box brain protein 1,Physical activities,X90087.No-wear time bias adjusted average acceleration,32829,-0.000591059156777015,0.00935426200359922,-0.0189254126838315,0.0177432943702775,0.949621802499791
TBR1,T-box brain protein 1,Physical activities,X904.Number of days or week of vigorous physical activity 10+ minutes,47435,-0.00997710713766903,0.0273194389848048,-0.0635232075478864,0.0435689932725484,0.714965041897154
TBR1,T-box brain protein 1,Physical activities,X914.Duration of vigorous activity,38740,0.00122463177452586,0.00505679799616699,-0.00868669229796144,0.0111359558470132,0.808649504489507
