Protein,Protein_definition,Disease_category,Disease,NB_individual,NB_case,HR[95%CI],P_value
CD8A,T-cell surface glycoprotein CD8 alpha chain,Chapter I Certain infectious and parasitic diseases,"Bacterial, viral and other infectious agents",22929,1768,1.20 [1.11-1.29],7.946450697418261e-06
CD8A,T-cell surface glycoprotein CD8 alpha chain,Chapter I Certain infectious and parasitic diseases,Certain infectious and parasitic diseases,22452,4259,1.11 [1.05-1.17],8.714364328522476e-05
CD8A,T-cell surface glycoprotein CD8 alpha chain,Chapter I Certain infectious and parasitic diseases,Condition for Implicit Sepsis (Organ dysfunction codes),22390,4331,1.11 [1.05-1.17],8.4955906105674e-05
CD8A,T-cell surface glycoprotein CD8 alpha chain,Chapter I Certain infectious and parasitic diseases,Diarrhoea and gastroenteritis of presumed infectious origin,22916,1436,1.10 [1.01-1.21],0.029745133574404
CD8A,T-cell surface glycoprotein CD8 alpha chain,Chapter I Certain infectious and parasitic diseases,Explicit Sepsis,20372,1312,1.27 [1.16-1.39],1.758778837582456e-07
CD8A,T-cell surface glycoprotein CD8 alpha chain,Chapter I Certain infectious and parasitic diseases,Implicit bacterial Sepsis,19660,1601,1.24 [1.14-1.34],3.604439202194626e-07
CD8A,T-cell surface glycoprotein CD8 alpha chain,Chapter I Certain infectious and parasitic diseases,Implicit fungal Sepsis,19149,344,1.22 [1.02-1.46],0.0322147069747618
CD8A,T-cell surface glycoprotein CD8 alpha chain,Chapter I Certain infectious and parasitic diseases,Implicit Sepsis,15089,2769,1.13 [1.06-1.21],0.0001951025320068
CD8A,T-cell surface glycoprotein CD8 alpha chain,Chapter I Certain infectious and parasitic diseases,Implicit viral Sepsis,19086,503,1.39 [1.20-1.60],7.032527257066335e-06
CD8A,T-cell surface glycoprotein CD8 alpha chain,Chapter I Certain infectious and parasitic diseases,Intestinal infectious diseases,23188,1708,1.09 [1.00-1.18],0.039204726612845
CD8A,T-cell surface glycoprotein CD8 alpha chain,Chapter I Certain infectious and parasitic diseases,Other bacterial agents as the cause of diseases classified to other chapters,22413,1252,1.13 [1.03-1.24],0.0130850428289379
CD8A,T-cell surface glycoprotein CD8 alpha chain,Chapter I Certain infectious and parasitic diseases,Other bacterial diseases,23235,1449,1.21 [1.11-1.32],1.7582361548207065e-05
CD8A,T-cell surface glycoprotein CD8 alpha chain,Chapter I Certain infectious and parasitic diseases,Other septicaemia,23050,1264,1.25 [1.14-1.37],2.593975257155804e-06
CD8A,T-cell surface glycoprotein CD8 alpha chain,Chapter I Certain infectious and parasitic diseases,Streptococcus and staphylococcus as the cause of diseases classified to other chapters,21667,506,1.25 [1.08-1.44],0.0024824811202899
CD8A,T-cell surface glycoprotein CD8 alpha chain,Chapter I Certain infectious and parasitic diseases,Viral agents as the cause of diseases classified to other chapters,21471,310,1.44 [1.21-1.72],4.458368083177133e-05
CD8A,T-cell surface glycoprotein CD8 alpha chain,Chapter I Certain infectious and parasitic diseases,Viral hepatitis,23351,51,1.57 [1.03-2.40],0.0347660061315849
CD8A,T-cell surface glycoprotein CD8 alpha chain,Chapter II Neoplasms,Benign lipomatous neoplasm of spermatic cord,11131,85,1.43 [1.02-2.01],0.039946525150268
CD8A,T-cell surface glycoprotein CD8 alpha chain,Chapter II Neoplasms,"Chronic lymphocytic leukaemia and small lyphocytis leukaemia, excluding all cancers (controls excluding all cancers)",16661,72,1.64 [1.15-2.34],0.0060869852225666
CD8A,T-cell surface glycoprotein CD8 alpha chain,Chapter II Neoplasms,Lung cancer and mesothelioma,14775,484,1.21 [1.04-1.40],0.0122140216331923
CD8A,T-cell surface glycoprotein CD8 alpha chain,Chapter II Neoplasms,Lymphoid leukaemia,16663,74,1.62 [1.14-2.31],0.0075636305799907
CD8A,T-cell surface glycoprotein CD8 alpha chain,Chapter II Neoplasms,"Malignant neoplasm of bladder, excluding all cancers (controls excluding all cancers)",16913,324,1.25 [1.04-1.49],0.0178163341773339
CD8A,T-cell surface glycoprotein CD8 alpha chain,Chapter II Neoplasms,"Malignant neoplasm of intrahepatic ducts, biliary tract and gallbladder, excluding all cancers (controls excluding all cancers)",16696,107,1.52 [1.13-2.06],0.0063715044751852
CD8A,T-cell surface glycoprotein CD8 alpha chain,Chapter II Neoplasms,"Malignant neoplasm of stomach, excluding all cancers (controls excluding all cancers)",16681,92,1.46 [1.06-2.02],0.019801447516263
CD8A,T-cell surface glycoprotein CD8 alpha chain,Chapter III Diseases of the blood and blood-forming organs and certain disorders involving the immune mechanism,Agranulocytosis,23056,399,1.19 [1.01-1.41],0.0362275137585764
CD8A,T-cell surface glycoprotein CD8 alpha chain,Chapter III Diseases of the blood and blood-forming organs and certain disorders involving the immune mechanism,Anaemia in chronic diseases classified elsewhere,21018,165,1.64 [1.29-2.10],6.148756395002524e-05
CD8A,T-cell surface glycoprotein CD8 alpha chain,Chapter III Diseases of the blood and blood-forming organs and certain disorders involving the immune mechanism,Diseases of the blood and blood-forming organs and certain disorders involving the immune mechanism,22596,3544,1.06 [1.00-1.12],0.0481715059359257
CD8A,T-cell surface glycoprotein CD8 alpha chain,Chapter III Diseases of the blood and blood-forming organs and certain disorders involving the immune mechanism,Folate deficiency anaemia,21625,73,1.46 [1.01-2.12],0.0435449372433691
CD8A,T-cell surface glycoprotein CD8 alpha chain,Chapter III Diseases of the blood and blood-forming organs and certain disorders involving the immune mechanism,Other and unspecified aplastic anaemias,20970,117,1.54 [1.15-2.06],0.0036111105353762
CD8A,T-cell surface glycoprotein CD8 alpha chain,Chapter III Diseases of the blood and blood-forming organs and certain disorders involving the immune mechanism,Purpura and other haemorrhagic conditions,23183,363,1.38 [1.17-1.63],0.0001799070089539
CD8A,T-cell surface glycoprotein CD8 alpha chain,Chapter III Diseases of the blood and blood-forming organs and certain disorders involving the immune mechanism,"Thrombocytopenia, unspecified",23118,298,1.55 [1.30-1.86],1.3226869630580257e-06
CD8A,T-cell surface glycoprotein CD8 alpha chain,Chapter III Diseases of the blood and blood-forming organs and certain disorders involving the immune mechanism,Vitamin B12 deficiency anaemia,21690,138,1.66 [1.28-2.14],0.0001229172225311
CD8A,T-cell surface glycoprotein CD8 alpha chain,"Chapter IV Endocrine, nutritional and metabolic diseases",Alcohol dependence,21856,116,0.72 [0.52-0.99],0.0438158462526555
CD8A,T-cell surface glycoprotein CD8 alpha chain,"Chapter IV Endocrine, nutritional and metabolic diseases",Bipolar affective disorders,21703,65,1.69 [1.15-2.47],0.0070439186395138
CD8A,T-cell surface glycoprotein CD8 alpha chain,"Chapter IV Endocrine, nutritional and metabolic diseases",Disorders of lipoprotein metabolism and other lipidaemias,19848,4659,1.05 [1.00-1.11],0.0460961221062046
CD8A,T-cell surface glycoprotein CD8 alpha chain,"Chapter IV Endocrine, nutritional and metabolic diseases",Disorders of parathyroid gland,23094,162,1.36 [1.06-1.77],0.0178243497775544
CD8A,T-cell surface glycoprotein CD8 alpha chain,"Chapter IV Endocrine, nutritional and metabolic diseases","Disorders of plasma-protein metabolism, not elsewhere classified",15271,82,1.65 [1.17-2.33],0.0046511581230447
CD8A,T-cell surface glycoprotein CD8 alpha chain,"Chapter IV Endocrine, nutritional and metabolic diseases",Disorders of the thyroid gland,22717,1775,1.09 [1.01-1.18],0.037033645253578
CD8A,T-cell surface glycoprotein CD8 alpha chain,"Chapter IV Endocrine, nutritional and metabolic diseases",Fluid overload,15578,389,1.34 [1.13-1.59],0.0007140031682165
CD8A,T-cell surface glycoprotein CD8 alpha chain,"Chapter IV Endocrine, nutritional and metabolic diseases",Hyperkalaemia,15619,430,1.60 [1.37-1.86],2.421541979980787e-09
CD8A,T-cell surface glycoprotein CD8 alpha chain,"Chapter IV Endocrine, nutritional and metabolic diseases",Hyperparathyroidism,23084,152,1.31 [1.00-1.72],0.0463525857575581
CD8A,T-cell surface glycoprotein CD8 alpha chain,"Chapter IV Endocrine, nutritional and metabolic diseases",Hypo-osmolality and hyponatraemia,16091,902,0.82 [0.73-0.92],0.0008136138112378
CD8A,T-cell surface glycoprotein CD8 alpha chain,"Chapter IV Endocrine, nutritional and metabolic diseases",Iron deficiency,20665,78,1.47 [1.03-2.09],0.0353454377102689
CD8A,T-cell surface glycoprotein CD8 alpha chain,"Chapter IV Endocrine, nutritional and metabolic diseases",Metabolic disorders,21704,6515,1.05 [1.01-1.10],0.0196731209092834
CD8A,T-cell surface glycoprotein CD8 alpha chain,"Chapter IV Endocrine, nutritional and metabolic diseases",Other disorders of glucose regulation and pancreatic internal secretion,23350,316,1.44 [1.21-1.72],3.851688721468384e-05
CD8A,T-cell surface glycoprotein CD8 alpha chain,"Chapter IV Endocrine, nutritional and metabolic diseases","Postprocedural endocrine and metabolic disorders, not elsewhere classified",15390,201,1.27 [1.00-1.62],0.0489339556140997
CD8A,T-cell surface glycoprotein CD8 alpha chain,"Chapter IV Endocrine, nutritional and metabolic diseases",Type 1 diabetes without complications,20539,186,1.38 [1.09-1.76],0.0071412282107572
CD8A,T-cell surface glycoprotein CD8 alpha chain,"Chapter IV Endocrine, nutritional and metabolic diseases",Type 2 diabetes with neurological complications,2505,102,1.38 [1.02-1.85],0.0337357376034882
CD8A,T-cell surface glycoprotein CD8 alpha chain,"Chapter IV Endocrine, nutritional and metabolic diseases",Type 2 diabetes with ophthalmic complications,2673,312,1.21 [1.01-1.44],0.0338664937025459
CD8A,T-cell surface glycoprotein CD8 alpha chain,"Chapter IV Endocrine, nutritional and metabolic diseases",Type 2 diabetes with peripheral circulatory complications,20440,87,1.84 [1.37-2.47],5.592928915630534e-05
CD8A,T-cell surface glycoprotein CD8 alpha chain,"Chapter IV Endocrine, nutritional and metabolic diseases",Type 2 diabetes with renal complications,2476,76,1.57 [1.13-2.19],0.0073243599809421
CD8A,T-cell surface glycoprotein CD8 alpha chain,"Chapter IV Endocrine, nutritional and metabolic diseases",Type 2 diabetes without complications,22509,2156,1.32 [1.23-1.42],7.569247809401888e-15
CD8A,T-cell surface glycoprotein CD8 alpha chain,"Chapter IV Endocrine, nutritional and metabolic diseases",Volume depletion,16319,1130,1.21 [1.09-1.33],0.0002871479166452
CD8A,T-cell surface glycoprotein CD8 alpha chain,Chapter IX Diseases of the circulatory system,Arterial embolism and thrombosis of lower extremity artery,21672,90,1.44 [1.03-2.00],0.0321041508229898
CD8A,T-cell surface glycoprotein CD8 alpha chain,Chapter IX Diseases of the circulatory system,Cardiac arrest,9224,266,1.25 [1.01-1.55],0.0444230288397493
CD8A,T-cell surface glycoprotein CD8 alpha chain,Chapter IX Diseases of the circulatory system,Cerebral atherosclerosis,23361,80,1.42 [1.00-2.01],0.0498655824622322
CD8A,T-cell surface glycoprotein CD8 alpha chain,Chapter IX Diseases of the circulatory system,"Heart failure, strict",23070,1685,1.18 [1.09-1.28],6.0513343899870734e-05
CD8A,T-cell surface glycoprotein CD8 alpha chain,Chapter IX Diseases of the circulatory system,Hypertension,19994,7985,1.04 [1.01-1.09],0.0250542593333038
CD8A,T-cell surface glycoprotein CD8 alpha chain,Chapter IX Diseases of the circulatory system,"Hypertension, essential",20014,8005,1.05 [1.01-1.09],0.0200879643924343
CD8A,T-cell surface glycoprotein CD8 alpha chain,Chapter IX Diseases of the circulatory system,"Hypertension, portal",23191,96,2.30 [1.82-2.90],2.7563041866913266e-12
CD8A,T-cell surface glycoprotein CD8 alpha chain,Chapter IX Diseases of the circulatory system,"Hypertension, Pulmonary Arterial",12273,264,1.30 [1.06-1.59],0.0135482250182077
CD8A,T-cell surface glycoprotein CD8 alpha chain,Chapter IX Diseases of the circulatory system,Hypertensive Renal Disease,12219,210,1.43 [1.15-1.79],0.0015158872494061
CD8A,T-cell surface glycoprotein CD8 alpha chain,Chapter IX Diseases of the circulatory system,Hypotension,23181,1661,1.09 [1.00-1.18],0.04957333170855
CD8A,T-cell surface glycoprotein CD8 alpha chain,Chapter IX Diseases of the circulatory system,Oesophageal varices,21503,68,2.24 [1.68-2.98],2.7944326333887484e-08
CD8A,T-cell surface glycoprotein CD8 alpha chain,Chapter IX Diseases of the circulatory system,Other diseases of arteries and capillaries,21919,337,1.26 [1.06-1.51],0.0098022595659983
CD8A,T-cell surface glycoprotein CD8 alpha chain,Chapter IX Diseases of the circulatory system,Other noninfective disorders of lymphatic vessels and lymph nodes,21618,183,0.68 [0.52-0.88],0.0029397513418381
CD8A,T-cell surface glycoprotein CD8 alpha chain,Chapter IX Diseases of the circulatory system,Other or ill-defined heart diseases,18545,1486,1.10 [1.00-1.20],0.0412262305252102
CD8A,T-cell surface glycoprotein CD8 alpha chain,Chapter IX Diseases of the circulatory system,Other other unspecified disorders of the circulatory system,21583,63,2.03 [1.48-2.79],1.260531459149004e-05
CD8A,T-cell surface glycoprotein CD8 alpha chain,Chapter IX Diseases of the circulatory system,Other pulmonary heart/vessel disease,22584,532,1.19 [1.03-1.37],0.0157811888564716
CD8A,T-cell surface glycoprotein CD8 alpha chain,Chapter IX Diseases of the circulatory system,Peripheral artery disease,22145,599,1.25 [1.10-1.43],0.0008828778241242
CD8A,T-cell surface glycoprotein CD8 alpha chain,Chapter IX Diseases of the circulatory system,Secondary right heart disease,22577,525,1.19 [1.04-1.38],0.0148753287444689
CD8A,T-cell surface glycoprotein CD8 alpha chain,Chapter V Mental and behavioural disorders,Smoking dependency,22843,1190,1.13 [1.03-1.24],0.0138187666392843
CD8A,T-cell surface glycoprotein CD8 alpha chain,Chapter VI Diseases of the nervous system,Falls/tendency to fall,22697,3480,0.94 [0.89-1.00],0.0441361986096249
CD8A,T-cell surface glycoprotein CD8 alpha chain,Chapter VI Diseases of the nervous system,"Other and unspecified polyneuropathies, also in other diseases",23282,354,1.25 [1.05-1.48],0.0131614730233707
CD8A,T-cell surface glycoprotein CD8 alpha chain,Chapter VI Diseases of the nervous system,Other headache syndromes,21582,53,2.09 [1.43-3.06],0.0001440085338991
CD8A,T-cell surface glycoprotein CD8 alpha chain,"Chapter VII Diseases of the eye, adnexa, ear and mastoid process",Background diabetic retinopathy,23107,270,1.56 [1.30-1.88],1.5977992518430476e-06
CD8A,T-cell surface glycoprotein CD8 alpha chain,"Chapter VII Diseases of the eye, adnexa, ear and mastoid process","Diabetic nephropathy, excluding more controls",2480,77,1.57 [1.13-2.19],0.0075983066549464
CD8A,T-cell surface glycoprotein CD8 alpha chain,"Chapter VII Diseases of the eye, adnexa, ear and mastoid process",Disorders of optic nerve and visual pathways,23357,83,0.65 [0.44-0.95],0.0258986100242506
CD8A,T-cell surface glycoprotein CD8 alpha chain,"Chapter VII Diseases of the eye, adnexa, ear and mastoid process",Ectropion of eyelid,22145,100,1.41 [1.03-1.93],0.0301100129457942
CD8A,T-cell surface glycoprotein CD8 alpha chain,"Chapter VII Diseases of the eye, adnexa, ear and mastoid process",Other disorders of optic [2nd] nerve and visual pathways,23348,74,0.61 [0.41-0.92],0.0187785529771379
CD8A,T-cell surface glycoprotein CD8 alpha chain,"Chapter VII Diseases of the eye, adnexa, ear and mastoid process",Other specified and unspecified  disorders of eyelid,22222,177,1.33 [1.04-1.70],0.0211635445444174
CD8A,T-cell surface glycoprotein CD8 alpha chain,Chapter VIII Diseases of the ear and mastoid process,Diseases of middle ear and mastoid,23224,120,1.54 [1.16-2.04],0.0027641330560578
CD8A,T-cell surface glycoprotein CD8 alpha chain,Chapter VIII Diseases of the ear and mastoid process,Mnire disease,23095,70,0.49 [0.32-0.74],0.0006996458769178
CD8A,T-cell surface glycoprotein CD8 alpha chain,Chapter X Diseases of the respiratory system,Acute upper respiratory infections,23290,189,1.37 [1.09-1.73],0.0080195642015018
CD8A,T-cell surface glycoprotein CD8 alpha chain,Chapter X Diseases of the respiratory system,All influenza,20645,159,1.36 [1.05-1.75],0.0190652681679136
CD8A,T-cell surface glycoprotein CD8 alpha chain,Chapter X Diseases of the respiratory system,All influenza (not pneumonia),20642,156,1.35 [1.04-1.75],0.0238831837528375
CD8A,T-cell surface glycoprotein CD8 alpha chain,Chapter X Diseases of the respiratory system,Bronchiectasis,19586,526,1.26 [1.09-1.46],0.0017494748067781
CD8A,T-cell surface glycoprotein CD8 alpha chain,Chapter X Diseases of the respiratory system,Diseases of the respiratory system,21192,6175,1.06 [1.01-1.10],0.0147311720830848
CD8A,T-cell surface glycoprotein CD8 alpha chain,Chapter X Diseases of the respiratory system,Emphysema,19495,435,1.23 [1.05-1.44],0.0094723744718238
CD8A,T-cell surface glycoprotein CD8 alpha chain,Chapter X Diseases of the respiratory system,Influenza and pneumonia,23103,2617,1.15 [1.08-1.23],2.971299567701196e-05
CD8A,T-cell surface glycoprotein CD8 alpha chain,Chapter X Diseases of the respiratory system,Other acute lower respiratory infections,23078,1316,1.16 [1.06-1.27],0.0013148736895425
CD8A,T-cell surface glycoprotein CD8 alpha chain,Chapter X Diseases of the respiratory system,Other diseases of pleura,23068,2714,1.11 [1.04-1.18],0.0017244993570803
CD8A,T-cell surface glycoprotein CD8 alpha chain,Chapter X Diseases of the respiratory system,Other respiratory disorders and diseases,23231,1730,1.13 [1.04-1.22],0.0032620205877053
CD8A,T-cell surface glycoprotein CD8 alpha chain,Chapter X Diseases of the respiratory system,"Pneumonia, organism unspecified",22812,2326,1.14 [1.06-1.22],0.0003109274580874
CD8A,T-cell surface glycoprotein CD8 alpha chain,Chapter X Diseases of the respiratory system,Unspecified acute lower respiratory infection,23054,1292,1.17 [1.07-1.29],0.0006290688849904
CD8A,T-cell surface glycoprotein CD8 alpha chain,Chapter X Diseases of the respiratory system,Viral pneumonia,20790,304,1.40 [1.16-1.67],0.0003179854993496
CD8A,T-cell surface glycoprotein CD8 alpha chain,Chapter X Diseases of the respiratory system,"Viral pneumonia (unknown virus, not influenza)",22849,243,1.41 [1.15-1.72],0.0008868176488817
CD8A,T-cell surface glycoprotein CD8 alpha chain,Chapter XI Diseases of the digestive system,Acute pancreatitis,21297,199,1.46 [1.16-1.84],0.001115459563313
CD8A,T-cell surface glycoprotein CD8 alpha chain,Chapter XI Diseases of the digestive system,Alcoholic liver disease,22377,65,2.09 [1.53-2.85],3.4872908391373336e-06
CD8A,T-cell surface glycoprotein CD8 alpha chain,Chapter XI Diseases of the digestive system,"Cholangitis (primary sclerosing, PSC)",21241,143,1.35 [1.02-1.77],0.0326645055631457
CD8A,T-cell surface glycoprotein CD8 alpha chain,Chapter XI Diseases of the digestive system,"Cholangitis (primary sclerosing, PSC), with reimbursement 202",22937,143,1.32 [1.01-1.72],0.044944463506922
CD8A,T-cell surface glycoprotein CD8 alpha chain,Chapter XI Diseases of the digestive system,Cholelithiasis,22157,1059,1.19 [1.08-1.32],0.0007564381755693
CD8A,T-cell surface glycoprotein CD8 alpha chain,Chapter XI Diseases of the digestive system,"Cirrhosis of liver, NAS",23222,127,1.86 [1.46-2.37],5.081812552757211e-07
CD8A,T-cell surface glycoprotein CD8 alpha chain,Chapter XI Diseases of the digestive system,Coeliac disease,21601,128,1.48 [1.12-1.97],0.006139179961129
CD8A,T-cell surface glycoprotein CD8 alpha chain,Chapter XI Diseases of the digestive system,Crohn disease,21582,90,1.53 [1.10-2.11],0.0112506548706266
CD8A,T-cell surface glycoprotein CD8 alpha chain,Chapter XI Diseases of the digestive system,Crohn's disease NAS,21574,82,1.52 [1.07-2.14],0.0180250945223199
CD8A,T-cell surface glycoprotein CD8 alpha chain,Chapter XI Diseases of the digestive system,Diseases of liver,23241,929,1.32 [1.19-1.47],2.752096935399092e-07
CD8A,T-cell surface glycoprotein CD8 alpha chain,Chapter XI Diseases of the digestive system,Diseases of peritoneum,23269,521,1.21 [1.05-1.40],0.0092145526446379
CD8A,T-cell surface glycoprotein CD8 alpha chain,Chapter XI Diseases of the digestive system,"Disorders of gallbladder, biliary tract and pancreas",22633,1535,1.20 [1.10-1.31],3.02237838724788e-05
CD8A,T-cell surface glycoprotein CD8 alpha chain,Chapter XI Diseases of the digestive system,Fibrosis and cirrhosis of liver,22461,149,1.97 [1.59-2.44],3.956548427349247e-10
CD8A,T-cell surface glycoprotein CD8 alpha chain,Chapter XI Diseases of the digestive system,Intestinal malabsorption,21620,147,1.53 [1.18-1.98],0.0014401260234502
CD8A,T-cell surface glycoprotein CD8 alpha chain,Chapter XI Diseases of the digestive system,Nonalcoholic fatty liver disease,23331,342,1.44 [1.21-1.70],2.796075057732182e-05
CD8A,T-cell surface glycoprotein CD8 alpha chain,Chapter XI Diseases of the digestive system,Other diseases of liver,23081,769,1.33 [1.19-1.50],1.492424162182044e-06
CD8A,T-cell surface glycoprotein CD8 alpha chain,Chapter XI Diseases of the digestive system,Other diseases of pancreas,21316,218,1.32 [1.06-1.66],0.0136150864175167
CD8A,T-cell surface glycoprotein CD8 alpha chain,Chapter XI Diseases of the digestive system,Other diseases of peritoneum,23190,442,1.19 [1.02-1.40],0.0313340474316904
CD8A,T-cell surface glycoprotein CD8 alpha chain,Chapter XI Diseases of the digestive system,Other diseases of stomach and duodenum,17236,1110,1.12 [1.01-1.24],0.0293499125999875
CD8A,T-cell surface glycoprotein CD8 alpha chain,Chapter XI Diseases of the digestive system,Other disorders of teeth and supporting structures,22733,181,1.35 [1.06-1.71],0.0148283315695681
CD8A,T-cell surface glycoprotein CD8 alpha chain,Chapter XI Diseases of the digestive system,Other gastritis (incl. Duodenitis),18324,2198,1.14 [1.06-1.22],0.0005237166827716
CD8A,T-cell surface glycoprotein CD8 alpha chain,Chapter XI Diseases of the digestive system,Other inflammatory liver diseases,22426,114,1.72 [1.31-2.26],9.127472884329548e-05
CD8A,T-cell surface glycoprotein CD8 alpha chain,Chapter XI Diseases of the digestive system,Stomatitis and related lesions,22545,104,1.43 [1.04-1.96],0.028211512470875
CD8A,T-cell surface glycoprotein CD8 alpha chain,Chapter XI Diseases of the digestive system,Umbilical hernia,17845,258,1.24 [1.01-1.52],0.0355943595457395
CD8A,T-cell surface glycoprotein CD8 alpha chain,Chapter XII Diseases of the skin and subcutaneous tissue,Arthropathic psoriasis,22992,67,1.68 [1.18-2.41],0.0044164850103278
CD8A,T-cell surface glycoprotein CD8 alpha chain,Chapter XII Diseases of the skin and subcutaneous tissue,Disorders of skin appendages,22928,443,1.34 [1.15-1.56],0.0001909858585978
CD8A,T-cell surface glycoprotein CD8 alpha chain,Chapter XII Diseases of the skin and subcutaneous tissue,Follicular cysts of skin and subcutaneous tissue,22792,307,1.29 [1.07-1.55],0.0078762987119678
CD8A,T-cell surface glycoprotein CD8 alpha chain,Chapter XII Diseases of the skin and subcutaneous tissue,Lupus erythematosus,20661,58,0.61 [0.38-0.98],0.0411670059721856
CD8A,T-cell surface glycoprotein CD8 alpha chain,Chapter XII Diseases of the skin and subcutaneous tissue,Nail disorders,22549,64,1.67 [1.16-2.41],0.0062509812544065
CD8A,T-cell surface glycoprotein CD8 alpha chain,Chapter XII Diseases of the skin and subcutaneous tissue,Psoriasis,23205,280,1.24 [1.02-1.52],0.0295243949484256
CD8A,T-cell surface glycoprotein CD8 alpha chain,Chapter XIII Diseases of the musculoskeletal system and connective tissue,Deforming dorsopathies,19818,595,0.78 [0.67-0.90],0.0007832052598195
CD8A,T-cell surface glycoprotein CD8 alpha chain,Chapter XIII Diseases of the musculoskeletal system and connective tissue,Gonarthrosis,16097,2033,0.92 [0.85-1.00],0.0446448047201527
CD8A,T-cell surface glycoprotein CD8 alpha chain,Chapter XIII Diseases of the musculoskeletal system and connective tissue,Gout,14869,805,1.28 [1.13-1.44],5.356064507500211e-05
CD8A,T-cell surface glycoprotein CD8 alpha chain,Chapter XIII Diseases of the musculoskeletal system and connective tissue,"Gout, unspecified",23264,798,1.27 [1.13-1.42],4.0299680622898754e-05
CD8A,T-cell surface glycoprotein CD8 alpha chain,Chapter XIII Diseases of the musculoskeletal system and connective tissue,Myalgia,19451,73,1.55 [1.07-2.25],0.0218843092330603
CD8A,T-cell surface glycoprotein CD8 alpha chain,Chapter XIII Diseases of the musculoskeletal system and connective tissue,Osteomyelitis,20753,87,1.68 [1.21-2.31],0.00170860488121
CD8A,T-cell surface glycoprotein CD8 alpha chain,Chapter XIII Diseases of the musculoskeletal system and connective tissue,Osteopathies and chondropathies,22925,2259,0.91 [0.84-0.97],0.0080531100940568
CD8A,T-cell surface glycoprotein CD8 alpha chain,Chapter XIII Diseases of the musculoskeletal system and connective tissue,Osteoporosis,22248,1582,0.89 [0.82-0.98],0.0118692576607625
CD8A,T-cell surface glycoprotein CD8 alpha chain,Chapter XIII Diseases of the musculoskeletal system and connective tissue,Other bursopathies,19484,106,0.67 [0.48-0.95],0.0227166431579517
CD8A,T-cell surface glycoprotein CD8 alpha chain,Chapter XIII Diseases of the musculoskeletal system and connective tissue,Other psoriatic arthropathies,23351,64,1.59 [1.09-2.32],0.0166691313927391
CD8A,T-cell surface glycoprotein CD8 alpha chain,Chapter XIII Diseases of the musculoskeletal system and connective tissue,Other/unspecified seropositive rheumatoid arthritis,23337,69,0.61 [0.40-0.93],0.0212019802131157
CD8A,T-cell surface glycoprotein CD8 alpha chain,Chapter XIII Diseases of the musculoskeletal system and connective tissue,Psoriatic arthropathies,14129,65,1.75 [1.17-2.62],0.0060741932843636
CD8A,T-cell surface glycoprotein CD8 alpha chain,Chapter XIII Diseases of the musculoskeletal system and connective tissue,Sciatica+with lumbago,19512,289,0.80 [0.65-0.99],0.0363237402112823
CD8A,T-cell surface glycoprotein CD8 alpha chain,Chapter XIII Diseases of the musculoskeletal system and connective tissue,Scoliosis,19494,271,0.80 [0.64-0.99],0.0381990748578506
CD8A,T-cell surface glycoprotein CD8 alpha chain,Chapter XIII Diseases of the musculoskeletal system and connective tissue,Seronegative rheumatoid arthritis,16401,67,0.64 [0.41-0.99],0.0443132145096658
CD8A,T-cell surface glycoprotein CD8 alpha chain,Chapter XIII Diseases of the musculoskeletal system and connective tissue,"Seropositive rheumatoid arthritis, wide",23342,74,0.65 [0.43-0.98],0.0396869500378913
CD8A,T-cell surface glycoprotein CD8 alpha chain,Chapter XIII Diseases of the musculoskeletal system and connective tissue,Spondylolisthesis/Spondylolysis,19482,259,0.72 [0.58-0.90],0.0036616670565343
CD8A,T-cell surface glycoprotein CD8 alpha chain,Chapter XIII Diseases of the musculoskeletal system and connective tissue,Spondylopathies,21261,2038,0.92 [0.85-0.99],0.0350718722506375
CD8A,T-cell surface glycoprotein CD8 alpha chain,Chapter XIII Diseases of the musculoskeletal system and connective tissue,Spondylosis,20552,1329,0.87 [0.79-0.96],0.0047264797104565
CD8A,T-cell surface glycoprotein CD8 alpha chain,Chapter XIV Diseases of the genitourinary system,Acute renal failure,21828,2277,1.28 [1.19-1.37],3.536814183196764e-12
CD8A,T-cell surface glycoprotein CD8 alpha chain,Chapter XIV Diseases of the genitourinary system,Chronic kidney disease,21914,2363,1.29 [1.20-1.38],6.553246446385543e-13
CD8A,T-cell surface glycoprotein CD8 alpha chain,Chapter XIV Diseases of the genitourinary system,Chronic nephritic syndrome,23128,132,1.56 [1.19-2.03],0.0010481386641992
CD8A,T-cell surface glycoprotein CD8 alpha chain,Chapter XIV Diseases of the genitourinary system,Cyst of kidney,23050,410,1.19 [1.01-1.40],0.0362974098583704
CD8A,T-cell surface glycoprotein CD8 alpha chain,Chapter XIV Diseases of the genitourinary system,Dialysis,19647,96,1.82 [1.35-2.44],8.217080471019841e-05
CD8A,T-cell surface glycoprotein CD8 alpha chain,Chapter XIV Diseases of the genitourinary system,Genitourinary diseases,19245,6369,1.07 [1.03-1.12],0.0011844067927445
CD8A,T-cell surface glycoprotein CD8 alpha chain,Chapter XIV Diseases of the genitourinary system,Glomerular disorders in diseases classified elsewhere,23093,97,1.66 [1.22-2.24],0.0010674585388707
CD8A,T-cell surface glycoprotein CD8 alpha chain,Chapter XIV Diseases of the genitourinary system,Other abnormal uterine and vaginal bleeding,9367,40,0.56 [0.32-0.98],0.0424369275087275
CD8A,T-cell surface glycoprotein CD8 alpha chain,Chapter XIV Diseases of the genitourinary system,Other diseases of urinary system,22141,2988,1.07 [1.00-1.13],0.0427058332191972
CD8A,T-cell surface glycoprotein CD8 alpha chain,Chapter XIV Diseases of the genitourinary system,Other disorders of kidney and ureter,23276,636,1.29 [1.13-1.47],0.0001316960735837
CD8A,T-cell surface glycoprotein CD8 alpha chain,Chapter XIV Diseases of the genitourinary system,Other disorders of penis,8283,160,1.38 [1.07-1.78],0.0143492894632224
CD8A,T-cell surface glycoprotein CD8 alpha chain,Chapter XIV Diseases of the genitourinary system,Other disorders of the genitourinary system,23323,84,1.42 [1.01-2.02],0.0467728986092708
CD8A,T-cell surface glycoprotein CD8 alpha chain,Chapter XIV Diseases of the genitourinary system,Other disorders of urethra and urinary system,21531,2378,1.11 [1.03-1.19],0.0035468522529808
CD8A,T-cell surface glycoprotein CD8 alpha chain,Chapter XIV Diseases of the genitourinary system,Other specified disorders of kidney and ureter,22845,205,1.31 [1.04-1.64],0.0213055884222263
CD8A,T-cell surface glycoprotein CD8 alpha chain,Chapter XIV Diseases of the genitourinary system,"Redundant prepuce, phimosis and paraphimosis",8280,157,1.45 [1.13-1.87],0.0040518804382631
CD8A,T-cell surface glycoprotein CD8 alpha chain,Chapter XIV Diseases of the genitourinary system,Renal tubulo-interstitial diseases,23069,3800,1.22 [1.15-1.28],2.6213950680692165e-12
CD8A,T-cell surface glycoprotein CD8 alpha chain,Chapter XIV Diseases of the genitourinary system,"Tubulo-interstitial nephritis, not specified as acute or chronic",19364,95,1.57 [1.12-2.21],0.0092139392316778
CD8A,T-cell surface glycoprotein CD8 alpha chain,Chapter XIV Diseases of the genitourinary system,Unspecified kidney failure,19732,181,1.49 [1.17-1.89],0.0011421574795463
