Protein,Protein_definition,Disease_category,Disease,NB_individual,NB_case,HR[95%CI],P_value
FST,Follistatin,Chapter I Certain infectious and parasitic diseases,"Bacterial infection, other or unspecified",21871,193,1.09 [0.84-1.42],0.4997374279750696
FST,Follistatin,Chapter I Certain infectious and parasitic diseases,"Bacterial intestinal infections, IBD co-morbidities",23078,253,0.98 [0.78-1.23],0.8436266346337274
FST,Follistatin,Chapter I Certain infectious and parasitic diseases,"Bacterial, viral and other infectious agents",22801,1749,1.14 [1.05-1.25],0.0021006034012098
FST,Follistatin,Chapter I Certain infectious and parasitic diseases,Candidiasis,23083,545,1.20 [1.04-1.40],0.0156001011183413
FST,Follistatin,Chapter I Certain infectious and parasitic diseases,Certain infectious and parasitic diseases,22325,4216,1.07 [1.01-1.13],0.0159374263349772
FST,Follistatin,Chapter I Certain infectious and parasitic diseases,Condition for Implicit Sepsis (Organ dysfunction codes),22270,4302,1.08 [1.02-1.14],0.0071340867527146
FST,Follistatin,Chapter I Certain infectious and parasitic diseases,Diarrhoea and gastroenteritis of presumed infectious origin,22789,1423,1.10 [1.00-1.21],0.0504422306552664
FST,Follistatin,Chapter I Certain infectious and parasitic diseases,Enterocolitis due to Clostridium difficile,22984,129,1.11 [0.81-1.52],0.5154461048865102
FST,Follistatin,Chapter I Certain infectious and parasitic diseases,Explicit Sepsis,20268,1298,1.12 [1.01-1.24],0.0255751188392448
FST,Follistatin,Chapter I Certain infectious and parasitic diseases,Implicit bacterial Sepsis,19556,1582,1.13 [1.03-1.24],0.006833204531588
FST,Follistatin,Chapter I Certain infectious and parasitic diseases,Implicit fungal Sepsis,19057,340,1.28 [1.06-1.56],0.0109517017321439
FST,Follistatin,Chapter I Certain infectious and parasitic diseases,Implicit Sepsis,15007,2741,1.10 [1.03-1.18],0.0071093187519267
FST,Follistatin,Chapter I Certain infectious and parasitic diseases,Implicit viral Sepsis,18984,490,1.18 [1.00-1.39],0.043899733451658
FST,Follistatin,Chapter I Certain infectious and parasitic diseases,Intestinal infectious diseases,23060,1694,1.08 [0.99-1.18],0.0876760915991427
FST,Follistatin,Chapter I Certain infectious and parasitic diseases,Mycoses,23179,641,1.22 [1.06-1.40],0.0055955330854363
FST,Follistatin,Chapter I Certain infectious and parasitic diseases,Other bacterial agents as the cause of diseases classified to other chapters,22294,1242,1.14 [1.03-1.27],0.0091177721664062
FST,Follistatin,Chapter I Certain infectious and parasitic diseases,Other bacterial diseases,23109,1431,1.09 [0.99-1.20],0.0673489177886559
FST,Follistatin,Chapter I Certain infectious and parasitic diseases,Other bacterial intestinal infections,21619,253,0.98 [0.78-1.23],0.8749225889326752
FST,Follistatin,Chapter I Certain infectious and parasitic diseases,Other infectious diseases,23239,65,1.28 [0.83-1.98],0.2643533860305634
FST,Follistatin,Chapter I Certain infectious and parasitic diseases,Other septicaemia,22929,1251,1.13 [1.02-1.25],0.0206232799074417
FST,Follistatin,Chapter I Certain infectious and parasitic diseases,Other specified/unspecified bacterial intestinal infections,22938,83,0.78 [0.52-1.17],0.2257770947532348
FST,Follistatin,Chapter I Certain infectious and parasitic diseases,Other viral diseases,23175,144,1.30 [0.98-1.74],0.0721735261037605
FST,Follistatin,Chapter I Certain infectious and parasitic diseases,"Other viral diseases, not elsewhere classified",23152,121,1.24 [0.90-1.71],0.1808946461017932
FST,Follistatin,Chapter I Certain infectious and parasitic diseases,Streptococcus and staphylococcus as the cause of diseases classified to other chapters,21549,497,1.23 [1.05-1.45],0.0103456608830985
FST,Follistatin,Chapter I Certain infectious and parasitic diseases,Viral agents as the cause of diseases classified to other chapters,21356,304,1.27 [1.04-1.56],0.0200359340594048
FST,Follistatin,Chapter I Certain infectious and parasitic diseases,Viral and other specified intestinal infections,21504,138,1.19 [0.88-1.60],0.262403051699566
FST,Follistatin,Chapter I Certain infectious and parasitic diseases,Viral hepatitis,23225,52,1.47 [0.91-2.36],0.114987419739496
FST,Follistatin,Chapter I Certain infectious and parasitic diseases,Viral infections characterized by skin and mucous membrane lesions,23169,173,1.05 [0.80-1.38],0.7423438402872217
FST,Follistatin,Chapter I Certain infectious and parasitic diseases,Viral warts,23051,55,0.98 [0.60-1.61],0.9454960535870212
FST,Follistatin,Chapter I Certain infectious and parasitic diseases,Zoster [herpes zoster],23075,79,1.14 [0.76-1.69],0.5305001199312791
FST,Follistatin,Chapter II Neoplasms,Benign lipomatous neoplasm,22945,263,0.92 [0.73-1.15],0.4692549570693061
FST,Follistatin,Chapter II Neoplasms,Benign lipomatous neoplasm of skin and subcutaneous tissue of limbs,23156,40,1.19 [0.68-2.07],0.537453124539574
FST,Follistatin,Chapter II Neoplasms,Benign lipomatous neoplasm of skin and subcutaneous tissue of trunk,23139,42,0.83 [0.47-1.46],0.5096816918998603
FST,Follistatin,Chapter II Neoplasms,Benign lipomatous neoplasm of spermatic cord,11065,83,0.89 [0.59-1.33],0.564663583904571
FST,Follistatin,Chapter II Neoplasms,"Benign neoplasm of colon, rectum, anus and anal canal",22767,1680,1.04 [0.95-1.14],0.3825452626313635
FST,Follistatin,Chapter II Neoplasms,Benign neoplasm of meninges,23223,64,1.54 [1.01-2.35],0.0453392365912145
FST,Follistatin,Chapter II Neoplasms,Benign neoplasm of other and ill-defined parts of digestive system,23143,80,0.98 [0.65-1.46],0.9060768596569844
FST,Follistatin,Chapter II Neoplasms,Benign neoplasm of other and unspecified endocrine glands,23213,121,0.98 [0.71-1.36],0.8946122482049944
FST,Follistatin,Chapter II Neoplasms,Benign neoplasm of ovary,12103,79,1.10 [0.75-1.63],0.619823728188087
FST,Follistatin,Chapter II Neoplasms,Benign neoplasm: Ascending colon,23199,441,1.08 [0.91-1.29],0.3644325328589243
FST,Follistatin,Chapter II Neoplasms,Benign neoplasm: Caecum,23204,384,1.22 [1.02-1.46],0.0317291001710856
FST,Follistatin,Chapter II Neoplasms,"Benign neoplasm: Colon, unspecified",23089,88,0.98 [0.66-1.44],0.9156237037296612
FST,Follistatin,Chapter II Neoplasms,Benign neoplasm: Descending colon,23195,253,1.05 [0.83-1.31],0.6997467093633918
FST,Follistatin,Chapter II Neoplasms,Benign neoplasm: Rectum,23153,406,0.99 [0.83-1.19],0.946510667826405
FST,Follistatin,Chapter II Neoplasms,Benign neoplasm: Sigmoid colon,23082,681,1.08 [0.94-1.23],0.2977464385791727
FST,Follistatin,Chapter II Neoplasms,Benign neoplasm: Transverse colon,23181,543,0.94 [0.81-1.10],0.4640137614181335
FST,Follistatin,Chapter II Neoplasms,Carcinoma in situ of breast,9094,50,1.06 [0.64-1.75],0.8210197531077315
FST,Follistatin,Chapter II Neoplasms,"Carcinoma in situ of breast, intraductal",9136,65,1.07 [0.69-1.67],0.7477913182037881
FST,Follistatin,Chapter II Neoplasms,"Chronic lymphocytic leukaemia and small lyphocytis leukaemia, excluding all cancers (controls excluding all cancers)",16576,71,0.87 [0.56-1.36],0.5505964734453364
FST,Follistatin,Chapter II Neoplasms,"Diffuse large B-cell lymphoma, excluding all cancers (controls excluding all cancers)",16603,98,1.22 [0.85-1.75],0.2760736559793245
FST,Follistatin,Chapter II Neoplasms,"Haemangioma and lymphangioma, any site",23183,126,0.96 [0.70-1.33],0.8051186979820378
FST,Follistatin,Chapter II Neoplasms,"Haemangioma, any site",23184,124,1.00 [0.72-1.38],0.9834932159354784
FST,Follistatin,Chapter II Neoplasms,Leiomyoma of uterus,11831,169,0.75 [0.57-1.00],0.04645318314288
FST,Follistatin,Chapter II Neoplasms,Lung cancer and mesothelioma,14714,477,1.14 [0.97-1.34],0.121313421858437
FST,Follistatin,Chapter II Neoplasms,Lymphoid leukaemia,16577,72,0.98 [0.64-1.51],0.926108600109197
FST,Follistatin,Chapter II Neoplasms,"Malignant melanoma of skin, excluding all cancers (controls excluding all cancers)",16730,225,1.14 [0.90-1.45],0.2815094646673284
FST,Follistatin,Chapter II Neoplasms,"Malignant neoplasm of bladder, excluding all cancers (controls excluding all cancers)",16820,315,0.86 [0.70-1.06],0.1670125632581289
FST,Follistatin,Chapter II Neoplasms,"Malignant neoplasm of corpus uteri, excluding all cancers (controls excluding all cancers)",9220,106,0.80 [0.56-1.15],0.2261113924403993
FST,Follistatin,Chapter II Neoplasms,"Malignant neoplasm of intrahepatic ducts, biliary tract and gallbladder, excluding all cancers (controls excluding all cancers)",16618,113,1.08 [0.77-1.52],0.6601131592037475
FST,Follistatin,Chapter II Neoplasms,"Malignant neoplasm of kidney, except renal pelvis, excluding all cancers (controls excluding all cancers)",16651,146,1.25 [0.93-1.68],0.1466689165756926
FST,Follistatin,Chapter II Neoplasms,"Malignant neoplasm of oesophagus, excluding all cancers (controls excluding all cancers)",16629,124,1.23 [0.89-1.70],0.2019507504706865
FST,Follistatin,Chapter II Neoplasms,"Malignant neoplasm of ovary, excluding all cancers (controls excluding all cancers)",9202,88,1.18 [0.82-1.71],0.3758554922375076
FST,Follistatin,Chapter II Neoplasms,"Malignant neoplasm of pancreas, excluding all cancers (controls excluding all cancers)",16633,128,1.04 [0.75-1.42],0.8306055904052909
FST,Follistatin,Chapter II Neoplasms,"Malignant neoplasm of prostate, excluding all cancers (controls excluding all cancers)",8365,974,1.05 [0.93-1.18],0.4186861339412182
FST,Follistatin,Chapter II Neoplasms,"Malignant neoplasm of rectum, excluding all cancers (controls excluding all cancers)",16639,134,1.09 [0.79-1.49],0.6070569044092221
FST,Follistatin,Chapter II Neoplasms,"Malignant neoplasm of stomach, excluding all cancers (controls excluding all cancers)",16597,92,1.14 [0.78-1.65],0.5026235110453661
FST,Follistatin,Chapter II Neoplasms,Malignant neoplasms of independent (primary) multiple sites,16652,147,1.12 [0.83-1.51],0.4539998850428804
FST,Follistatin,Chapter II Neoplasms,Melanocytic naevi,23089,186,1.20 [0.93-1.56],0.1588438976645184
FST,Follistatin,Chapter II Neoplasms,Melanocytic naevi of trunk,23210,79,1.02 [0.68-1.54],0.9066574992623416
FST,Follistatin,Chapter II Neoplasms,Melanoma in situ,16558,112,1.14 [0.82-1.60],0.438726844242021
FST,Follistatin,Chapter II Neoplasms,"Non-follicular lymphoma, hilmo, excluding all cancers",16626,121,1.12 [0.81-1.56],0.4858496671011484
FST,Follistatin,Chapter II Neoplasms,"Non-Hodgkin lymphoma, all, excluding all cancers (controls excluding all cancers)",16706,201,0.90 [0.69-1.16],0.4164740997288246
FST,Follistatin,Chapter II Neoplasms,"Non-small cell lung cancer, excluding all cancers (controls excluding all cancers)",16828,323,1.04 [0.85-1.27],0.6972090896278231
FST,Follistatin,Chapter II Neoplasms,"Other and unspecified types of non-Hodgkin lymphoma, hilmo, excluding all cancers",16634,129,0.77 [0.56-1.08],0.1288914240019071
FST,Follistatin,Chapter II Neoplasms,Other benign neoplasms of skin,23062,163,0.90 [0.67-1.20],0.4578273229612072
FST,Follistatin,Chapter II Neoplasms,"Other malignant neoplasms of skin (=non-melanoma skin cancer), excluding all cancers (controls excluding all cancers)",18002,1497,1.08 [0.99-1.19],0.0920594275894199
FST,Follistatin,Chapter II Neoplasms,"Squamous cell neoplasms and carcinomas of the skin, excluding all cancers (controls excluding all cancers)",18088,1583,1.10 [1.01-1.21],0.0304290586542409
FST,Follistatin,Chapter III Diseases of the blood and blood-forming organs and certain disorders involving the immune mechanism,Agranulocytosis,22927,396,1.10 [0.92-1.31],0.3182377543587167
FST,Follistatin,Chapter III Diseases of the blood and blood-forming organs and certain disorders involving the immune mechanism,Anaemia in chronic diseases classified elsewhere,20905,165,1.22 [0.93-1.61],0.1581528374299676
FST,Follistatin,Chapter III Diseases of the blood and blood-forming organs and certain disorders involving the immune mechanism,Diseases of spleen,22604,73,1.25 [0.82-1.89],0.2983807355537331
FST,Follistatin,Chapter III Diseases of the blood and blood-forming organs and certain disorders involving the immune mechanism,Diseases of the blood and blood-forming organs and certain disorders involving the immune mechanism,22465,3519,1.08 [1.02-1.15],0.0097460789854849
FST,Follistatin,Chapter III Diseases of the blood and blood-forming organs and certain disorders involving the immune mechanism,Folate deficiency anaemia,21503,73,1.80 [1.23-2.65],0.0025825275104077
FST,Follistatin,Chapter III Diseases of the blood and blood-forming organs and certain disorders involving the immune mechanism,Idiopathic thrombocytopenic purpura,22765,65,1.04 [0.67-1.63],0.8623154565349017
FST,Follistatin,Chapter III Diseases of the blood and blood-forming organs and certain disorders involving the immune mechanism,Other anaemias,22716,1976,1.10 [1.01-1.19],0.0210390126457858
FST,Follistatin,Chapter III Diseases of the blood and blood-forming organs and certain disorders involving the immune mechanism,Other and unspecified anaemias,22714,1974,1.10 [1.02-1.19],0.01922491279544
FST,Follistatin,Chapter III Diseases of the blood and blood-forming organs and certain disorders involving the immune mechanism,Other and unspecified aplastic anaemias,20856,116,0.76 [0.54-1.08],0.1284472054888104
FST,Follistatin,Chapter III Diseases of the blood and blood-forming organs and certain disorders involving the immune mechanism,Other and unspecified iron deficiency,22873,1443,1.02 [0.93-1.13],0.6118010861242356
FST,Follistatin,Chapter III Diseases of the blood and blood-forming organs and certain disorders involving the immune mechanism,Other coagulation defects,22815,115,1.45 [1.05-1.99],0.0239859886770271
FST,Follistatin,Chapter III Diseases of the blood and blood-forming organs and certain disorders involving the immune mechanism,Other diseases of blood and blood-forming organs,22606,75,1.52 [1.02-2.26],0.0382213396253896
FST,Follistatin,Chapter III Diseases of the blood and blood-forming organs and certain disorders involving the immune mechanism,Other disorders of white blood cells,22607,76,1.35 [0.91-2.00],0.1386179958578873
FST,Follistatin,Chapter III Diseases of the blood and blood-forming organs and certain disorders involving the immune mechanism,Purpura and other haemorrhagic conditions,23055,355,1.16 [0.96-1.41],0.1144405701554658
FST,Follistatin,Chapter III Diseases of the blood and blood-forming organs and certain disorders involving the immune mechanism,Sarcoidosis,23108,40,0.87 [0.49-1.54],0.6260744346511198
FST,Follistatin,Chapter III Diseases of the blood and blood-forming organs and certain disorders involving the immune mechanism,"Thrombocytopenia, unspecified",22993,293,1.13 [0.92-1.39],0.2558487480341396
FST,Follistatin,Chapter III Diseases of the blood and blood-forming organs and certain disorders involving the immune mechanism,Vitamin B12 deficiency anaemia,21569,139,0.84 [0.61-1.14],0.2621507423637873
FST,Follistatin,"Chapter IV Endocrine, nutritional and metabolic diseases",Acidosis,15529,412,1.38 [1.15-1.64],0.0003719735887595
FST,Follistatin,"Chapter IV Endocrine, nutritional and metabolic diseases",Acute alcohol intoxication,21727,104,2.40 [1.74-3.32],1.238344590830356e-07
FST,Follistatin,"Chapter IV Endocrine, nutritional and metabolic diseases",Alcohol dependence,21736,113,2.03 [1.53-2.68],6.906963667133423e-07
FST,Follistatin,"Chapter IV Endocrine, nutritional and metabolic diseases",Alkalosis,15186,69,0.73 [0.46-1.16],0.1810334714656103
FST,Follistatin,"Chapter IV Endocrine, nutritional and metabolic diseases",Bipolar affective disorders,21584,64,1.03 [0.65-1.61],0.9090094160649208
FST,Follistatin,"Chapter IV Endocrine, nutritional and metabolic diseases",Deficiency of other B group vitamins,20793,320,0.97 [0.79-1.19],0.7892128305468571
FST,Follistatin,"Chapter IV Endocrine, nutritional and metabolic diseases","Delirium, not induced by alcohol and other psychoactive substances",22438,958,0.92 [0.81-1.03],0.1512572467988033
FST,Follistatin,"Chapter IV Endocrine, nutritional and metabolic diseases",Dementia in Alzheimer disease,21966,486,0.84 [0.71-1.00],0.0447537407746031
FST,Follistatin,"Chapter IV Endocrine, nutritional and metabolic diseases",Dementia in other diseases classified elsewhere,21699,219,0.90 [0.70-1.16],0.4169568754301308
FST,Follistatin,"Chapter IV Endocrine, nutritional and metabolic diseases",Depression,22952,1432,1.02 [0.93-1.13],0.6175608725774078
FST,Follistatin,"Chapter IV Endocrine, nutritional and metabolic diseases",Depression or dysthymia,19559,1388,1.03 [0.94-1.14],0.4969212774792528
FST,Follistatin,"Chapter IV Endocrine, nutritional and metabolic diseases","Disorder of lipoprotein metabolism, unspecified",15211,94,1.05 [0.72-1.53],0.816746689553821
FST,Follistatin,"Chapter IV Endocrine, nutritional and metabolic diseases","Disorder of thyroid, unspecified",20946,101,1.20 [0.85-1.70],0.3055930808571845
FST,Follistatin,"Chapter IV Endocrine, nutritional and metabolic diseases",Disorders of calcium metabolism,15487,370,1.31 [1.09-1.58],0.0036168712591598
FST,Follistatin,"Chapter IV Endocrine, nutritional and metabolic diseases",Disorders of iron metabolism,15174,57,1.12 [0.69-1.82],0.6331299065963272
FST,Follistatin,"Chapter IV Endocrine, nutritional and metabolic diseases",Disorders of lipoprotein metabolism and other lipidaemias,19738,4621,1.02 [0.96-1.07],0.558775288092082
FST,Follistatin,"Chapter IV Endocrine, nutritional and metabolic diseases",Disorders of magnesium metabolism,15385,268,1.16 [0.93-1.44],0.1898873742197627
FST,Follistatin,"Chapter IV Endocrine, nutritional and metabolic diseases",Disorders of mineral metabolism,15836,719,1.21 [1.05-1.38],0.0061450101057922
FST,Follistatin,"Chapter IV Endocrine, nutritional and metabolic diseases",Disorders of other endocrine glands,23178,374,1.09 [0.91-1.31],0.3474968991079047
FST,Follistatin,"Chapter IV Endocrine, nutritional and metabolic diseases",Disorders of parathyroid gland,22967,163,1.16 [0.88-1.53],0.2966143018565835
FST,Follistatin,"Chapter IV Endocrine, nutritional and metabolic diseases",Disorders of phosphorus metabolism and phosphatases,15272,155,0.94 [0.70-1.26],0.6716094367190684
FST,Follistatin,"Chapter IV Endocrine, nutritional and metabolic diseases","Disorders of plasma-protein metabolism, not elsewhere classified",15199,82,1.05 [0.70-1.57],0.8073618032128702
FST,Follistatin,"Chapter IV Endocrine, nutritional and metabolic diseases",Disorders of the thyroid gland,22600,1755,1.16 [1.06-1.26],0.0006354600763403
FST,Follistatin,"Chapter IV Endocrine, nutritional and metabolic diseases",Fluid overload,15504,387,1.37 [1.14-1.65],0.0007018087814403
FST,Follistatin,"Chapter IV Endocrine, nutritional and metabolic diseases",Hyperkalaemia,15546,429,1.43 [1.21-1.70],4.222276706033187e-05
FST,Follistatin,"Chapter IV Endocrine, nutritional and metabolic diseases","Hyperlipidaemia, other/unspecified",15983,866,1.04 [0.92-1.18],0.5425062175377744
FST,Follistatin,"Chapter IV Endocrine, nutritional and metabolic diseases",Hyperosmolality and hypernatraemia,15294,177,0.98 [0.74-1.29],0.8728938707153123
FST,Follistatin,"Chapter IV Endocrine, nutritional and metabolic diseases",Hyperparathyroidism,22957,153,1.17 [0.88-1.56],0.272878866669112
FST,Follistatin,"Chapter IV Endocrine, nutritional and metabolic diseases",Hypo-osmolality and hyponatraemia,16018,901,1.15 [1.02-1.30],0.0209851476064866
FST,Follistatin,"Chapter IV Endocrine, nutritional and metabolic diseases",Hypokalaemia,15777,660,1.19 [1.04-1.37],0.0133409704504872
FST,Follistatin,"Chapter IV Endocrine, nutritional and metabolic diseases",Iron deficiency,20554,81,1.02 [0.68-1.52],0.9326554898933715
FST,Follistatin,"Chapter IV Endocrine, nutritional and metabolic diseases",Metabolic disorders,21583,6466,1.05 [1.00-1.10],0.0396943000315088
FST,Follistatin,"Chapter IV Endocrine, nutritional and metabolic diseases",Nontoxic multinodular goitre,20906,61,1.20 [0.77-1.87],0.4130073280107085
FST,Follistatin,"Chapter IV Endocrine, nutritional and metabolic diseases",Nontoxic single thyroid nodule,20894,49,1.52 [0.94-2.46],0.0891665933995288
FST,Follistatin,"Chapter IV Endocrine, nutritional and metabolic diseases",Obesity,23052,1914,1.15 [1.06-1.25],0.0013021711025585
FST,Follistatin,"Chapter IV Endocrine, nutritional and metabolic diseases","Obesity, other/unspecified",23050,1912,1.15 [1.06-1.25],0.0009722923766673
FST,Follistatin,"Chapter IV Endocrine, nutritional and metabolic diseases",Other and/or unspecified nontoxic goitre,20909,64,0.96 [0.61-1.50],0.8420207910027016
FST,Follistatin,"Chapter IV Endocrine, nutritional and metabolic diseases",Other anxiety disorders,22882,1139,1.08 [0.97-1.20],0.1614407414919946
FST,Follistatin,"Chapter IV Endocrine, nutritional and metabolic diseases","Other disorders of fluid, electrolyte and acid-base balance",17363,2246,1.17 [1.09-1.26],4.248690913139275e-05
FST,Follistatin,"Chapter IV Endocrine, nutritional and metabolic diseases",Other disorders of glucose regulation and pancreatic internal secretion,23224,314,1.01 [0.82-1.25],0.9053103268047056
FST,Follistatin,"Chapter IV Endocrine, nutritional and metabolic diseases",Other mental disorders due to brain damage and dysfunction and to physical disease,21610,130,1.12 [0.82-1.53],0.4791571799348302
FST,Follistatin,"Chapter IV Endocrine, nutritional and metabolic diseases",Panic disorder,21863,120,1.27 [0.92-1.74],0.1456439765438639
FST,Follistatin,"Chapter IV Endocrine, nutritional and metabolic diseases",Phobic anxiety disorders,21909,166,1.10 [0.83-1.44],0.5144046740629891
FST,Follistatin,"Chapter IV Endocrine, nutritional and metabolic diseases","Postprocedural endocrine and metabolic disorders, not elsewhere classified",15318,201,1.20 [0.94-1.54],0.1400703909292649
FST,Follistatin,"Chapter IV Endocrine, nutritional and metabolic diseases",Type 1 diabetes without complications,20428,187,0.77 [0.59-1.02],0.0660267293688927
FST,Follistatin,"Chapter IV Endocrine, nutritional and metabolic diseases",Type 2 diabetes with neurological complications,2492,99,1.29 [0.89-1.89],0.1791981656339361
FST,Follistatin,"Chapter IV Endocrine, nutritional and metabolic diseases",Type 2 diabetes with ophthalmic complications,2660,308,0.84 [0.67-1.05],0.1168005146775933
FST,Follistatin,"Chapter IV Endocrine, nutritional and metabolic diseases",Type 2 diabetes with peripheral circulatory complications,20325,84,0.76 [0.49-1.16],0.1990894157214902
FST,Follistatin,"Chapter IV Endocrine, nutritional and metabolic diseases",Type 2 diabetes with renal complications,2466,76,1.76 [1.15-2.69],0.008782795827853
FST,Follistatin,"Chapter IV Endocrine, nutritional and metabolic diseases",Type 2 diabetes without complications,22391,2150,0.77 [0.71-0.84],3.7557798695758814e-10
FST,Follistatin,"Chapter IV Endocrine, nutritional and metabolic diseases",Unspecified dementia,22116,636,0.92 [0.80-1.06],0.2510136975547709
FST,Follistatin,"Chapter IV Endocrine, nutritional and metabolic diseases",Vitamin D deficiency,20926,453,1.18 [1.00-1.39],0.0525976853591297
FST,Follistatin,"Chapter IV Endocrine, nutritional and metabolic diseases",Volume depletion,16237,1120,1.08 [0.97-1.21],0.1517069749649538
FST,Follistatin,Chapter IX Diseases of the circulatory system,"!Phlebitis/thrombophlebitis venae iliacae [externae/internae/communis], drug-induced",23101,304,1.09 [0.89-1.34],0.4156213174699777
FST,Follistatin,Chapter IX Diseases of the circulatory system,Abdominal aortic aneurysm (AAA),21728,271,1.02 [0.82-1.27],0.8538510987154246
FST,Follistatin,Chapter IX Diseases of the circulatory system,Angina pectoris,20066,1577,1.08 [0.99-1.19],0.0937091370083245
FST,Follistatin,Chapter IX Diseases of the circulatory system,Aortic aneurysm,21834,377,1.01 [0.84-1.22],0.9359944083113608
FST,Follistatin,Chapter IX Diseases of the circulatory system,Arterial embolism and thrombosis of lower extremity artery,21545,88,1.29 [0.89-1.87],0.182234714404666
FST,Follistatin,Chapter IX Diseases of the circulatory system,"Atherosclerosis, excluding cerebral and coronary sclerosis",21753,296,1.06 [0.86-1.31],0.5828553979452975
FST,Follistatin,Chapter IX Diseases of the circulatory system,Atrial fibrillation and flutter,11768,2859,1.10 [1.03-1.18],0.0064100471899012
FST,Follistatin,Chapter IX Diseases of the circulatory system,AV-block,17646,682,0.94 [0.82-1.09],0.4315510283833956
FST,Follistatin,Chapter IX Diseases of the circulatory system,"Bradycardia, unspecified, drug-induced",23153,582,1.00 [0.86-1.16],0.9804257275673092
FST,Follistatin,Chapter IX Diseases of the circulatory system,Cardiac arrest,9173,264,1.22 [0.97-1.53],0.0853982856284589
FST,Follistatin,Chapter IX Diseases of the circulatory system,Cardiomyopathy,17169,205,1.13 [0.88-1.45],0.3532626855863413
FST,Follistatin,Chapter IX Diseases of the circulatory system,"Cardiomyopathy, other and unspecified",17073,109,1.08 [0.76-1.52],0.6710611436870895
FST,Follistatin,Chapter IX Diseases of the circulatory system,Cerebral atherosclerosis,23233,81,1.63 [1.11-2.39],0.0119626182507033
FST,Follistatin,Chapter IX Diseases of the circulatory system,Conduction disorders,18536,1572,1.06 [0.97-1.17],0.1815298989115092
FST,Follistatin,Chapter IX Diseases of the circulatory system,Coronary atherosclerosis,21231,2767,1.09 [1.01-1.16],0.0174499677284661
FST,Follistatin,Chapter IX Diseases of the circulatory system,Death due to cardiac causes,18652,8944,1.04 [1.00-1.08],0.0349365328604053
FST,Follistatin,Chapter IX Diseases of the circulatory system,DVT of lower extremities,21650,335,1.06 [0.87-1.29],0.5469583847124208
FST,Follistatin,Chapter IX Diseases of the circulatory system,Endocarditis,17066,102,0.90 [0.62-1.29],0.5611204823190654
FST,Follistatin,Chapter IX Diseases of the circulatory system,"Heart failure, strict",22950,1675,1.30 [1.19-1.41],3.6096508578584124e-09
FST,Follistatin,Chapter IX Diseases of the circulatory system,Hypertension,19901,7964,1.04 [0.99-1.08],0.0914802566422392
FST,Follistatin,Chapter IX Diseases of the circulatory system,"Hypertension, essential",19920,7983,1.03 [0.99-1.08],0.1143135257241392
FST,Follistatin,Chapter IX Diseases of the circulatory system,"Hypertension, portal",23062,99,1.38 [0.97-1.98],0.074910089068386
FST,Follistatin,Chapter IX Diseases of the circulatory system,"Hypertension, Pulmonary Arterial",12198,261,1.41 [1.13-1.75],0.0020535542520795
FST,Follistatin,Chapter IX Diseases of the circulatory system,Hypertensive Renal Disease,12146,209,1.89 [1.50-2.39],8.343237770557927e-08
FST,Follistatin,Chapter IX Diseases of the circulatory system,Hypotension,23052,1661,1.08 [0.99-1.18],0.0908461710502253
FST,Follistatin,Chapter IX Diseases of the circulatory system,Intracerebral haemorrhage,21939,147,0.87 [0.64-1.17],0.3569925888927608
FST,Follistatin,Chapter IX Diseases of the circulatory system,"Ischaemic heart disease, wide definition",21407,2918,1.13 [1.05-1.20],0.0004967614000869
FST,Follistatin,Chapter IX Diseases of the circulatory system,"Ischaemic Stroke, excluding all haemorrhages",22720,803,1.13 [1.00-1.28],0.0592183890288875
FST,Follistatin,Chapter IX Diseases of the circulatory system,Left bundle-branch block,17491,527,1.26 [1.08-1.47],0.0030403640037047
FST,Follistatin,Chapter IX Diseases of the circulatory system,Major coronary heart disease event,22546,1063,1.15 [1.03-1.28],0.0159637631761235
FST,Follistatin,Chapter IX Diseases of the circulatory system,"Myocardial infarction, strict",19404,915,1.16 [1.03-1.31],0.0127462884031574
FST,Follistatin,Chapter IX Diseases of the circulatory system,"Myocardial infarction, with ST-elevation",23107,190,0.95 [0.73-1.24],0.6930163913724873
FST,Follistatin,Chapter IX Diseases of the circulatory system,"Myocardial infarction, without ST-elevation",23195,408,1.02 [0.85-1.22],0.8406676155181332
FST,Follistatin,Chapter IX Diseases of the circulatory system,Oesophageal varices,21384,69,1.47 [0.96-2.25],0.0769370875593645
FST,Follistatin,Chapter IX Diseases of the circulatory system,Other aneurysm,21564,107,1.14 [0.81-1.61],0.4547405499750054
FST,Follistatin,Chapter IX Diseases of the circulatory system,Other arrhythmias,17564,600,0.95 [0.82-1.10],0.4816406822827674
FST,Follistatin,Chapter IX Diseases of the circulatory system,Other arterial embolism and thrombosis,21594,137,1.30 [0.97-1.76],0.0830801726803209
FST,Follistatin,Chapter IX Diseases of the circulatory system,Other diseases of arteries and capillaries,21792,335,1.08 [0.89-1.31],0.4450399053344933
FST,Follistatin,Chapter IX Diseases of the circulatory system,Other diseases of pericardium,17186,222,1.07 [0.84-1.36],0.5994481593976451
FST,Follistatin,Chapter IX Diseases of the circulatory system,Other disorders of veins,21435,120,1.00 [0.72-1.41],0.9812559901638512
FST,Follistatin,Chapter IX Diseases of the circulatory system,Other embolism and thrombosis,21363,48,1.66 [1.02-2.70],0.0433424554369029
FST,Follistatin,Chapter IX Diseases of the circulatory system,Other intracranial haemorrhages,21172,90,0.98 [0.67-1.45],0.9268436874265936
FST,Follistatin,Chapter IX Diseases of the circulatory system,Other noninfective disorders of lymphatic vessels and lymph nodes,21496,181,1.21 [0.93-1.59],0.162368631616168
FST,Follistatin,Chapter IX Diseases of the circulatory system,Other or ill-defined heart diseases,18439,1475,1.16 [1.06-1.27],0.0018689010513284
FST,Follistatin,Chapter IX Diseases of the circulatory system,Other other unspecified disorders of the circulatory system,21453,62,1.08 [0.68-1.72],0.7345615328424955
FST,Follistatin,Chapter IX Diseases of the circulatory system,Other peripheral vascular diseases,22189,732,1.19 [1.05-1.36],0.0076497515557609
FST,Follistatin,Chapter IX Diseases of the circulatory system,Other pulmonary heart/vessel disease,22468,530,1.35 [1.16-1.58],9.164525372166664e-05
FST,Follistatin,Chapter IX Diseases of the circulatory system,"Other specified cerebrovascular diseases, other cerebrovascular disorders in diseases classified elsewhere",22062,980,1.08 [0.96-1.21],0.2119791472979644
FST,Follistatin,Chapter IX Diseases of the circulatory system,Paroxysmal tachycardia,9325,416,0.91 [0.75-1.09],0.2982696213226187
FST,Follistatin,Chapter IX Diseases of the circulatory system,Peripheral artery disease,22020,598,1.18 [1.02-1.37],0.0260861286923905
FST,Follistatin,Chapter IX Diseases of the circulatory system,Phlebitis and thrombophlebitis (not including DVT),21739,424,1.07 [0.90-1.28],0.4320017959133304
FST,Follistatin,Chapter IX Diseases of the circulatory system,Pulmonary embolism,22534,596,1.07 [0.93-1.24],0.3539460484685829
FST,Follistatin,Chapter IX Diseases of the circulatory system,Rheumatic valve diseases,23138,975,1.18 [1.05-1.32],0.0049318488064827
FST,Follistatin,Chapter IX Diseases of the circulatory system,Right bundle-branch block,17486,522,1.02 [0.87-1.19],0.8437169068497998
FST,Follistatin,Chapter IX Diseases of the circulatory system,Secondary right heart disease,22462,524,1.34 [1.15-1.57],0.0001518912947831
FST,Follistatin,Chapter IX Diseases of the circulatory system,Sequelae of cerebrovascular disease,21351,269,1.13 [0.91-1.41],0.2666898276157405
FST,Follistatin,Chapter IX Diseases of the circulatory system,"Stroke, excluding SAH",22704,912,1.08 [0.96-1.22],0.1975148637285818
FST,Follistatin,Chapter IX Diseases of the circulatory system,"Stroke, including SAH",22689,953,1.08 [0.96-1.21],0.2073381526874037
FST,Follistatin,Chapter IX Diseases of the circulatory system,Subarachnoid haemorrhage,21906,63,0.97 [0.62-1.53],0.9008146449506106
FST,Follistatin,Chapter IX Diseases of the circulatory system,Thoracic aortic aneurysm,21564,107,0.81 [0.57-1.16],0.252075362514266
FST,Follistatin,Chapter IX Diseases of the circulatory system,Transient ischemic attack,22243,326,0.98 [0.80-1.20],0.8556811413553154
FST,Follistatin,Chapter IX Diseases of the circulatory system,Unstable angina pectoris,21817,334,1.05 [0.86-1.28],0.6521313046388302
FST,Follistatin,Chapter IX Diseases of the circulatory system,Varicose veins,21837,522,1.13 [0.97-1.32],0.1200733207550954
FST,Follistatin,Chapter IX Diseases of the circulatory system,Vascular diseases of the intestine,21479,121,1.21 [0.88-1.66],0.2500678948456746
FST,Follistatin,Chapter IX Diseases of the circulatory system,Venous thromboembolism,22959,943,1.06 [0.95-1.20],0.2926808118466721
FST,Follistatin,Chapter V Mental and behavioural disorders,"Alcohol use disorder, ICD-based",23155,334,1.71 [1.42-2.06],1.0041340116974957e-08
FST,Follistatin,Chapter V Mental and behavioural disorders,"Anxiety disorders, excluding more controls",19855,1388,1.10 [1.00-1.20],0.0620740555426043
FST,Follistatin,Chapter V Mental and behavioural disorders,Any mental disorder,22702,4235,1.05 [1.00-1.11],0.0640364463510965
FST,Follistatin,Chapter V Mental and behavioural disorders,"Mental and behavioural disorders due to alcohol, excluding acute intoxication",23126,393,1.79 [1.51-2.12],1.1885382145600427e-11
FST,Follistatin,Chapter V Mental and behavioural disorders,"Mood disorders, excluding more controls",19927,1460,1.04 [0.95-1.15],0.366863958229778
FST,Follistatin,Chapter V Mental and behavioural disorders,"Schizophrenia or delusion, excluding more controls",18554,87,0.72 [0.48-1.07],0.1040893055793187
FST,Follistatin,Chapter V Mental and behavioural disorders,Smoking dependency,22722,1183,1.13 [1.02-1.26],0.0214611895280624
FST,Follistatin,Chapter V Mental and behavioural disorders,"Substance abuse, excluding more controls",19922,1455,1.24 [1.13-1.36],7.65105491537508e-06
FST,Follistatin,Chapter V Mental and behavioural disorders,Vascular dementia,22330,231,0.85 [0.67-1.09],0.2020151256386972
FST,Follistatin,Chapter VI Diseases of the nervous system,Alzheimer disease,23235,596,0.85 [0.73-0.99],0.0337349387898831
FST,Follistatin,Chapter VI Diseases of the nervous system,"AlzheimerÕs disease (Atypical or mixed), excluding more controls",14231,112,1.13 [0.81-1.58],0.464058738160328
FST,Follistatin,Chapter VI Diseases of the nervous system,Bell's palsy,21376,86,1.16 [0.79-1.70],0.4503928952190301
FST,Follistatin,Chapter VI Diseases of the nervous system,Carpal tunnel syndrome,21785,495,0.92 [0.78-1.09],0.3314372538485338
FST,Follistatin,Chapter VI Diseases of the nervous system,Cerebral cysts,22780,250,1.15 [0.92-1.44],0.2217990294449343
FST,Follistatin,Chapter VI Diseases of the nervous system,Cerebral palsy and other paralytic syndromes,23161,414,0.94 [0.79-1.13],0.5157205124120858
FST,Follistatin,Chapter VI Diseases of the nervous system,Circumscribed brain atrophy,22382,76,1.26 [0.84-1.89],0.2575831876493263
FST,Follistatin,Chapter VI Diseases of the nervous system,Diseases of the myoneural junction and muscle,23219,69,0.75 [0.47-1.18],0.2060437877743167
FST,Follistatin,Chapter VI Diseases of the nervous system,"Disorders of brain, other and unspecified",22617,87,0.89 [0.60-1.32],0.5663151529019608
FST,Follistatin,Chapter VI Diseases of the nervous system,Epilepsy,21716,308,1.01 [0.82-1.24],0.9055958927077268
FST,Follistatin,Chapter VI Diseases of the nervous system,Episodal and paroxysmal disorders,22769,1361,0.95 [0.86-1.05],0.2959202482818153
FST,Follistatin,Chapter VI Diseases of the nervous system,Extrapyramidal and movement disorders,23181,925,0.83 [0.74-0.94],0.0030221439327435
FST,Follistatin,Chapter VI Diseases of the nervous system,Falls/tendency to fall,22572,3468,1.03 [0.97-1.09],0.4136949481808697
FST,Follistatin,Chapter VI Diseases of the nervous system,Generalized epilepsy,22849,54,0.79 [0.48-1.31],0.3663332282291133
FST,Follistatin,Chapter VI Diseases of the nervous system,Hemiplegia,23087,340,0.99 [0.81-1.20],0.88631576885872
FST,Follistatin,Chapter VI Diseases of the nervous system,Hydrocephalus,22604,74,1.17 [0.78-1.76],0.4543860001132173
FST,Follistatin,Chapter VI Diseases of the nervous system,Inflammatory diseases of the central nervous system,23222,74,1.18 [0.78-1.77],0.4348310651092681
FST,Follistatin,Chapter VI Diseases of the nervous system,Lesion of plantar nerve,21357,67,1.03 [0.67-1.59],0.8951012037431656
FST,Follistatin,Chapter VI Diseases of the nervous system,Lesion of ulnar nerve,21364,74,1.55 [1.03-2.31],0.0341381611424974
FST,Follistatin,Chapter VI Diseases of the nervous system,Memory loss,22079,142,0.93 [0.68-1.26],0.6369559719435243
FST,Follistatin,Chapter VI Diseases of the nervous system,Migraine,21691,283,0.91 [0.73-1.13],0.3880793307522896
FST,Follistatin,Chapter VI Diseases of the nervous system,"Migraine, unspecified, drug-induced",23188,259,0.91 [0.73-1.14],0.4249962994451501
FST,Follistatin,Chapter VI Diseases of the nervous system,Motor neuron disease,14317,174,0.98 [0.74-1.29],0.8686548705181152
FST,Follistatin,Chapter VI Diseases of the nervous system,MS-disease / Multiple Sclerosis,23103,62,0.98 [0.62-1.54],0.933505149864828
FST,Follistatin,Chapter VI Diseases of the nervous system,"Nerve, nerve root and plexus disorders",22523,1233,1.07 [0.96-1.18],0.222250305909331
FST,Follistatin,Chapter VI Diseases of the nervous system,Neurological diseases,21739,4381,0.98 [0.93-1.04],0.5638316391801161
FST,Follistatin,Chapter VI Diseases of the nervous system,Other and unspecified degenerative diseases of nervous system,22627,321,1.00 [0.82-1.22],0.981557233633764
FST,Follistatin,Chapter VI Diseases of the nervous system,"Other and unspecified nerve root and plexus disorders, also in other diseases",21716,426,1.14 [0.96-1.36],0.1341031023610027
FST,Follistatin,Chapter VI Diseases of the nervous system,"Other and unspecified polyneuropathies, also in other diseases",23158,350,1.26 [1.04-1.53],0.0160449224584068
FST,Follistatin,Chapter VI Diseases of the nervous system,Other degenerative diseases of the nervous system,17374,980,0.91 [0.81-1.02],0.1082869667906892
FST,Follistatin,Chapter VI Diseases of the nervous system,Other diseases of spinal cord,22618,88,1.18 [0.81-1.71],0.3913554313790774
FST,Follistatin,Chapter VI Diseases of the nervous system,Other disorders of nervous system,22692,162,1.08 [0.81-1.43],0.6147839637054769
FST,Follistatin,Chapter VI Diseases of the nervous system,Other extrapyramidal and movement disorders in other diseases,22489,233,0.99 [0.78-1.26],0.941675399741585
FST,Follistatin,Chapter VI Diseases of the nervous system,Other facial nerve disorders,21387,97,1.15 [0.80-1.65],0.4502881739855949
FST,Follistatin,Chapter VI Diseases of the nervous system,Other headache syndromes,21461,53,1.21 [0.75-1.96],0.4446332515064567
FST,Follistatin,Chapter VI Diseases of the nervous system,Other neurological diseases,23119,589,1.02 [0.88-1.19],0.769505715512022
FST,Follistatin,Chapter VI Diseases of the nervous system,Other sleep disorders,21926,518,0.91 [0.77-1.07],0.2508582102489916
FST,Follistatin,Chapter VI Diseases of the nervous system,Parkinson's disease,23202,687,0.75 [0.65-0.87],0.000113043112757
FST,Follistatin,Chapter VI Diseases of the nervous system,Postviral fatigue syndrome,22577,47,1.26 [0.76-2.08],0.3737693325318768
FST,Follistatin,Chapter VI Diseases of the nervous system,Restless leg syndrome,23236,104,0.86 [0.60-1.23],0.4066008918519798
FST,Follistatin,Chapter VI Diseases of the nervous system,Sleep apnoea,23006,440,1.00 [0.84-1.20],0.981584494844234
FST,Follistatin,Chapter VI Diseases of the nervous system,Small fibre neuropathy,22870,62,1.27 [0.81-2.00],0.2892447077293297
FST,Follistatin,Chapter VI Diseases of the nervous system,Systemic atrophies primarily affecting the central nervous system,23224,203,0.95 [0.73-1.22],0.672884385456223
FST,Follistatin,Chapter VI Diseases of the nervous system,Trigeminal neuralgia,21360,70,0.89 [0.57-1.38],0.5985743466901672
FST,Follistatin,Chapter VI Diseases of the nervous system,Unspecific neurodegenerative disorder,23235,602,0.85 [0.73-0.99],0.0337080082251088
FST,Follistatin,Chapter VI Diseases of the nervous system,Vascular dementia (undefined),22268,225,0.84 [0.66-1.08],0.1758078875745679
FST,Follistatin,"Chapter VII Diseases of the eye, adnexa, ear and mastoid process",Amblyopia ex anopsia,22587,157,1.04 [0.78-1.38],0.8020214446601772
FST,Follistatin,"Chapter VII Diseases of the eye, adnexa, ear and mastoid process",Astigmatism,22773,566,1.17 [1.01-1.36],0.0373918233751846
FST,Follistatin,"Chapter VII Diseases of the eye, adnexa, ear and mastoid process",Background diabetic retinopathy,22980,267,0.59 [0.47-0.75],1.649666211033167e-05
FST,Follistatin,"Chapter VII Diseases of the eye, adnexa, ear and mastoid process",Blepharochalasis,21997,68,0.80 [0.51-1.26],0.3372924501630779
FST,Follistatin,"Chapter VII Diseases of the eye, adnexa, ear and mastoid process",Chalazion,21966,37,0.96 [0.53-1.73],0.8800135017572165
FST,Follistatin,"Chapter VII Diseases of the eye, adnexa, ear and mastoid process","Conjunctivitis (acute, non atopic)",23112,75,1.35 [0.90-2.02],0.1431698209144995
FST,Follistatin,"Chapter VII Diseases of the eye, adnexa, ear and mastoid process",Corneal degeneration,22916,226,1.10 [0.87-1.39],0.4482315099525161
FST,Follistatin,"Chapter VII Diseases of the eye, adnexa, ear and mastoid process","Diabetic nephropathy, excluding more controls",2470,77,1.60 [1.05-2.45],0.0299400026747396
FST,Follistatin,"Chapter VII Diseases of the eye, adnexa, ear and mastoid process",Diabetic neuropathy,3043,112,1.49 [1.05-2.11],0.0239182298752037
FST,Follistatin,"Chapter VII Diseases of the eye, adnexa, ear and mastoid process",Diplopia,22540,110,1.01 [0.72-1.42],0.9644749752140984
FST,Follistatin,"Chapter VII Diseases of the eye, adnexa, ear and mastoid process",Disorders of choroid and retina,22936,1432,0.95 [0.87-1.05],0.3370730914246523
FST,Follistatin,"Chapter VII Diseases of the eye, adnexa, ear and mastoid process","Disorders of eyelid, lacrimal system and orbit",22817,888,1.02 [0.90-1.15],0.7848728595958956
FST,Follistatin,"Chapter VII Diseases of the eye, adnexa, ear and mastoid process",Disorders of lacrimal system,22233,304,1.17 [0.96-1.43],0.1171586139057711
FST,Follistatin,"Chapter VII Diseases of the eye, adnexa, ear and mastoid process","Disorders of ocular muscles, binocular movement, accommodation and refraction",23160,953,1.11 [0.99-1.24],0.0778339692247112
FST,Follistatin,"Chapter VII Diseases of the eye, adnexa, ear and mastoid process",Disorders of optic nerve and visual pathways,23229,80,0.79 [0.52-1.19],0.2555612638292943
FST,Follistatin,"Chapter VII Diseases of the eye, adnexa, ear and mastoid process",Disorders of refraction and accommodation,23087,880,1.12 [0.99-1.26],0.0729169565885604
FST,Follistatin,"Chapter VII Diseases of the eye, adnexa, ear and mastoid process","Disorders of sclera, cornea, iris and ciliary body",23192,502,1.00 [0.85-1.17],0.9932617323916992
FST,Follistatin,"Chapter VII Diseases of the eye, adnexa, ear and mastoid process",Disorders of vitreous body,23114,229,1.05 [0.83-1.33],0.6716446778376189
FST,Follistatin,"Chapter VII Diseases of the eye, adnexa, ear and mastoid process",Ectropion of eyelid,22032,103,0.74 [0.51-1.07],0.1065679476957155
FST,Follistatin,"Chapter VII Diseases of the eye, adnexa, ear and mastoid process",Entropion and trichiasis of eyelid,22035,106,0.79 [0.55-1.14],0.2056161630317494
FST,Follistatin,"Chapter VII Diseases of the eye, adnexa, ear and mastoid process",Epiphora,22006,77,1.42 [0.96-2.10],0.0755240465633154
FST,Follistatin,"Chapter VII Diseases of the eye, adnexa, ear and mastoid process",Glaucoma,23098,1016,0.97 [0.87-1.09],0.6413510407052045
FST,Follistatin,"Chapter VII Diseases of the eye, adnexa, ear and mastoid process",Glaucoma suspect,22351,269,0.90 [0.72-1.12],0.3414804536694583
FST,Follistatin,"Chapter VII Diseases of the eye, adnexa, ear and mastoid process",Hypermetropia,22279,72,0.99 [0.65-1.51],0.9635383726908704
FST,Follistatin,"Chapter VII Diseases of the eye, adnexa, ear and mastoid process",Iridocyclitis,22816,126,0.94 [0.68-1.30],0.7148475666867107
FST,Follistatin,"Chapter VII Diseases of the eye, adnexa, ear and mastoid process",Keratitis,23080,390,1.03 [0.86-1.23],0.7618289884826775
FST,Follistatin,"Chapter VII Diseases of the eye, adnexa, ear and mastoid process",Myopia,22430,223,1.03 [0.81-1.31],0.8198639304515791
FST,Follistatin,"Chapter VII Diseases of the eye, adnexa, ear and mastoid process",Other and unspecified disorders of vitreous body,23030,145,0.99 [0.74-1.33],0.9409661710051388
FST,Follistatin,"Chapter VII Diseases of the eye, adnexa, ear and mastoid process",Other and unspecified glaucoma,22761,679,0.92 [0.80-1.06],0.2482769949010946
FST,Follistatin,"Chapter VII Diseases of the eye, adnexa, ear and mastoid process",Other and unspecified visual disturbances,22590,160,1.04 [0.78-1.37],0.8054628547609604
FST,Follistatin,"Chapter VII Diseases of the eye, adnexa, ear and mastoid process",Other cataract,20759,3251,0.98 [0.92-1.04],0.483734273153889
FST,Follistatin,"Chapter VII Diseases of the eye, adnexa, ear and mastoid process",Other disorders of cornea,23035,345,0.99 [0.82-1.20],0.929421821583816
FST,Follistatin,"Chapter VII Diseases of the eye, adnexa, ear and mastoid process",Other disorders of eye and adnexa,23221,188,0.91 [0.70-1.18],0.4721130024319308
FST,Follistatin,"Chapter VII Diseases of the eye, adnexa, ear and mastoid process",Other disorders of eyelid,22475,546,0.90 [0.77-1.05],0.1937977270202903
FST,Follistatin,"Chapter VII Diseases of the eye, adnexa, ear and mastoid process",Other disorders of iris and ciliary body,22782,92,0.98 [0.67-1.43],0.9204141104021504
FST,Follistatin,"Chapter VII Diseases of the eye, adnexa, ear and mastoid process",Other disorders of optic [2nd] nerve and visual pathways,23221,72,0.70 [0.45-1.10],0.1208165840028799
FST,Follistatin,"Chapter VII Diseases of the eye, adnexa, ear and mastoid process",Other inflammation of eyelid,22057,128,1.08 [0.79-1.49],0.6160548020531857
FST,Follistatin,"Chapter VII Diseases of the eye, adnexa, ear and mastoid process",Other specified and unspecified  disorders of eyelid,22103,174,0.73 [0.55-0.96],0.026635486467111
FST,Follistatin,"Chapter VII Diseases of the eye, adnexa, ear and mastoid process",Other specified and unspecified retinal disorders,21668,164,1.06 [0.80-1.40],0.6854080411391987
FST,Follistatin,"Chapter VII Diseases of the eye, adnexa, ear and mastoid process",Other strabismus,22270,63,0.76 [0.48-1.21],0.2504522252388081
FST,Follistatin,"Chapter VII Diseases of the eye, adnexa, ear and mastoid process","Other, unspecified and serous retinal detachments",21578,74,0.68 [0.44-1.05],0.0835235192553673
FST,Follistatin,"Chapter VII Diseases of the eye, adnexa, ear and mastoid process",Primary angle-closure glaucoma,22195,113,0.89 [0.63-1.25],0.5018144116089043
FST,Follistatin,"Chapter VII Diseases of the eye, adnexa, ear and mastoid process","Primary open-angle glaucoma, strict",22378,296,1.12 [0.91-1.37],0.298623077127948
FST,Follistatin,"Chapter VII Diseases of the eye, adnexa, ear and mastoid process",Ptosis of eyelid,22090,161,1.14 [0.86-1.51],0.3543611350618346
FST,Follistatin,"Chapter VII Diseases of the eye, adnexa, ear and mastoid process",Retinal detachment with retinal break,21601,97,0.99 [0.69-1.43],0.959943847778933
FST,Follistatin,"Chapter VII Diseases of the eye, adnexa, ear and mastoid process",Retinal vascular occlusion,21636,132,0.84 [0.61-1.16],0.2918784139365104
FST,Follistatin,"Chapter VII Diseases of the eye, adnexa, ear and mastoid process",Senile cataract,20265,2757,1.00 [0.93-1.07],0.9815948096744692
FST,Follistatin,"Chapter VII Diseases of the eye, adnexa, ear and mastoid process",Stenosis and insufficiency of lacrimal passages,22022,93,1.20 [0.83-1.72],0.3299339705322267
FST,Follistatin,"Chapter VII Diseases of the eye, adnexa, ear and mastoid process",Visual disturbances,22943,513,1.04 [0.89-1.22],0.6443937108771123
FST,Follistatin,"Chapter VII Diseases of the eye, adnexa, ear and mastoid process",Visual field defects,22511,81,1.31 [0.90-1.93],0.1596217108210953
FST,Follistatin,"Chapter VII Diseases of the eye, adnexa, ear and mastoid process",Visual impairment including blindness (binocular or monocular),22636,206,1.00 [0.78-1.29],0.9952772780936476
FST,Follistatin,Chapter VIII Diseases of the ear and mastoid process,Benign paroxysmal vertigo,23013,113,1.21 [0.87-1.68],0.2608920660653796
FST,Follistatin,Chapter VIII Diseases of the ear and mastoid process,Diseases of external ear,23190,140,1.02 [0.75-1.39],0.8946983306772491
FST,Follistatin,Chapter VIII Diseases of the ear and mastoid process,Diseases of middle ear and mastoid,23098,116,1.11 [0.80-1.55],0.5297144151623515
FST,Follistatin,Chapter VIII Diseases of the ear and mastoid process,Labyrinthitis,22965,65,0.89 [0.57-1.40],0.6128719889151684
FST,Follistatin,Chapter VIII Diseases of the ear and mastoid process,Mnire disease,22970,70,1.17 [0.76-1.78],0.4745453371353439
FST,Follistatin,Chapter VIII Diseases of the ear and mastoid process,Other disorders of ear,23129,1248,0.98 [0.89-1.09],0.722881126367403
FST,Follistatin,Chapter VIII Diseases of the ear and mastoid process,Other specified/unspecified hearing loss,22828,947,0.99 [0.88-1.11],0.8163875164251563
FST,Follistatin,Chapter VIII Diseases of the ear and mastoid process,Sensorineural hearing loss,22037,156,0.86 [0.64-1.15],0.3077574999562571
FST,Follistatin,Chapter VIII Diseases of the ear and mastoid process,Tinnitus,21969,88,0.87 [0.59-1.28],0.4764621727886522
FST,Follistatin,Chapter X Diseases of the respiratory system,Acute pharyngitis,23043,66,1.38 [0.90-2.11],0.1422214687854238
FST,Follistatin,Chapter X Diseases of the respiratory system,Acute upper respiratory infections,23163,186,1.28 [0.99-1.65],0.0630497801157572
FST,Follistatin,Chapter X Diseases of the respiratory system,Acute upper respiratory infections of multiple and unspecified sites,23039,62,1.39 [0.89-2.17],0.1485018267471465
FST,Follistatin,Chapter X Diseases of the respiratory system,All influenza,20540,158,1.11 [0.83-1.47],0.4889030833898273
FST,Follistatin,Chapter X Diseases of the respiratory system,All influenza (not pneumonia),20537,155,1.12 [0.84-1.49],0.4536744458245341
FST,Follistatin,Chapter X Diseases of the respiratory system,Allergic asthma (mode),14341,104,1.19 [0.84-1.69],0.3159256381802304
FST,Follistatin,Chapter X Diseases of the respiratory system,Allergic rhinitis,23126,236,1.18 [0.94-1.48],0.1550638887590807
FST,Follistatin,Chapter X Diseases of the respiratory system,"Asthma, excluding more controls",15552,1710,1.15 [1.06-1.26],0.0010410361144501
FST,Follistatin,Chapter X Diseases of the respiratory system,"Asthma, unspecified (mode)",15924,1687,1.16 [1.06-1.26],0.0009329099496628
FST,Follistatin,Chapter X Diseases of the respiratory system,Bacterial pneumonia (organism specified),22720,180,1.39 [1.07-1.79],0.0125623042445041
FST,Follistatin,Chapter X Diseases of the respiratory system,"Bacterial pneumonia, not elsewhere classified",20487,105,1.37 [0.97-1.93],0.0749472410159556
FST,Follistatin,Chapter X Diseases of the respiratory system,Bronchiectasis,19490,519,1.27 [1.09-1.48],0.0019278393928572
FST,Follistatin,Chapter X Diseases of the respiratory system,"Bronchitis, not specified as acute or chronic",19042,71,1.03 [0.67-1.57],0.898954069310397
FST,Follistatin,Chapter X Diseases of the respiratory system,Chronic lower respiratory diseases,22100,3129,1.19 [1.11-1.26],1.0486751980961185e-07
FST,Follistatin,Chapter X Diseases of the respiratory system,"Chronic rhinitis, nasopharyngitis and pharyngitis",22008,72,1.35 [0.90-2.03],0.1429937726995041
FST,Follistatin,Chapter X Diseases of the respiratory system,Chronic sinusitis,22071,135,1.17 [0.86-1.59],0.307786558319486
FST,Follistatin,Chapter X Diseases of the respiratory system,"COPD, hospital admissions 1, only main diagnosis",22944,1637,1.31 [1.20-1.43],1.1778065688317622e-09
FST,Follistatin,Chapter X Diseases of the respiratory system,Deviated nasal septum,22018,82,0.71 [0.47-1.08],0.1074056286524014
FST,Follistatin,Chapter X Diseases of the respiratory system,Diseases of the respiratory system,21072,6113,1.12 [1.07-1.17],1.0152633455880591e-06
FST,Follistatin,Chapter X Diseases of the respiratory system,"Diseases of vocal cords and larynx+other diseases of upper respiratory tract, no elsewhere classified",22276,340,0.97 [0.79-1.18],0.733538165626074
FST,Follistatin,Chapter X Diseases of the respiratory system,Early onset COPD,21415,108,1.32 [0.94-1.85],0.1065809309226436
FST,Follistatin,Chapter X Diseases of the respiratory system,Emphysema,19408,437,1.31 [1.11-1.54],0.0013812566122941
FST,Follistatin,Chapter X Diseases of the respiratory system,Idiopathic pulmonary fibrosis,21926,452,1.30 [1.11-1.54],0.0015881850712697
FST,Follistatin,Chapter X Diseases of the respiratory system,Influenza and pneumonia,22976,2594,1.16 [1.08-1.25],2.5266333342144603e-05
FST,Follistatin,Chapter X Diseases of the respiratory system,Interstitial lung disease,21970,496,1.31 [1.12-1.54],0.0006608394001652
FST,Follistatin,Chapter X Diseases of the respiratory system,Later onset COPD,22714,1529,1.31 [1.20-1.43],3.361306077682752e-09
FST,Follistatin,Chapter X Diseases of the respiratory system,Lung diseases due to external agents,23220,500,1.17 [1.00-1.37],0.0517066908690767
FST,Follistatin,Chapter X Diseases of the respiratory system,Nasal polyp,22034,98,1.05 [0.73-1.52],0.7765744653190533
FST,Follistatin,Chapter X Diseases of the respiratory system,Other acute lower respiratory infections,22949,1301,1.21 [1.10-1.34],0.0001159157302441
FST,Follistatin,Chapter X Diseases of the respiratory system,Other diseases of pleura,22944,2685,1.21 [1.13-1.30],4.754524874248805e-08
FST,Follistatin,Chapter X Diseases of the respiratory system,Other diseases of upper respiratory tract,22690,754,1.05 [0.92-1.20],0.4406513700705041
FST,Follistatin,Chapter X Diseases of the respiratory system,Other pleural conditions,20327,68,1.27 [0.82-1.95],0.2860104094415443
FST,Follistatin,Chapter X Diseases of the respiratory system,Other respiratory diseases principally affecting the interstitium,23115,593,1.23 [1.07-1.42],0.0049409818190209
FST,Follistatin,Chapter X Diseases of the respiratory system,Other respiratory disorders and diseases,23107,1708,1.23 [1.13-1.34],2.8043297390905453e-06
FST,Follistatin,Chapter X Diseases of the respiratory system,Pleural effusion,21632,1373,1.23 [1.12-1.35],2.326786360097097e-05
FST,Follistatin,Chapter X Diseases of the respiratory system,Pleural plaque,20514,255,1.27 [1.01-1.59],0.0416177295193357
FST,Follistatin,Chapter X Diseases of the respiratory system,"Pneumonia, organism unspecified",22690,2308,1.18 [1.09-1.27],1.690786203772896e-05
FST,Follistatin,Chapter X Diseases of the respiratory system,Pneumonitis due to solids and liquids,23109,389,1.14 [0.95-1.36],0.1683136665437054
FST,Follistatin,Chapter X Diseases of the respiratory system,Pneumothorax,20426,167,1.27 [0.97-1.67],0.0857025083226917
FST,Follistatin,Chapter X Diseases of the respiratory system,Pollen allergy,23224,201,1.12 [0.87-1.44],0.3680897068488935
FST,Follistatin,Chapter X Diseases of the respiratory system,Pulmonary oedema,22616,94,1.05 [0.72-1.52],0.804407310976598
FST,Follistatin,Chapter X Diseases of the respiratory system,Respiratory insufficiency,14308,71,1.14 [0.75-1.75],0.5341510425350624
FST,Follistatin,Chapter X Diseases of the respiratory system,Unspecified acute lower respiratory infection,22925,1277,1.23 [1.11-1.35],5.806031372246533e-05
FST,Follistatin,Chapter X Diseases of the respiratory system,Vasomotor and allergic rhinitis,22174,238,1.16 [0.92-1.46],0.2032826911782191
FST,Follistatin,Chapter X Diseases of the respiratory system,Viral pneumonia,20682,300,1.11 [0.90-1.37],0.3361235647029316
FST,Follistatin,Chapter X Diseases of the respiratory system,"Viral pneumonia (unknown virus, not influenza)",22728,238,1.20 [0.95-1.51],0.1220689392297304
FST,Follistatin,Chapter X Diseases of the respiratory system,Vocal cord dysfunction,7413,121,1.04 [0.75-1.44],0.8227837556205814
FST,Follistatin,Chapter XI Diseases of the digestive system,Abscess of anal and rectal regions,14719,61,1.05 [0.66-1.67],0.828011280812334
FST,Follistatin,Chapter XI Diseases of the digestive system,Acute appendicitis,23119,126,0.80 [0.57-1.11],0.1838651049927168
FST,Follistatin,Chapter XI Diseases of the digestive system,Acute gastritis,16140,104,1.02 [0.72-1.46],0.8906382412988076
FST,Follistatin,Chapter XI Diseases of the digestive system,Acute pancreatitis,21180,198,1.02 [0.79-1.32],0.8757702463130153
FST,Follistatin,Chapter XI Diseases of the digestive system,Acute peritonitis,22741,113,1.44 [1.04-1.99],0.0290677348291669
FST,Follistatin,Chapter XI Diseases of the digestive system,Alcoholic liver disease,22247,65,1.62 [1.06-2.47],0.0265256186840748
FST,Follistatin,Chapter XI Diseases of the digestive system,Barrett oesophagus,16543,507,1.08 [0.92-1.27],0.3176865138590971
FST,Follistatin,Chapter XI Diseases of the digestive system,"Cholangitis (primary sclerosing, PSC)",21126,144,1.00 [0.73-1.35],0.9786271961521448
FST,Follistatin,Chapter XI Diseases of the digestive system,"Cholangitis (primary sclerosing, PSC), with reimbursement 202",22811,144,1.01 [0.74-1.36],0.9726468429621828
FST,Follistatin,Chapter XI Diseases of the digestive system,Cholecystitis,21203,221,1.04 [0.81-1.32],0.7653027576519953
FST,Follistatin,Chapter XI Diseases of the digestive system,Cholelithiasis,22041,1059,0.99 [0.89-1.11],0.9198191257347688
FST,Follistatin,Chapter XI Diseases of the digestive system,Chronic gastritis,16382,346,1.02 [0.85-1.24],0.8064351838726419
FST,Follistatin,Chapter XI Diseases of the digestive system,Chronic pancreatitis,21037,55,0.54 [0.32-0.92],0.0227060192894569
FST,Follistatin,Chapter XI Diseases of the digestive system,"Cirrhosis of liver, NAS",23093,130,1.34 [0.98-1.84],0.0633255655808819
FST,Follistatin,Chapter XI Diseases of the digestive system,Coeliac disease,21493,128,1.02 [0.74-1.39],0.924201670052326
FST,Follistatin,Chapter XI Diseases of the digestive system,Collagenous colitis,21475,98,0.91 [0.63-1.31],0.6257630257157374
FST,Follistatin,Chapter XI Diseases of the digestive system,Colonic or urogenital fistula,23118,159,0.87 [0.65-1.17],0.3578812338391373
FST,Follistatin,Chapter XI Diseases of the digestive system,Constipation,22949,2134,1.02 [0.94-1.10],0.6135915431073944
FST,Follistatin,Chapter XI Diseases of the digestive system,Crohn disease,21466,89,1.03 [0.70-1.51],0.8758302988942516
FST,Follistatin,Chapter XI Diseases of the digestive system,"Crohn disease (strict definition, all UC cases excluded)",22881,68,0.91 [0.58-1.42],0.6748637611331647
FST,Follistatin,Chapter XI Diseases of the digestive system,Crohn's disease NAS,21459,82,1.12 [0.76-1.66],0.5649876933054812
FST,Follistatin,Chapter XI Diseases of the digestive system,Dental caries,22617,191,1.02 [0.79-1.32],0.8809453308280888
FST,Follistatin,Chapter XI Diseases of the digestive system,Diaphragmatic hernia,20073,2572,1.08 [1.01-1.16],0.0312387073889205
FST,Follistatin,Chapter XI Diseases of the digestive system,Diseases of appendix,23150,157,0.85 [0.63-1.14],0.2825344613047388
FST,Follistatin,Chapter XI Diseases of the digestive system,Diseases of liver,23116,934,1.16 [1.03-1.30],0.0133767892221805
FST,Follistatin,Chapter XI Diseases of the digestive system,"Diseases of oesophagus, stomach and duodenum",20656,4620,1.03 [0.98-1.09],0.206123639377135
FST,Follistatin,Chapter XI Diseases of the digestive system,"Diseases of oral cavity, salivary glands and jaws",22902,476,0.98 [0.83-1.16],0.8362577761801528
FST,Follistatin,Chapter XI Diseases of the digestive system,Diseases of peritoneum,23143,515,1.06 [0.91-1.25],0.4401226923443743
FST,Follistatin,Chapter XI Diseases of the digestive system,Diseases of pulp and periapical tissues,22521,95,0.97 [0.67-1.41],0.8736189611359061
FST,Follistatin,Chapter XI Diseases of the digestive system,Diseases of salivary glands,22390,60,1.05 [0.67-1.67],0.8235071519666347
FST,Follistatin,Chapter XI Diseases of the digestive system,Diseases of the digestive system,22900,1535,1.04 [0.95-1.14],0.4239192088928928
FST,Follistatin,Chapter XI Diseases of the digestive system,Diseases of tongue,22409,97,1.22 [0.85-1.74],0.2847317020083431
FST,Follistatin,Chapter XI Diseases of the digestive system,"Disorders of gallbladder, biliary tract and pancreas",22513,1531,1.00 [0.91-1.09],0.9633252431592976
FST,Follistatin,Chapter XI Diseases of the digestive system,Diverticular disease of intestine,18453,3795,1.07 [1.01-1.14],0.0169563432957703
FST,Follistatin,Chapter XI Diseases of the digestive system,Duodenal ulcer,16287,251,1.01 [0.80-1.27],0.9264429335177772
FST,Follistatin,Chapter XI Diseases of the digestive system,"Duodenal ulcer - Unspecified as acute or chronic, without haemorrhage or perforation, drug-induced",23140,204,0.92 [0.71-1.18],0.4996943440287336
FST,Follistatin,Chapter XI Diseases of the digestive system,Embedded and impacted teeth,23197,26,0.76 [0.36-1.57],0.455799251773039
FST,Follistatin,Chapter XI Diseases of the digestive system,Fibrosis and cirrhosis of liver,22334,152,1.36 [1.02-1.81],0.0359086362809896
FST,Follistatin,Chapter XI Diseases of the digestive system,Fissure and fistula of anal and rectal regions,14766,108,0.93 [0.65-1.32],0.6701521991016888
FST,Follistatin,Chapter XI Diseases of the digestive system,Functional dyspepsia,16600,564,1.01 [0.87-1.17],0.9163299189271564
FST,Follistatin,Chapter XI Diseases of the digestive system,Gastric ulcer,16465,429,0.96 [0.81-1.15],0.677503349482188
FST,Follistatin,Chapter XI Diseases of the digestive system,Gastro-oesophageal reflux disease,18720,2684,1.07 [1.00-1.15],0.054391403855316
FST,Follistatin,Chapter XI Diseases of the digestive system,Gastroduodenal ulcer,16692,656,0.96 [0.83-1.11],0.5660781074003
FST,Follistatin,Chapter XI Diseases of the digestive system,Gastrointestinal diseases,16759,8259,1.04 [1.00-1.08],0.0836510279758741
FST,Follistatin,Chapter XI Diseases of the digestive system,GI-bleeding,22639,1274,1.06 [0.95-1.17],0.2891488957479192
FST,Follistatin,Chapter XI Diseases of the digestive system,Gingivitis and periodontal diseases,22472,46,0.85 [0.49-1.46],0.5505190521630464
FST,Follistatin,Chapter XI Diseases of the digestive system,Haemorrhoids and perianal venous thrombosis,15654,1183,0.99 [0.89-1.10],0.8144984545680802
FST,Follistatin,Chapter XI Diseases of the digestive system,"Hepatic failure, not elsewhere classified",22253,71,1.49 [0.99-2.25],0.0552050428716881
FST,Follistatin,Chapter XI Diseases of the digestive system,Hernia,21165,3664,1.06 [1.00-1.13],0.0505415035650926
FST,Follistatin,Chapter XI Diseases of the digestive system,Impacted teeth,23201,24,0.77 [0.36-1.65],0.5067526553837993
FST,Follistatin,Chapter XI Diseases of the digestive system,Impaction of intestines,14735,77,1.38 [0.94-2.04],0.1014296376677997
FST,Follistatin,Chapter XI Diseases of the digestive system,Inguinal hernia,18605,1104,1.07 [0.96-1.19],0.2211563166397921
FST,Follistatin,Chapter XI Diseases of the digestive system,"Inguinal hernia, bilateral",17625,124,1.18 [0.86-1.62],0.3048570314530759
FST,Follistatin,Chapter XI Diseases of the digestive system,Intestinal adhesions without obstruction,14774,116,0.99 [0.71-1.38],0.9564386349268847
FST,Follistatin,Chapter XI Diseases of the digestive system,Intestinal malabsorption,21512,147,1.00 [0.74-1.34],0.9765575341506584
FST,Follistatin,Chapter XI Diseases of the digestive system,Irritable bowel syndrome,15176,518,1.02 [0.87-1.19],0.8038514077967862
FST,Follistatin,Chapter XI Diseases of the digestive system,Nonalcoholic fatty liver disease,23204,341,0.99 [0.81-1.21],0.938037924805111
FST,Follistatin,Chapter XI Diseases of the digestive system,Noninfectious colitis NAS,22167,790,1.01 [0.89-1.15],0.8524486017090346
FST,Follistatin,Chapter XI Diseases of the digestive system,Noninfective enteritis and colitis,22470,1093,1.01 [0.91-1.13],0.8527835700598152
FST,Follistatin,Chapter XI Diseases of the digestive system,Oesophageal obstruction,16257,221,1.06 [0.83-1.35],0.6333628951665635
FST,Follistatin,Chapter XI Diseases of the digestive system,Oesophagitis,16739,703,1.16 [1.01-1.32],0.0306243462556224
FST,Follistatin,Chapter XI Diseases of the digestive system,Oral lichen ruber planus,23182,136,0.99 [0.73-1.35],0.9673257606522452
FST,Follistatin,Chapter XI Diseases of the digestive system,Other and unspecified abdominal hernia,17584,83,1.70 [1.17-2.47],0.0057983602356747
FST,Follistatin,Chapter XI Diseases of the digestive system,Other diseases of anus and rectum,16040,1382,0.98 [0.89-1.08],0.7286550605512712
FST,Follistatin,Chapter XI Diseases of the digestive system,Other diseases of biliary tract,21345,363,0.94 [0.78-1.14],0.5219971516702014
FST,Follistatin,Chapter XI Diseases of the digestive system,Other diseases of gallbladder,21130,148,1.12 [0.83-1.50],0.4520090387150374
FST,Follistatin,Chapter XI Diseases of the digestive system,Other diseases of intestine,16609,1951,1.08 [1.00-1.18],0.0513299894826008
FST,Follistatin,Chapter XI Diseases of the digestive system,Other diseases of intestines,20899,6241,1.04 [0.99-1.09],0.0829757959844757
FST,Follistatin,Chapter XI Diseases of the digestive system,Other diseases of lip and oral mucosa,22371,212,1.05 [0.82-1.34],0.6915928495840948
FST,Follistatin,Chapter XI Diseases of the digestive system,Other diseases of liver,22953,771,1.11 [0.98-1.26],0.1085665044505667
FST,Follistatin,Chapter XI Diseases of the digestive system,Other diseases of oesophagus,16806,770,1.15 [1.01-1.30],0.0337459275147411
FST,Follistatin,Chapter XI Diseases of the digestive system,Other diseases of pancreas,21198,216,0.96 [0.75-1.22],0.7329041648033227
FST,Follistatin,Chapter XI Diseases of the digestive system,Other diseases of peritoneum,23063,435,0.97 [0.82-1.16],0.7746720035396215
FST,Follistatin,Chapter XI Diseases of the digestive system,Other diseases of stomach and duodenum,17135,1099,1.07 [0.96-1.19],0.2319790795794623
FST,Follistatin,Chapter XI Diseases of the digestive system,Other diseases of the digestive system,22656,1291,1.05 [0.95-1.16],0.3316256058329354
FST,Follistatin,Chapter XI Diseases of the digestive system,Other disorders of teeth and supporting structures,22607,181,1.02 [0.78-1.34],0.8685058051550556
FST,Follistatin,Chapter XI Diseases of the digestive system,Other functional intestinal disorders,16838,2180,1.03 [0.95-1.11],0.4680817888200301
FST,Follistatin,Chapter XI Diseases of the digestive system,Other gastritis (incl. Duodenitis),18224,2188,0.97 [0.90-1.05],0.4745153405006542
FST,Follistatin,Chapter XI Diseases of the digestive system,Other inflammatory liver diseases,22299,117,0.97 [0.69-1.36],0.848400927175299
FST,Follistatin,Chapter XI Diseases of the digestive system,Other noninfective gastroenteritis and colitis,22339,962,1.03 [0.92-1.16],0.5855133774872854
FST,Follistatin,Chapter XI Diseases of the digestive system,"Other or unspecified ileus, impaction or obstruction",15108,450,1.13 [0.96-1.34],0.1354127392943075
FST,Follistatin,Chapter XI Diseases of the digestive system,Palatinal maxillary canine,23193,30,0.82 [0.42-1.61],0.5647354228514667
FST,Follistatin,Chapter XI Diseases of the digestive system,Paralytic ileus and intestinal obstruction,15279,621,1.11 [0.96-1.27],0.1634753300337901
FST,Follistatin,Chapter XI Diseases of the digestive system,"Postprocedural disorders of digestive system, not elsewhere classified",21523,158,1.05 [0.79-1.40],0.7159249671223484
FST,Follistatin,Chapter XI Diseases of the digestive system,Recurring oral aphthae,23224,53,0.88 [0.54-1.46],0.629371728258857
FST,Follistatin,Chapter XI Diseases of the digestive system,Stomatitis and related lesions,22420,103,1.02 [0.72-1.45],0.921231093226252
FST,Follistatin,Chapter XI Diseases of the digestive system,Toxic colitis,21458,81,1.42 [0.97-2.09],0.0714372219189206
FST,Follistatin,Chapter XI Diseases of the digestive system,Ulcer of oesophagus,16382,346,1.18 [0.98-1.43],0.0842690622814408
FST,Follistatin,Chapter XI Diseases of the digestive system,Ulcerative colitis,21546,169,0.94 [0.71-1.24],0.6703510422429939
FST,Follistatin,Chapter XI Diseases of the digestive system,"Ulcerative colitis, NAS",21511,134,0.95 [0.69-1.30],0.7552923675687415
FST,Follistatin,Chapter XI Diseases of the digestive system,Umbilical hernia,17754,253,1.14 [0.91-1.43],0.2611002571452919
FST,Follistatin,Chapter XI Diseases of the digestive system,Vascular disorders of the intestines,14905,247,1.13 [0.90-1.41],0.3010393425855011
FST,Follistatin,Chapter XI Diseases of the digestive system,Ventral hernia,17793,292,0.97 [0.78-1.20],0.774071304425598
FST,Follistatin,Chapter XI Diseases of the digestive system,Volvulus,14753,95,0.75 [0.51-1.09],0.1345687339136601
FST,Follistatin,Chapter XII Diseases of the skin and subcutaneous tissue,Actinic keratosis,23129,430,0.97 [0.82-1.16],0.7706278328033382
FST,Follistatin,Chapter XII Diseases of the skin and subcutaneous tissue,Arthropathic psoriasis,22876,65,1.31 [0.85-2.02],0.2270240151295032
FST,Follistatin,Chapter XII Diseases of the skin and subcutaneous tissue,Atrophic disorders of skin,20671,170,1.08 [0.82-1.42],0.5689077102895641
FST,Follistatin,Chapter XII Diseases of the skin and subcutaneous tissue,Cellulitis,22603,836,1.20 [1.06-1.36],0.0044538344804865
FST,Follistatin,Chapter XII Diseases of the skin and subcutaneous tissue,"Cutaneous abscess, furuncle and carbuncle",21910,143,0.90 [0.66-1.22],0.5035258101825844
FST,Follistatin,Chapter XII Diseases of the skin and subcutaneous tissue,Decubitus ulcer and pressure area,21131,630,1.03 [0.89-1.19],0.7172726140274936
FST,Follistatin,Chapter XII Diseases of the skin and subcutaneous tissue,Dermatitis,22892,319,1.05 [0.86-1.29],0.6104681859306853
FST,Follistatin,Chapter XII Diseases of the skin and subcutaneous tissue,Dermatitis and eczema,23134,561,1.09 [0.94-1.27],0.2664846312615658
FST,Follistatin,Chapter XII Diseases of the skin and subcutaneous tissue,Dermatitis due to substances taken internally,22619,46,1.28 [0.76-2.15],0.3527143299026938
FST,Follistatin,Chapter XII Diseases of the skin and subcutaneous tissue,Diseases of the skin and subcutaneous tissue,21628,3741,1.03 [0.97-1.09],0.310720702916925
FST,Follistatin,Chapter XII Diseases of the skin and subcutaneous tissue,Disorders of skin appendages,22799,438,0.85 [0.71-1.01],0.071023318841215
FST,Follistatin,Chapter XII Diseases of the skin and subcutaneous tissue,Follicular cysts of skin and subcutaneous tissue,22666,305,0.83 [0.67-1.02],0.0801211379783767
FST,Follistatin,Chapter XII Diseases of the skin and subcutaneous tissue,Infections of the skin and subcutaneous tissue,22853,1086,1.15 [1.03-1.28],0.014457776241323
FST,Follistatin,Chapter XII Diseases of the skin and subcutaneous tissue,"Lichen planus, including avohilmo",23215,59,0.87 [0.54-1.39],0.5567159760615769
FST,Follistatin,Chapter XII Diseases of the skin and subcutaneous tissue,Lupus erythematosus,20558,57,0.85 [0.53-1.37],0.4958745569792614
FST,Follistatin,Chapter XII Diseases of the skin and subcutaneous tissue,Nail disorders,22423,62,0.82 [0.51-1.32],0.4106693504403761
FST,Follistatin,Chapter XII Diseases of the skin and subcutaneous tissue,Other and unspecified dermatitis,22879,306,1.02 [0.83-1.25],0.862823641520549
FST,Follistatin,Chapter XII Diseases of the skin and subcutaneous tissue,Other and unspecified disorders of skin and subcutaneous tissue,21108,607,0.97 [0.83-1.12],0.656788670289757
FST,Follistatin,Chapter XII Diseases of the skin and subcutaneous tissue,Other and unspecified epidermal thickening,20593,92,1.15 [0.80-1.67],0.4503599287308142
FST,Follistatin,Chapter XII Diseases of the skin and subcutaneous tissue,Other and unspecified erythematous conditions,23147,97,1.13 [0.78-1.63],0.5117304952031573
FST,Follistatin,Chapter XII Diseases of the skin and subcutaneous tissue,Other and unspecified local infections of skin and subcutaneous tissue,22006,239,1.13 [0.89-1.42],0.3206403800236597
FST,Follistatin,Chapter XII Diseases of the skin and subcutaneous tissue,Other and unspecified psoriasis,23033,222,1.07 [0.84-1.36],0.5816591767121135
FST,Follistatin,Chapter XII Diseases of the skin and subcutaneous tissue,Other contact dermatitis,22670,97,1.36 [0.95-1.94],0.0954796522615202
FST,Follistatin,Chapter XII Diseases of the skin and subcutaneous tissue,Other disorders of pigmentation,20580,79,0.87 [0.58-1.31],0.4978648664791201
FST,Follistatin,Chapter XII Diseases of the skin and subcutaneous tissue,Other disorders of skin and subcutaneous tissue,22620,2119,1.01 [0.94-1.09],0.7735232416277211
FST,Follistatin,Chapter XII Diseases of the skin and subcutaneous tissue,"Other disorders of skin and subcutaneous tissue, not elsewhere classified",21152,651,0.99 [0.86-1.14],0.8850375935922944
FST,Follistatin,Chapter XII Diseases of the skin and subcutaneous tissue,Other epidermal thickening,20597,96,1.17 [0.82-1.69],0.3844334427674221
FST,Follistatin,Chapter XII Diseases of the skin and subcutaneous tissue,Papulosquamous disorders,23143,332,1.08 [0.89-1.31],0.4553559253186028
FST,Follistatin,Chapter XII Diseases of the skin and subcutaneous tissue,Pruritus,22649,76,1.04 [0.69-1.58],0.8378452917106489
FST,Follistatin,Chapter XII Diseases of the skin and subcutaneous tissue,Psoriasis,23083,272,1.13 [0.91-1.41],0.2542515828333123
FST,Follistatin,Chapter XII Diseases of the skin and subcutaneous tissue,Radiation-related disorders of the skin and subcutaneous tissue,23162,463,0.99 [0.84-1.17],0.910179149153938
FST,Follistatin,Chapter XII Diseases of the skin and subcutaneous tissue,Scar conditions and fibrosis of skin,20628,127,1.02 [0.74-1.40],0.8973432871229156
FST,Follistatin,Chapter XII Diseases of the skin and subcutaneous tissue,Seborrhoeic keratosis,20843,342,0.86 [0.71-1.05],0.1448159484695121
FST,Follistatin,Chapter XII Diseases of the skin and subcutaneous tissue,Skin changes due to chronic exposure to nonionizing radiation,23150,451,0.99 [0.83-1.17],0.8726892454154364
FST,Follistatin,Chapter XII Diseases of the skin and subcutaneous tissue,"Ulcer of lower limb, not elsewhere classified",20841,340,1.39 [1.15-1.68],0.0007374107057696
FST,Follistatin,Chapter XII Diseases of the skin and subcutaneous tissue,Urticaria and erythema,23209,159,1.09 [0.82-1.44],0.5714035295560748
FST,Follistatin,Chapter XIII Diseases of the musculoskeletal system and connective tissue,Adhesive capsulitis of shoulder,19375,82,0.96 [0.65-1.43],0.844977828491497
FST,Follistatin,Chapter XIII Diseases of the musculoskeletal system and connective tissue,Arthropathies,20468,6474,1.09 [1.04-1.14],0.0001597560522697
FST,Follistatin,Chapter XIII Diseases of the musculoskeletal system and connective tissue,Arthrosis,19051,5057,1.11 [1.05-1.16],7.902132719065977e-05
FST,Follistatin,Chapter XIII Diseases of the musculoskeletal system and connective tissue,Bursitis of shoulder,19347,54,0.80 [0.48-1.33],0.3961079663323692
FST,Follistatin,Chapter XIII Diseases of the musculoskeletal system and connective tissue,Cervical disc disorders,19280,147,0.97 [0.72-1.31],0.8438103298510458
FST,Follistatin,Chapter XIII Diseases of the musculoskeletal system and connective tissue,Cervicalgia,19327,194,1.59 [1.24-2.02],0.0002070689484347
FST,Follistatin,Chapter XIII Diseases of the musculoskeletal system and connective tissue,Chondropathies,22972,66,0.97 [0.62-1.52],0.901310757280028
FST,Follistatin,Chapter XIII Diseases of the musculoskeletal system and connective tissue,"Collapsed vertebra, not elsewhere classified",19287,154,1.07 [0.80-1.42],0.6612064471822341
FST,Follistatin,Chapter XIII Diseases of the musculoskeletal system and connective tissue,Coxarthrosis,15487,1493,1.13 [1.03-1.24],0.0083496388358598
FST,Follistatin,Chapter XIII Diseases of the musculoskeletal system and connective tissue,"Coxarthrosis, primary",23024,242,1.07 [0.85-1.34],0.5882157243380766
FST,Follistatin,Chapter XIII Diseases of the musculoskeletal system and connective tissue,Deforming dorsopathies,19727,594,1.04 [0.90-1.20],0.6339302657200016
FST,Follistatin,Chapter XIII Diseases of the musculoskeletal system and connective tissue,Diseases of the musculoskeletal system and connective tissue,18799,8071,1.06 [1.01-1.10],0.0071518779769923
FST,Follistatin,Chapter XIII Diseases of the musculoskeletal system and connective tissue,Disorders of continuity of bone,20675,123,1.12 [0.82-1.54],0.473446092091024
FST,Follistatin,Chapter XIII Diseases of the musculoskeletal system and connective tissue,Disorders of muscles,19478,185,1.12 [0.86-1.45],0.4134994631987257
FST,Follistatin,Chapter XIII Diseases of the musculoskeletal system and connective tissue,Disorders of synovium and tendon,19798,505,0.88 [0.75-1.03],0.1174603752057838
FST,Follistatin,Chapter XIII Diseases of the musculoskeletal system and connective tissue,Dorsopathies,22300,3167,1.04 [0.98-1.11],0.1924663019133468
FST,Follistatin,Chapter XIII Diseases of the musculoskeletal system and connective tissue,Fibroblastic disorders,19606,313,1.01 [0.82-1.24],0.9142780991976414
FST,Follistatin,Chapter XIII Diseases of the musculoskeletal system and connective tissue,Fibromyalgia,19442,149,0.89 [0.66-1.19],0.4204805318279021
FST,Follistatin,Chapter XIII Diseases of the musculoskeletal system and connective tissue,Ganglion,19406,113,0.88 [0.63-1.23],0.4535992772434007
FST,Follistatin,Chapter XIII Diseases of the musculoskeletal system and connective tissue,Giant cell arteritis,22480,102,0.92 [0.65-1.32],0.6607588953358796
FST,Follistatin,Chapter XIII Diseases of the musculoskeletal system and connective tissue,Gonarthrosis,16014,2020,1.13 [1.04-1.22],0.003247084204366
FST,Follistatin,Chapter XIII Diseases of the musculoskeletal system and connective tissue,Gout,14797,803,1.38 [1.22-1.56],5.935092456193087e-07
FST,Follistatin,Chapter XIII Diseases of the musculoskeletal system and connective tissue,"Gout, unspecified",23138,796,1.32 [1.16-1.49],2.498818757912646e-05
FST,Follistatin,Chapter XIII Diseases of the musculoskeletal system and connective tissue,Hallux rigidus,14071,77,0.85 [0.56-1.29],0.4577848256896553
FST,Follistatin,Chapter XIII Diseases of the musculoskeletal system and connective tissue,Hallux valgus (acquired),14297,303,1.34 [1.10-1.63],0.0040404725048235
FST,Follistatin,Chapter XIII Diseases of the musculoskeletal system and connective tissue,Impingement syndrome of shoulder,19559,266,1.01 [0.81-1.26],0.8990770928093068
FST,Follistatin,Chapter XIII Diseases of the musculoskeletal system and connective tissue,Internal derangement of knee,14474,480,1.19 [1.01-1.40],0.0384513570574708
FST,Follistatin,Chapter XIII Diseases of the musculoskeletal system and connective tissue,Kyphosis,19215,82,1.16 [0.78-1.70],0.4626618454745955
FST,Follistatin,Chapter XIII Diseases of the musculoskeletal system and connective tissue,Low back pain,19823,690,1.10 [0.96-1.26],0.1727352710250141
FST,Follistatin,Chapter XIII Diseases of the musculoskeletal system and connective tissue,Lumbar disc prolapse,19448,315,1.29 [1.06-1.57],0.0120237604027268
FST,Follistatin,Chapter XIII Diseases of the musculoskeletal system and connective tissue,Meniscus derangement,14442,448,1.17 [0.98-1.38],0.0745421066421242
FST,Follistatin,Chapter XIII Diseases of the musculoskeletal system and connective tissue,Myalgia,19364,71,1.22 [0.81-1.86],0.3436907045542776
FST,Follistatin,Chapter XIII Diseases of the musculoskeletal system and connective tissue,"Neuralgia and neuritis, unspecified",19353,60,1.35 [0.86-2.12],0.186255937461113
FST,Follistatin,Chapter XIII Diseases of the musculoskeletal system and connective tissue,Osteomyelitis,20637,85,1.30 [0.88-1.92],0.1804211288769651
FST,Follistatin,Chapter XIII Diseases of the musculoskeletal system and connective tissue,Osteopathies and chondropathies,22798,2246,1.01 [0.93-1.08],0.8890997907878015
FST,Follistatin,Chapter XIII Diseases of the musculoskeletal system and connective tissue,Osteoporosis,22132,1580,0.98 [0.89-1.07],0.5848897733271117
FST,Follistatin,Chapter XIII Diseases of the musculoskeletal system and connective tissue,"Other (seronegative) rheumatoid arthritis, wide",23061,546,1.20 [1.03-1.40],0.0169615875638247
FST,Follistatin,Chapter XIII Diseases of the musculoskeletal system and connective tissue,Other arthrosis,17157,3163,1.10 [1.04-1.18],0.0021633754785304
FST,Follistatin,Chapter XIII Diseases of the musculoskeletal system and connective tissue,Other articular cartilage disorders,14036,42,1.56 [0.92-2.64],0.0999109655531185
FST,Follistatin,Chapter XIII Diseases of the musculoskeletal system and connective tissue,Other bursopathies,19398,105,1.41 [1.01-1.98],0.0465179036425529
FST,Follistatin,Chapter XIII Diseases of the musculoskeletal system and connective tissue,Other crystal arthropathies,14065,71,1.08 [0.70-1.66],0.7392193273622258
FST,Follistatin,Chapter XIII Diseases of the musculoskeletal system and connective tissue,Other deformities of toe(s),14132,138,1.46 [1.09-1.95],0.0107565726833092
FST,Follistatin,Chapter XIII Diseases of the musculoskeletal system and connective tissue,Other disorders of bone,20797,245,1.11 [0.88-1.39],0.3698228271473701
FST,Follistatin,Chapter XIII Diseases of the musculoskeletal system and connective tissue,Other disorders of bone density and structure,21060,508,1.03 [0.88-1.21],0.6827821017933896
FST,Follistatin,Chapter XIII Diseases of the musculoskeletal system and connective tissue,Other disorders of the musculoskeletal system and connective tissue,23212,114,1.34 [0.97-1.86],0.0754025320135918
FST,Follistatin,Chapter XIII Diseases of the musculoskeletal system and connective tissue,"Other dorsopathies, not elsewhere classified",21129,1996,1.06 [0.98-1.15],0.131073565361836
FST,Follistatin,Chapter XIII Diseases of the musculoskeletal system and connective tissue,Other enthesopathies,19369,76,1.33 [0.90-1.98],0.1535408432677439
FST,Follistatin,Chapter XIII Diseases of the musculoskeletal system and connective tissue,Other hammer toe(s) (acquired),14149,155,1.18 [0.89-1.56],0.2566527855616183
FST,Follistatin,Chapter XIII Diseases of the musculoskeletal system and connective tissue,Other intervertebral disc disorders,19927,794,1.11 [0.98-1.26],0.0974176354077592
FST,Follistatin,Chapter XIII Diseases of the musculoskeletal system and connective tissue,Other joint disorders,16191,2197,1.13 [1.04-1.21],0.0022458055584442
FST,Follistatin,Chapter XIII Diseases of the musculoskeletal system and connective tissue,Other necrotizing vasculopathies,22507,129,1.10 [0.81-1.50],0.5339634210021658
FST,Follistatin,Chapter XIII Diseases of the musculoskeletal system and connective tissue,Other psoriatic arthropathies,23224,62,1.29 [0.83-2.01],0.2639377324704006
FST,Follistatin,Chapter XIII Diseases of the musculoskeletal system and connective tissue,Other shoulder lesions,19371,78,0.85 [0.56-1.30],0.4611356370157
FST,Follistatin,Chapter XIII Diseases of the musculoskeletal system and connective tissue,"Other soft tissue disorders, not elsewhere classified",20652,1359,1.08 [0.98-1.19],0.1355111878867725
FST,Follistatin,Chapter XIII Diseases of the musculoskeletal system and connective tissue,Other specified disorders of muscle,19403,110,1.08 [0.76-1.51],0.675724716264203
FST,Follistatin,Chapter XIII Diseases of the musculoskeletal system and connective tissue,Other specified/unspecified arthritis,16069,2075,1.06 [0.98-1.15],0.135268758126799
FST,Follistatin,Chapter XIII Diseases of the musculoskeletal system and connective tissue,Other specified/unspecified disorders of  bone/cartilage,20670,118,0.91 [0.66-1.27],0.5979323548688285
FST,Follistatin,Chapter XIII Diseases of the musculoskeletal system and connective tissue,Other specified/unspecified disorders of synovium and tendon +Other specified/unspecified bursopathies,19330,37,1.19 [0.67-2.12],0.5444806806521225
FST,Follistatin,Chapter XIII Diseases of the musculoskeletal system and connective tissue,Other specified/unspecified inflammatory spondylopathies,19332,199,1.17 [0.91-1.51],0.2110263344636087
FST,Follistatin,Chapter XIII Diseases of the musculoskeletal system and connective tissue,Other specified/unspecified soft tissue disorders,19984,691,1.03 [0.90-1.18],0.6830128560476255
FST,Follistatin,Chapter XIII Diseases of the musculoskeletal system and connective tissue,Other systemic involvement of connective tissue,22870,492,1.09 [0.93-1.28],0.2747494327796468
FST,Follistatin,Chapter XIII Diseases of the musculoskeletal system and connective tissue,Other/unspecified dorsalgia,19793,660,1.00 [0.87-1.15],0.9861601304060892
FST,Follistatin,Chapter XIII Diseases of the musculoskeletal system and connective tissue,Other/unspecified rheumatoid arthritis,23076,540,1.23 [1.06-1.43],0.0059791939811405
FST,Follistatin,Chapter XIII Diseases of the musculoskeletal system and connective tissue,Other/unspecified seropositive rheumatoid arthritis,23210,70,1.07 [0.70-1.63],0.7686550009668003
FST,Follistatin,Chapter XIII Diseases of the musculoskeletal system and connective tissue,Other/unspecified synovitis and tenosynovitis,19459,166,0.80 [0.60-1.07],0.1295473070762471
FST,Follistatin,Chapter XIII Diseases of the musculoskeletal system and connective tissue,Pain in joint,18075,898,1.07 [0.95-1.20],0.2820798724906853
FST,Follistatin,Chapter XIII Diseases of the musculoskeletal system and connective tissue,Pain in limb,19938,645,1.16 [1.01-1.33],0.0423582396688395
FST,Follistatin,Chapter XIII Diseases of the musculoskeletal system and connective tissue,Palmar fascial fibromatosis [Dupuytren],19574,281,0.99 [0.79-1.23],0.909294305742964
FST,Follistatin,Chapter XIII Diseases of the musculoskeletal system and connective tissue,"Polyarthritis, unspecified",14065,71,1.09 [0.71-1.66],0.7003781530440458
FST,Follistatin,Chapter XIII Diseases of the musculoskeletal system and connective tissue,Polyarthropathies,17129,3135,1.13 [1.06-1.20],0.000261855325913
FST,Follistatin,Chapter XIII Diseases of the musculoskeletal system and connective tissue,Polyarthrosis,14840,846,1.08 [0.96-1.22],0.2164407289411996
FST,Follistatin,Chapter XIII Diseases of the musculoskeletal system and connective tissue,Polymyalgia rheumatica,22752,374,1.12 [0.93-1.34],0.2255547130427608
FST,Follistatin,Chapter XIII Diseases of the musculoskeletal system and connective tissue,"Postprocedural musculoskeletal disorders, not elsewhere classified",23179,81,1.60 [1.10-2.34],0.0139109877558199
FST,Follistatin,Chapter XIII Diseases of the musculoskeletal system and connective tissue,"Primary gonarthrosis, bilateral",20561,72,1.20 [0.79-1.82],0.4036481824137986
FST,Follistatin,Chapter XIII Diseases of the musculoskeletal system and connective tissue,Psoriatic arthropathies,14057,63,1.32 [0.85-2.05],0.2181373433529784
FST,Follistatin,Chapter XIII Diseases of the musculoskeletal system and connective tissue,Radiculopathy,19240,107,0.96 [0.68-1.37],0.8283021279462759
FST,Follistatin,Chapter XIII Diseases of the musculoskeletal system and connective tissue,Rheumatoid arthritis,14547,553,1.22 [1.05-1.41],0.0100471954992428
FST,Follistatin,Chapter XIII Diseases of the musculoskeletal system and connective tissue,Rotator cuff syndrome,19634,341,1.07 [0.88-1.30],0.5056775061332203
FST,Follistatin,Chapter XIII Diseases of the musculoskeletal system and connective tissue,Sciatica+with lumbago,19421,288,1.05 [0.85-1.30],0.6714957411034721
FST,Follistatin,Chapter XIII Diseases of the musculoskeletal system and connective tissue,Scoliosis,19402,269,1.25 [1.01-1.55],0.0378333025834245
FST,Follistatin,Chapter XIII Diseases of the musculoskeletal system and connective tissue,Seronegative rheumatoid arthritis,16321,68,0.72 [0.46-1.14],0.1608072589871897
FST,Follistatin,Chapter XIII Diseases of the musculoskeletal system and connective tissue,"Seropositive rheumatoid arthritis, wide",23214,74,1.05 [0.70-1.59],0.8102261880754899
FST,Follistatin,Chapter XIII Diseases of the musculoskeletal system and connective tissue,Shoulder lesions,19851,558,1.03 [0.88-1.20],0.7278683106740758
FST,Follistatin,Chapter XIII Diseases of the musculoskeletal system and connective tissue,Sicca syndrome [Sjgren],22473,95,0.84 [0.58-1.22],0.3660455920923825
FST,Follistatin,Chapter XIII Diseases of the musculoskeletal system and connective tissue,Soft tissue disorders,21943,2650,1.03 [0.96-1.11],0.3919552234153267
FST,Follistatin,Chapter XIII Diseases of the musculoskeletal system and connective tissue,"Soft tissue disorders related to use, overuse and pressure",19441,148,0.89 [0.65-1.20],0.4298779283862144
FST,Follistatin,Chapter XIII Diseases of the musculoskeletal system and connective tissue,Spinal stenosis,19859,726,1.01 [0.89-1.16],0.8558477237042411
FST,Follistatin,Chapter XIII Diseases of the musculoskeletal system and connective tissue,Spondyloarthritis,21856,278,1.07 [0.86-1.33],0.5252031562322905
FST,Follistatin,Chapter XIII Diseases of the musculoskeletal system and connective tissue,Spondylolisthesis/Spondylolysis,19394,261,0.89 [0.71-1.11],0.2877417129684344
FST,Follistatin,Chapter XIII Diseases of the musculoskeletal system and connective tissue,Spondylopathies,21156,2023,1.05 [0.97-1.14],0.2439467192448398
FST,Follistatin,Chapter XIII Diseases of the musculoskeletal system and connective tissue,Spondylosis,20445,1312,1.04 [0.95-1.15],0.3983770267274283
FST,Follistatin,Chapter XIII Diseases of the musculoskeletal system and connective tissue,Synovial cyst of popliteal space [Baker],19355,62,1.65 [1.07-2.54],0.0236147874241269
FST,Follistatin,Chapter XIII Diseases of the musculoskeletal system and connective tissue,Systemic lupus erythematosus,22496,118,1.11 [0.81-1.53],0.5086071861812436
FST,Follistatin,Chapter XIII Diseases of the musculoskeletal system and connective tissue,Trigger finger,19457,164,1.02 [0.77-1.35],0.8833802798641077
FST,Follistatin,Chapter XIII Diseases of the musculoskeletal system and connective tissue,Trochanteric bursitis,19383,90,0.61 [0.41-0.91],0.015409409111775
FST,Follistatin,Chapter XIII Diseases of the musculoskeletal system and connective tissue,Wrist or foot drop (acquired),14070,76,1.01 [0.67-1.53],0.9718512255323726
FST,Follistatin,Chapter XIV Diseases of the genitourinary system,Acute renal failure,21703,2261,1.21 [1.13-1.31],3.799295885013379e-07
FST,Follistatin,Chapter XIV Diseases of the genitourinary system,Adenomyosis (Endometriosis of uterus),9313,26,1.66 [0.86-3.21],0.1317687647434776
FST,Follistatin,Chapter XIV Diseases of the genitourinary system,Benign mammary dysplasia,11803,33,1.43 [0.80-2.57],0.2291811216896565
FST,Follistatin,Chapter XIV Diseases of the genitourinary system,Calculus of kidney and ureter,22907,309,0.73 [0.59-0.91],0.0040675662248161
FST,Follistatin,Chapter XIV Diseases of the genitourinary system,Calculus of lower urinary tract,22700,102,0.88 [0.61-1.28],0.5048380755220885
FST,Follistatin,Chapter XIV Diseases of the genitourinary system,Chronic kidney disease,21796,2354,1.28 [1.19-1.38],3.1144715375994634e-11
FST,Follistatin,Chapter XIV Diseases of the genitourinary system,Chronic nephritic syndrome,23001,135,1.89 [1.41-2.53],1.7527188920374993e-05
FST,Follistatin,Chapter XIV Diseases of the genitourinary system,Cyst of kidney,22924,416,1.04 [0.87-1.24],0.6915730093460026
FST,Follistatin,Chapter XIV Diseases of the genitourinary system,Cystitis,19355,299,0.94 [0.76-1.16],0.5843358202786169
FST,Follistatin,Chapter XIV Diseases of the genitourinary system,Dialysis,19540,98,2.20 [1.57-3.08],4.069439858197046e-06
FST,Follistatin,Chapter XIV Diseases of the genitourinary system,Diseases of male genital organs,10232,2144,0.99 [0.91-1.07],0.821173666139351
FST,Follistatin,Chapter XIV Diseases of the genitourinary system,Disorders of breast,11906,136,1.07 [0.79-1.44],0.6742802131085516
FST,Follistatin,Chapter XIV Diseases of the genitourinary system,Endometriosis,9327,40,1.27 [0.73-2.20],0.3985453842831273
FST,Follistatin,Chapter XIV Diseases of the genitourinary system,Female genital prolapse,9872,585,1.07 [0.93-1.24],0.338443984886309
FST,Follistatin,Chapter XIV Diseases of the genitourinary system,Genitourinary diseases,19137,6326,1.10 [1.05-1.15],5.3780630530441366e-05
FST,Follistatin,Chapter XIV Diseases of the genitourinary system,Glomerular disorders in diseases classified elsewhere,22964,98,1.45 [1.02-2.08],0.0406796576221931
FST,Follistatin,Chapter XIV Diseases of the genitourinary system,Hydrocele,8205,117,0.93 [0.66-1.32],0.6837654470363607
FST,Follistatin,Chapter XIV Diseases of the genitourinary system,Hydronephrosis,19511,352,1.13 [0.93-1.37],0.2198679222770394
FST,Follistatin,Chapter XIV Diseases of the genitourinary system,Hyperplasia of prostate,9923,1835,0.98 [0.89-1.06],0.5765253224493436
FST,Follistatin,Chapter XIV Diseases of the genitourinary system,Inflammatory diseases of female pelvic organs,11975,159,1.14 [0.86-1.50],0.3513638820536454
FST,Follistatin,Chapter XIV Diseases of the genitourinary system,Inflammatory diseases of prostate (prostatitis),8212,124,0.98 [0.70-1.38],0.9149948997175502
FST,Follistatin,Chapter XIV Diseases of the genitourinary system,Neuromuscular dysfunction of bladder,19142,86,0.93 [0.63-1.38],0.7253073583733669
FST,Follistatin,Chapter XIV Diseases of the genitourinary system,Noninflammatory disorders of female genital tract,10322,1035,1.12 [1.00-1.25],0.0412098407276657
FST,Follistatin,Chapter XIV Diseases of the genitourinary system,Orchitis and epididymitis,8148,60,1.19 [0.75-1.89],0.4597650096534624
FST,Follistatin,Chapter XIV Diseases of the genitourinary system,Other abnormal uterine and vaginal bleeding,9326,39,1.00 [0.56-1.78],0.9936654538332556
FST,Follistatin,Chapter XIV Diseases of the genitourinary system,"Other chronic cystitis, drug-induced",23221,88,0.67 [0.45-1.01],0.0544323989543483
FST,Follistatin,Chapter XIV Diseases of the genitourinary system,"Other cystitis, drug-induced",23223,86,0.92 [0.62-1.36],0.6627060510111678
FST,Follistatin,Chapter XIV Diseases of the genitourinary system,Other diseases of urinary system,22023,2967,1.03 [0.97-1.10],0.3633444339835684
FST,Follistatin,Chapter XIV Diseases of the genitourinary system,Other disorders of  bladder,20005,949,0.98 [0.87-1.10],0.7140443784075798
FST,Follistatin,Chapter XIV Diseases of the genitourinary system,Other disorders of breast,11822,52,1.28 [0.79-2.06],0.3148601247201092
FST,Follistatin,Chapter XIV Diseases of the genitourinary system,Other disorders of kidney and ureter,23147,639,1.04 [0.90-1.20],0.6022962320916381
FST,Follistatin,Chapter XIV Diseases of the genitourinary system,Other disorders of male genital organs,8239,151,1.06 [0.78-1.43],0.7107474414250006
FST,Follistatin,Chapter XIV Diseases of the genitourinary system,Other disorders of penis,8246,158,1.02 [0.76-1.38],0.8767790123401069
FST,Follistatin,Chapter XIV Diseases of the genitourinary system,Other disorders of prostate,8240,152,0.89 [0.65-1.21],0.4414617217811207
FST,Follistatin,Chapter XIV Diseases of the genitourinary system,Other disorders of the genitourinary system,23196,87,1.17 [0.80-1.71],0.4065430737801592
FST,Follistatin,Chapter XIV Diseases of the genitourinary system,Other disorders of urethra and urinary system,21414,2358,1.03 [0.96-1.11],0.3762695602896161
FST,Follistatin,Chapter XIV Diseases of the genitourinary system,Other female pelvic inflammatory diseases,11898,82,1.01 [0.68-1.49],0.978278320506408
FST,Follistatin,Chapter XIV Diseases of the genitourinary system,Other noninflammatory disorders of cervix uteri,9356,69,1.87 [1.26-2.78],0.0019664232567178
FST,Follistatin,Chapter XIV Diseases of the genitourinary system,"Other noninflammatory disorders of uterus, except cervix",9424,137,1.09 [0.81-1.48],0.5594012509122024
FST,Follistatin,Chapter XIV Diseases of the genitourinary system,Other noninflammatory disorders of vagina,9338,51,0.96 [0.58-1.59],0.882179876078533
FST,Follistatin,Chapter XIV Diseases of the genitourinary system,Other noninflammatory disorders of vulva and perineum,9390,103,1.01 [0.71-1.43],0.9674863377177776
FST,Follistatin,Chapter XIV Diseases of the genitourinary system,Other obstructive and reflux uropathy,19575,416,1.07 [0.90-1.28],0.4485051084115901
FST,Follistatin,Chapter XIV Diseases of the genitourinary system,Other specified disorders of kidney and ureter,22712,204,0.95 [0.74-1.23],0.706501563463954
FST,Follistatin,Chapter XIV Diseases of the genitourinary system,Ovarian cyst,9413,126,1.27 [0.94-1.73],0.1232618075457478
FST,Follistatin,Chapter XIV Diseases of the genitourinary system,Pain and other conditions associated with female genital organs and menstrual cycle,9312,25,1.80 [0.93-3.49],0.0827667275290234
FST,Follistatin,Chapter XIV Diseases of the genitourinary system,Polyp of the female genital tract,9497,210,1.07 [0.84-1.37],0.5933432258377366
FST,Follistatin,Chapter XIV Diseases of the genitourinary system,Postmenopausal atrophic vaginitis,9380,93,1.37 [0.96-1.95],0.0835738720229856
FST,Follistatin,Chapter XIV Diseases of the genitourinary system,Postmenopausal bleeding,9497,210,1.21 [0.95-1.54],0.1238974659147831
FST,Follistatin,Chapter XIV Diseases of the genitourinary system,Recurrent and persistent haematuria,22914,48,1.22 [0.73-2.03],0.4522880305794214
FST,Follistatin,Chapter XIV Diseases of the genitourinary system,"Redundant prepuce, phimosis and paraphimosis",8242,154,1.26 [0.94-1.69],0.1252804848846595
FST,Follistatin,Chapter XIV Diseases of the genitourinary system,Renal tubulo-interstitial diseases,22942,3783,1.17 [1.10-1.24],2.111273541631625e-07
FST,Follistatin,Chapter XIV Diseases of the genitourinary system,"Tubulo-interstitial nephritis, not specified as acute or chronic",19253,94,0.89 [0.61-1.30],0.5418017291048753
FST,Follistatin,Chapter XIV Diseases of the genitourinary system,Unspecified kidney failure,19624,182,1.58 [1.22-2.04],0.0005480365877472
FST,Follistatin,Chapter XIV Diseases of the genitourinary system,Unspecified renal colic,22639,41,0.92 [0.52-1.65],0.7915500655912542
FST,Follistatin,Chapter XIV Diseases of the genitourinary system,Urethral stricture,19326,270,1.00 [0.80-1.25],0.997005139337494
FST,Follistatin,Chapter XIV Diseases of the genitourinary system,Urolithiasis,22994,396,0.79 [0.65-0.95],0.0134711366793718
FST,Follistatin,Chapter XIV Diseases of the genitourinary system,Uterine polyps,9324,37,0.64 [0.35-1.18],0.1552841747377841
