Protein,Protein_definition,Disease_category,Disease,NB_individual,NB_case,HR[95%CI],P_value
SMPD3,Sphingomyelin phosphodiesterase 3,Chapter I Certain infectious and parasitic diseases,"Bacterial infection, other or unspecified",18490,144,1.02 [0.76-1.37],0.8813145158433167
SMPD3,Sphingomyelin phosphodiesterase 3,Chapter I Certain infectious and parasitic diseases,"Bacterial intestinal infections, IBD co-morbidities",19442,201,1.13 [0.90-1.41],0.2917002433178933
SMPD3,Sphingomyelin phosphodiesterase 3,Chapter I Certain infectious and parasitic diseases,"Bacterial, viral and other infectious agents",19215,1407,0.99 [0.90-1.09],0.8065243858965193
SMPD3,Sphingomyelin phosphodiesterase 3,Chapter I Certain infectious and parasitic diseases,Candidiasis,19456,437,1.01 [0.85-1.20],0.9199939955583578
SMPD3,Sphingomyelin phosphodiesterase 3,Chapter I Certain infectious and parasitic diseases,Certain infectious and parasitic diseases,18821,3439,1.04 [0.98-1.10],0.1838886605110768
SMPD3,Sphingomyelin phosphodiesterase 3,Chapter I Certain infectious and parasitic diseases,Condition for Implicit Sepsis (Organ dysfunction codes),18799,3481,1.05 [0.99-1.11],0.096278273366503
SMPD3,Sphingomyelin phosphodiesterase 3,Chapter I Certain infectious and parasitic diseases,Diarrhoea and gastroenteritis of presumed infectious origin,19207,1165,1.13 [1.03-1.24],0.0123104323023832
SMPD3,Sphingomyelin phosphodiesterase 3,Chapter I Certain infectious and parasitic diseases,Enterocolitis due to Clostridium difficile,19365,105,1.14 [0.83-1.56],0.4146661506669793
SMPD3,Sphingomyelin phosphodiesterase 3,Chapter I Certain infectious and parasitic diseases,Explicit Sepsis,17171,1019,1.05 [0.94-1.17],0.3716299048199597
SMPD3,Sphingomyelin phosphodiesterase 3,Chapter I Certain infectious and parasitic diseases,Implicit bacterial Sepsis,16565,1242,1.06 [0.96-1.17],0.2871964749903458
SMPD3,Sphingomyelin phosphodiesterase 3,Chapter I Certain infectious and parasitic diseases,Implicit fungal Sepsis,16209,264,0.97 [0.77-1.23],0.8160819366304486
SMPD3,Sphingomyelin phosphodiesterase 3,Chapter I Certain infectious and parasitic diseases,Implicit Sepsis,12707,2209,1.04 [0.96-1.12],0.338467409284762
SMPD3,Sphingomyelin phosphodiesterase 3,Chapter I Certain infectious and parasitic diseases,Implicit viral Sepsis,16152,392,1.06 [0.89-1.27],0.5145243128286293
SMPD3,Sphingomyelin phosphodiesterase 3,Chapter I Certain infectious and parasitic diseases,Intestinal infectious diseases,19420,1378,1.12 [1.03-1.22],0.0096075273550452
SMPD3,Sphingomyelin phosphodiesterase 3,Chapter I Certain infectious and parasitic diseases,Mycoses,19522,503,1.04 [0.89-1.21],0.6434232328377198
SMPD3,Sphingomyelin phosphodiesterase 3,Chapter I Certain infectious and parasitic diseases,Other bacterial agents as the cause of diseases classified to other chapters,18798,990,1.05 [0.94-1.17],0.4004199754077812
SMPD3,Sphingomyelin phosphodiesterase 3,Chapter I Certain infectious and parasitic diseases,Other bacterial diseases,19467,1121,1.07 [0.96-1.18],0.2030154278363888
SMPD3,Sphingomyelin phosphodiesterase 3,Chapter I Certain infectious and parasitic diseases,Other bacterial intestinal infections,18243,201,1.14 [0.91-1.42],0.2688996783124198
SMPD3,Sphingomyelin phosphodiesterase 3,Chapter I Certain infectious and parasitic diseases,Other infectious diseases,19571,51,1.24 [0.83-1.86],0.3001532278767949
SMPD3,Sphingomyelin phosphodiesterase 3,Chapter I Certain infectious and parasitic diseases,Other septicaemia,19330,984,1.06 [0.95-1.18],0.281801411911923
SMPD3,Sphingomyelin phosphodiesterase 3,Chapter I Certain infectious and parasitic diseases,Other specified/unspecified bacterial intestinal infections,19325,65,1.09 [0.73-1.63],0.6743342564547031
SMPD3,Sphingomyelin phosphodiesterase 3,Chapter I Certain infectious and parasitic diseases,Other viral diseases,19519,106,0.96 [0.67-1.39],0.8431597030097546
SMPD3,Sphingomyelin phosphodiesterase 3,Chapter I Certain infectious and parasitic diseases,"Other viral diseases, not elsewhere classified",19506,93,0.83 [0.53-1.30],0.4133121024099168
SMPD3,Sphingomyelin phosphodiesterase 3,Chapter I Certain infectious and parasitic diseases,Streptococcus and staphylococcus as the cause of diseases classified to other chapters,18196,388,0.99 [0.82-1.19],0.9326467957887156
SMPD3,Sphingomyelin phosphodiesterase 3,Chapter I Certain infectious and parasitic diseases,Viral agents as the cause of diseases classified to other chapters,18059,251,0.89 [0.69-1.16],0.4062322660262112
SMPD3,Sphingomyelin phosphodiesterase 3,Chapter I Certain infectious and parasitic diseases,Viral and other specified intestinal infections,18145,103,1.15 [0.84-1.59],0.3792172981887932
SMPD3,Sphingomyelin phosphodiesterase 3,Chapter I Certain infectious and parasitic diseases,Viral hepatitis,19558,45,1.23 [0.82-1.85],0.3113521487274346
SMPD3,Sphingomyelin phosphodiesterase 3,Chapter I Certain infectious and parasitic diseases,Viral infections characterized by skin and mucous membrane lesions,19510,152,1.23 [0.98-1.53],0.0743439357184658
SMPD3,Sphingomyelin phosphodiesterase 3,Chapter I Certain infectious and parasitic diseases,Viral warts,19409,51,0.98 [0.60-1.60],0.936498054767132
SMPD3,Sphingomyelin phosphodiesterase 3,Chapter I Certain infectious and parasitic diseases,Zoster [herpes zoster],19429,71,1.24 [0.89-1.73],0.2113162553216921
SMPD3,Sphingomyelin phosphodiesterase 3,Chapter II Neoplasms,Benign lipomatous neoplasm,19327,221,0.77 [0.57-1.04],0.08740156279631
SMPD3,Sphingomyelin phosphodiesterase 3,Chapter II Neoplasms,Benign lipomatous neoplasm of skin and subcutaneous tissue of limbs,19499,35,0.59 [0.24-1.46],0.2542395677684305
SMPD3,Sphingomyelin phosphodiesterase 3,Chapter II Neoplasms,Benign lipomatous neoplasm of skin and subcutaneous tissue of trunk,19484,40,0.53 [0.22-1.30],0.1632345068608628
SMPD3,Sphingomyelin phosphodiesterase 3,Chapter II Neoplasms,Benign lipomatous neoplasm of spermatic cord,9250,70,1.13 [0.80-1.61],0.4858762397445219
SMPD3,Sphingomyelin phosphodiesterase 3,Chapter II Neoplasms,"Benign neoplasm of colon, rectum, anus and anal canal",19184,1419,0.89 [0.80-0.99],0.0280791785431375
SMPD3,Sphingomyelin phosphodiesterase 3,Chapter II Neoplasms,Benign neoplasm of meninges,19558,57,1.33 [0.95-1.87],0.0954059890346705
SMPD3,Sphingomyelin phosphodiesterase 3,Chapter II Neoplasms,Benign neoplasm of other and ill-defined parts of digestive system,19493,70,0.96 [0.62-1.49],0.8470021734065143
SMPD3,Sphingomyelin phosphodiesterase 3,Chapter II Neoplasms,Benign neoplasm of other and unspecified endocrine glands,19548,101,1.01 [0.70-1.46],0.941089871658286
SMPD3,Sphingomyelin phosphodiesterase 3,Chapter II Neoplasms,Benign neoplasm of ovary,10269,63,1.00 [0.63-1.58],0.9979209430520588
SMPD3,Sphingomyelin phosphodiesterase 3,Chapter II Neoplasms,Benign neoplasm: Ascending colon,19538,385,0.90 [0.73-1.10],0.2859301878711745
SMPD3,Sphingomyelin phosphodiesterase 3,Chapter II Neoplasms,Benign neoplasm: Caecum,19549,326,0.92 [0.75-1.14],0.4392242445020428
SMPD3,Sphingomyelin phosphodiesterase 3,Chapter II Neoplasms,"Benign neoplasm: Colon, unspecified",19449,75,1.20 [0.86-1.67],0.2950033873863203
SMPD3,Sphingomyelin phosphodiesterase 3,Chapter II Neoplasms,Benign neoplasm: Descending colon,19536,219,0.74 [0.54-1.01],0.0591237190679204
SMPD3,Sphingomyelin phosphodiesterase 3,Chapter II Neoplasms,Benign neoplasm: Rectum,19495,346,0.96 [0.79-1.17],0.7094617618901922
SMPD3,Sphingomyelin phosphodiesterase 3,Chapter II Neoplasms,Benign neoplasm: Sigmoid colon,19438,589,0.90 [0.76-1.06],0.1932632339285256
SMPD3,Sphingomyelin phosphodiesterase 3,Chapter II Neoplasms,Benign neoplasm: Transverse colon,19529,447,0.89 [0.74-1.08],0.2403103096590332
SMPD3,Sphingomyelin phosphodiesterase 3,Chapter II Neoplasms,Carcinoma in situ of breast,7735,44,0.55 [0.24-1.27],0.1605386099245299
SMPD3,Sphingomyelin phosphodiesterase 3,Chapter II Neoplasms,"Carcinoma in situ of breast, intraductal",7766,53,0.94 [0.55-1.59],0.8054125624435012
SMPD3,Sphingomyelin phosphodiesterase 3,Chapter II Neoplasms,"Chronic lymphocytic leukaemia and small lyphocytis leukaemia, excluding all cancers (controls excluding all cancers)",14009,59,0.94 [0.58-1.51],0.7902832863506555
SMPD3,Sphingomyelin phosphodiesterase 3,Chapter II Neoplasms,"Diffuse large B-cell lymphoma, excluding all cancers (controls excluding all cancers)",14034,84,1.08 [0.77-1.53],0.6504446996208593
SMPD3,Sphingomyelin phosphodiesterase 3,Chapter II Neoplasms,"Haemangioma and lymphangioma, any site",19522,106,0.91 [0.63-1.32],0.6219296002644703
SMPD3,Sphingomyelin phosphodiesterase 3,Chapter II Neoplasms,"Haemangioma, any site",19523,103,0.92 [0.64-1.34],0.6751536340940114
SMPD3,Sphingomyelin phosphodiesterase 3,Chapter II Neoplasms,Leiomyoma of uterus,10039,145,1.23 [0.98-1.55],0.0802932296493128
SMPD3,Sphingomyelin phosphodiesterase 3,Chapter II Neoplasms,Lung cancer and mesothelioma,12483,422,0.93 [0.72-1.18],0.5341578202522603
SMPD3,Sphingomyelin phosphodiesterase 3,Chapter II Neoplasms,Lymphoid leukaemia,14010,60,0.97 [0.61-1.53],0.8934372578844794
SMPD3,Sphingomyelin phosphodiesterase 3,Chapter II Neoplasms,"Malignant melanoma of skin, excluding all cancers (controls excluding all cancers)",14135,185,1.18 [0.96-1.46],0.1178810239657522
SMPD3,Sphingomyelin phosphodiesterase 3,Chapter II Neoplasms,"Malignant neoplasm of bladder, excluding all cancers (controls excluding all cancers)",14204,254,1.09 [0.89-1.34],0.3932793009977506
SMPD3,Sphingomyelin phosphodiesterase 3,Chapter II Neoplasms,"Malignant neoplasm of corpus uteri, excluding all cancers (controls excluding all cancers)",7849,98,0.95 [0.65-1.40],0.8121877892165621
SMPD3,Sphingomyelin phosphodiesterase 3,Chapter II Neoplasms,"Malignant neoplasm of intrahepatic ducts, biliary tract and gallbladder, excluding all cancers (controls excluding all cancers)",14046,96,0.60 [0.35-1.04],0.0682102641654425
SMPD3,Sphingomyelin phosphodiesterase 3,Chapter II Neoplasms,"Malignant neoplasm of kidney, except renal pelvis, excluding all cancers (controls excluding all cancers)",14071,121,0.84 [0.57-1.24],0.3871182116898377
SMPD3,Sphingomyelin phosphodiesterase 3,Chapter II Neoplasms,"Malignant neoplasm of oesophagus, excluding all cancers (controls excluding all cancers)",14061,111,1.13 [0.83-1.53],0.4421535999060065
SMPD3,Sphingomyelin phosphodiesterase 3,Chapter II Neoplasms,"Malignant neoplasm of ovary, excluding all cancers (controls excluding all cancers)",7830,79,0.64 [0.36-1.13],0.1231781648586764
SMPD3,Sphingomyelin phosphodiesterase 3,Chapter II Neoplasms,"Malignant neoplasm of pancreas, excluding all cancers (controls excluding all cancers)",14056,106,0.94 [0.65-1.37],0.7618610189992779
SMPD3,Sphingomyelin phosphodiesterase 3,Chapter II Neoplasms,"Malignant neoplasm of prostate, excluding all cancers (controls excluding all cancers)",7008,809,1.01 [0.90-1.14],0.8820941021264662
SMPD3,Sphingomyelin phosphodiesterase 3,Chapter II Neoplasms,"Malignant neoplasm of rectum, excluding all cancers (controls excluding all cancers)",14063,113,0.99 [0.71-1.39],0.9652190438601076
SMPD3,Sphingomyelin phosphodiesterase 3,Chapter II Neoplasms,"Malignant neoplasm of stomach, excluding all cancers (controls excluding all cancers)",14033,83,1.02 [0.69-1.50],0.9332524997897303
SMPD3,Sphingomyelin phosphodiesterase 3,Chapter II Neoplasms,Malignant neoplasms of independent (primary) multiple sites,14069,119,1.11 [0.83-1.47],0.4817273341696071
SMPD3,Sphingomyelin phosphodiesterase 3,Chapter II Neoplasms,Melanocytic naevi,19446,160,0.96 [0.72-1.28],0.7846544782830523
SMPD3,Sphingomyelin phosphodiesterase 3,Chapter II Neoplasms,Melanocytic naevi of trunk,19547,67,0.63 [0.34-1.17],0.1426073857181193
SMPD3,Sphingomyelin phosphodiesterase 3,Chapter II Neoplasms,Melanoma in situ,13991,93,1.08 [0.78-1.49],0.6547210748427155
SMPD3,Sphingomyelin phosphodiesterase 3,Chapter II Neoplasms,"Non-follicular lymphoma, hilmo, excluding all cancers",14053,103,1.03 [0.74-1.44],0.8455080209029091
SMPD3,Sphingomyelin phosphodiesterase 3,Chapter II Neoplasms,"Non-Hodgkin lymphoma, all, excluding all cancers (controls excluding all cancers)",14121,171,1.10 [0.87-1.40],0.414762555600366
SMPD3,Sphingomyelin phosphodiesterase 3,Chapter II Neoplasms,"Non-small cell lung cancer, excluding all cancers (controls excluding all cancers)",14245,295,0.82 [0.63-1.08],0.1531731106624612
SMPD3,Sphingomyelin phosphodiesterase 3,Chapter II Neoplasms,"Other and unspecified types of non-Hodgkin lymphoma, hilmo, excluding all cancers",14062,112,1.10 [0.82-1.48],0.540591391565832
SMPD3,Sphingomyelin phosphodiesterase 3,Chapter II Neoplasms,Other benign neoplasms of skin,19431,145,0.93 [0.68-1.26],0.634861724117912
SMPD3,Sphingomyelin phosphodiesterase 3,Chapter II Neoplasms,"Other malignant neoplasms of skin (=non-melanoma skin cancer), excluding all cancers (controls excluding all cancers)",15187,1237,1.05 [0.96-1.15],0.3207276802590119
SMPD3,Sphingomyelin phosphodiesterase 3,Chapter II Neoplasms,"Squamous cell neoplasms and carcinomas of the skin, excluding all cancers (controls excluding all cancers)",15252,1302,1.06 [0.97-1.16],0.2105249707119721
SMPD3,Sphingomyelin phosphodiesterase 3,Chapter III Diseases of the blood and blood-forming organs and certain disorders involving the immune mechanism,Agranulocytosis,19314,321,1.10 [0.92-1.32],0.2810363509464821
SMPD3,Sphingomyelin phosphodiesterase 3,Chapter III Diseases of the blood and blood-forming organs and certain disorders involving the immune mechanism,Anaemia in chronic diseases classified elsewhere,17681,106,1.26 [0.95-1.66],0.1038261032150068
SMPD3,Sphingomyelin phosphodiesterase 3,Chapter III Diseases of the blood and blood-forming organs and certain disorders involving the immune mechanism,Diseases of spleen,19054,61,1.16 [0.79-1.72],0.4507989467402797
SMPD3,Sphingomyelin phosphodiesterase 3,Chapter III Diseases of the blood and blood-forming organs and certain disorders involving the immune mechanism,Diseases of the blood and blood-forming organs and certain disorders involving the immune mechanism,18962,2876,1.02 [0.95-1.09],0.5690193837029006
SMPD3,Sphingomyelin phosphodiesterase 3,Chapter III Diseases of the blood and blood-forming organs and certain disorders involving the immune mechanism,Folate deficiency anaemia,18171,59,1.18 [0.79-1.76],0.4119332706494963
SMPD3,Sphingomyelin phosphodiesterase 3,Chapter III Diseases of the blood and blood-forming organs and certain disorders involving the immune mechanism,Idiopathic thrombocytopenic purpura,19177,56,1.22 [0.84-1.78],0.2865951356932515
SMPD3,Sphingomyelin phosphodiesterase 3,Chapter III Diseases of the blood and blood-forming organs and certain disorders involving the immune mechanism,Other anaemias,19172,1597,1.04 [0.96-1.14],0.3281806248903623
SMPD3,Sphingomyelin phosphodiesterase 3,Chapter III Diseases of the blood and blood-forming organs and certain disorders involving the immune mechanism,Other and unspecified anaemias,19170,1595,1.04 [0.96-1.14],0.3375436722170101
SMPD3,Sphingomyelin phosphodiesterase 3,Chapter III Diseases of the blood and blood-forming organs and certain disorders involving the immune mechanism,Other and unspecified aplastic anaemias,17670,95,0.99 [0.68-1.43],0.9483088999262488
SMPD3,Sphingomyelin phosphodiesterase 3,Chapter III Diseases of the blood and blood-forming organs and certain disorders involving the immune mechanism,Other and unspecified iron deficiency,19271,1159,1.06 [0.96-1.17],0.2324252491249611
SMPD3,Sphingomyelin phosphodiesterase 3,Chapter III Diseases of the blood and blood-forming organs and certain disorders involving the immune mechanism,Other coagulation defects,19224,103,0.75 [0.48-1.18],0.2114703077156579
SMPD3,Sphingomyelin phosphodiesterase 3,Chapter III Diseases of the blood and blood-forming organs and certain disorders involving the immune mechanism,Other diseases of blood and blood-forming organs,19052,59,1.05 [0.67-1.66],0.8170703387972226
SMPD3,Sphingomyelin phosphodiesterase 3,Chapter III Diseases of the blood and blood-forming organs and certain disorders involving the immune mechanism,Other disorders of white blood cells,19061,68,0.83 [0.50-1.40],0.4916434240873213
SMPD3,Sphingomyelin phosphodiesterase 3,Chapter III Diseases of the blood and blood-forming organs and certain disorders involving the immune mechanism,Purpura and other haemorrhagic conditions,19412,291,1.01 [0.82-1.24],0.94979582769418
SMPD3,Sphingomyelin phosphodiesterase 3,Chapter III Diseases of the blood and blood-forming organs and certain disorders involving the immune mechanism,Sarcoidosis,19469,31,0.99 [0.54-1.84],0.9799308141357472
SMPD3,Sphingomyelin phosphodiesterase 3,Chapter III Diseases of the blood and blood-forming organs and certain disorders involving the immune mechanism,"Thrombocytopenia, unspecified",19359,238,0.97 [0.76-1.23],0.7970980393600342
SMPD3,Sphingomyelin phosphodiesterase 3,Chapter III Diseases of the blood and blood-forming organs and certain disorders involving the immune mechanism,Vitamin B12 deficiency anaemia,18223,111,1.04 [0.75-1.45],0.8186414652249492
SMPD3,Sphingomyelin phosphodiesterase 3,"Chapter IV Endocrine, nutritional and metabolic diseases",Acidosis,13245,330,1.00 [0.82-1.23],0.978245316983436
SMPD3,Sphingomyelin phosphodiesterase 3,"Chapter IV Endocrine, nutritional and metabolic diseases",Acute alcohol intoxication,18305,87,1.19 [0.70-2.02],0.5306912790156475
SMPD3,Sphingomyelin phosphodiesterase 3,"Chapter IV Endocrine, nutritional and metabolic diseases",Alcohol dependence,18309,91,0.59 [0.33-1.06],0.0757395347454612
SMPD3,Sphingomyelin phosphodiesterase 3,"Chapter IV Endocrine, nutritional and metabolic diseases",Alkalosis,12975,60,1.49 [1.13-1.97],0.0052207463055492
SMPD3,Sphingomyelin phosphodiesterase 3,"Chapter IV Endocrine, nutritional and metabolic diseases",Bipolar affective disorders,18220,44,1.07 [0.64-1.79],0.7830080154884248
SMPD3,Sphingomyelin phosphodiesterase 3,"Chapter IV Endocrine, nutritional and metabolic diseases",Deficiency of other B group vitamins,17598,261,0.99 [0.79-1.25],0.9524758020946374
SMPD3,Sphingomyelin phosphodiesterase 3,"Chapter IV Endocrine, nutritional and metabolic diseases","Delirium, not induced by alcohol and other psychoactive substances",18939,750,1.10 [0.98-1.25],0.1036475643909344
SMPD3,Sphingomyelin phosphodiesterase 3,"Chapter IV Endocrine, nutritional and metabolic diseases",Dementia in Alzheimer disease,18598,409,0.99 [0.83-1.18],0.8833049641069767
SMPD3,Sphingomyelin phosphodiesterase 3,"Chapter IV Endocrine, nutritional and metabolic diseases",Dementia in other diseases classified elsewhere,18330,141,1.30 [1.05-1.61],0.0178921807031394
SMPD3,Sphingomyelin phosphodiesterase 3,"Chapter IV Endocrine, nutritional and metabolic diseases",Depression,19348,1172,1.07 [0.97-1.18],0.1622981749344979
SMPD3,Sphingomyelin phosphodiesterase 3,"Chapter IV Endocrine, nutritional and metabolic diseases",Depression or dysthymia,16570,1142,1.06 [0.96-1.17],0.2508472537284463
SMPD3,Sphingomyelin phosphodiesterase 3,"Chapter IV Endocrine, nutritional and metabolic diseases","Disorder of lipoprotein metabolism, unspecified",12986,71,1.19 [0.83-1.69],0.3431466567400028
SMPD3,Sphingomyelin phosphodiesterase 3,"Chapter IV Endocrine, nutritional and metabolic diseases","Disorder of thyroid, unspecified",17670,84,0.77 [0.46-1.28],0.3166342010211543
SMPD3,Sphingomyelin phosphodiesterase 3,"Chapter IV Endocrine, nutritional and metabolic diseases",Disorders of calcium metabolism,13218,303,1.09 [0.90-1.32],0.3938314983488428
SMPD3,Sphingomyelin phosphodiesterase 3,"Chapter IV Endocrine, nutritional and metabolic diseases",Disorders of iron metabolism,12963,48,0.99 [0.60-1.65],0.9835126771116954
SMPD3,Sphingomyelin phosphodiesterase 3,"Chapter IV Endocrine, nutritional and metabolic diseases",Disorders of lipoprotein metabolism and other lipidaemias,16730,3815,0.94 [0.89-1.00],0.0577246085272909
SMPD3,Sphingomyelin phosphodiesterase 3,"Chapter IV Endocrine, nutritional and metabolic diseases",Disorders of magnesium metabolism,13143,228,1.07 [0.85-1.34],0.5833006777077776
SMPD3,Sphingomyelin phosphodiesterase 3,"Chapter IV Endocrine, nutritional and metabolic diseases",Disorders of mineral metabolism,13508,593,0.98 [0.84-1.14],0.7715394620462773
SMPD3,Sphingomyelin phosphodiesterase 3,"Chapter IV Endocrine, nutritional and metabolic diseases",Disorders of other endocrine glands,19523,310,1.27 [1.09-1.49],0.0019504322803657
SMPD3,Sphingomyelin phosphodiesterase 3,"Chapter IV Endocrine, nutritional and metabolic diseases",Disorders of parathyroid gland,19337,124,1.52 [1.25-1.84],2.197792292090199e-05
SMPD3,Sphingomyelin phosphodiesterase 3,"Chapter IV Endocrine, nutritional and metabolic diseases",Disorders of phosphorus metabolism and phosphatases,13035,120,0.92 [0.65-1.31],0.6583343946381282
SMPD3,Sphingomyelin phosphodiesterase 3,"Chapter IV Endocrine, nutritional and metabolic diseases","Disorders of plasma-protein metabolism, not elsewhere classified",12982,67,0.87 [0.53-1.43],0.5809783727093947
SMPD3,Sphingomyelin phosphodiesterase 3,"Chapter IV Endocrine, nutritional and metabolic diseases",Disorders of the thyroid gland,19037,1451,1.17 [1.08-1.26],0.0001699884264842
SMPD3,Sphingomyelin phosphodiesterase 3,"Chapter IV Endocrine, nutritional and metabolic diseases",Fluid overload,13216,301,1.08 [0.89-1.32],0.4356304877205321
SMPD3,Sphingomyelin phosphodiesterase 3,"Chapter IV Endocrine, nutritional and metabolic diseases",Hyperkalaemia,13236,321,1.16 [0.98-1.38],0.0805255523674648
SMPD3,Sphingomyelin phosphodiesterase 3,"Chapter IV Endocrine, nutritional and metabolic diseases","Hyperlipidaemia, other/unspecified",13637,722,0.90 [0.78-1.05],0.1740799935065711
SMPD3,Sphingomyelin phosphodiesterase 3,"Chapter IV Endocrine, nutritional and metabolic diseases",Hyperosmolality and hypernatraemia,13040,125,1.10 [0.82-1.47],0.5320641433687028
SMPD3,Sphingomyelin phosphodiesterase 3,"Chapter IV Endocrine, nutritional and metabolic diseases",Hyperparathyroidism,19331,118,1.53 [1.26-1.86],1.5060463782349676e-05
SMPD3,Sphingomyelin phosphodiesterase 3,"Chapter IV Endocrine, nutritional and metabolic diseases",Hypo-osmolality and hyponatraemia,13656,741,1.14 [1.02-1.27],0.0252245863695697
SMPD3,Sphingomyelin phosphodiesterase 3,"Chapter IV Endocrine, nutritional and metabolic diseases",Hypokalaemia,13451,536,1.06 [0.92-1.23],0.420605160442694
SMPD3,Sphingomyelin phosphodiesterase 3,"Chapter IV Endocrine, nutritional and metabolic diseases",Iron deficiency,17395,58,1.02 [0.63-1.65],0.9302084832255564
SMPD3,Sphingomyelin phosphodiesterase 3,"Chapter IV Endocrine, nutritional and metabolic diseases",Metabolic disorders,18273,5358,0.99 [0.94-1.04],0.7470578155819799
SMPD3,Sphingomyelin phosphodiesterase 3,"Chapter IV Endocrine, nutritional and metabolic diseases",Nontoxic multinodular goitre,17635,49,1.42 [0.99-2.02],0.0540057617889247
SMPD3,Sphingomyelin phosphodiesterase 3,"Chapter IV Endocrine, nutritional and metabolic diseases",Nontoxic single thyroid nodule,17632,46,1.30 [0.87-1.93],0.2047797591540078
SMPD3,Sphingomyelin phosphodiesterase 3,"Chapter IV Endocrine, nutritional and metabolic diseases",Obesity,19423,1548,0.97 [0.88-1.07],0.5282360578933042
SMPD3,Sphingomyelin phosphodiesterase 3,"Chapter IV Endocrine, nutritional and metabolic diseases","Obesity, other/unspecified",19422,1547,0.97 [0.88-1.07],0.5325737025182344
SMPD3,Sphingomyelin phosphodiesterase 3,"Chapter IV Endocrine, nutritional and metabolic diseases",Other and/or unspecified nontoxic goitre,17639,53,0.82 [0.45-1.51],0.5237172009838384
SMPD3,Sphingomyelin phosphodiesterase 3,"Chapter IV Endocrine, nutritional and metabolic diseases",Other anxiety disorders,19268,950,1.04 [0.93-1.17],0.4475786148803369
SMPD3,Sphingomyelin phosphodiesterase 3,"Chapter IV Endocrine, nutritional and metabolic diseases","Other disorders of fluid, electrolyte and acid-base balance",14738,1823,1.10 [1.02-1.19],0.011364774571362
SMPD3,Sphingomyelin phosphodiesterase 3,"Chapter IV Endocrine, nutritional and metabolic diseases",Other disorders of glucose regulation and pancreatic internal secretion,19560,241,1.18 [0.96-1.45],0.1098647822816575
SMPD3,Sphingomyelin phosphodiesterase 3,"Chapter IV Endocrine, nutritional and metabolic diseases",Other mental disorders due to brain damage and dysfunction and to physical disease,18284,95,0.96 [0.65-1.41],0.8395322057852816
SMPD3,Sphingomyelin phosphodiesterase 3,"Chapter IV Endocrine, nutritional and metabolic diseases",Panic disorder,18419,101,0.86 [0.57-1.30],0.471493285277386
SMPD3,Sphingomyelin phosphodiesterase 3,"Chapter IV Endocrine, nutritional and metabolic diseases",Phobic anxiety disorders,18461,143,1.01 [0.76-1.36],0.9246454019462674
SMPD3,Sphingomyelin phosphodiesterase 3,"Chapter IV Endocrine, nutritional and metabolic diseases","Postprocedural endocrine and metabolic disorders, not elsewhere classified",13075,160,1.38 [1.15-1.66],0.0005907863175435
SMPD3,Sphingomyelin phosphodiesterase 3,"Chapter IV Endocrine, nutritional and metabolic diseases",Type 1 diabetes without complications,17242,156,0.95 [0.70-1.30],0.7548194320046119
SMPD3,Sphingomyelin phosphodiesterase 3,"Chapter IV Endocrine, nutritional and metabolic diseases",Type 2 diabetes with neurological complications,2078,82,1.35 [1.00-1.83],0.0481198022751516
SMPD3,Sphingomyelin phosphodiesterase 3,"Chapter IV Endocrine, nutritional and metabolic diseases",Type 2 diabetes with ophthalmic complications,2214,250,1.08 [0.86-1.35],0.508123646734161
SMPD3,Sphingomyelin phosphodiesterase 3,"Chapter IV Endocrine, nutritional and metabolic diseases",Type 2 diabetes with peripheral circulatory complications,17153,67,1.58 [1.21-2.06],0.0007463204097339
SMPD3,Sphingomyelin phosphodiesterase 3,"Chapter IV Endocrine, nutritional and metabolic diseases",Type 2 diabetes with renal complications,2046,51,1.42 [0.96-2.11],0.0766615054027647
SMPD3,Sphingomyelin phosphodiesterase 3,"Chapter IV Endocrine, nutritional and metabolic diseases",Type 2 diabetes without complications,18885,1799,0.88 [0.80-0.97],0.0128349955609885
SMPD3,Sphingomyelin phosphodiesterase 3,"Chapter IV Endocrine, nutritional and metabolic diseases",Unspecified dementia,18677,488,1.14 [0.99-1.31],0.0721326649920937
SMPD3,Sphingomyelin phosphodiesterase 3,"Chapter IV Endocrine, nutritional and metabolic diseases",Vitamin D deficiency,17708,371,1.06 [0.88-1.27],0.5580797393052296
SMPD3,Sphingomyelin phosphodiesterase 3,"Chapter IV Endocrine, nutritional and metabolic diseases",Volume depletion,13805,890,1.11 [1.00-1.23],0.0594585866712218
SMPD3,Sphingomyelin phosphodiesterase 3,Chapter IX Diseases of the circulatory system,"!Phlebitis/thrombophlebitis venae iliacae [externae/internae/communis], drug-induced",19459,262,1.25 [1.06-1.48],0.0092960801182217
SMPD3,Sphingomyelin phosphodiesterase 3,Chapter IX Diseases of the circulatory system,Abdominal aortic aneurysm (AAA),18331,229,1.09 [0.87-1.38],0.4444808447954503
SMPD3,Sphingomyelin phosphodiesterase 3,Chapter IX Diseases of the circulatory system,Angina pectoris,16968,1276,0.95 [0.86-1.06],0.3668614920844878
SMPD3,Sphingomyelin phosphodiesterase 3,Chapter IX Diseases of the circulatory system,Aortic aneurysm,18417,315,1.01 [0.83-1.25],0.8876992964968188
SMPD3,Sphingomyelin phosphodiesterase 3,Chapter IX Diseases of the circulatory system,Arterial embolism and thrombosis of lower extremity artery,18168,66,0.88 [0.51-1.50],0.6302006253215957
SMPD3,Sphingomyelin phosphodiesterase 3,Chapter IX Diseases of the circulatory system,"Atherosclerosis, excluding cerebral and coronary sclerosis",18335,233,1.10 [0.88-1.38],0.3955347611594196
SMPD3,Sphingomyelin phosphodiesterase 3,Chapter IX Diseases of the circulatory system,Atrial fibrillation and flutter,10007,2347,1.05 [0.98-1.13],0.1694844443922746
SMPD3,Sphingomyelin phosphodiesterase 3,Chapter IX Diseases of the circulatory system,AV-block,14987,552,1.03 [0.89-1.19],0.7106708759719998
SMPD3,Sphingomyelin phosphodiesterase 3,Chapter IX Diseases of the circulatory system,"Bradycardia, unspecified, drug-induced",19503,461,1.04 [0.89-1.21],0.6446720600937146
SMPD3,Sphingomyelin phosphodiesterase 3,Chapter IX Diseases of the circulatory system,Cardiac arrest,7880,220,1.00 [0.78-1.27],0.9749822152360528
SMPD3,Sphingomyelin phosphodiesterase 3,Chapter IX Diseases of the circulatory system,Cardiomyopathy,14606,171,0.83 [0.60-1.15],0.2518658231725491
SMPD3,Sphingomyelin phosphodiesterase 3,Chapter IX Diseases of the circulatory system,"Cardiomyopathy, other and unspecified",14522,87,0.84 [0.53-1.33],0.4648708884686584
SMPD3,Sphingomyelin phosphodiesterase 3,Chapter IX Diseases of the circulatory system,Cerebral atherosclerosis,19566,61,0.99 [0.61-1.59],0.960118773379707
SMPD3,Sphingomyelin phosphodiesterase 3,Chapter IX Diseases of the circulatory system,Conduction disorders,15703,1268,1.04 [0.95-1.14],0.4100329742095292
SMPD3,Sphingomyelin phosphodiesterase 3,Chapter IX Diseases of the circulatory system,Coronary atherosclerosis,17962,2292,1.02 [0.95-1.09],0.6358888255486231
SMPD3,Sphingomyelin phosphodiesterase 3,Chapter IX Diseases of the circulatory system,Death due to cardiac causes,15857,7520,1.01 [0.97-1.05],0.6603869210707065
SMPD3,Sphingomyelin phosphodiesterase 3,Chapter IX Diseases of the circulatory system,DVT of lower extremities,18276,286,1.22 [1.03-1.44],0.0230599555776929
SMPD3,Sphingomyelin phosphodiesterase 3,Chapter IX Diseases of the circulatory system,Endocarditis,14511,76,1.02 [0.69-1.51],0.9232029542507396
SMPD3,Sphingomyelin phosphodiesterase 3,Chapter IX Diseases of the circulatory system,"Heart failure, strict",19330,1363,1.06 [0.96-1.16],0.2509601625293604
SMPD3,Sphingomyelin phosphodiesterase 3,Chapter IX Diseases of the circulatory system,Hypertension,16890,6652,1.01 [0.96-1.05],0.8083156308457284
SMPD3,Sphingomyelin phosphodiesterase 3,Chapter IX Diseases of the circulatory system,"Hypertension, essential",16895,6657,1.01 [0.96-1.05],0.8159934510908918
SMPD3,Sphingomyelin phosphodiesterase 3,Chapter IX Diseases of the circulatory system,"Hypertension, portal",19431,81,0.69 [0.40-1.19],0.1802641250665586
SMPD3,Sphingomyelin phosphodiesterase 3,Chapter IX Diseases of the circulatory system,"Hypertension, Pulmonary Arterial",10476,238,1.15 [0.94-1.40],0.1716601938711012
SMPD3,Sphingomyelin phosphodiesterase 3,Chapter IX Diseases of the circulatory system,Hypertensive Renal Disease,10361,123,1.55 [1.29-1.86],2.9235696769101347e-06
SMPD3,Sphingomyelin phosphodiesterase 3,Chapter IX Diseases of the circulatory system,Hypotension,19425,1309,1.17 [1.08-1.28],0.0002136762367508
SMPD3,Sphingomyelin phosphodiesterase 3,Chapter IX Diseases of the circulatory system,Intracerebral haemorrhage,18525,121,0.96 [0.69-1.34],0.8092567501363284
SMPD3,Sphingomyelin phosphodiesterase 3,Chapter IX Diseases of the circulatory system,"Ischaemic heart disease, wide definition",18106,2414,1.00 [0.93-1.08],0.9539942999826814
SMPD3,Sphingomyelin phosphodiesterase 3,Chapter IX Diseases of the circulatory system,"Ischaemic Stroke, excluding all haemorrhages",19158,648,1.07 [0.94-1.22],0.3134635583124698
SMPD3,Sphingomyelin phosphodiesterase 3,Chapter IX Diseases of the circulatory system,Left bundle-branch block,14854,419,1.10 [0.94-1.28],0.2453384012940474
SMPD3,Sphingomyelin phosphodiesterase 3,Chapter IX Diseases of the circulatory system,Major coronary heart disease event,19018,883,1.04 [0.93-1.17],0.4748169242627816
SMPD3,Sphingomyelin phosphodiesterase 3,Chapter IX Diseases of the circulatory system,"Myocardial infarction, strict",16449,757,1.05 [0.92-1.18],0.4775330081404826
SMPD3,Sphingomyelin phosphodiesterase 3,Chapter IX Diseases of the circulatory system,"Myocardial infarction, with ST-elevation",19460,159,1.07 [0.82-1.39],0.626121028006775
SMPD3,Sphingomyelin phosphodiesterase 3,Chapter IX Diseases of the circulatory system,"Myocardial infarction, without ST-elevation",19532,334,0.97 [0.79-1.19],0.763231902708984
SMPD3,Sphingomyelin phosphodiesterase 3,Chapter IX Diseases of the circulatory system,Oesophageal varices,18047,57,0.89 [0.52-1.53],0.6786969127950004
SMPD3,Sphingomyelin phosphodiesterase 3,Chapter IX Diseases of the circulatory system,Other aneurysm,18188,86,1.08 [0.75-1.55],0.6963201963575563
SMPD3,Sphingomyelin phosphodiesterase 3,Chapter IX Diseases of the circulatory system,Other arrhythmias,14935,500,1.07 [0.92-1.23],0.3894228496246811
SMPD3,Sphingomyelin phosphodiesterase 3,Chapter IX Diseases of the circulatory system,Other arterial embolism and thrombosis,18211,109,1.22 [0.91-1.65],0.1869072591580083
SMPD3,Sphingomyelin phosphodiesterase 3,Chapter IX Diseases of the circulatory system,Other diseases of arteries and capillaries,18372,270,1.04 [0.84-1.29],0.7237840637219892
SMPD3,Sphingomyelin phosphodiesterase 3,Chapter IX Diseases of the circulatory system,Other diseases of pericardium,14624,189,1.18 [0.95-1.46],0.1350562225139712
SMPD3,Sphingomyelin phosphodiesterase 3,Chapter IX Diseases of the circulatory system,Other disorders of veins,18078,88,0.81 [0.50-1.31],0.3896627241280161
SMPD3,Sphingomyelin phosphodiesterase 3,Chapter IX Diseases of the circulatory system,Other embolism and thrombosis,18027,37,1.15 [0.69-1.92],0.5915026503173912
SMPD3,Sphingomyelin phosphodiesterase 3,Chapter IX Diseases of the circulatory system,Other intracranial haemorrhages,17900,73,0.80 [0.48-1.35],0.4052746166166308
SMPD3,Sphingomyelin phosphodiesterase 3,Chapter IX Diseases of the circulatory system,Other noninfective disorders of lymphatic vessels and lymph nodes,18129,139,1.07 [0.79-1.45],0.653067705611281
SMPD3,Sphingomyelin phosphodiesterase 3,Chapter IX Diseases of the circulatory system,Other or ill-defined heart diseases,15613,1178,1.02 [0.92-1.13],0.6998319362792759
SMPD3,Sphingomyelin phosphodiesterase 3,Chapter IX Diseases of the circulatory system,Other other unspecified disorders of the circulatory system,18164,48,1.18 [0.75-1.84],0.4745156140467211
SMPD3,Sphingomyelin phosphodiesterase 3,Chapter IX Diseases of the circulatory system,Other peripheral vascular diseases,18706,604,1.18 [1.04-1.34],0.0093459874902592
SMPD3,Sphingomyelin phosphodiesterase 3,Chapter IX Diseases of the circulatory system,Other pulmonary heart/vessel disease,18924,457,1.13 [0.97-1.31],0.1193747080967633
SMPD3,Sphingomyelin phosphodiesterase 3,Chapter IX Diseases of the circulatory system,"Other specified cerebrovascular diseases, other cerebrovascular disorders in diseases classified elsewhere",18620,793,1.07 [0.95-1.21],0.2636896157375655
SMPD3,Sphingomyelin phosphodiesterase 3,Chapter IX Diseases of the circulatory system,Paroxysmal tachycardia,8009,349,1.11 [0.93-1.31],0.2409024762642255
SMPD3,Sphingomyelin phosphodiesterase 3,Chapter IX Diseases of the circulatory system,Peripheral artery disease,18556,484,1.12 [0.96-1.31],0.1518729702400171
SMPD3,Sphingomyelin phosphodiesterase 3,Chapter IX Diseases of the circulatory system,Phlebitis and thrombophlebitis (not including DVT),18347,357,1.17 [1.00-1.37],0.0469861853109603
SMPD3,Sphingomyelin phosphodiesterase 3,Chapter IX Diseases of the circulatory system,Pulmonary embolism,18963,496,1.10 [0.95-1.27],0.1942102688026117
SMPD3,Sphingomyelin phosphodiesterase 3,Chapter IX Diseases of the circulatory system,Rheumatic valve diseases,19485,790,1.07 [0.95-1.20],0.2915956706532422
SMPD3,Sphingomyelin phosphodiesterase 3,Chapter IX Diseases of the circulatory system,Right bundle-branch block,14862,427,0.97 [0.81-1.15],0.703082108387572
SMPD3,Sphingomyelin phosphodiesterase 3,Chapter IX Diseases of the circulatory system,Secondary right heart disease,18919,452,1.14 [0.98-1.33],0.0934603157833224
SMPD3,Sphingomyelin phosphodiesterase 3,Chapter IX Diseases of the circulatory system,Sequelae of cerebrovascular disease,18043,216,1.25 [1.03-1.53],0.0254873641948361
SMPD3,Sphingomyelin phosphodiesterase 3,Chapter IX Diseases of the circulatory system,"Stroke, excluding SAH",19142,738,1.04 [0.91-1.18],0.5905443640905872
SMPD3,Sphingomyelin phosphodiesterase 3,Chapter IX Diseases of the circulatory system,"Stroke, including SAH",19131,771,1.04 [0.92-1.18],0.5557913005374057
SMPD3,Sphingomyelin phosphodiesterase 3,Chapter IX Diseases of the circulatory system,Subarachnoid haemorrhage,18501,51,0.82 [0.45-1.49],0.5187603483009051
SMPD3,Sphingomyelin phosphodiesterase 3,Chapter IX Diseases of the circulatory system,Thoracic aortic aneurysm,18182,80,1.07 [0.74-1.54],0.7282897347743437
SMPD3,Sphingomyelin phosphodiesterase 3,Chapter IX Diseases of the circulatory system,Transient ischemic attack,18767,257,1.06 [0.86-1.31],0.5641849559124806
SMPD3,Sphingomyelin phosphodiesterase 3,Chapter IX Diseases of the circulatory system,Unstable angina pectoris,18412,277,0.93 [0.74-1.18],0.554941780027252
SMPD3,Sphingomyelin phosphodiesterase 3,Chapter IX Diseases of the circulatory system,Varicose veins,18418,428,1.09 [0.93-1.27],0.310821084605369
SMPD3,Sphingomyelin phosphodiesterase 3,Chapter IX Diseases of the circulatory system,Vascular diseases of the intestine,18117,98,0.81 [0.52-1.28],0.3700715677715444
SMPD3,Sphingomyelin phosphodiesterase 3,Chapter IX Diseases of the circulatory system,Venous thromboembolism,19334,785,1.11 [0.99-1.24],0.0713082515615045
SMPD3,Sphingomyelin phosphodiesterase 3,Chapter V Mental and behavioural disorders,"Alcohol use disorder, ICD-based",19501,283,0.73 [0.54-0.97],0.0306785726676821
SMPD3,Sphingomyelin phosphodiesterase 3,Chapter V Mental and behavioural disorders,"Anxiety disorders, excluding more controls",16818,1163,1.03 [0.93-1.14],0.6159580318307765
SMPD3,Sphingomyelin phosphodiesterase 3,Chapter V Mental and behavioural disorders,Any mental disorder,19136,3481,1.03 [0.97-1.10],0.333542381724254
SMPD3,Sphingomyelin phosphodiesterase 3,Chapter V Mental and behavioural disorders,"Mental and behavioural disorders due to alcohol, excluding acute intoxication",19477,334,0.83 [0.65-1.05],0.1236796431530527
SMPD3,Sphingomyelin phosphodiesterase 3,Chapter V Mental and behavioural disorders,"Mood disorders, excluding more controls",16847,1192,1.07 [0.97-1.18],0.1766581298883577
SMPD3,Sphingomyelin phosphodiesterase 3,Chapter V Mental and behavioural disorders,"Schizophrenia or delusion, excluding more controls",15718,63,1.01 [0.63-1.60],0.9739816824986984
SMPD3,Sphingomyelin phosphodiesterase 3,Chapter V Mental and behavioural disorders,Smoking dependency,19149,981,0.93 [0.79-1.10],0.3987633892845463
SMPD3,Sphingomyelin phosphodiesterase 3,Chapter V Mental and behavioural disorders,"Substance abuse, excluding more controls",16871,1216,0.94 [0.81-1.09],0.4037763957087112
SMPD3,Sphingomyelin phosphodiesterase 3,Chapter V Mental and behavioural disorders,Vascular dementia,18872,195,1.22 [0.99-1.50],0.0647908197866061
SMPD3,Sphingomyelin phosphodiesterase 3,Chapter VI Diseases of the nervous system,Alzheimer disease,19568,503,0.96 [0.81-1.13],0.5920898067510668
SMPD3,Sphingomyelin phosphodiesterase 3,Chapter VI Diseases of the nervous system,"AlzheimerÕs disease (Atypical or mixed), excluding more controls",12214,98,0.77 [0.49-1.21],0.2602259490437861
SMPD3,Sphingomyelin phosphodiesterase 3,Chapter VI Diseases of the nervous system,Bell's palsy,18040,70,1.17 [0.82-1.67],0.3734876821320332
SMPD3,Sphingomyelin phosphodiesterase 3,Chapter VI Diseases of the nervous system,Carpal tunnel syndrome,18387,417,0.85 [0.69-1.04],0.1146212558354811
SMPD3,Sphingomyelin phosphodiesterase 3,Chapter VI Diseases of the nervous system,Cerebral cysts,19204,205,1.24 [1.02-1.51],0.0292000820173164
SMPD3,Sphingomyelin phosphodiesterase 3,Chapter VI Diseases of the nervous system,Cerebral palsy and other paralytic syndromes,19507,326,1.10 [0.91-1.32],0.3288344990522658
SMPD3,Sphingomyelin phosphodiesterase 3,Chapter VI Diseases of the nervous system,Circumscribed brain atrophy,18877,69,1.20 [0.86-1.68],0.2858209753836321
SMPD3,Sphingomyelin phosphodiesterase 3,Chapter VI Diseases of the nervous system,Diseases of the myoneural junction and muscle,19552,59,1.27 [0.89-1.81],0.1854343013515054
SMPD3,Sphingomyelin phosphodiesterase 3,Chapter VI Diseases of the nervous system,"Disorders of brain, other and unspecified",19068,69,1.24 [0.89-1.72],0.2066788506654087
SMPD3,Sphingomyelin phosphodiesterase 3,Chapter VI Diseases of the nervous system,Epilepsy,18341,246,1.02 [0.82-1.27],0.8563433808409415
SMPD3,Sphingomyelin phosphodiesterase 3,Chapter VI Diseases of the nervous system,Episodal and paroxysmal disorders,19190,1095,1.06 [0.96-1.17],0.2727316276993944
SMPD3,Sphingomyelin phosphodiesterase 3,Chapter VI Diseases of the nervous system,Extrapyramidal and movement disorders,19519,536,1.10 [0.97-1.26],0.1457531217087317
SMPD3,Sphingomyelin phosphodiesterase 3,Chapter VI Diseases of the nervous system,Falls/tendency to fall,19011,2819,1.06 [1.00-1.13],0.0584985453932278
SMPD3,Sphingomyelin phosphodiesterase 3,Chapter VI Diseases of the nervous system,Generalized epilepsy,19260,44,1.04 [0.61-1.76],0.8892533717113968
SMPD3,Sphingomyelin phosphodiesterase 3,Chapter VI Diseases of the nervous system,Hemiplegia,19447,266,1.07 [0.87-1.32],0.5175066742836167
SMPD3,Sphingomyelin phosphodiesterase 3,Chapter VI Diseases of the nervous system,Hydrocephalus,19058,59,0.89 [0.53-1.49],0.6472667394494204
SMPD3,Sphingomyelin phosphodiesterase 3,Chapter VI Diseases of the nervous system,Inflammatory diseases of the central nervous system,19556,58,1.16 [0.79-1.70],0.4573009555808417
SMPD3,Sphingomyelin phosphodiesterase 3,Chapter VI Diseases of the nervous system,Lesion of plantar nerve,18033,63,0.99 [0.63-1.54],0.9588213098939028
SMPD3,Sphingomyelin phosphodiesterase 3,Chapter VI Diseases of the nervous system,Lesion of ulnar nerve,18030,60,0.89 [0.53-1.50],0.6675612850831274
SMPD3,Sphingomyelin phosphodiesterase 3,Chapter VI Diseases of the nervous system,Memory loss,18657,127,1.00 [0.73-1.37],0.9995941136778008
SMPD3,Sphingomyelin phosphodiesterase 3,Chapter VI Diseases of the nervous system,Migraine,18323,228,1.09 [0.89-1.35],0.4000764685974352
SMPD3,Sphingomyelin phosphodiesterase 3,Chapter VI Diseases of the nervous system,"Migraine, unspecified, drug-induced",19527,208,1.07 [0.85-1.34],0.5750412101058676
SMPD3,Sphingomyelin phosphodiesterase 3,Chapter VI Diseases of the nervous system,Motor neuron disease,12295,158,0.86 [0.62-1.18],0.3390288044858752
SMPD3,Sphingomyelin phosphodiesterase 3,Chapter VI Diseases of the nervous system,MS-disease / Multiple Sclerosis,19462,49,0.84 [0.46-1.54],0.5825291578958678
SMPD3,Sphingomyelin phosphodiesterase 3,Chapter VI Diseases of the nervous system,"Nerve, nerve root and plexus disorders",18989,1019,0.96 [0.85-1.08],0.4694228859327637
SMPD3,Sphingomyelin phosphodiesterase 3,Chapter VI Diseases of the nervous system,Neurological diseases,18342,3477,1.06 [1.00-1.12],0.0376360152199794
SMPD3,Sphingomyelin phosphodiesterase 3,Chapter VI Diseases of the nervous system,Other and unspecified degenerative diseases of nervous system,19045,237,0.95 [0.74-1.21],0.6716689083926758
SMPD3,Sphingomyelin phosphodiesterase 3,Chapter VI Diseases of the nervous system,"Other and unspecified nerve root and plexus disorders, also in other diseases",18306,336,0.87 [0.70-1.08],0.2117519501551796
SMPD3,Sphingomyelin phosphodiesterase 3,Chapter VI Diseases of the nervous system,"Other and unspecified polyneuropathies, also in other diseases",19502,282,1.22 [1.03-1.45],0.0198838785027357
SMPD3,Sphingomyelin phosphodiesterase 3,Chapter VI Diseases of the nervous system,Other degenerative diseases of the nervous system,14855,797,1.00 [0.88-1.14],0.9714912527057596
SMPD3,Sphingomyelin phosphodiesterase 3,Chapter VI Diseases of the nervous system,Other diseases of spinal cord,19068,69,0.86 [0.52-1.42],0.5542186805099906
SMPD3,Sphingomyelin phosphodiesterase 3,Chapter VI Diseases of the nervous system,Other disorders of nervous system,19131,132,0.99 [0.72-1.37],0.968257738922682
SMPD3,Sphingomyelin phosphodiesterase 3,Chapter VI Diseases of the nervous system,Other extrapyramidal and movement disorders in other diseases,19163,180,1.05 [0.82-1.35],0.7094982903745994
SMPD3,Sphingomyelin phosphodiesterase 3,Chapter VI Diseases of the nervous system,Other facial nerve disorders,18047,77,1.14 [0.81-1.62],0.4442912370428818
SMPD3,Sphingomyelin phosphodiesterase 3,Chapter VI Diseases of the nervous system,Other headache syndromes,18138,43,1.08 [0.65-1.78],0.7631608586302717
SMPD3,Sphingomyelin phosphodiesterase 3,Chapter VI Diseases of the nervous system,Other neurological diseases,19476,477,1.09 [0.94-1.27],0.2315779510031451
SMPD3,Sphingomyelin phosphodiesterase 3,Chapter VI Diseases of the nervous system,Other sleep disorders,18513,418,0.98 [0.82-1.18],0.8632595308690433
SMPD3,Sphingomyelin phosphodiesterase 3,Chapter VI Diseases of the nervous system,Parkinson's disease,19537,337,1.17 [1.00-1.36],0.0546566158430041
SMPD3,Sphingomyelin phosphodiesterase 3,Chapter VI Diseases of the nervous system,Postviral fatigue syndrome,19039,40,1.13 [0.70-1.84],0.6096699663504905
SMPD3,Sphingomyelin phosphodiesterase 3,Chapter VI Diseases of the nervous system,Restless leg syndrome,19567,78,0.96 [0.63-1.46],0.8365799314664494
SMPD3,Sphingomyelin phosphodiesterase 3,Chapter VI Diseases of the nervous system,Sleep apnoea,19384,358,1.02 [0.85-1.23],0.8346923289795287
SMPD3,Sphingomyelin phosphodiesterase 3,Chapter VI Diseases of the nervous system,Small fibre neuropathy,19270,50,1.15 [0.77-1.73],0.4946989065078589
SMPD3,Sphingomyelin phosphodiesterase 3,Chapter VI Diseases of the nervous system,Systemic atrophies primarily affecting the central nervous system,19556,179,0.75 [0.54-1.04],0.0880562470189385
SMPD3,Sphingomyelin phosphodiesterase 3,Chapter VI Diseases of the nervous system,Trigeminal neuralgia,18029,59,1.06 [0.69-1.64],0.7792369685545447
SMPD3,Sphingomyelin phosphodiesterase 3,Chapter VI Diseases of the nervous system,Unspecific neurodegenerative disorder,19568,507,0.96 [0.82-1.13],0.6470118558662439
SMPD3,Sphingomyelin phosphodiesterase 3,Chapter VI Diseases of the nervous system,Vascular dementia (undefined),18816,189,1.21 [0.98-1.50],0.0824108779651131
SMPD3,Sphingomyelin phosphodiesterase 3,"Chapter VII Diseases of the eye, adnexa, ear and mastoid process",Amblyopia ex anopsia,19034,125,1.20 [0.93-1.56],0.1569520876171755
SMPD3,Sphingomyelin phosphodiesterase 3,"Chapter VII Diseases of the eye, adnexa, ear and mastoid process",Astigmatism,19212,478,0.97 [0.82-1.14],0.6903168420837846
SMPD3,Sphingomyelin phosphodiesterase 3,"Chapter VII Diseases of the eye, adnexa, ear and mastoid process",Background diabetic retinopathy,19366,222,1.05 [0.82-1.33],0.7148699365875049
SMPD3,Sphingomyelin phosphodiesterase 3,"Chapter VII Diseases of the eye, adnexa, ear and mastoid process",Blepharochalasis,18537,58,0.81 [0.47-1.41],0.463278315929149
SMPD3,Sphingomyelin phosphodiesterase 3,"Chapter VII Diseases of the eye, adnexa, ear and mastoid process",Chalazion,18510,31,0.65 [0.27-1.58],0.3443126336265182
SMPD3,Sphingomyelin phosphodiesterase 3,"Chapter VII Diseases of the eye, adnexa, ear and mastoid process","Conjunctivitis (acute, non atopic)",19465,62,1.00 [0.63-1.59],0.9893459506062372
SMPD3,Sphingomyelin phosphodiesterase 3,"Chapter VII Diseases of the eye, adnexa, ear and mastoid process",Corneal degeneration,19308,192,0.98 [0.76-1.27],0.8975681623839541
SMPD3,Sphingomyelin phosphodiesterase 3,"Chapter VII Diseases of the eye, adnexa, ear and mastoid process","Diabetic nephropathy, excluding more controls",2050,54,1.41 [0.98-2.05],0.0661435725213928
SMPD3,Sphingomyelin phosphodiesterase 3,"Chapter VII Diseases of the eye, adnexa, ear and mastoid process",Diabetic neuropathy,2524,94,1.40 [1.07-1.82],0.0130661367214259
SMPD3,Sphingomyelin phosphodiesterase 3,"Chapter VII Diseases of the eye, adnexa, ear and mastoid process",Diplopia,19000,91,1.12 [0.81-1.54],0.504044431043323
SMPD3,Sphingomyelin phosphodiesterase 3,"Chapter VII Diseases of the eye, adnexa, ear and mastoid process",Disorders of choroid and retina,19338,1188,1.09 [1.00-1.20],0.0586253645052693
SMPD3,Sphingomyelin phosphodiesterase 3,"Chapter VII Diseases of the eye, adnexa, ear and mastoid process","Disorders of eyelid, lacrimal system and orbit",19217,738,1.07 [0.95-1.21],0.278075733493891
SMPD3,Sphingomyelin phosphodiesterase 3,"Chapter VII Diseases of the eye, adnexa, ear and mastoid process",Disorders of lacrimal system,18734,255,1.11 [0.91-1.35],0.3057635118930984
SMPD3,Sphingomyelin phosphodiesterase 3,"Chapter VII Diseases of the eye, adnexa, ear and mastoid process","Disorders of ocular muscles, binocular movement, accommodation and refraction",19517,783,1.06 [0.94-1.19],0.3465820225387955
SMPD3,Sphingomyelin phosphodiesterase 3,"Chapter VII Diseases of the eye, adnexa, ear and mastoid process",Disorders of optic nerve and visual pathways,19562,66,1.29 [0.94-1.77],0.1203259782858388
SMPD3,Sphingomyelin phosphodiesterase 3,"Chapter VII Diseases of the eye, adnexa, ear and mastoid process",Disorders of refraction and accommodation,19468,734,1.04 [0.92-1.18],0.4951384646471978
SMPD3,Sphingomyelin phosphodiesterase 3,"Chapter VII Diseases of the eye, adnexa, ear and mastoid process","Disorders of sclera, cornea, iris and ciliary body",19534,418,0.96 [0.81-1.15],0.6898968262696177
SMPD3,Sphingomyelin phosphodiesterase 3,"Chapter VII Diseases of the eye, adnexa, ear and mastoid process",Disorders of vitreous body,19470,187,0.99 [0.76-1.29],0.9387386419532242
SMPD3,Sphingomyelin phosphodiesterase 3,"Chapter VII Diseases of the eye, adnexa, ear and mastoid process",Ectropion of eyelid,18568,89,1.36 [1.04-1.77],0.023745330837412
SMPD3,Sphingomyelin phosphodiesterase 3,"Chapter VII Diseases of the eye, adnexa, ear and mastoid process",Entropion and trichiasis of eyelid,18565,86,1.30 [0.97-1.73],0.0745676605611056
SMPD3,Sphingomyelin phosphodiesterase 3,"Chapter VII Diseases of the eye, adnexa, ear and mastoid process",Epiphora,18544,65,1.18 [0.83-1.69],0.3461783027354249
SMPD3,Sphingomyelin phosphodiesterase 3,"Chapter VII Diseases of the eye, adnexa, ear and mastoid process",Glaucoma,19456,836,0.91 [0.79-1.03],0.1438793443306959
SMPD3,Sphingomyelin phosphodiesterase 3,"Chapter VII Diseases of the eye, adnexa, ear and mastoid process",Glaucoma suspect,18854,234,1.01 [0.80-1.26],0.9490638619693098
SMPD3,Sphingomyelin phosphodiesterase 3,"Chapter VII Diseases of the eye, adnexa, ear and mastoid process",Hypermetropia,18788,54,1.33 [0.94-1.88],0.1059117730890456
SMPD3,Sphingomyelin phosphodiesterase 3,"Chapter VII Diseases of the eye, adnexa, ear and mastoid process",Iridocyclitis,19218,102,1.00 [0.70-1.41],0.9863385135593254
SMPD3,Sphingomyelin phosphodiesterase 3,"Chapter VII Diseases of the eye, adnexa, ear and mastoid process",Keratitis,19444,328,0.94 [0.77-1.16],0.5711346600746426
SMPD3,Sphingomyelin phosphodiesterase 3,"Chapter VII Diseases of the eye, adnexa, ear and mastoid process",Myopia,18916,182,1.16 [0.93-1.45],0.1827241450478166
SMPD3,Sphingomyelin phosphodiesterase 3,"Chapter VII Diseases of the eye, adnexa, ear and mastoid process",Other and unspecified disorders of vitreous body,19397,114,1.19 [0.91-1.55],0.1994830824428377
SMPD3,Sphingomyelin phosphodiesterase 3,"Chapter VII Diseases of the eye, adnexa, ear and mastoid process",Other and unspecified glaucoma,19161,541,0.92 [0.79-1.09],0.3403069520822604
SMPD3,Sphingomyelin phosphodiesterase 3,"Chapter VII Diseases of the eye, adnexa, ear and mastoid process",Other and unspecified visual disturbances,19046,137,1.35 [1.10-1.67],0.0044292140424418
SMPD3,Sphingomyelin phosphodiesterase 3,"Chapter VII Diseases of the eye, adnexa, ear and mastoid process",Other cataract,17519,2720,1.03 [0.96-1.10],0.3935796798269234
SMPD3,Sphingomyelin phosphodiesterase 3,"Chapter VII Diseases of the eye, adnexa, ear and mastoid process",Other disorders of cornea,19408,292,0.94 [0.76-1.17],0.5888523106493789
SMPD3,Sphingomyelin phosphodiesterase 3,"Chapter VII Diseases of the eye, adnexa, ear and mastoid process",Other disorders of eye and adnexa,19552,161,1.02 [0.77-1.34],0.9057007526205704
SMPD3,Sphingomyelin phosphodiesterase 3,"Chapter VII Diseases of the eye, adnexa, ear and mastoid process",Other disorders of eyelid,18936,457,1.12 [0.96-1.29],0.1458541907145422
SMPD3,Sphingomyelin phosphodiesterase 3,"Chapter VII Diseases of the eye, adnexa, ear and mastoid process",Other disorders of iris and ciliary body,19191,75,0.88 [0.55-1.40],0.577123656218441
SMPD3,Sphingomyelin phosphodiesterase 3,"Chapter VII Diseases of the eye, adnexa, ear and mastoid process",Other disorders of optic [2nd] nerve and visual pathways,19555,59,1.35 [0.98-1.86],0.0621442146671268
SMPD3,Sphingomyelin phosphodiesterase 3,"Chapter VII Diseases of the eye, adnexa, ear and mastoid process",Other inflammation of eyelid,18583,104,1.13 [0.83-1.53],0.4311068815897585
SMPD3,Sphingomyelin phosphodiesterase 3,"Chapter VII Diseases of the eye, adnexa, ear and mastoid process",Other specified and unspecified  disorders of eyelid,18628,149,1.01 [0.76-1.35],0.9268499002574851
SMPD3,Sphingomyelin phosphodiesterase 3,"Chapter VII Diseases of the eye, adnexa, ear and mastoid process",Other specified and unspecified retinal disorders,18291,141,1.04 [0.78-1.38],0.8003305810258761
SMPD3,Sphingomyelin phosphodiesterase 3,"Chapter VII Diseases of the eye, adnexa, ear and mastoid process",Other strabismus,18777,43,1.34 [0.92-1.96],0.1269326735754
SMPD3,Sphingomyelin phosphodiesterase 3,"Chapter VII Diseases of the eye, adnexa, ear and mastoid process","Other, unspecified and serous retinal detachments",18214,64,1.24 [0.90-1.72],0.1934020001450273
SMPD3,Sphingomyelin phosphodiesterase 3,"Chapter VII Diseases of the eye, adnexa, ear and mastoid process",Primary angle-closure glaucoma,18717,97,0.88 [0.59-1.30],0.5167827528502066
SMPD3,Sphingomyelin phosphodiesterase 3,"Chapter VII Diseases of the eye, adnexa, ear and mastoid process","Primary open-angle glaucoma, strict",18862,242,0.87 [0.68-1.13],0.2950514951975377
SMPD3,Sphingomyelin phosphodiesterase 3,"Chapter VII Diseases of the eye, adnexa, ear and mastoid process",Ptosis of eyelid,18609,130,1.01 [0.74-1.37],0.9599728636767004
SMPD3,Sphingomyelin phosphodiesterase 3,"Chapter VII Diseases of the eye, adnexa, ear and mastoid process",Retinal detachment with retinal break,18230,80,1.30 [0.99-1.70],0.0557888429314699
SMPD3,Sphingomyelin phosphodiesterase 3,"Chapter VII Diseases of the eye, adnexa, ear and mastoid process",Retinal vascular occlusion,18253,103,1.00 [0.71-1.41],0.9965633587903734
SMPD3,Sphingomyelin phosphodiesterase 3,"Chapter VII Diseases of the eye, adnexa, ear and mastoid process",Senile cataract,17069,2270,1.04 [0.97-1.12],0.2790504819864399
SMPD3,Sphingomyelin phosphodiesterase 3,"Chapter VII Diseases of the eye, adnexa, ear and mastoid process",Stenosis and insufficiency of lacrimal passages,18558,79,1.01 [0.69-1.49],0.942271959465935
SMPD3,Sphingomyelin phosphodiesterase 3,"Chapter VII Diseases of the eye, adnexa, ear and mastoid process",Visual disturbances,19331,422,1.15 [0.99-1.34],0.0587990280498686
SMPD3,Sphingomyelin phosphodiesterase 3,"Chapter VII Diseases of the eye, adnexa, ear and mastoid process",Visual field defects,18976,67,0.68 [0.37-1.26],0.2167371258173025
SMPD3,Sphingomyelin phosphodiesterase 3,"Chapter VII Diseases of the eye, adnexa, ear and mastoid process",Visual impairment including blindness (binocular or monocular),19069,160,0.99 [0.74-1.32],0.949991064368554
SMPD3,Sphingomyelin phosphodiesterase 3,Chapter VIII Diseases of the ear and mastoid process,Benign paroxysmal vertigo,19372,92,1.14 [0.83-1.57],0.4142046755083403
SMPD3,Sphingomyelin phosphodiesterase 3,Chapter VIII Diseases of the ear and mastoid process,Diseases of external ear,19531,120,1.03 [0.76-1.41],0.8351129679822671
SMPD3,Sphingomyelin phosphodiesterase 3,Chapter VIII Diseases of the ear and mastoid process,Diseases of middle ear and mastoid,19456,96,1.04 [0.73-1.47],0.8366078917842128
SMPD3,Sphingomyelin phosphodiesterase 3,Chapter VIII Diseases of the ear and mastoid process,Labyrinthitis,19336,56,0.96 [0.60-1.55],0.8706917776650119
SMPD3,Sphingomyelin phosphodiesterase 3,Chapter VIII Diseases of the ear and mastoid process,Mnire disease,19341,61,0.87 [0.52-1.46],0.5958100184926041
SMPD3,Sphingomyelin phosphodiesterase 3,Chapter VIII Diseases of the ear and mastoid process,Other disorders of ear,19473,997,1.11 [1.00-1.22],0.0480696543251053
SMPD3,Sphingomyelin phosphodiesterase 3,Chapter VIII Diseases of the ear and mastoid process,Other specified/unspecified hearing loss,19234,758,1.15 [1.03-1.28],0.0150987497544589
SMPD3,Sphingomyelin phosphodiesterase 3,Chapter VIII Diseases of the ear and mastoid process,Sensorineural hearing loss,18599,123,0.75 [0.50-1.14],0.1848653958358764
SMPD3,Sphingomyelin phosphodiesterase 3,Chapter VIII Diseases of the ear and mastoid process,Tinnitus,18549,73,1.15 [0.81-1.64],0.4401500668291803
SMPD3,Sphingomyelin phosphodiesterase 3,Chapter X Diseases of the respiratory system,Acute pharyngitis,19403,53,0.71 [0.37-1.38],0.3110978063418142
SMPD3,Sphingomyelin phosphodiesterase 3,Chapter X Diseases of the respiratory system,Acute upper respiratory infections,19500,150,0.89 [0.65-1.24],0.5012542690693911
SMPD3,Sphingomyelin phosphodiesterase 3,Chapter X Diseases of the respiratory system,Acute upper respiratory infections of multiple and unspecified sites,19400,50,0.78 [0.42-1.45],0.4282507732736716
SMPD3,Sphingomyelin phosphodiesterase 3,Chapter X Diseases of the respiratory system,All influenza,17379,121,1.09 [0.81-1.47],0.5818313966327366
SMPD3,Sphingomyelin phosphodiesterase 3,Chapter X Diseases of the respiratory system,All influenza (not pneumonia),17376,118,1.09 [0.81-1.48],0.5730572875650892
SMPD3,Sphingomyelin phosphodiesterase 3,Chapter X Diseases of the respiratory system,Allergic asthma (mode),12145,84,1.05 [0.74-1.50],0.7743979955771173
SMPD3,Sphingomyelin phosphodiesterase 3,Chapter X Diseases of the respiratory system,Allergic rhinitis,19488,200,1.04 [0.82-1.32],0.7370716897273222
SMPD3,Sphingomyelin phosphodiesterase 3,Chapter X Diseases of the respiratory system,"Asthma, excluding more controls",13217,1475,0.92 [0.83-1.02],0.1037296276410061
SMPD3,Sphingomyelin phosphodiesterase 3,Chapter X Diseases of the respiratory system,"Asthma, unspecified (mode)",13519,1458,0.92 [0.84-1.02],0.114606730486919
SMPD3,Sphingomyelin phosphodiesterase 3,Chapter X Diseases of the respiratory system,Bacterial pneumonia (organism specified),19136,148,1.06 [0.80-1.40],0.6864068999097839
SMPD3,Sphingomyelin phosphodiesterase 3,Chapter X Diseases of the respiratory system,"Bacterial pneumonia, not elsewhere classified",17342,84,0.90 [0.58-1.40],0.6535268124926552
SMPD3,Sphingomyelin phosphodiesterase 3,Chapter X Diseases of the respiratory system,Bronchiectasis,16377,433,1.11 [0.95-1.29],0.1924593021636245
SMPD3,Sphingomyelin phosphodiesterase 3,Chapter X Diseases of the respiratory system,"Bronchitis, not specified as acute or chronic",16006,62,1.06 [0.68-1.64],0.8034407960582937
SMPD3,Sphingomyelin phosphodiesterase 3,Chapter X Diseases of the respiratory system,Chronic lower respiratory diseases,18615,2671,0.97 [0.90-1.04],0.3450554880552154
SMPD3,Sphingomyelin phosphodiesterase 3,Chapter X Diseases of the respiratory system,"Chronic rhinitis, nasopharyngitis and pharyngitis",18530,63,1.03 [0.68-1.58],0.8798463161035606
SMPD3,Sphingomyelin phosphodiesterase 3,Chapter X Diseases of the respiratory system,Chronic sinusitis,18576,109,1.07 [0.79-1.45],0.659617234574135
SMPD3,Sphingomyelin phosphodiesterase 3,Chapter X Diseases of the respiratory system,"COPD, hospital admissions 1, only main diagnosis",19322,1357,0.96 [0.86-1.07],0.4422586208979729
SMPD3,Sphingomyelin phosphodiesterase 3,Chapter X Diseases of the respiratory system,Deviated nasal septum,18539,72,0.46 [0.23-0.93],0.02950854504747
SMPD3,Sphingomyelin phosphodiesterase 3,Chapter X Diseases of the respiratory system,Diseases of the respiratory system,17746,5089,0.98 [0.93-1.03],0.351710707920706
SMPD3,Sphingomyelin phosphodiesterase 3,Chapter X Diseases of the respiratory system,"Diseases of vocal cords and larynx+other diseases of upper respiratory tract, no elsewhere classified",18765,298,1.08 [0.89-1.31],0.4291394105993954
SMPD3,Sphingomyelin phosphodiesterase 3,Chapter X Diseases of the respiratory system,Early onset COPD,18066,101,0.78 [0.48-1.25],0.3035916309806106
SMPD3,Sphingomyelin phosphodiesterase 3,Chapter X Diseases of the respiratory system,Emphysema,16315,371,0.93 [0.75-1.16],0.5349148367269134
SMPD3,Sphingomyelin phosphodiesterase 3,Chapter X Diseases of the respiratory system,Idiopathic pulmonary fibrosis,18455,394,1.10 [0.93-1.29],0.2711300948025462
SMPD3,Sphingomyelin phosphodiesterase 3,Chapter X Diseases of the respiratory system,Influenza and pneumonia,19348,2090,1.07 [1.00-1.16],0.0590744019105256
SMPD3,Sphingomyelin phosphodiesterase 3,Chapter X Diseases of the respiratory system,Interstitial lung disease,18490,429,1.09 [0.93-1.27],0.3135640135459526
SMPD3,Sphingomyelin phosphodiesterase 3,Chapter X Diseases of the respiratory system,Later onset COPD,19111,1256,0.97 [0.87-1.09],0.6162314992770214
SMPD3,Sphingomyelin phosphodiesterase 3,Chapter X Diseases of the respiratory system,Lung diseases due to external agents,19552,385,0.91 [0.75-1.12],0.3818716326462193
SMPD3,Sphingomyelin phosphodiesterase 3,Chapter X Diseases of the respiratory system,Nasal polyp,18552,85,0.59 [0.34-1.04],0.0682338914072657
SMPD3,Sphingomyelin phosphodiesterase 3,Chapter X Diseases of the respiratory system,Other acute lower respiratory infections,19328,1050,1.05 [0.94-1.17],0.3787998981318117
SMPD3,Sphingomyelin phosphodiesterase 3,Chapter X Diseases of the respiratory system,Other diseases of pleura,19327,2228,1.10 [1.02-1.18],0.0107493072480485
SMPD3,Sphingomyelin phosphodiesterase 3,Chapter X Diseases of the respiratory system,Other diseases of upper respiratory tract,19109,642,1.02 [0.89-1.17],0.7673525253476918
SMPD3,Sphingomyelin phosphodiesterase 3,Chapter X Diseases of the respiratory system,Other pleural conditions,17150,51,1.18 [0.78-1.80],0.4392573475475797
SMPD3,Sphingomyelin phosphodiesterase 3,Chapter X Diseases of the respiratory system,Other respiratory diseases principally affecting the interstitium,19452,505,1.07 [0.92-1.24],0.3882790485885427
SMPD3,Sphingomyelin phosphodiesterase 3,Chapter X Diseases of the respiratory system,Other respiratory disorders and diseases,19456,1438,1.09 [1.00-1.19],0.0535782719141985
SMPD3,Sphingomyelin phosphodiesterase 3,Chapter X Diseases of the respiratory system,Pleural effusion,18203,1104,1.11 [1.00-1.22],0.0398823115291942
SMPD3,Sphingomyelin phosphodiesterase 3,Chapter X Diseases of the respiratory system,Pleural plaque,17320,221,1.17 [0.95-1.43],0.133248166082461
SMPD3,Sphingomyelin phosphodiesterase 3,Chapter X Diseases of the respiratory system,"Pneumonia, organism unspecified",19114,1856,1.08 [1.00-1.17],0.0597613106370307
SMPD3,Sphingomyelin phosphodiesterase 3,Chapter X Diseases of the respiratory system,Pneumonitis due to solids and liquids,19453,286,0.91 [0.72-1.15],0.4206291059605144
SMPD3,Sphingomyelin phosphodiesterase 3,Chapter X Diseases of the respiratory system,Pneumothorax,17248,149,1.16 [0.90-1.49],0.2445272598808149
SMPD3,Sphingomyelin phosphodiesterase 3,Chapter X Diseases of the respiratory system,Pollen allergy,19560,168,1.03 [0.80-1.33],0.8250504646012053
SMPD3,Sphingomyelin phosphodiesterase 3,Chapter X Diseases of the respiratory system,Pulmonary oedema,19021,74,0.97 [0.62-1.51],0.8763033052714153
SMPD3,Sphingomyelin phosphodiesterase 3,Chapter X Diseases of the respiratory system,Respiratory insufficiency,12118,57,1.32 [0.75-2.32],0.3354206106545467
SMPD3,Sphingomyelin phosphodiesterase 3,Chapter X Diseases of the respiratory system,Unspecified acute lower respiratory infection,19315,1037,1.06 [0.95-1.18],0.3182385457167326
SMPD3,Sphingomyelin phosphodiesterase 3,Chapter X Diseases of the respiratory system,Vasomotor and allergic rhinitis,18668,201,1.04 [0.83-1.32],0.7128324402795401
SMPD3,Sphingomyelin phosphodiesterase 3,Chapter X Diseases of the respiratory system,Viral pneumonia,17501,243,1.08 [0.86-1.34],0.5100054787268136
SMPD3,Sphingomyelin phosphodiesterase 3,Chapter X Diseases of the respiratory system,"Viral pneumonia (unknown virus, not influenza)",19147,195,0.99 [0.75-1.30],0.9188905655513248
SMPD3,Sphingomyelin phosphodiesterase 3,Chapter X Diseases of the respiratory system,Vocal cord dysfunction,6314,104,1.19 [0.90-1.59],0.2278157216434937
SMPD3,Sphingomyelin phosphodiesterase 3,Chapter XI Diseases of the digestive system,Abscess of anal and rectal regions,12510,51,1.06 [0.66-1.69],0.8155857256928549
SMPD3,Sphingomyelin phosphodiesterase 3,Chapter XI Diseases of the digestive system,Acute appendicitis,19468,108,1.01 [0.72-1.42],0.9518627025395432
SMPD3,Sphingomyelin phosphodiesterase 3,Chapter XI Diseases of the digestive system,Acute gastritis,13688,85,0.97 [0.65-1.45],0.8765616750722994
SMPD3,Sphingomyelin phosphodiesterase 3,Chapter XI Diseases of the digestive system,Acute pancreatitis,17871,164,1.13 [0.89-1.44],0.3237561408450966
SMPD3,Sphingomyelin phosphodiesterase 3,Chapter XI Diseases of the digestive system,Acute peritonitis,19167,90,1.10 [0.77-1.55],0.6061236215414796
SMPD3,Sphingomyelin phosphodiesterase 3,Chapter XI Diseases of the digestive system,Alcoholic liver disease,18747,47,0.68 [0.33-1.43],0.3138404621821201
SMPD3,Sphingomyelin phosphodiesterase 3,Chapter XI Diseases of the digestive system,Barrett oesophagus,14023,420,1.09 [0.93-1.27],0.2998682817233041
SMPD3,Sphingomyelin phosphodiesterase 3,Chapter XI Diseases of the digestive system,"Cholangitis (primary sclerosing, PSC)",17831,124,1.13 [0.85-1.50],0.414680151179052
SMPD3,Sphingomyelin phosphodiesterase 3,Chapter XI Diseases of the digestive system,"Cholangitis (primary sclerosing, PSC), with reimbursement 202",19224,124,1.12 [0.84-1.50],0.4242268391418965
SMPD3,Sphingomyelin phosphodiesterase 3,Chapter XI Diseases of the digestive system,Cholecystitis,17887,180,0.94 [0.70-1.25],0.6511176969517787
SMPD3,Sphingomyelin phosphodiesterase 3,Chapter XI Diseases of the digestive system,Cholelithiasis,18578,871,1.05 [0.93-1.18],0.4403841345376231
SMPD3,Sphingomyelin phosphodiesterase 3,Chapter XI Diseases of the digestive system,Chronic gastritis,13886,283,0.99 [0.79-1.23],0.9216752036114544
SMPD3,Sphingomyelin phosphodiesterase 3,Chapter XI Diseases of the digestive system,Chronic pancreatitis,17749,42,1.09 [0.66-1.81],0.7290705793663914
SMPD3,Sphingomyelin phosphodiesterase 3,Chapter XI Diseases of the digestive system,"Cirrhosis of liver, NAS",19455,105,1.02 [0.72-1.45],0.9262817546033943
SMPD3,Sphingomyelin phosphodiesterase 3,Chapter XI Diseases of the digestive system,Coeliac disease,18118,106,1.57 [1.31-1.89],1.238335296662544e-06
SMPD3,Sphingomyelin phosphodiesterase 3,Chapter XI Diseases of the digestive system,Collagenous colitis,18098,85,0.96 [0.64-1.44],0.8539360620681063
SMPD3,Sphingomyelin phosphodiesterase 3,Chapter XI Diseases of the digestive system,Colonic or urogenital fistula,19471,138,1.19 [0.92-1.52],0.1793401951186772
SMPD3,Sphingomyelin phosphodiesterase 3,Chapter XI Diseases of the digestive system,Constipation,19331,1737,1.10 [1.02-1.19],0.0130844495429893
SMPD3,Sphingomyelin phosphodiesterase 3,Chapter XI Diseases of the digestive system,Crohn disease,18077,64,1.06 [0.70-1.60],0.7927400049227684
SMPD3,Sphingomyelin phosphodiesterase 3,Chapter XI Diseases of the digestive system,"Crohn disease (strict definition, all UC cases excluded)",19275,50,1.00 [0.61-1.65],0.9888614387539204
SMPD3,Sphingomyelin phosphodiesterase 3,Chapter XI Diseases of the digestive system,Crohn's disease NAS,18070,57,1.03 [0.65-1.63],0.9141367177140146
SMPD3,Sphingomyelin phosphodiesterase 3,Chapter XI Diseases of the digestive system,Dental caries,19046,157,1.17 [0.91-1.49],0.215263974859883
SMPD3,Sphingomyelin phosphodiesterase 3,Chapter XI Diseases of the digestive system,Diaphragmatic hernia,16937,2144,1.01 [0.93-1.09],0.8537866616007166
SMPD3,Sphingomyelin phosphodiesterase 3,Chapter XI Diseases of the digestive system,Diseases of appendix,19494,134,1.01 [0.75-1.36],0.931342306997816
SMPD3,Sphingomyelin phosphodiesterase 3,Chapter XI Diseases of the digestive system,Diseases of liver,19470,770,0.85 [0.73-0.99],0.0380743790744566
SMPD3,Sphingomyelin phosphodiesterase 3,Chapter XI Diseases of the digestive system,"Diseases of oesophagus, stomach and duodenum",17439,3836,1.02 [0.96-1.08],0.5179561074516315
SMPD3,Sphingomyelin phosphodiesterase 3,Chapter XI Diseases of the digestive system,"Diseases of oral cavity, salivary glands and jaws",19279,390,1.11 [0.95-1.31],0.1986542053590541
SMPD3,Sphingomyelin phosphodiesterase 3,Chapter XI Diseases of the digestive system,Diseases of peritoneum,19494,417,0.91 [0.75-1.10],0.311556136863093
SMPD3,Sphingomyelin phosphodiesterase 3,Chapter XI Diseases of the digestive system,Diseases of pulp and periapical tissues,18964,75,1.34 [1.00-1.79],0.0500681055524752
SMPD3,Sphingomyelin phosphodiesterase 3,Chapter XI Diseases of the digestive system,Diseases of salivary glands,18862,47,1.40 [0.98-1.99],0.0619769707693888
SMPD3,Sphingomyelin phosphodiesterase 3,Chapter XI Diseases of the digestive system,Diseases of the digestive system,19295,1283,1.09 [0.99-1.19],0.0691585580362469
SMPD3,Sphingomyelin phosphodiesterase 3,Chapter XI Diseases of the digestive system,Diseases of tongue,18874,80,1.15 [0.82-1.60],0.416760938081382
SMPD3,Sphingomyelin phosphodiesterase 3,Chapter XI Diseases of the digestive system,"Disorders of gallbladder, biliary tract and pancreas",18978,1271,1.03 [0.94-1.14],0.5299168353868313
SMPD3,Sphingomyelin phosphodiesterase 3,Chapter XI Diseases of the digestive system,Diverticular disease of intestine,15640,3181,1.01 [0.95-1.07],0.8244884114869293
SMPD3,Sphingomyelin phosphodiesterase 3,Chapter XI Diseases of the digestive system,Duodenal ulcer,13798,195,0.95 [0.72-1.25],0.7022346638795287
SMPD3,Sphingomyelin phosphodiesterase 3,Chapter XI Diseases of the digestive system,"Duodenal ulcer - Unspecified as acute or chronic, without haemorrhage or perforation, drug-induced",19480,155,0.98 [0.73-1.31],0.8877244562877553
SMPD3,Sphingomyelin phosphodiesterase 3,Chapter XI Diseases of the digestive system,Embedded and impacted teeth,19539,20,1.11 [0.56-2.20],0.7625717223291639
SMPD3,Sphingomyelin phosphodiesterase 3,Chapter XI Diseases of the digestive system,Fibrosis and cirrhosis of liver,18823,123,0.90 [0.62-1.30],0.56156093907846
SMPD3,Sphingomyelin phosphodiesterase 3,Chapter XI Diseases of the digestive system,Fissure and fistula of anal and rectal regions,12551,92,1.23 [0.92-1.64],0.1676883346724049
SMPD3,Sphingomyelin phosphodiesterase 3,Chapter XI Diseases of the digestive system,Functional dyspepsia,14073,470,1.02 [0.87-1.20],0.7953065199394193
SMPD3,Sphingomyelin phosphodiesterase 3,Chapter XI Diseases of the digestive system,Gastric ulcer,13964,361,0.97 [0.79-1.18],0.7488238736383461
SMPD3,Sphingomyelin phosphodiesterase 3,Chapter XI Diseases of the digestive system,Gastro-oesophageal reflux disease,15822,2219,1.04 [0.97-1.12],0.2473753590437883
SMPD3,Sphingomyelin phosphodiesterase 3,Chapter XI Diseases of the digestive system,Gastroduodenal ulcer,14139,536,0.98 [0.83-1.15],0.7658180742261498
SMPD3,Sphingomyelin phosphodiesterase 3,Chapter XI Diseases of the digestive system,Gastrointestinal diseases,14195,6931,1.01 [0.97-1.06],0.5204242844039525
SMPD3,Sphingomyelin phosphodiesterase 3,Chapter XI Diseases of the digestive system,GI-bleeding,19062,1050,1.02 [0.92-1.14],0.6764913626143897
SMPD3,Sphingomyelin phosphodiesterase 3,Chapter XI Diseases of the digestive system,Gingivitis and periodontal diseases,18932,43,0.95 [0.54-1.70],0.8711424291025089
SMPD3,Sphingomyelin phosphodiesterase 3,Chapter XI Diseases of the digestive system,Haemorrhoids and perianal venous thrombosis,13296,1001,0.99 [0.89-1.11],0.8792746794677012
SMPD3,Sphingomyelin phosphodiesterase 3,Chapter XI Diseases of the digestive system,"Hepatic failure, not elsewhere classified",18758,58,0.81 [0.45-1.46],0.4854153673941221
SMPD3,Sphingomyelin phosphodiesterase 3,Chapter XI Diseases of the digestive system,Hernia,17841,3048,1.03 [0.97-1.10],0.3181210207654593
SMPD3,Sphingomyelin phosphodiesterase 3,Chapter XI Diseases of the digestive system,Impacted teeth,19541,19,1.11 [0.55-2.24],0.7640100923865936
SMPD3,Sphingomyelin phosphodiesterase 3,Chapter XI Diseases of the digestive system,Impaction of intestines,12523,64,0.90 [0.55-1.48],0.6821353470127778
SMPD3,Sphingomyelin phosphodiesterase 3,Chapter XI Diseases of the digestive system,Inguinal hernia,15728,935,1.14 [1.03-1.25],0.0093633102199867
SMPD3,Sphingomyelin phosphodiesterase 3,Chapter XI Diseases of the digestive system,"Inguinal hernia, bilateral",14892,99,1.19 [0.90-1.57],0.2253125857768665
SMPD3,Sphingomyelin phosphodiesterase 3,Chapter XI Diseases of the digestive system,Intestinal adhesions without obstruction,12555,96,1.51 [1.22-1.87],0.0001425054989768
SMPD3,Sphingomyelin phosphodiesterase 3,Chapter XI Diseases of the digestive system,Intestinal malabsorption,18137,125,1.50 [1.25-1.79],1.0786296191711475e-05
SMPD3,Sphingomyelin phosphodiesterase 3,Chapter XI Diseases of the digestive system,Irritable bowel syndrome,12888,429,0.91 [0.76-1.10],0.3308195048405082
SMPD3,Sphingomyelin phosphodiesterase 3,Chapter XI Diseases of the digestive system,Nonalcoholic fatty liver disease,19545,271,0.93 [0.72-1.18],0.5412370923479903
SMPD3,Sphingomyelin phosphodiesterase 3,Chapter XI Diseases of the digestive system,Noninfectious colitis NAS,18670,657,1.03 [0.90-1.18],0.6392476904908064
SMPD3,Sphingomyelin phosphodiesterase 3,Chapter XI Diseases of the digestive system,Noninfective enteritis and colitis,18925,912,1.03 [0.92-1.15],0.6457871813513094
SMPD3,Sphingomyelin phosphodiesterase 3,Chapter XI Diseases of the digestive system,Oesophageal obstruction,13788,185,1.27 [1.05-1.54],0.0152896796372684
SMPD3,Sphingomyelin phosphodiesterase 3,Chapter XI Diseases of the digestive system,Oesophagitis,14190,587,0.97 [0.84-1.13],0.7424235344708867
SMPD3,Sphingomyelin phosphodiesterase 3,Chapter XI Diseases of the digestive system,Oral lichen ruber planus,19517,114,0.92 [0.64-1.32],0.6374823404393699
SMPD3,Sphingomyelin phosphodiesterase 3,Chapter XI Diseases of the digestive system,Other and unspecified abdominal hernia,14864,71,1.34 [0.99-1.81],0.05578485843603
SMPD3,Sphingomyelin phosphodiesterase 3,Chapter XI Diseases of the digestive system,Other diseases of anus and rectum,13620,1161,0.96 [0.86-1.07],0.5031827995941744
SMPD3,Sphingomyelin phosphodiesterase 3,Chapter XI Diseases of the digestive system,Other diseases of biliary tract,18010,303,1.09 [0.90-1.32],0.3649708823728244
SMPD3,Sphingomyelin phosphodiesterase 3,Chapter XI Diseases of the digestive system,Other diseases of gallbladder,17830,123,0.86 [0.59-1.26],0.439920513389052
SMPD3,Sphingomyelin phosphodiesterase 3,Chapter XI Diseases of the digestive system,Other diseases of intestine,14083,1624,1.02 [0.93-1.11],0.7336727101510934
SMPD3,Sphingomyelin phosphodiesterase 3,Chapter XI Diseases of the digestive system,Other diseases of intestines,17636,5177,1.02 [0.97-1.07],0.5269440143146145
SMPD3,Sphingomyelin phosphodiesterase 3,Chapter XI Diseases of the digestive system,Other diseases of lip and oral mucosa,18841,177,1.05 [0.82-1.36],0.6830134910225067
SMPD3,Sphingomyelin phosphodiesterase 3,Chapter XI Diseases of the digestive system,Other diseases of liver,19336,636,0.87 [0.73-1.02],0.0854352992654913
SMPD3,Sphingomyelin phosphodiesterase 3,Chapter XI Diseases of the digestive system,Other diseases of oesophagus,14244,641,1.02 [0.89-1.17],0.7255709129931023
SMPD3,Sphingomyelin phosphodiesterase 3,Chapter XI Diseases of the digestive system,Other diseases of pancreas,17886,179,1.11 [0.87-1.42],0.410168238872993
SMPD3,Sphingomyelin phosphodiesterase 3,Chapter XI Diseases of the digestive system,Other diseases of peritoneum,19431,354,0.84 [0.67-1.05],0.1271598199105153
SMPD3,Sphingomyelin phosphodiesterase 3,Chapter XI Diseases of the digestive system,Other diseases of stomach and duodenum,14525,922,1.07 [0.96-1.19],0.23588551612413
SMPD3,Sphingomyelin phosphodiesterase 3,Chapter XI Diseases of the digestive system,Other diseases of the digestive system,19073,1061,1.02 [0.92-1.14],0.7076827872429361
SMPD3,Sphingomyelin phosphodiesterase 3,Chapter XI Diseases of the digestive system,Other disorders of teeth and supporting structures,19031,142,1.03 [0.77-1.39],0.8172905783805361
SMPD3,Sphingomyelin phosphodiesterase 3,Chapter XI Diseases of the digestive system,Other functional intestinal disorders,14234,1775,1.08 [0.99-1.16],0.0684755334205336
SMPD3,Sphingomyelin phosphodiesterase 3,Chapter XI Diseases of the digestive system,Other gastritis (incl. Duodenitis),15412,1809,1.06 [0.98-1.15],0.1334270239257455
SMPD3,Sphingomyelin phosphodiesterase 3,Chapter XI Diseases of the digestive system,Other inflammatory liver diseases,18792,92,0.89 [0.57-1.37],0.590039897718858
SMPD3,Sphingomyelin phosphodiesterase 3,Chapter XI Diseases of the digestive system,Other noninfective gastroenteritis and colitis,18821,808,1.01 [0.89-1.14],0.8795144035384405
SMPD3,Sphingomyelin phosphodiesterase 3,Chapter XI Diseases of the digestive system,"Other or unspecified ileus, impaction or obstruction",12831,372,1.04 [0.87-1.25],0.6469133217163126
SMPD3,Sphingomyelin phosphodiesterase 3,Chapter XI Diseases of the digestive system,Palatinal maxillary canine,19536,24,1.13 [0.61-2.07],0.6972983372409385
SMPD3,Sphingomyelin phosphodiesterase 3,Chapter XI Diseases of the digestive system,Paralytic ileus and intestinal obstruction,12976,517,1.11 [0.97-1.28],0.1327823030259451
SMPD3,Sphingomyelin phosphodiesterase 3,Chapter XI Diseases of the digestive system,"Postprocedural disorders of digestive system, not elsewhere classified",18151,139,1.14 [0.87-1.49],0.3289204139960069
SMPD3,Sphingomyelin phosphodiesterase 3,Chapter XI Diseases of the digestive system,Recurring oral aphthae,19557,44,0.30 [0.11-0.82],0.0192265230448905
SMPD3,Sphingomyelin phosphodiesterase 3,Chapter XI Diseases of the digestive system,Stomatitis and related lesions,18884,84,0.43 [0.22-0.84],0.013404643493379
SMPD3,Sphingomyelin phosphodiesterase 3,Chapter XI Diseases of the digestive system,Toxic colitis,18082,69,0.94 [0.59-1.49],0.7787591143877597
SMPD3,Sphingomyelin phosphodiesterase 3,Chapter XI Diseases of the digestive system,Ulcer of oesophagus,13895,292,0.94 [0.75-1.18],0.5902064408808932
SMPD3,Sphingomyelin phosphodiesterase 3,Chapter XI Diseases of the digestive system,Ulcerative colitis,18150,137,1.00 [0.74-1.36],0.9756737198971752
SMPD3,Sphingomyelin phosphodiesterase 3,Chapter XI Diseases of the digestive system,"Ulcerative colitis, NAS",18123,110,1.03 [0.74-1.43],0.8563037838978913
SMPD3,Sphingomyelin phosphodiesterase 3,Chapter XI Diseases of the digestive system,Umbilical hernia,15006,213,0.85 [0.63-1.13],0.2593650811680731
SMPD3,Sphingomyelin phosphodiesterase 3,Chapter XI Diseases of the digestive system,Vascular disorders of the intestines,12666,207,0.76 [0.55-1.05],0.0925501733241807
SMPD3,Sphingomyelin phosphodiesterase 3,Chapter XI Diseases of the digestive system,Ventral hernia,15016,223,0.90 [0.68-1.19],0.4547002727490954
SMPD3,Sphingomyelin phosphodiesterase 3,Chapter XI Diseases of the digestive system,Volvulus,12535,76,0.97 [0.64-1.47],0.8752859354514213
SMPD3,Sphingomyelin phosphodiesterase 3,Chapter XII Diseases of the skin and subcutaneous tissue,Actinic keratosis,19480,337,1.15 [0.98-1.35],0.0842183781353471
SMPD3,Sphingomyelin phosphodiesterase 3,Chapter XII Diseases of the skin and subcutaneous tissue,Arthropathic psoriasis,19264,61,1.23 [0.87-1.75],0.2433357268918165
SMPD3,Sphingomyelin phosphodiesterase 3,Chapter XII Diseases of the skin and subcutaneous tissue,Atrophic disorders of skin,17467,141,1.06 [0.80-1.39],0.6971713291532826
SMPD3,Sphingomyelin phosphodiesterase 3,Chapter XII Diseases of the skin and subcutaneous tissue,Cellulitis,19044,689,1.09 [0.96-1.24],0.1695501442845109
SMPD3,Sphingomyelin phosphodiesterase 3,Chapter XII Diseases of the skin and subcutaneous tissue,"Cutaneous abscess, furuncle and carbuncle",18474,119,1.03 [0.75-1.42],0.838881041109587
SMPD3,Sphingomyelin phosphodiesterase 3,Chapter XII Diseases of the skin and subcutaneous tissue,Decubitus ulcer and pressure area,17812,486,1.09 [0.94-1.27],0.2454960248318027
SMPD3,Sphingomyelin phosphodiesterase 3,Chapter XII Diseases of the skin and subcutaneous tissue,Dermatitis,19273,261,1.13 [0.93-1.38],0.221452879588357
SMPD3,Sphingomyelin phosphodiesterase 3,Chapter XII Diseases of the skin and subcutaneous tissue,Dermatitis and eczema,19473,461,1.09 [0.94-1.27],0.2676947956960688
SMPD3,Sphingomyelin phosphodiesterase 3,Chapter XII Diseases of the skin and subcutaneous tissue,Dermatitis due to substances taken internally,19054,42,0.63 [0.29-1.38],0.2529337934513305
SMPD3,Sphingomyelin phosphodiesterase 3,Chapter XII Diseases of the skin and subcutaneous tissue,Diseases of the skin and subcutaneous tissue,18211,3087,1.03 [0.96-1.09],0.4279608162454507
SMPD3,Sphingomyelin phosphodiesterase 3,Chapter XII Diseases of the skin and subcutaneous tissue,Disorders of skin appendages,19198,356,0.98 [0.82-1.19],0.8739548824587605
SMPD3,Sphingomyelin phosphodiesterase 3,Chapter XII Diseases of the skin and subcutaneous tissue,Follicular cysts of skin and subcutaneous tissue,19088,246,1.00 [0.80-1.25],0.9995077525808954
SMPD3,Sphingomyelin phosphodiesterase 3,Chapter XII Diseases of the skin and subcutaneous tissue,Infections of the skin and subcutaneous tissue,19244,889,1.06 [0.95-1.19],0.2879364359023392
SMPD3,Sphingomyelin phosphodiesterase 3,Chapter XII Diseases of the skin and subcutaneous tissue,"Lichen planus, including avohilmo",19552,51,1.04 [0.65-1.68],0.8610936473026896
SMPD3,Sphingomyelin phosphodiesterase 3,Chapter XII Diseases of the skin and subcutaneous tissue,Lupus erythematosus,17380,54,0.85 [0.47-1.53],0.5853917845761873
SMPD3,Sphingomyelin phosphodiesterase 3,Chapter XII Diseases of the skin and subcutaneous tissue,Nail disorders,18892,50,0.96 [0.57-1.61],0.8747287429315782
SMPD3,Sphingomyelin phosphodiesterase 3,Chapter XII Diseases of the skin and subcutaneous tissue,Other and unspecified dermatitis,19261,249,1.11 [0.91-1.36],0.3113533081278988
SMPD3,Sphingomyelin phosphodiesterase 3,Chapter XII Diseases of the skin and subcutaneous tissue,Other and unspecified disorders of skin and subcutaneous tissue,17825,499,0.99 [0.84-1.15],0.873148049189971
SMPD3,Sphingomyelin phosphodiesterase 3,Chapter XII Diseases of the skin and subcutaneous tissue,Other and unspecified epidermal thickening,17402,76,1.01 [0.68-1.50],0.9563592570591926
SMPD3,Sphingomyelin phosphodiesterase 3,Chapter XII Diseases of the skin and subcutaneous tissue,Other and unspecified erythematous conditions,19497,72,0.75 [0.43-1.30],0.3033861462691102
SMPD3,Sphingomyelin phosphodiesterase 3,Chapter XII Diseases of the skin and subcutaneous tissue,Other and unspecified local infections of skin and subcutaneous tissue,18531,176,1.23 [1.00-1.53],0.0533890917740959
SMPD3,Sphingomyelin phosphodiesterase 3,Chapter XII Diseases of the skin and subcutaneous tissue,Other and unspecified psoriasis,19392,189,1.03 [0.80-1.33],0.8151011094111492
SMPD3,Sphingomyelin phosphodiesterase 3,Chapter XII Diseases of the skin and subcutaneous tissue,Other contact dermatitis,19088,76,0.93 [0.59-1.46],0.7420523392966497
SMPD3,Sphingomyelin phosphodiesterase 3,Chapter XII Diseases of the skin and subcutaneous tissue,Other disorders of pigmentation,17387,61,1.20 [0.84-1.73],0.3144637664096335
SMPD3,Sphingomyelin phosphodiesterase 3,Chapter XII Diseases of the skin and subcutaneous tissue,Other disorders of skin and subcutaneous tissue,19050,1724,1.00 [0.92-1.09],0.9460125265211534
SMPD3,Sphingomyelin phosphodiesterase 3,Chapter XII Diseases of the skin and subcutaneous tissue,"Other disorders of skin and subcutaneous tissue, not elsewhere classified",17859,533,0.98 [0.84-1.14],0.7948633103456201
SMPD3,Sphingomyelin phosphodiesterase 3,Chapter XII Diseases of the skin and subcutaneous tissue,Other epidermal thickening,17405,79,1.02 [0.69-1.50],0.9132072375074448
SMPD3,Sphingomyelin phosphodiesterase 3,Chapter XII Diseases of the skin and subcutaneous tissue,Papulosquamous disorders,19491,288,1.05 [0.86-1.28],0.6329477765496634
SMPD3,Sphingomyelin phosphodiesterase 3,Chapter XII Diseases of the skin and subcutaneous tissue,Pruritus,19074,62,0.91 [0.55-1.50],0.7152629686255647
SMPD3,Sphingomyelin phosphodiesterase 3,Chapter XII Diseases of the skin and subcutaneous tissue,Psoriasis,19439,236,1.06 [0.85-1.32],0.5991046470497732
SMPD3,Sphingomyelin phosphodiesterase 3,Chapter XII Diseases of the skin and subcutaneous tissue,Radiation-related disorders of the skin and subcutaneous tissue,19509,366,1.18 [1.02-1.37],0.0278582729444304
SMPD3,Sphingomyelin phosphodiesterase 3,Chapter XII Diseases of the skin and subcutaneous tissue,Scar conditions and fibrosis of skin,17432,106,1.01 [0.73-1.41],0.930246701359007
SMPD3,Sphingomyelin phosphodiesterase 3,Chapter XII Diseases of the skin and subcutaneous tissue,Seborrhoeic keratosis,17610,284,0.88 [0.70-1.11],0.2776103234984388
SMPD3,Sphingomyelin phosphodiesterase 3,Chapter XII Diseases of the skin and subcutaneous tissue,Skin changes due to chronic exposure to nonionizing radiation,19497,354,1.19 [1.02-1.38],0.0243046200257817
SMPD3,Sphingomyelin phosphodiesterase 3,Chapter XII Diseases of the skin and subcutaneous tissue,"Ulcer of lower limb, not elsewhere classified",17592,266,1.11 [0.90-1.36],0.3328060891893101
SMPD3,Sphingomyelin phosphodiesterase 3,Chapter XII Diseases of the skin and subcutaneous tissue,Urticaria and erythema,19544,119,0.75 [0.49-1.15],0.1903201127749088
SMPD3,Sphingomyelin phosphodiesterase 3,Chapter XIII Diseases of the musculoskeletal system and connective tissue,Adhesive capsulitis of shoulder,16328,68,0.58 [0.30-1.13],0.1076917215651522
SMPD3,Sphingomyelin phosphodiesterase 3,Chapter XIII Diseases of the musculoskeletal system and connective tissue,Arthropathies,17267,5413,1.02 [0.97-1.07],0.4370853531962518
SMPD3,Sphingomyelin phosphodiesterase 3,Chapter XIII Diseases of the musculoskeletal system and connective tissue,Arthrosis,16075,4221,1.01 [0.95-1.06],0.8101768544513002
SMPD3,Sphingomyelin phosphodiesterase 3,Chapter XIII Diseases of the musculoskeletal system and connective tissue,Bursitis of shoulder,16306,46,0.74 [0.37-1.46],0.3812684908908031
SMPD3,Sphingomyelin phosphodiesterase 3,Chapter XIII Diseases of the musculoskeletal system and connective tissue,Cervical disc disorders,16303,116,0.76 [0.49-1.16],0.2055691177333561
SMPD3,Sphingomyelin phosphodiesterase 3,Chapter XIII Diseases of the musculoskeletal system and connective tissue,Cervicalgia,16343,156,1.12 [0.86-1.44],0.4090978369539535
SMPD3,Sphingomyelin phosphodiesterase 3,Chapter XIII Diseases of the musculoskeletal system and connective tissue,Chondropathies,19356,50,0.67 [0.33-1.36],0.2678038108533934
SMPD3,Sphingomyelin phosphodiesterase 3,Chapter XIII Diseases of the musculoskeletal system and connective tissue,"Collapsed vertebra, not elsewhere classified",16307,120,0.58 [0.35-0.96],0.0332222646053721
SMPD3,Sphingomyelin phosphodiesterase 3,Chapter XIII Diseases of the musculoskeletal system and connective tissue,Coxarthrosis,13105,1251,1.09 [1.00-1.19],0.0481993455821827
SMPD3,Sphingomyelin phosphodiesterase 3,Chapter XIII Diseases of the musculoskeletal system and connective tissue,"Coxarthrosis, primary",19384,211,1.07 [0.85-1.34],0.5671271189340461
SMPD3,Sphingomyelin phosphodiesterase 3,Chapter XIII Diseases of the musculoskeletal system and connective tissue,Deforming dorsopathies,16661,474,1.14 [0.98-1.31],0.0827966726591671
SMPD3,Sphingomyelin phosphodiesterase 3,Chapter XIII Diseases of the musculoskeletal system and connective tissue,Diseases of the musculoskeletal system and connective tissue,15869,6762,1.03 [0.98-1.07],0.2265730526180119
SMPD3,Sphingomyelin phosphodiesterase 3,Chapter XIII Diseases of the musculoskeletal system and connective tissue,Disorders of continuity of bone,17462,102,1.16 [0.86-1.57],0.3334524860147295
SMPD3,Sphingomyelin phosphodiesterase 3,Chapter XIII Diseases of the musculoskeletal system and connective tissue,Disorders of muscles,16406,146,0.95 [0.69-1.31],0.7467510650535207
SMPD3,Sphingomyelin phosphodiesterase 3,Chapter XIII Diseases of the musculoskeletal system and connective tissue,Disorders of synovium and tendon,16687,427,0.98 [0.82-1.16],0.8067294373809275
SMPD3,Sphingomyelin phosphodiesterase 3,Chapter XIII Diseases of the musculoskeletal system and connective tissue,Dorsopathies,18781,2594,1.01 [0.95-1.09],0.7006486996102945
SMPD3,Sphingomyelin phosphodiesterase 3,Chapter XIII Diseases of the musculoskeletal system and connective tissue,Fibroblastic disorders,16528,268,0.79 [0.61-1.03],0.0778897563610148
SMPD3,Sphingomyelin phosphodiesterase 3,Chapter XIII Diseases of the musculoskeletal system and connective tissue,Fibromyalgia,16385,125,0.88 [0.60-1.28],0.494628792902951
SMPD3,Sphingomyelin phosphodiesterase 3,Chapter XIII Diseases of the musculoskeletal system and connective tissue,Ganglion,16362,102,0.67 [0.41-1.08],0.1033256242458352
SMPD3,Sphingomyelin phosphodiesterase 3,Chapter XIII Diseases of the musculoskeletal system and connective tissue,Giant cell arteritis,18917,87,1.01 [0.69-1.48],0.9742846845733206
SMPD3,Sphingomyelin phosphodiesterase 3,Chapter XIII Diseases of the musculoskeletal system and connective tissue,Gonarthrosis,13537,1683,0.97 [0.88-1.06],0.4577934395872494
SMPD3,Sphingomyelin phosphodiesterase 3,Chapter XIII Diseases of the musculoskeletal system and connective tissue,Gout,12490,636,1.02 [0.89-1.18],0.7307930821628448
SMPD3,Sphingomyelin phosphodiesterase 3,Chapter XIII Diseases of the musculoskeletal system and connective tissue,"Gout, unspecified",19484,630,1.00 [0.87-1.16],0.986508818298932
SMPD3,Sphingomyelin phosphodiesterase 3,Chapter XIII Diseases of the musculoskeletal system and connective tissue,Hallux rigidus,11917,63,0.74 [0.42-1.32],0.3095867348938612
SMPD3,Sphingomyelin phosphodiesterase 3,Chapter XIII Diseases of the musculoskeletal system and connective tissue,Hallux valgus (acquired),12112,258,1.15 [0.96-1.38],0.1337799550547573
SMPD3,Sphingomyelin phosphodiesterase 3,Chapter XIII Diseases of the musculoskeletal system and connective tissue,Impingement syndrome of shoulder,16480,220,0.91 [0.70-1.18],0.4884182346948207
SMPD3,Sphingomyelin phosphodiesterase 3,Chapter XIII Diseases of the musculoskeletal system and connective tissue,Internal derangement of knee,12261,407,0.90 [0.74-1.09],0.264202374615297
SMPD3,Sphingomyelin phosphodiesterase 3,Chapter XIII Diseases of the musculoskeletal system and connective tissue,Kyphosis,16253,66,1.30 [0.94-1.79],0.1079434644266752
SMPD3,Sphingomyelin phosphodiesterase 3,Chapter XIII Diseases of the musculoskeletal system and connective tissue,Low back pain,16748,561,0.96 [0.82-1.13],0.6302438238250545
SMPD3,Sphingomyelin phosphodiesterase 3,Chapter XIII Diseases of the musculoskeletal system and connective tissue,Lumbar disc prolapse,16442,255,0.85 [0.65-1.10],0.2133035361027464
SMPD3,Sphingomyelin phosphodiesterase 3,Chapter XIII Diseases of the musculoskeletal system and connective tissue,Meniscus derangement,12235,381,0.89 [0.73-1.08],0.2464613904657822
SMPD3,Sphingomyelin phosphodiesterase 3,Chapter XIII Diseases of the musculoskeletal system and connective tissue,Myalgia,16319,59,0.84 [0.48-1.46],0.529568899303031
SMPD3,Sphingomyelin phosphodiesterase 3,Chapter XIII Diseases of the musculoskeletal system and connective tissue,"Neuralgia and neuritis, unspecified",16307,47,1.02 [0.61-1.70],0.9445995001265144
SMPD3,Sphingomyelin phosphodiesterase 3,Chapter XIII Diseases of the musculoskeletal system and connective tissue,Osteomyelitis,17426,66,1.37 [1.01-1.85],0.0463554899957868
SMPD3,Sphingomyelin phosphodiesterase 3,Chapter XIII Diseases of the musculoskeletal system and connective tissue,Osteopathies and chondropathies,19216,1856,1.04 [0.96-1.13],0.3111872193465599
SMPD3,Sphingomyelin phosphodiesterase 3,Chapter XIII Diseases of the musculoskeletal system and connective tissue,Osteoporosis,18673,1313,1.00 [0.91-1.10],0.986190471643254
SMPD3,Sphingomyelin phosphodiesterase 3,Chapter XIII Diseases of the musculoskeletal system and connective tissue,"Other (seronegative) rheumatoid arthritis, wide",19431,458,0.95 [0.79-1.13],0.5577334921312666
SMPD3,Sphingomyelin phosphodiesterase 3,Chapter XIII Diseases of the musculoskeletal system and connective tissue,Other arthrosis,14482,2628,1.00 [0.93-1.07],0.8983609604075271
SMPD3,Sphingomyelin phosphodiesterase 3,Chapter XIII Diseases of the musculoskeletal system and connective tissue,Other articular cartilage disorders,11893,39,0.92 [0.49-1.71],0.7820386088086396
SMPD3,Sphingomyelin phosphodiesterase 3,Chapter XIII Diseases of the musculoskeletal system and connective tissue,Other bursopathies,16342,82,1.01 [0.69-1.48],0.9574039364974284
SMPD3,Sphingomyelin phosphodiesterase 3,Chapter XIII Diseases of the musculoskeletal system and connective tissue,Other crystal arthropathies,11920,66,1.44 [1.10-1.88],0.0077735541005995
SMPD3,Sphingomyelin phosphodiesterase 3,Chapter XIII Diseases of the musculoskeletal system and connective tissue,Other deformities of toe(s),11967,113,0.91 [0.63-1.30],0.6034059515626535
SMPD3,Sphingomyelin phosphodiesterase 3,Chapter XIII Diseases of the musculoskeletal system and connective tissue,Other disorders of bone,17559,199,1.15 [0.93-1.43],0.2051752997884648
SMPD3,Sphingomyelin phosphodiesterase 3,Chapter XIII Diseases of the musculoskeletal system and connective tissue,Other disorders of bone density and structure,17771,411,1.04 [0.88-1.24],0.624811151556417
SMPD3,Sphingomyelin phosphodiesterase 3,Chapter XIII Diseases of the musculoskeletal system and connective tissue,Other disorders of the musculoskeletal system and connective tissue,19551,91,1.43 [1.13-1.80],0.0025967937660606
SMPD3,Sphingomyelin phosphodiesterase 3,Chapter XIII Diseases of the musculoskeletal system and connective tissue,"Other dorsopathies, not elsewhere classified",17820,1633,0.99 [0.90-1.08],0.7709243691515377
SMPD3,Sphingomyelin phosphodiesterase 3,Chapter XIII Diseases of the musculoskeletal system and connective tissue,Other enthesopathies,16319,59,1.00 [0.63-1.58],0.9959755246779864
SMPD3,Sphingomyelin phosphodiesterase 3,Chapter XIII Diseases of the musculoskeletal system and connective tissue,Other hammer toe(s) (acquired),11984,130,1.25 [0.99-1.58],0.0553484051691756
SMPD3,Sphingomyelin phosphodiesterase 3,Chapter XIII Diseases of the musculoskeletal system and connective tissue,Other intervertebral disc disorders,16838,651,0.95 [0.81-1.10],0.4760929819596324
SMPD3,Sphingomyelin phosphodiesterase 3,Chapter XIII Diseases of the musculoskeletal system and connective tissue,Other joint disorders,13694,1840,1.05 [0.97-1.13],0.2202082303541173
SMPD3,Sphingomyelin phosphodiesterase 3,Chapter XIII Diseases of the musculoskeletal system and connective tissue,Other necrotizing vasculopathies,18936,106,1.08 [0.78-1.49],0.641857294322068
SMPD3,Sphingomyelin phosphodiesterase 3,Chapter XIII Diseases of the musculoskeletal system and connective tissue,Other psoriatic arthropathies,19562,59,1.26 [0.89-1.79],0.1964216802174128
SMPD3,Sphingomyelin phosphodiesterase 3,Chapter XIII Diseases of the musculoskeletal system and connective tissue,Other shoulder lesions,16328,68,0.59 [0.31-1.12],0.1074575502035627
SMPD3,Sphingomyelin phosphodiesterase 3,Chapter XIII Diseases of the musculoskeletal system and connective tissue,"Other soft tissue disorders, not elsewhere classified",17382,1122,1.09 [0.99-1.20],0.0902145258462337
SMPD3,Sphingomyelin phosphodiesterase 3,Chapter XIII Diseases of the musculoskeletal system and connective tissue,Other specified disorders of muscle,16343,83,1.05 [0.72-1.53],0.8113218871017147
SMPD3,Sphingomyelin phosphodiesterase 3,Chapter XIII Diseases of the musculoskeletal system and connective tissue,Other specified/unspecified arthritis,13606,1752,1.06 [0.98-1.15],0.1373952157983993
SMPD3,Sphingomyelin phosphodiesterase 3,Chapter XIII Diseases of the musculoskeletal system and connective tissue,Other specified/unspecified disorders of  bone/cartilage,17460,100,1.11 [0.81-1.52],0.5073335118809034
SMPD3,Sphingomyelin phosphodiesterase 3,Chapter XIII Diseases of the musculoskeletal system and connective tissue,Other specified/unspecified disorders of synovium and tendon +Other specified/unspecified bursopathies,16289,29,1.39 [0.92-2.10],0.1165590407118551
SMPD3,Sphingomyelin phosphodiesterase 3,Chapter XIII Diseases of the musculoskeletal system and connective tissue,Other specified/unspecified inflammatory spondylopathies,16348,161,1.11 [0.86-1.44],0.4135683292751437
SMPD3,Sphingomyelin phosphodiesterase 3,Chapter XIII Diseases of the musculoskeletal system and connective tissue,Other specified/unspecified soft tissue disorders,16825,565,1.16 [1.02-1.32],0.0252913889228085
SMPD3,Sphingomyelin phosphodiesterase 3,Chapter XIII Diseases of the musculoskeletal system and connective tissue,Other systemic involvement of connective tissue,19250,420,0.95 [0.79-1.14],0.5507410871424536
SMPD3,Sphingomyelin phosphodiesterase 3,Chapter XIII Diseases of the musculoskeletal system and connective tissue,Other/unspecified dorsalgia,16723,536,0.95 [0.81-1.12],0.5663720926142968
SMPD3,Sphingomyelin phosphodiesterase 3,Chapter XIII Diseases of the musculoskeletal system and connective tissue,Other/unspecified rheumatoid arthritis,19442,452,0.95 [0.80-1.14],0.6085623853699964
SMPD3,Sphingomyelin phosphodiesterase 3,Chapter XIII Diseases of the musculoskeletal system and connective tissue,Other/unspecified seropositive rheumatoid arthritis,19548,57,0.46 [0.21-1.02],0.0563219620202654
SMPD3,Sphingomyelin phosphodiesterase 3,Chapter XIII Diseases of the musculoskeletal system and connective tissue,Other/unspecified synovitis and tenosynovitis,16396,136,0.96 [0.70-1.32],0.811695734089712
SMPD3,Sphingomyelin phosphodiesterase 3,Chapter XIII Diseases of the musculoskeletal system and connective tissue,Pain in joint,15249,733,0.99 [0.86-1.13],0.8592274720059444
SMPD3,Sphingomyelin phosphodiesterase 3,Chapter XIII Diseases of the musculoskeletal system and connective tissue,Pain in limb,16798,538,1.10 [0.96-1.27],0.1794389214920709
SMPD3,Sphingomyelin phosphodiesterase 3,Chapter XIII Diseases of the musculoskeletal system and connective tissue,Palmar fascial fibromatosis [Dupuytren],16502,242,0.79 [0.60-1.04],0.0870976102464148
SMPD3,Sphingomyelin phosphodiesterase 3,Chapter XIII Diseases of the musculoskeletal system and connective tissue,"Polyarthritis, unspecified",11916,62,1.02 [0.65-1.61],0.9160987726122044
SMPD3,Sphingomyelin phosphodiesterase 3,Chapter XIII Diseases of the musculoskeletal system and connective tissue,Polyarthropathies,14484,2630,1.05 [0.98-1.12],0.1597725391641555
SMPD3,Sphingomyelin phosphodiesterase 3,Chapter XIII Diseases of the musculoskeletal system and connective tissue,Polyarthrosis,12542,688,0.99 [0.86-1.14],0.8893860151854007
SMPD3,Sphingomyelin phosphodiesterase 3,Chapter XIII Diseases of the musculoskeletal system and connective tissue,Polymyalgia rheumatica,19143,313,0.90 [0.72-1.12],0.3471792476601311
SMPD3,Sphingomyelin phosphodiesterase 3,Chapter XIII Diseases of the musculoskeletal system and connective tissue,"Postprocedural musculoskeletal disorders, not elsewhere classified",19522,62,1.42 [1.07-1.90],0.0162778212829261
SMPD3,Sphingomyelin phosphodiesterase 3,Chapter XIII Diseases of the musculoskeletal system and connective tissue,"Primary gonarthrosis, bilateral",17346,57,0.59 [0.29-1.21],0.1521317982946554
SMPD3,Sphingomyelin phosphodiesterase 3,Chapter XIII Diseases of the musculoskeletal system and connective tissue,Psoriatic arthropathies,11914,60,1.25 [0.89-1.75],0.2055555490801888
SMPD3,Sphingomyelin phosphodiesterase 3,Chapter XIII Diseases of the musculoskeletal system and connective tissue,Radiculopathy,16280,93,0.90 [0.59-1.37],0.6092210893535626
SMPD3,Sphingomyelin phosphodiesterase 3,Chapter XIII Diseases of the musculoskeletal system and connective tissue,Rheumatoid arthritis,12319,465,0.95 [0.80-1.13],0.5749473720203362
SMPD3,Sphingomyelin phosphodiesterase 3,Chapter XIII Diseases of the musculoskeletal system and connective tissue,Rotator cuff syndrome,16545,285,0.94 [0.76-1.18],0.6132751061593846
SMPD3,Sphingomyelin phosphodiesterase 3,Chapter XIII Diseases of the musculoskeletal system and connective tissue,Sciatica+with lumbago,16427,240,1.15 [0.94-1.41],0.1641426637806297
SMPD3,Sphingomyelin phosphodiesterase 3,Chapter XIII Diseases of the musculoskeletal system and connective tissue,Scoliosis,16404,217,1.18 [0.96-1.45],0.1227437456598818
SMPD3,Sphingomyelin phosphodiesterase 3,Chapter XIII Diseases of the musculoskeletal system and connective tissue,Seronegative rheumatoid arthritis,13789,59,0.88 [0.52-1.50],0.6480521450290735
SMPD3,Sphingomyelin phosphodiesterase 3,Chapter XIII Diseases of the musculoskeletal system and connective tissue,"Seropositive rheumatoid arthritis, wide",19552,61,0.50 [0.24-1.05],0.0688533509554479
SMPD3,Sphingomyelin phosphodiesterase 3,Chapter XIII Diseases of the musculoskeletal system and connective tissue,Shoulder lesions,16727,467,0.87 [0.72-1.05],0.1423441047106164
SMPD3,Sphingomyelin phosphodiesterase 3,Chapter XIII Diseases of the musculoskeletal system and connective tissue,Sicca syndrome [Sjgren],18915,85,1.03 [0.71-1.50],0.8737011935830353
SMPD3,Sphingomyelin phosphodiesterase 3,Chapter XIII Diseases of the musculoskeletal system and connective tissue,Soft tissue disorders,18467,2207,1.00 [0.93-1.08],0.9724055081619404
SMPD3,Sphingomyelin phosphodiesterase 3,Chapter XIII Diseases of the musculoskeletal system and connective tissue,"Soft tissue disorders related to use, overuse and pressure",16384,124,0.94 [0.67-1.32],0.730675699715196
SMPD3,Sphingomyelin phosphodiesterase 3,Chapter XIII Diseases of the musculoskeletal system and connective tissue,Spinal stenosis,16766,579,1.03 [0.89-1.19],0.7035542949255458
SMPD3,Sphingomyelin phosphodiesterase 3,Chapter XIII Diseases of the musculoskeletal system and connective tissue,Spondyloarthritis,18402,219,1.03 [0.82-1.31],0.7875934836174111
SMPD3,Sphingomyelin phosphodiesterase 3,Chapter XIII Diseases of the musculoskeletal system and connective tissue,Spondylolisthesis/Spondylolysis,16387,200,1.00 [0.77-1.29],0.9771344498372428
SMPD3,Sphingomyelin phosphodiesterase 3,Chapter XIII Diseases of the musculoskeletal system and connective tissue,Spondylopathies,17817,1630,1.05 [0.97-1.15],0.2376677970977892
SMPD3,Sphingomyelin phosphodiesterase 3,Chapter XIII Diseases of the musculoskeletal system and connective tissue,Spondylosis,17255,1068,1.11 [1.00-1.22],0.042183420325444
SMPD3,Sphingomyelin phosphodiesterase 3,Chapter XIII Diseases of the musculoskeletal system and connective tissue,Synovial cyst of popliteal space [Baker],16308,48,1.26 [0.87-1.84],0.2226739251482481
SMPD3,Sphingomyelin phosphodiesterase 3,Chapter XIII Diseases of the musculoskeletal system and connective tissue,Systemic lupus erythematosus,18934,104,0.66 [0.40-1.09],0.1078492114433167
SMPD3,Sphingomyelin phosphodiesterase 3,Chapter XIII Diseases of the musculoskeletal system and connective tissue,Trigger finger,16398,138,1.10 [0.84-1.45],0.4733312733973225
SMPD3,Sphingomyelin phosphodiesterase 3,Chapter XIII Diseases of the musculoskeletal system and connective tissue,Trochanteric bursitis,16339,79,1.00 [0.66-1.51],0.9883949239604648
SMPD3,Sphingomyelin phosphodiesterase 3,Chapter XIII Diseases of the musculoskeletal system and connective tissue,Wrist or foot drop (acquired),11916,62,1.12 [0.76-1.64],0.576601228024301
SMPD3,Sphingomyelin phosphodiesterase 3,Chapter XIV Diseases of the genitourinary system,Acute renal failure,18453,1785,1.13 [1.05-1.22],0.0019492594265676
SMPD3,Sphingomyelin phosphodiesterase 3,Chapter XIV Diseases of the genitourinary system,Adenomyosis (Endometriosis of uterus),7896,23,0.99 [0.46-2.12],0.9821989782831116
SMPD3,Sphingomyelin phosphodiesterase 3,Chapter XIV Diseases of the genitourinary system,Benign mammary dysplasia,10016,29,1.55 [1.10-2.19],0.0119959403668299
SMPD3,Sphingomyelin phosphodiesterase 3,Chapter XIV Diseases of the genitourinary system,Calculus of kidney and ureter,19297,259,1.04 [0.84-1.29],0.7097017817167065
SMPD3,Sphingomyelin phosphodiesterase 3,Chapter XIV Diseases of the genitourinary system,Calculus of lower urinary tract,19128,90,1.25 [0.94-1.66],0.1323291372443392
SMPD3,Sphingomyelin phosphodiesterase 3,Chapter XIV Diseases of the genitourinary system,Chronic kidney disease,18382,1714,1.11 [1.02-1.20],0.0108650487288386
SMPD3,Sphingomyelin phosphodiesterase 3,Chapter XIV Diseases of the genitourinary system,Chronic nephritic syndrome,19386,88,1.52 [1.20-1.91],0.000448492054488
SMPD3,Sphingomyelin phosphodiesterase 3,Chapter XIV Diseases of the genitourinary system,Cyst of kidney,19344,331,1.03 [0.84-1.25],0.7979658283072594
SMPD3,Sphingomyelin phosphodiesterase 3,Chapter XIV Diseases of the genitourinary system,Cystitis,16426,244,1.06 [0.86-1.31],0.5940666896350068
SMPD3,Sphingomyelin phosphodiesterase 3,Chapter XIV Diseases of the genitourinary system,Dialysis,16735,67,1.54 [1.20-1.99],0.0007991925429437
SMPD3,Sphingomyelin phosphodiesterase 3,Chapter XIV Diseases of the genitourinary system,Diseases of male genital organs,8565,1774,1.03 [0.95-1.12],0.4719944159153877
SMPD3,Sphingomyelin phosphodiesterase 3,Chapter XIV Diseases of the genitourinary system,Disorders of breast,10097,110,1.29 [1.00-1.66],0.0494368992130635
SMPD3,Sphingomyelin phosphodiesterase 3,Chapter XIV Diseases of the genitourinary system,Endometriosis,7907,34,0.85 [0.41-1.75],0.6600086893640557
SMPD3,Sphingomyelin phosphodiesterase 3,Chapter XIV Diseases of the genitourinary system,Female genital prolapse,8358,485,0.98 [0.83-1.15],0.7663117023194592
SMPD3,Sphingomyelin phosphodiesterase 3,Chapter XIV Diseases of the genitourinary system,Genitourinary diseases,16178,5198,1.01 [0.96-1.06],0.7065519693981325
SMPD3,Sphingomyelin phosphodiesterase 3,Chapter XIV Diseases of the genitourinary system,Glomerular disorders in diseases classified elsewhere,19366,68,1.21 [0.83-1.77],0.3158775782503127
SMPD3,Sphingomyelin phosphodiesterase 3,Chapter XIV Diseases of the genitourinary system,Hydrocele,6893,102,0.95 [0.66-1.37],0.7885597517089862
SMPD3,Sphingomyelin phosphodiesterase 3,Chapter XIV Diseases of the genitourinary system,Hydronephrosis,16695,274,1.18 [0.99-1.41],0.0670852334797166
SMPD3,Sphingomyelin phosphodiesterase 3,Chapter XIV Diseases of the genitourinary system,Hyperplasia of prostate,8301,1510,1.05 [0.97-1.15],0.2230949459547877
SMPD3,Sphingomyelin phosphodiesterase 3,Chapter XIV Diseases of the genitourinary system,Inflammatory diseases of female pelvic organs,10155,133,0.92 [0.65-1.31],0.6516523208217113
SMPD3,Sphingomyelin phosphodiesterase 3,Chapter XIV Diseases of the genitourinary system,Inflammatory diseases of prostate (prostatitis),6895,104,1.02 [0.73-1.43],0.8982833369058383
SMPD3,Sphingomyelin phosphodiesterase 3,Chapter XIV Diseases of the genitourinary system,Neuromuscular dysfunction of bladder,16251,69,0.95 [0.60-1.49],0.8103934050706747
SMPD3,Sphingomyelin phosphodiesterase 3,Chapter XIV Diseases of the genitourinary system,Noninflammatory disorders of female genital tract,8743,870,0.87 [0.76-1.00],0.0508463905504373
SMPD3,Sphingomyelin phosphodiesterase 3,Chapter XIV Diseases of the genitourinary system,Orchitis and epididymitis,6845,54,1.25 [0.85-1.84],0.24789233124619
SMPD3,Sphingomyelin phosphodiesterase 3,Chapter XIV Diseases of the genitourinary system,Other abnormal uterine and vaginal bleeding,7905,32,1.16 [0.65-2.05],0.6113481194773807
SMPD3,Sphingomyelin phosphodiesterase 3,Chapter XIV Diseases of the genitourinary system,"Other chronic cystitis, drug-induced",19562,71,0.79 [0.48-1.32],0.3766098863269956
SMPD3,Sphingomyelin phosphodiesterase 3,Chapter XIV Diseases of the genitourinary system,"Other cystitis, drug-induced",19555,71,1.38 [1.03-1.84],0.0298221199710464
SMPD3,Sphingomyelin phosphodiesterase 3,Chapter XIV Diseases of the genitourinary system,Other diseases of urinary system,18575,2393,1.00 [0.93-1.07],0.9518306830102542
SMPD3,Sphingomyelin phosphodiesterase 3,Chapter XIV Diseases of the genitourinary system,Other disorders of  bladder,16968,786,0.98 [0.87-1.12],0.8097746296898589
SMPD3,Sphingomyelin phosphodiesterase 3,Chapter XIV Diseases of the genitourinary system,Other disorders of breast,10032,45,1.36 [0.92-1.99],0.1195828257870723
SMPD3,Sphingomyelin phosphodiesterase 3,Chapter XIV Diseases of the genitourinary system,Other disorders of kidney and ureter,19507,494,1.11 [0.96-1.28],0.1626117587338351
SMPD3,Sphingomyelin phosphodiesterase 3,Chapter XIV Diseases of the genitourinary system,Other disorders of male genital organs,6915,124,0.81 [0.55-1.19],0.2861889236903959
SMPD3,Sphingomyelin phosphodiesterase 3,Chapter XIV Diseases of the genitourinary system,Other disorders of penis,6922,131,1.02 [0.75-1.39],0.9038708103555636
SMPD3,Sphingomyelin phosphodiesterase 3,Chapter XIV Diseases of the genitourinary system,Other disorders of prostate,6916,125,1.24 [0.97-1.60],0.0916339857680924
SMPD3,Sphingomyelin phosphodiesterase 3,Chapter XIV Diseases of the genitourinary system,Other disorders of the genitourinary system,19540,69,0.92 [0.59-1.46],0.7322296446480807
SMPD3,Sphingomyelin phosphodiesterase 3,Chapter XIV Diseases of the genitourinary system,Other disorders of urethra and urinary system,18055,1873,1.02 [0.94-1.10],0.6632017520142477
SMPD3,Sphingomyelin phosphodiesterase 3,Chapter XIV Diseases of the genitourinary system,Other female pelvic inflammatory diseases,10092,70,1.11 [0.75-1.64],0.6071565303495885
SMPD3,Sphingomyelin phosphodiesterase 3,Chapter XIV Diseases of the genitourinary system,Other noninflammatory disorders of cervix uteri,7936,63,0.55 [0.27-1.11],0.0951819660160011
SMPD3,Sphingomyelin phosphodiesterase 3,Chapter XIV Diseases of the genitourinary system,"Other noninflammatory disorders of uterus, except cervix",8006,133,0.78 [0.52-1.16],0.2142829260868425
SMPD3,Sphingomyelin phosphodiesterase 3,Chapter XIV Diseases of the genitourinary system,Other noninflammatory disorders of vagina,7922,49,0.83 [0.45-1.55],0.562055905719511
SMPD3,Sphingomyelin phosphodiesterase 3,Chapter XIV Diseases of the genitourinary system,Other noninflammatory disorders of vulva and perineum,7960,87,0.72 [0.43-1.19],0.2025400000036582
SMPD3,Sphingomyelin phosphodiesterase 3,Chapter XIV Diseases of the genitourinary system,Other obstructive and reflux uropathy,16744,323,1.17 [0.99-1.38],0.0710398586561979
SMPD3,Sphingomyelin phosphodiesterase 3,Chapter XIV Diseases of the genitourinary system,Other specified disorders of kidney and ureter,19171,158,1.25 [1.00-1.56],0.0469048922956533
SMPD3,Sphingomyelin phosphodiesterase 3,Chapter XIV Diseases of the genitourinary system,Ovarian cyst,7977,104,1.06 [0.77-1.48],0.7096853317253424
SMPD3,Sphingomyelin phosphodiesterase 3,Chapter XIV Diseases of the genitourinary system,Pain and other conditions associated with female genital organs and menstrual cycle,7895,22,0.75 [0.28-2.01],0.5694244398937436
SMPD3,Sphingomyelin phosphodiesterase 3,Chapter XIV Diseases of the genitourinary system,Polyp of the female genital tract,8058,185,0.56 [0.37-0.85],0.0062749192405211
SMPD3,Sphingomyelin phosphodiesterase 3,Chapter XIV Diseases of the genitourinary system,Postmenopausal atrophic vaginitis,7955,82,0.65 [0.38-1.13],0.125449578217202
SMPD3,Sphingomyelin phosphodiesterase 3,Chapter XIV Diseases of the genitourinary system,Postmenopausal bleeding,8050,177,0.73 [0.51-1.04],0.0814783257717366
SMPD3,Sphingomyelin phosphodiesterase 3,Chapter XIV Diseases of the genitourinary system,Recurrent and persistent haematuria,19346,48,1.19 [0.79-1.79],0.4047246458741211
SMPD3,Sphingomyelin phosphodiesterase 3,Chapter XIV Diseases of the genitourinary system,"Redundant prepuce, phimosis and paraphimosis",6920,129,1.15 [0.87-1.52],0.3338435551581298
SMPD3,Sphingomyelin phosphodiesterase 3,Chapter XIV Diseases of the genitourinary system,Renal tubulo-interstitial diseases,19364,2943,1.09 [1.02-1.16],0.0079619881384374
SMPD3,Sphingomyelin phosphodiesterase 3,Chapter XIV Diseases of the genitourinary system,"Tubulo-interstitial nephritis, not specified as acute or chronic",16494,73,1.17 [0.83-1.65],0.3709710494555621
SMPD3,Sphingomyelin phosphodiesterase 3,Chapter XIV Diseases of the genitourinary system,Unspecified kidney failure,16806,138,1.18 [0.91-1.53],0.218986523849243
SMPD3,Sphingomyelin phosphodiesterase 3,Chapter XIV Diseases of the genitourinary system,Unspecified renal colic,19069,31,0.97 [0.51-1.85],0.9243238186342831
SMPD3,Sphingomyelin phosphodiesterase 3,Chapter XIV Diseases of the genitourinary system,Urethral stricture,16403,221,0.87 [0.66-1.14],0.3001686350540411
SMPD3,Sphingomyelin phosphodiesterase 3,Chapter XIV Diseases of the genitourinary system,Urolithiasis,19373,335,1.06 [0.89-1.27],0.5042402019269849
SMPD3,Sphingomyelin phosphodiesterase 3,Chapter XIV Diseases of the genitourinary system,Uterine polyps,7907,34,0.43 [0.15-1.24],0.1190428079355849
