Protein,Protein_definition,Disease_category,Disease,NB_individual,NB_case,HR[95%CI],P_value
DENR,Density-regulated protein,Chapter I Certain infectious and parasitic diseases,"Bacterial infection, other or unspecified",18490,144,1.15 [0.88-1.49],0.3093542637712657
DENR,Density-regulated protein,Chapter I Certain infectious and parasitic diseases,"Bacterial intestinal infections, IBD co-morbidities",19442,201,0.98 [0.76-1.25],0.8512204086345019
DENR,Density-regulated protein,Chapter I Certain infectious and parasitic diseases,"Bacterial, viral and other infectious agents",19215,1407,1.00 [0.91-1.09],0.9634495338362146
DENR,Density-regulated protein,Chapter I Certain infectious and parasitic diseases,Candidiasis,19456,437,1.06 [0.91-1.25],0.4407187422161585
DENR,Density-regulated protein,Chapter I Certain infectious and parasitic diseases,Certain infectious and parasitic diseases,18821,3439,1.03 [0.97-1.09],0.3692419112574413
DENR,Density-regulated protein,Chapter I Certain infectious and parasitic diseases,Condition for Implicit Sepsis (Organ dysfunction codes),18799,3481,1.00 [0.95-1.06],0.9270986901034832
DENR,Density-regulated protein,Chapter I Certain infectious and parasitic diseases,Diarrhoea and gastroenteritis of presumed infectious origin,19207,1165,1.04 [0.95-1.15],0.3903435213480957
DENR,Density-regulated protein,Chapter I Certain infectious and parasitic diseases,Enterocolitis due to Clostridium difficile,19365,105,0.93 [0.66-1.32],0.6921404897386556
DENR,Density-regulated protein,Chapter I Certain infectious and parasitic diseases,Explicit Sepsis,17171,1019,0.99 [0.88-1.10],0.8112842199624591
DENR,Density-regulated protein,Chapter I Certain infectious and parasitic diseases,Implicit bacterial Sepsis,16565,1242,0.99 [0.90-1.10],0.9096431108297148
DENR,Density-regulated protein,Chapter I Certain infectious and parasitic diseases,Implicit fungal Sepsis,16209,264,1.04 [0.84-1.28],0.7246308972452942
DENR,Density-regulated protein,Chapter I Certain infectious and parasitic diseases,Implicit Sepsis,12707,2209,1.03 [0.96-1.10],0.4684995881309821
DENR,Density-regulated protein,Chapter I Certain infectious and parasitic diseases,Implicit viral Sepsis,16152,392,1.13 [0.96-1.33],0.1446620266542359
DENR,Density-regulated protein,Chapter I Certain infectious and parasitic diseases,Intestinal infectious diseases,19420,1378,1.02 [0.93-1.12],0.6617447226723778
DENR,Density-regulated protein,Chapter I Certain infectious and parasitic diseases,Mycoses,19522,503,1.06 [0.92-1.23],0.4289376087013646
DENR,Density-regulated protein,Chapter I Certain infectious and parasitic diseases,Other bacterial agents as the cause of diseases classified to other chapters,18798,990,1.00 [0.90-1.12],0.9950991268524896
DENR,Density-regulated protein,Chapter I Certain infectious and parasitic diseases,Other bacterial diseases,19467,1121,0.99 [0.89-1.10],0.8628532346363617
DENR,Density-regulated protein,Chapter I Certain infectious and parasitic diseases,Other bacterial intestinal infections,18243,201,0.98 [0.77-1.25],0.8523589863430685
DENR,Density-regulated protein,Chapter I Certain infectious and parasitic diseases,Other infectious diseases,19571,51,0.83 [0.49-1.38],0.4626432882722266
DENR,Density-regulated protein,Chapter I Certain infectious and parasitic diseases,Other septicaemia,19330,984,0.99 [0.88-1.10],0.8110768630835767
DENR,Density-regulated protein,Chapter I Certain infectious and parasitic diseases,Other specified/unspecified bacterial intestinal infections,19325,65,1.05 [0.69-1.59],0.8174662225129903
DENR,Density-regulated protein,Chapter I Certain infectious and parasitic diseases,Other viral diseases,19519,106,1.27 [0.95-1.69],0.1029029839492389
DENR,Density-regulated protein,Chapter I Certain infectious and parasitic diseases,"Other viral diseases, not elsewhere classified",19506,93,1.24 [0.91-1.69],0.1724162792460397
DENR,Density-regulated protein,Chapter I Certain infectious and parasitic diseases,Streptococcus and staphylococcus as the cause of diseases classified to other chapters,18196,388,0.98 [0.82-1.17],0.8038245903170763
DENR,Density-regulated protein,Chapter I Certain infectious and parasitic diseases,Viral agents as the cause of diseases classified to other chapters,18059,251,0.91 [0.73-1.14],0.4149023212519709
DENR,Density-regulated protein,Chapter I Certain infectious and parasitic diseases,Viral and other specified intestinal infections,18145,103,0.98 [0.70-1.38],0.9088437677961274
DENR,Density-regulated protein,Chapter I Certain infectious and parasitic diseases,Viral hepatitis,19558,45,1.01 [0.61-1.68],0.9683127335592332
DENR,Density-regulated protein,Chapter I Certain infectious and parasitic diseases,Viral infections characterized by skin and mucous membrane lesions,19510,152,1.07 [0.82-1.40],0.6190447121418434
DENR,Density-regulated protein,Chapter I Certain infectious and parasitic diseases,Viral warts,19409,51,1.21 [0.78-1.88],0.3853366403190602
DENR,Density-regulated protein,Chapter I Certain infectious and parasitic diseases,Zoster [herpes zoster],19429,71,1.00 [0.66-1.50],0.9908269848659392
DENR,Density-regulated protein,Chapter II Neoplasms,Benign lipomatous neoplasm,19327,221,0.79 [0.61-1.01],0.0615237816154085
DENR,Density-regulated protein,Chapter II Neoplasms,Benign lipomatous neoplasm of skin and subcutaneous tissue of limbs,19499,35,0.98 [0.55-1.76],0.9457074894124106
DENR,Density-regulated protein,Chapter II Neoplasms,Benign lipomatous neoplasm of skin and subcutaneous tissue of trunk,19484,40,0.80 [0.45-1.45],0.4641828398855793
DENR,Density-regulated protein,Chapter II Neoplasms,Benign lipomatous neoplasm of spermatic cord,9250,70,0.73 [0.46-1.14],0.1662931366917355
DENR,Density-regulated protein,Chapter II Neoplasms,"Benign neoplasm of colon, rectum, anus and anal canal",19184,1419,0.99 [0.90-1.08],0.7870845454259481
DENR,Density-regulated protein,Chapter II Neoplasms,Benign neoplasm of meninges,19558,57,0.94 [0.59-1.50],0.7986422053499035
DENR,Density-regulated protein,Chapter II Neoplasms,Benign neoplasm of other and ill-defined parts of digestive system,19493,70,1.12 [0.76-1.65],0.5718970844543219
DENR,Density-regulated protein,Chapter II Neoplasms,Benign neoplasm of other and unspecified endocrine glands,19548,101,1.27 [0.94-1.71],0.1167344633496057
DENR,Density-regulated protein,Chapter II Neoplasms,Benign neoplasm of ovary,10269,63,1.02 [0.66-1.56],0.9458214832044424
DENR,Density-regulated protein,Chapter II Neoplasms,Benign neoplasm: Ascending colon,19538,385,1.12 [0.95-1.32],0.1723817229348745
DENR,Density-regulated protein,Chapter II Neoplasms,Benign neoplasm: Caecum,19549,326,1.00 [0.83-1.21],0.9782776332344388
DENR,Density-regulated protein,Chapter II Neoplasms,"Benign neoplasm: Colon, unspecified",19449,75,0.93 [0.62-1.40],0.7332034138070862
DENR,Density-regulated protein,Chapter II Neoplasms,Benign neoplasm: Descending colon,19536,219,0.97 [0.77-1.23],0.8238430102757323
DENR,Density-regulated protein,Chapter II Neoplasms,Benign neoplasm: Rectum,19495,346,0.87 [0.72-1.06],0.1643595935481119
DENR,Density-regulated protein,Chapter II Neoplasms,Benign neoplasm: Sigmoid colon,19438,589,1.05 [0.91-1.20],0.5262675337161473
DENR,Density-regulated protein,Chapter II Neoplasms,Benign neoplasm: Transverse colon,19529,447,1.05 [0.90-1.23],0.523959987717274
DENR,Density-regulated protein,Chapter II Neoplasms,Carcinoma in situ of breast,7735,44,0.58 [0.32-1.05],0.0726749015769017
DENR,Density-regulated protein,Chapter II Neoplasms,"Carcinoma in situ of breast, intraductal",7766,53,0.98 [0.61-1.58],0.9426985834551485
DENR,Density-regulated protein,Chapter II Neoplasms,"Chronic lymphocytic leukaemia and small lyphocytis leukaemia, excluding all cancers (controls excluding all cancers)",14009,59,1.02 [0.66-1.59],0.9173245092546832
DENR,Density-regulated protein,Chapter II Neoplasms,"Diffuse large B-cell lymphoma, excluding all cancers (controls excluding all cancers)",14034,84,0.80 [0.54-1.20],0.28300861884597
DENR,Density-regulated protein,Chapter II Neoplasms,"Haemangioma and lymphangioma, any site",19522,106,0.77 [0.53-1.10],0.151041494904054
DENR,Density-regulated protein,Chapter II Neoplasms,"Haemangioma, any site",19523,103,0.79 [0.55-1.14],0.2161143046295541
DENR,Density-regulated protein,Chapter II Neoplasms,Leiomyoma of uterus,10039,145,1.11 [0.84-1.47],0.4507062896758371
DENR,Density-regulated protein,Chapter II Neoplasms,Lung cancer and mesothelioma,12483,422,1.00 [0.83-1.21],0.9981302436848966
DENR,Density-regulated protein,Chapter II Neoplasms,Lymphoid leukaemia,14010,60,1.14 [0.75-1.72],0.5403815504207585
DENR,Density-regulated protein,Chapter II Neoplasms,"Malignant melanoma of skin, excluding all cancers (controls excluding all cancers)",14135,185,1.17 [0.93-1.47],0.1718317571053519
DENR,Density-regulated protein,Chapter II Neoplasms,"Malignant neoplasm of bladder, excluding all cancers (controls excluding all cancers)",14204,254,0.93 [0.75-1.16],0.5181674035076465
DENR,Density-regulated protein,Chapter II Neoplasms,"Malignant neoplasm of corpus uteri, excluding all cancers (controls excluding all cancers)",7849,98,0.84 [0.58-1.22],0.3562763193300601
DENR,Density-regulated protein,Chapter II Neoplasms,"Malignant neoplasm of intrahepatic ducts, biliary tract and gallbladder, excluding all cancers (controls excluding all cancers)",14046,96,1.09 [0.78-1.51],0.6087336714088574
DENR,Density-regulated protein,Chapter II Neoplasms,"Malignant neoplasm of kidney, except renal pelvis, excluding all cancers (controls excluding all cancers)",14071,121,1.13 [0.85-1.50],0.3888643893990786
DENR,Density-regulated protein,Chapter II Neoplasms,"Malignant neoplasm of oesophagus, excluding all cancers (controls excluding all cancers)",14061,111,0.88 [0.63-1.23],0.4474092599216361
DENR,Density-regulated protein,Chapter II Neoplasms,"Malignant neoplasm of ovary, excluding all cancers (controls excluding all cancers)",7830,79,0.93 [0.62-1.38],0.7082437727456206
DENR,Density-regulated protein,Chapter II Neoplasms,"Malignant neoplasm of pancreas, excluding all cancers (controls excluding all cancers)",14056,106,0.86 [0.60-1.22],0.3861953151895243
DENR,Density-regulated protein,Chapter II Neoplasms,"Malignant neoplasm of prostate, excluding all cancers (controls excluding all cancers)",7008,809,0.89 [0.79-1.01],0.0744124964108077
DENR,Density-regulated protein,Chapter II Neoplasms,"Malignant neoplasm of rectum, excluding all cancers (controls excluding all cancers)",14063,113,0.90 [0.64-1.25],0.5255627435245656
DENR,Density-regulated protein,Chapter II Neoplasms,"Malignant neoplasm of stomach, excluding all cancers (controls excluding all cancers)",14033,83,1.18 [0.86-1.62],0.2940427933198148
DENR,Density-regulated protein,Chapter II Neoplasms,Malignant neoplasms of independent (primary) multiple sites,14069,119,1.02 [0.75-1.40],0.8769119340510877
DENR,Density-regulated protein,Chapter II Neoplasms,Melanocytic naevi,19446,160,0.98 [0.74-1.29],0.8839718295525011
DENR,Density-regulated protein,Chapter II Neoplasms,Melanocytic naevi of trunk,19547,67,1.05 [0.70-1.58],0.8158818395670053
DENR,Density-regulated protein,Chapter II Neoplasms,Melanoma in situ,13991,93,0.94 [0.65-1.35],0.7278313477241154
DENR,Density-regulated protein,Chapter II Neoplasms,"Non-follicular lymphoma, hilmo, excluding all cancers",14053,103,0.78 [0.54-1.13],0.1881005624589958
DENR,Density-regulated protein,Chapter II Neoplasms,"Non-Hodgkin lymphoma, all, excluding all cancers (controls excluding all cancers)",14121,171,0.83 [0.63-1.09],0.1836433103281154
DENR,Density-regulated protein,Chapter II Neoplasms,"Non-small cell lung cancer, excluding all cancers (controls excluding all cancers)",14245,295,0.90 [0.73-1.10],0.3109140988879977
DENR,Density-regulated protein,Chapter II Neoplasms,"Other and unspecified types of non-Hodgkin lymphoma, hilmo, excluding all cancers",14062,112,0.90 [0.65-1.26],0.5540211353995652
DENR,Density-regulated protein,Chapter II Neoplasms,Other benign neoplasms of skin,19431,145,1.01 [0.76-1.35],0.9326873456624518
DENR,Density-regulated protein,Chapter II Neoplasms,"Other malignant neoplasms of skin (=non-melanoma skin cancer), excluding all cancers (controls excluding all cancers)",15187,1237,0.97 [0.88-1.07],0.5127020375017944
DENR,Density-regulated protein,Chapter II Neoplasms,"Squamous cell neoplasms and carcinomas of the skin, excluding all cancers (controls excluding all cancers)",15252,1302,0.97 [0.88-1.07],0.5631387081173036
DENR,Density-regulated protein,Chapter III Diseases of the blood and blood-forming organs and certain disorders involving the immune mechanism,Agranulocytosis,19314,321,0.95 [0.78-1.15],0.5939796358076366
DENR,Density-regulated protein,Chapter III Diseases of the blood and blood-forming organs and certain disorders involving the immune mechanism,Anaemia in chronic diseases classified elsewhere,17681,106,0.77 [0.53-1.11],0.1543511472858567
DENR,Density-regulated protein,Chapter III Diseases of the blood and blood-forming organs and certain disorders involving the immune mechanism,Diseases of spleen,19054,61,1.20 [0.81-1.79],0.3668183019538716
DENR,Density-regulated protein,Chapter III Diseases of the blood and blood-forming organs and certain disorders involving the immune mechanism,Diseases of the blood and blood-forming organs and certain disorders involving the immune mechanism,18962,2876,1.02 [0.96-1.09],0.5705767503647863
DENR,Density-regulated protein,Chapter III Diseases of the blood and blood-forming organs and certain disorders involving the immune mechanism,Folate deficiency anaemia,18171,59,1.36 [0.97-1.91],0.0721575508873175
DENR,Density-regulated protein,Chapter III Diseases of the blood and blood-forming organs and certain disorders involving the immune mechanism,Idiopathic thrombocytopenic purpura,19177,56,0.94 [0.59-1.51],0.7957261843308917
DENR,Density-regulated protein,Chapter III Diseases of the blood and blood-forming organs and certain disorders involving the immune mechanism,Other anaemias,19172,1597,1.01 [0.93-1.10],0.8667076068227727
DENR,Density-regulated protein,Chapter III Diseases of the blood and blood-forming organs and certain disorders involving the immune mechanism,Other and unspecified anaemias,19170,1595,1.01 [0.92-1.10],0.8832910924392435
DENR,Density-regulated protein,Chapter III Diseases of the blood and blood-forming organs and certain disorders involving the immune mechanism,Other and unspecified aplastic anaemias,17670,95,0.70 [0.48-1.04],0.0763278193665103
DENR,Density-regulated protein,Chapter III Diseases of the blood and blood-forming organs and certain disorders involving the immune mechanism,Other and unspecified iron deficiency,19271,1159,1.10 [1.00-1.21],0.0435282292167982
DENR,Density-regulated protein,Chapter III Diseases of the blood and blood-forming organs and certain disorders involving the immune mechanism,Other coagulation defects,19224,103,1.00 [0.71-1.41],0.9844823252217604
DENR,Density-regulated protein,Chapter III Diseases of the blood and blood-forming organs and certain disorders involving the immune mechanism,Other diseases of blood and blood-forming organs,19052,59,1.20 [0.80-1.79],0.3716988629906967
DENR,Density-regulated protein,Chapter III Diseases of the blood and blood-forming organs and certain disorders involving the immune mechanism,Other disorders of white blood cells,19061,68,1.02 [0.68-1.54],0.930623821926938
DENR,Density-regulated protein,Chapter III Diseases of the blood and blood-forming organs and certain disorders involving the immune mechanism,Purpura and other haemorrhagic conditions,19412,291,0.92 [0.75-1.14],0.4555223926135592
DENR,Density-regulated protein,Chapter III Diseases of the blood and blood-forming organs and certain disorders involving the immune mechanism,Sarcoidosis,19469,31,0.97 [0.52-1.82],0.9280998325404128
DENR,Density-regulated protein,Chapter III Diseases of the blood and blood-forming organs and certain disorders involving the immune mechanism,"Thrombocytopenia, unspecified",19359,238,0.79 [0.62-1.00],0.051224095199298
DENR,Density-regulated protein,Chapter III Diseases of the blood and blood-forming organs and certain disorders involving the immune mechanism,Vitamin B12 deficiency anaemia,18223,111,1.01 [0.73-1.40],0.9342456542671592
DENR,Density-regulated protein,"Chapter IV Endocrine, nutritional and metabolic diseases",Acidosis,13245,330,0.97 [0.80-1.18],0.7719665310627282
DENR,Density-regulated protein,"Chapter IV Endocrine, nutritional and metabolic diseases",Acute alcohol intoxication,18305,87,1.44 [0.95-2.17],0.0841135071354981
DENR,Density-regulated protein,"Chapter IV Endocrine, nutritional and metabolic diseases",Alcohol dependence,18309,91,1.25 [0.90-1.74],0.1850676783226007
DENR,Density-regulated protein,"Chapter IV Endocrine, nutritional and metabolic diseases",Alkalosis,12975,60,0.92 [0.58-1.45],0.7079924909520305
DENR,Density-regulated protein,"Chapter IV Endocrine, nutritional and metabolic diseases",Bipolar affective disorders,18220,44,1.04 [0.63-1.72],0.8678371101439623
DENR,Density-regulated protein,"Chapter IV Endocrine, nutritional and metabolic diseases",Deficiency of other B group vitamins,17598,261,0.87 [0.70-1.09],0.2292447246901247
DENR,Density-regulated protein,"Chapter IV Endocrine, nutritional and metabolic diseases","Delirium, not induced by alcohol and other psychoactive substances",18939,750,0.90 [0.79-1.03],0.1286709878217979
DENR,Density-regulated protein,"Chapter IV Endocrine, nutritional and metabolic diseases",Dementia in Alzheimer disease,18598,409,0.88 [0.73-1.05],0.1496399516310289
DENR,Density-regulated protein,"Chapter IV Endocrine, nutritional and metabolic diseases",Dementia in other diseases classified elsewhere,18330,141,1.11 [0.84-1.46],0.4647277952374459
DENR,Density-regulated protein,"Chapter IV Endocrine, nutritional and metabolic diseases",Depression,19348,1172,1.07 [0.97-1.17],0.1992435901519637
DENR,Density-regulated protein,"Chapter IV Endocrine, nutritional and metabolic diseases",Depression or dysthymia,16570,1142,1.08 [0.97-1.19],0.1521827912633065
DENR,Density-regulated protein,"Chapter IV Endocrine, nutritional and metabolic diseases","Disorder of lipoprotein metabolism, unspecified",12986,71,1.04 [0.70-1.54],0.8362826399409271
DENR,Density-regulated protein,"Chapter IV Endocrine, nutritional and metabolic diseases","Disorder of thyroid, unspecified",17670,84,1.24 [0.88-1.75],0.216901434358348
DENR,Density-regulated protein,"Chapter IV Endocrine, nutritional and metabolic diseases",Disorders of calcium metabolism,13218,303,0.99 [0.81-1.20],0.8900253049432431
DENR,Density-regulated protein,"Chapter IV Endocrine, nutritional and metabolic diseases",Disorders of iron metabolism,12963,48,0.92 [0.55-1.54],0.7412289195928214
DENR,Density-regulated protein,"Chapter IV Endocrine, nutritional and metabolic diseases",Disorders of lipoprotein metabolism and other lipidaemias,16730,3815,1.05 [0.99-1.10],0.1063276118720879
DENR,Density-regulated protein,"Chapter IV Endocrine, nutritional and metabolic diseases",Disorders of magnesium metabolism,13143,228,1.01 [0.80-1.26],0.9460546687283634
DENR,Density-regulated protein,"Chapter IV Endocrine, nutritional and metabolic diseases",Disorders of mineral metabolism,13508,593,1.02 [0.89-1.18],0.7408934380388517
DENR,Density-regulated protein,"Chapter IV Endocrine, nutritional and metabolic diseases",Disorders of other endocrine glands,19523,310,1.02 [0.84-1.24],0.8348948952235078
DENR,Density-regulated protein,"Chapter IV Endocrine, nutritional and metabolic diseases",Disorders of parathyroid gland,19337,124,1.02 [0.75-1.39],0.8888803589886571
DENR,Density-regulated protein,"Chapter IV Endocrine, nutritional and metabolic diseases",Disorders of phosphorus metabolism and phosphatases,13035,120,1.12 [0.84-1.50],0.4399102116423664
DENR,Density-regulated protein,"Chapter IV Endocrine, nutritional and metabolic diseases","Disorders of plasma-protein metabolism, not elsewhere classified",12982,67,1.11 [0.75-1.64],0.5947386680760149
DENR,Density-regulated protein,"Chapter IV Endocrine, nutritional and metabolic diseases",Disorders of the thyroid gland,19037,1451,1.01 [0.92-1.11],0.8342622995482895
DENR,Density-regulated protein,"Chapter IV Endocrine, nutritional and metabolic diseases",Fluid overload,13216,301,1.14 [0.95-1.36],0.1638396477155935
DENR,Density-regulated protein,"Chapter IV Endocrine, nutritional and metabolic diseases",Hyperkalaemia,13236,321,0.93 [0.76-1.13],0.4399654063317096
DENR,Density-regulated protein,"Chapter IV Endocrine, nutritional and metabolic diseases","Hyperlipidaemia, other/unspecified",13637,722,1.14 [1.01-1.28],0.0361719030627671
DENR,Density-regulated protein,"Chapter IV Endocrine, nutritional and metabolic diseases",Hyperosmolality and hypernatraemia,13040,125,0.99 [0.73-1.34],0.9332347105622923
DENR,Density-regulated protein,"Chapter IV Endocrine, nutritional and metabolic diseases",Hyperparathyroidism,19331,118,1.02 [0.75-1.41],0.882121169760609
DENR,Density-regulated protein,"Chapter IV Endocrine, nutritional and metabolic diseases",Hypo-osmolality and hyponatraemia,13656,741,1.05 [0.93-1.19],0.4045003081308094
DENR,Density-regulated protein,"Chapter IV Endocrine, nutritional and metabolic diseases",Hypokalaemia,13451,536,1.04 [0.90-1.21],0.558661244480644
DENR,Density-regulated protein,"Chapter IV Endocrine, nutritional and metabolic diseases",Iron deficiency,17395,58,1.14 [0.75-1.74],0.5455937832944283
DENR,Density-regulated protein,"Chapter IV Endocrine, nutritional and metabolic diseases",Metabolic disorders,18273,5358,1.03 [0.99-1.08],0.1648276487263356
DENR,Density-regulated protein,"Chapter IV Endocrine, nutritional and metabolic diseases",Nontoxic multinodular goitre,17635,49,0.84 [0.49-1.43],0.5204433174122931
DENR,Density-regulated protein,"Chapter IV Endocrine, nutritional and metabolic diseases",Nontoxic single thyroid nodule,17632,46,0.92 [0.54-1.56],0.7530166911581317
DENR,Density-regulated protein,"Chapter IV Endocrine, nutritional and metabolic diseases",Obesity,19423,1548,0.94 [0.86-1.03],0.1814750100349072
DENR,Density-regulated protein,"Chapter IV Endocrine, nutritional and metabolic diseases","Obesity, other/unspecified",19422,1547,0.94 [0.86-1.03],0.1857487847346365
DENR,Density-regulated protein,"Chapter IV Endocrine, nutritional and metabolic diseases",Other and/or unspecified nontoxic goitre,17639,53,0.79 [0.47-1.32],0.3632247626909343
DENR,Density-regulated protein,"Chapter IV Endocrine, nutritional and metabolic diseases",Other anxiety disorders,19268,950,1.05 [0.94-1.17],0.4190088331415308
DENR,Density-regulated protein,"Chapter IV Endocrine, nutritional and metabolic diseases","Other disorders of fluid, electrolyte and acid-base balance",14738,1823,1.04 [0.97-1.13],0.2839028399207891
DENR,Density-regulated protein,"Chapter IV Endocrine, nutritional and metabolic diseases",Other disorders of glucose regulation and pancreatic internal secretion,19560,241,1.04 [0.83-1.29],0.7548067469766195
DENR,Density-regulated protein,"Chapter IV Endocrine, nutritional and metabolic diseases",Other mental disorders due to brain damage and dysfunction and to physical disease,18284,95,0.90 [0.63-1.30],0.5903558111546654
DENR,Density-regulated protein,"Chapter IV Endocrine, nutritional and metabolic diseases",Panic disorder,18419,101,1.05 [0.75-1.47],0.7710629061687851
DENR,Density-regulated protein,"Chapter IV Endocrine, nutritional and metabolic diseases",Phobic anxiety disorders,18461,143,1.02 [0.77-1.37],0.8754301492371677
DENR,Density-regulated protein,"Chapter IV Endocrine, nutritional and metabolic diseases","Postprocedural endocrine and metabolic disorders, not elsewhere classified",13075,160,1.05 [0.80-1.37],0.7172976318362048
DENR,Density-regulated protein,"Chapter IV Endocrine, nutritional and metabolic diseases",Type 1 diabetes without complications,17242,156,0.89 [0.67-1.19],0.4419247964509549
DENR,Density-regulated protein,"Chapter IV Endocrine, nutritional and metabolic diseases",Type 2 diabetes with neurological complications,2078,82,1.14 [0.79-1.63],0.4803573649860772
DENR,Density-regulated protein,"Chapter IV Endocrine, nutritional and metabolic diseases",Type 2 diabetes with ophthalmic complications,2214,250,1.12 [0.93-1.36],0.2311541699543131
DENR,Density-regulated protein,"Chapter IV Endocrine, nutritional and metabolic diseases",Type 2 diabetes with peripheral circulatory complications,17153,67,0.96 [0.62-1.48],0.844873274320698
DENR,Density-regulated protein,"Chapter IV Endocrine, nutritional and metabolic diseases",Type 2 diabetes with renal complications,2046,51,0.55 [0.31-0.99],0.0469852066255884
DENR,Density-regulated protein,"Chapter IV Endocrine, nutritional and metabolic diseases",Type 2 diabetes without complications,18885,1799,1.04 [0.96-1.13],0.3217849889176319
DENR,Density-regulated protein,"Chapter IV Endocrine, nutritional and metabolic diseases",Unspecified dementia,18677,488,0.94 [0.80-1.10],0.443678383103262
DENR,Density-regulated protein,"Chapter IV Endocrine, nutritional and metabolic diseases",Vitamin D deficiency,17708,371,0.99 [0.83-1.19],0.917316558913355
DENR,Density-regulated protein,"Chapter IV Endocrine, nutritional and metabolic diseases",Volume depletion,13805,890,1.04 [0.93-1.16],0.4663428925375251
DENR,Density-regulated protein,Chapter IX Diseases of the circulatory system,"!Phlebitis/thrombophlebitis venae iliacae [externae/internae/communis], drug-induced",19459,262,0.76 [0.60-0.96],0.0190829971972832
DENR,Density-regulated protein,Chapter IX Diseases of the circulatory system,Abdominal aortic aneurysm (AAA),18331,229,0.89 [0.70-1.13],0.3345724643621681
DENR,Density-regulated protein,Chapter IX Diseases of the circulatory system,Angina pectoris,16968,1276,0.98 [0.89-1.08],0.6957379424706768
DENR,Density-regulated protein,Chapter IX Diseases of the circulatory system,Aortic aneurysm,18417,315,0.85 [0.70-1.05],0.1263136809138657
DENR,Density-regulated protein,Chapter IX Diseases of the circulatory system,Arterial embolism and thrombosis of lower extremity artery,18168,66,1.06 [0.70-1.59],0.7926402597566606
DENR,Density-regulated protein,Chapter IX Diseases of the circulatory system,"Atherosclerosis, excluding cerebral and coronary sclerosis",18335,233,1.01 [0.81-1.26],0.9107703600113222
DENR,Density-regulated protein,Chapter IX Diseases of the circulatory system,Atrial fibrillation and flutter,10007,2347,0.94 [0.88-1.02],0.1220146753390857
DENR,Density-regulated protein,Chapter IX Diseases of the circulatory system,AV-block,14987,552,1.02 [0.88-1.18],0.7826738386511333
DENR,Density-regulated protein,Chapter IX Diseases of the circulatory system,"Bradycardia, unspecified, drug-induced",19503,461,0.93 [0.79-1.10],0.4008960861896677
DENR,Density-regulated protein,Chapter IX Diseases of the circulatory system,Cardiac arrest,7880,220,1.09 [0.88-1.35],0.4215482329187973
DENR,Density-regulated protein,Chapter IX Diseases of the circulatory system,Cardiomyopathy,14606,171,0.79 [0.59-1.05],0.1013901185499234
DENR,Density-regulated protein,Chapter IX Diseases of the circulatory system,"Cardiomyopathy, other and unspecified",14522,87,0.92 [0.63-1.36],0.688839513070206
DENR,Density-regulated protein,Chapter IX Diseases of the circulatory system,Cerebral atherosclerosis,19566,61,1.31 [0.93-1.85],0.12419323886939
DENR,Density-regulated protein,Chapter IX Diseases of the circulatory system,Conduction disorders,15703,1268,0.99 [0.90-1.09],0.9059230311492734
DENR,Density-regulated protein,Chapter IX Diseases of the circulatory system,Coronary atherosclerosis,17962,2292,0.96 [0.90-1.03],0.3021102333701474
DENR,Density-regulated protein,Chapter IX Diseases of the circulatory system,Death due to cardiac causes,15857,7520,0.96 [0.93-1.00],0.0790165552270954
DENR,Density-regulated protein,Chapter IX Diseases of the circulatory system,DVT of lower extremities,18276,286,0.79 [0.63-0.98],0.0332151443103285
DENR,Density-regulated protein,Chapter IX Diseases of the circulatory system,Endocarditis,14511,76,1.08 [0.74-1.58],0.6893927170369971
DENR,Density-regulated protein,Chapter IX Diseases of the circulatory system,"Heart failure, strict",19330,1363,0.99 [0.90-1.09],0.8933363697817538
DENR,Density-regulated protein,Chapter IX Diseases of the circulatory system,Hypertension,16890,6652,0.96 [0.92-1.01],0.0999696436887275
DENR,Density-regulated protein,Chapter IX Diseases of the circulatory system,"Hypertension, essential",16895,6657,0.97 [0.92-1.01],0.106784250053034
DENR,Density-regulated protein,Chapter IX Diseases of the circulatory system,"Hypertension, portal",19431,81,1.11 [0.78-1.59],0.5619009144024538
DENR,Density-regulated protein,Chapter IX Diseases of the circulatory system,"Hypertension, Pulmonary Arterial",10476,238,1.02 [0.82-1.27],0.8434472435239571
DENR,Density-regulated protein,Chapter IX Diseases of the circulatory system,Hypertensive Renal Disease,10361,123,0.78 [0.56-1.10],0.1625947821005499
DENR,Density-regulated protein,Chapter IX Diseases of the circulatory system,Hypotension,19425,1309,1.03 [0.94-1.13],0.5758196401425022
DENR,Density-regulated protein,Chapter IX Diseases of the circulatory system,Intracerebral haemorrhage,18525,121,0.78 [0.56-1.10],0.1522541142599155
DENR,Density-regulated protein,Chapter IX Diseases of the circulatory system,"Ischaemic heart disease, wide definition",18106,2414,0.97 [0.90-1.04],0.356937005675579
DENR,Density-regulated protein,Chapter IX Diseases of the circulatory system,"Ischaemic Stroke, excluding all haemorrhages",19158,648,0.94 [0.82-1.08],0.3841025962609118
DENR,Density-regulated protein,Chapter IX Diseases of the circulatory system,Left bundle-branch block,14854,419,1.02 [0.87-1.21],0.7841260305091493
DENR,Density-regulated protein,Chapter IX Diseases of the circulatory system,Major coronary heart disease event,19018,883,1.03 [0.92-1.15],0.6035140336348683
DENR,Density-regulated protein,Chapter IX Diseases of the circulatory system,"Myocardial infarction, strict",16449,757,1.03 [0.92-1.17],0.5780784174741905
DENR,Density-regulated protein,Chapter IX Diseases of the circulatory system,"Myocardial infarction, with ST-elevation",19460,159,1.11 [0.86-1.43],0.4304296093956598
DENR,Density-regulated protein,Chapter IX Diseases of the circulatory system,"Myocardial infarction, without ST-elevation",19532,334,0.97 [0.81-1.18],0.7863112881202824
DENR,Density-regulated protein,Chapter IX Diseases of the circulatory system,Oesophageal varices,18047,57,0.87 [0.54-1.40],0.5617222181475631
DENR,Density-regulated protein,Chapter IX Diseases of the circulatory system,Other aneurysm,18188,86,0.97 [0.67-1.40],0.8593982742715048
DENR,Density-regulated protein,Chapter IX Diseases of the circulatory system,Other arrhythmias,14935,500,1.04 [0.89-1.21],0.6138994263132609
DENR,Density-regulated protein,Chapter IX Diseases of the circulatory system,Other arterial embolism and thrombosis,18211,109,1.10 [0.81-1.49],0.5571055109343093
DENR,Density-regulated protein,Chapter IX Diseases of the circulatory system,Other diseases of arteries and capillaries,18372,270,0.89 [0.72-1.11],0.3050679950348773
DENR,Density-regulated protein,Chapter IX Diseases of the circulatory system,Other diseases of pericardium,14624,189,1.10 [0.87-1.40],0.4120986956808881
DENR,Density-regulated protein,Chapter IX Diseases of the circulatory system,Other disorders of veins,18078,88,1.01 [0.70-1.45],0.9619260808116624
DENR,Density-regulated protein,Chapter IX Diseases of the circulatory system,Other embolism and thrombosis,18027,37,0.73 [0.39-1.37],0.3296096754665473
DENR,Density-regulated protein,Chapter IX Diseases of the circulatory system,Other intracranial haemorrhages,17900,73,0.86 [0.56-1.32],0.484239475864708
DENR,Density-regulated protein,Chapter IX Diseases of the circulatory system,Other noninfective disorders of lymphatic vessels and lymph nodes,18129,139,0.95 [0.71-1.28],0.7382126126708632
DENR,Density-regulated protein,Chapter IX Diseases of the circulatory system,Other or ill-defined heart diseases,15613,1178,0.97 [0.87-1.07],0.5429549307582955
DENR,Density-regulated protein,Chapter IX Diseases of the circulatory system,Other other unspecified disorders of the circulatory system,18164,48,0.82 [0.48-1.39],0.4629612755949898
DENR,Density-regulated protein,Chapter IX Diseases of the circulatory system,Other peripheral vascular diseases,18706,604,1.00 [0.87-1.15],0.9631747611407984
DENR,Density-regulated protein,Chapter IX Diseases of the circulatory system,Other pulmonary heart/vessel disease,18924,457,1.00 [0.85-1.17],0.99109446220889
DENR,Density-regulated protein,Chapter IX Diseases of the circulatory system,"Other specified cerebrovascular diseases, other cerebrovascular disorders in diseases classified elsewhere",18620,793,0.96 [0.85-1.09],0.5297684331093713
DENR,Density-regulated protein,Chapter IX Diseases of the circulatory system,Paroxysmal tachycardia,8009,349,1.00 [0.84-1.20],0.9902721567224144
DENR,Density-regulated protein,Chapter IX Diseases of the circulatory system,Peripheral artery disease,18556,484,0.98 [0.84-1.14],0.7761149773982341
DENR,Density-regulated protein,Chapter IX Diseases of the circulatory system,Phlebitis and thrombophlebitis (not including DVT),18347,357,0.81 [0.66-0.98],0.0311395752921574
DENR,Density-regulated protein,Chapter IX Diseases of the circulatory system,Pulmonary embolism,18963,496,0.95 [0.81-1.11],0.5416334110125247
DENR,Density-regulated protein,Chapter IX Diseases of the circulatory system,Rheumatic valve diseases,19485,790,1.07 [0.95-1.21],0.2423643605238504
DENR,Density-regulated protein,Chapter IX Diseases of the circulatory system,Right bundle-branch block,14862,427,0.92 [0.77-1.09],0.3413425907919002
DENR,Density-regulated protein,Chapter IX Diseases of the circulatory system,Secondary right heart disease,18919,452,1.01 [0.86-1.18],0.9288526097935104
DENR,Density-regulated protein,Chapter IX Diseases of the circulatory system,Sequelae of cerebrovascular disease,18043,216,0.81 [0.63-1.04],0.093919704883036
DENR,Density-regulated protein,Chapter IX Diseases of the circulatory system,"Stroke, excluding SAH",19142,738,0.93 [0.82-1.06],0.301178583869457
DENR,Density-regulated protein,Chapter IX Diseases of the circulatory system,"Stroke, including SAH",19131,771,0.95 [0.84-1.08],0.4328275569708641
DENR,Density-regulated protein,Chapter IX Diseases of the circulatory system,Subarachnoid haemorrhage,18501,51,1.13 [0.72-1.77],0.6058224761761849
DENR,Density-regulated protein,Chapter IX Diseases of the circulatory system,Thoracic aortic aneurysm,18182,80,0.70 [0.46-1.07],0.0981533433650398
DENR,Density-regulated protein,Chapter IX Diseases of the circulatory system,Transient ischemic attack,18767,257,1.17 [0.96-1.41],0.12025353975821
DENR,Density-regulated protein,Chapter IX Diseases of the circulatory system,Unstable angina pectoris,18412,277,1.05 [0.86-1.28],0.6244587232250122
DENR,Density-regulated protein,Chapter IX Diseases of the circulatory system,Varicose veins,18418,428,0.97 [0.82-1.15],0.7366335604148846
DENR,Density-regulated protein,Chapter IX Diseases of the circulatory system,Vascular diseases of the intestine,18117,98,0.68 [0.47-1.01],0.054235820521447
DENR,Density-regulated protein,Chapter IX Diseases of the circulatory system,Venous thromboembolism,19334,785,0.88 [0.77-1.00],0.0474459295959064
DENR,Density-regulated protein,Chapter V Mental and behavioural disorders,"Alcohol use disorder, ICD-based",19501,283,1.20 [1.00-1.43],0.0463911626980161
DENR,Density-regulated protein,Chapter V Mental and behavioural disorders,"Anxiety disorders, excluding more controls",16818,1163,1.05 [0.95-1.16],0.3182488580865485
DENR,Density-regulated protein,Chapter V Mental and behavioural disorders,Any mental disorder,19136,3481,1.03 [0.98-1.09],0.2701608629506719
DENR,Density-regulated protein,Chapter V Mental and behavioural disorders,"Mental and behavioural disorders due to alcohol, excluding acute intoxication",19477,334,1.22 [1.04-1.43],0.0173129271019806
DENR,Density-regulated protein,Chapter V Mental and behavioural disorders,"Mood disorders, excluding more controls",16847,1192,1.07 [0.97-1.18],0.1668368153722156
DENR,Density-regulated protein,Chapter V Mental and behavioural disorders,"Schizophrenia or delusion, excluding more controls",15718,63,1.04 [0.67-1.61],0.8720825568729844
DENR,Density-regulated protein,Chapter V Mental and behavioural disorders,Smoking dependency,19149,981,1.07 [0.96-1.19],0.2195440759565599
DENR,Density-regulated protein,Chapter V Mental and behavioural disorders,"Substance abuse, excluding more controls",16871,1216,1.07 [0.97-1.18],0.1787074465928536
DENR,Density-regulated protein,Chapter V Mental and behavioural disorders,Vascular dementia,18872,195,0.80 [0.61-1.05],0.1028348848020903
DENR,Density-regulated protein,Chapter VI Diseases of the nervous system,Alzheimer disease,19568,503,0.94 [0.80-1.10],0.4471999486284448
DENR,Density-regulated protein,Chapter VI Diseases of the nervous system,"AlzheimerÕs disease (Atypical or mixed), excluding more controls",12214,98,0.85 [0.59-1.23],0.4019737638042887
DENR,Density-regulated protein,Chapter VI Diseases of the nervous system,Bell's palsy,18040,70,0.94 [0.61-1.44],0.7700580845243322
DENR,Density-regulated protein,Chapter VI Diseases of the nervous system,Carpal tunnel syndrome,18387,417,1.13 [0.96-1.32],0.1506428376786846
DENR,Density-regulated protein,Chapter VI Diseases of the nervous system,Cerebral cysts,19204,205,1.09 [0.87-1.38],0.4415153231035119
DENR,Density-regulated protein,Chapter VI Diseases of the nervous system,Cerebral palsy and other paralytic syndromes,19507,326,0.86 [0.70-1.05],0.1418806150250796
DENR,Density-regulated protein,Chapter VI Diseases of the nervous system,Circumscribed brain atrophy,18877,69,1.13 [0.77-1.66],0.5400596847640742
DENR,Density-regulated protein,Chapter VI Diseases of the nervous system,Diseases of the myoneural junction and muscle,19552,59,1.03 [0.67-1.60],0.8837752303778086
DENR,Density-regulated protein,Chapter VI Diseases of the nervous system,"Disorders of brain, other and unspecified",19068,69,1.21 [0.83-1.76],0.3160858434805064
DENR,Density-regulated protein,Chapter VI Diseases of the nervous system,Epilepsy,18341,246,0.89 [0.71-1.12],0.3118857915397836
DENR,Density-regulated protein,Chapter VI Diseases of the nervous system,Episodal and paroxysmal disorders,19190,1095,0.97 [0.87-1.08],0.5387296573707486
DENR,Density-regulated protein,Chapter VI Diseases of the nervous system,Extrapyramidal and movement disorders,19519,536,0.99 [0.85-1.15],0.8820214778677841
DENR,Density-regulated protein,Chapter VI Diseases of the nervous system,Falls/tendency to fall,19011,2819,0.99 [0.93-1.06],0.7354663498346543
DENR,Density-regulated protein,Chapter VI Diseases of the nervous system,Generalized epilepsy,19260,44,1.34 [0.87-2.06],0.1876576273746565
DENR,Density-regulated protein,Chapter VI Diseases of the nervous system,Hemiplegia,19447,266,0.87 [0.70-1.09],0.2339561581924804
DENR,Density-regulated protein,Chapter VI Diseases of the nervous system,Hydrocephalus,19058,59,1.05 [0.68-1.62],0.8255230146318892
DENR,Density-regulated protein,Chapter VI Diseases of the nervous system,Inflammatory diseases of the central nervous system,19556,58,1.31 [0.90-1.90],0.1571920730868193
DENR,Density-regulated protein,Chapter VI Diseases of the nervous system,Lesion of plantar nerve,18033,63,0.78 [0.49-1.25],0.3012355532186764
DENR,Density-regulated protein,Chapter VI Diseases of the nervous system,Lesion of ulnar nerve,18030,60,1.20 [0.80-1.80],0.3856701313644413
DENR,Density-regulated protein,Chapter VI Diseases of the nervous system,Memory loss,18657,127,0.80 [0.57-1.11],0.1742103794010619
DENR,Density-regulated protein,Chapter VI Diseases of the nervous system,Migraine,18323,228,1.03 [0.82-1.29],0.8280610107824684
DENR,Density-regulated protein,Chapter VI Diseases of the nervous system,"Migraine, unspecified, drug-induced",19527,208,1.01 [0.80-1.29],0.9190769593873231
DENR,Density-regulated protein,Chapter VI Diseases of the nervous system,Motor neuron disease,12295,158,1.16 [0.90-1.50],0.2476178953755645
DENR,Density-regulated protein,Chapter VI Diseases of the nervous system,MS-disease / Multiple Sclerosis,19462,49,1.18 [0.74-1.86],0.4855024173987147
DENR,Density-regulated protein,Chapter VI Diseases of the nervous system,"Nerve, nerve root and plexus disorders",18989,1019,1.07 [0.96-1.19],0.2042653699317997
DENR,Density-regulated protein,Chapter VI Diseases of the nervous system,Neurological diseases,18342,3477,1.01 [0.95-1.07],0.7346191086887435
DENR,Density-regulated protein,Chapter VI Diseases of the nervous system,Other and unspecified degenerative diseases of nervous system,19045,237,0.98 [0.78-1.22],0.8298165047571783
DENR,Density-regulated protein,Chapter VI Diseases of the nervous system,"Other and unspecified nerve root and plexus disorders, also in other diseases",18306,336,1.20 [1.01-1.42],0.0420883309850081
DENR,Density-regulated protein,Chapter VI Diseases of the nervous system,"Other and unspecified polyneuropathies, also in other diseases",19502,282,1.17 [0.97-1.41],0.108689918532971
DENR,Density-regulated protein,Chapter VI Diseases of the nervous system,Other degenerative diseases of the nervous system,14855,797,0.97 [0.86-1.10],0.6637783823429962
DENR,Density-regulated protein,Chapter VI Diseases of the nervous system,Other diseases of spinal cord,19068,69,1.09 [0.74-1.61],0.670530779435058
DENR,Density-regulated protein,Chapter VI Diseases of the nervous system,Other disorders of nervous system,19131,132,0.95 [0.70-1.28],0.7191489350079234
DENR,Density-regulated protein,Chapter VI Diseases of the nervous system,Other extrapyramidal and movement disorders in other diseases,19163,180,0.95 [0.73-1.23],0.6771109990384229
DENR,Density-regulated protein,Chapter VI Diseases of the nervous system,Other facial nerve disorders,18047,77,0.93 [0.62-1.41],0.7436437493953287
DENR,Density-regulated protein,Chapter VI Diseases of the nervous system,Other headache syndromes,18138,43,0.84 [0.48-1.48],0.5521804512212714
DENR,Density-regulated protein,Chapter VI Diseases of the nervous system,Other neurological diseases,19476,477,1.06 [0.91-1.24],0.4417809294347383
DENR,Density-regulated protein,Chapter VI Diseases of the nervous system,Other sleep disorders,18513,418,0.93 [0.78-1.10],0.4022144913024322
DENR,Density-regulated protein,Chapter VI Diseases of the nervous system,Parkinson's disease,19537,337,0.97 [0.81-1.18],0.7792705453718306
DENR,Density-regulated protein,Chapter VI Diseases of the nervous system,Postviral fatigue syndrome,19039,40,1.04 [0.61-1.78],0.8911251247062292
DENR,Density-regulated protein,Chapter VI Diseases of the nervous system,Restless leg syndrome,19567,78,0.80 [0.53-1.22],0.3049832395475755
DENR,Density-regulated protein,Chapter VI Diseases of the nervous system,Sleep apnoea,19384,358,0.89 [0.74-1.08],0.2266168722629515
DENR,Density-regulated protein,Chapter VI Diseases of the nervous system,Small fibre neuropathy,19270,50,1.15 [0.73-1.81],0.5577909893105875
DENR,Density-regulated protein,Chapter VI Diseases of the nervous system,Systemic atrophies primarily affecting the central nervous system,19556,179,1.07 [0.83-1.37],0.598789101798268
DENR,Density-regulated protein,Chapter VI Diseases of the nervous system,Trigeminal neuralgia,18029,59,0.93 [0.58-1.48],0.7493853779834467
DENR,Density-regulated protein,Chapter VI Diseases of the nervous system,Unspecific neurodegenerative disorder,19568,507,0.94 [0.80-1.10],0.4168946092626521
DENR,Density-regulated protein,Chapter VI Diseases of the nervous system,Vascular dementia (undefined),18816,189,0.80 [0.61-1.05],0.1041291361058776
DENR,Density-regulated protein,"Chapter VII Diseases of the eye, adnexa, ear and mastoid process",Amblyopia ex anopsia,19034,125,1.02 [0.75-1.38],0.9089219272504104
DENR,Density-regulated protein,"Chapter VII Diseases of the eye, adnexa, ear and mastoid process",Astigmatism,19212,478,1.05 [0.90-1.23],0.526563286248571
DENR,Density-regulated protein,"Chapter VII Diseases of the eye, adnexa, ear and mastoid process",Background diabetic retinopathy,19366,222,1.06 [0.85-1.33],0.6093619279941531
DENR,Density-regulated protein,"Chapter VII Diseases of the eye, adnexa, ear and mastoid process",Blepharochalasis,18537,58,1.31 [0.89-1.93],0.1768812437120367
DENR,Density-regulated protein,"Chapter VII Diseases of the eye, adnexa, ear and mastoid process",Chalazion,18510,31,1.65 [1.08-2.52],0.0195584464564857
DENR,Density-regulated protein,"Chapter VII Diseases of the eye, adnexa, ear and mastoid process","Conjunctivitis (acute, non atopic)",19465,62,1.22 [0.83-1.80],0.3155653333505944
DENR,Density-regulated protein,"Chapter VII Diseases of the eye, adnexa, ear and mastoid process",Corneal degeneration,19308,192,1.06 [0.83-1.34],0.6606644126998344
DENR,Density-regulated protein,"Chapter VII Diseases of the eye, adnexa, ear and mastoid process","Diabetic nephropathy, excluding more controls",2050,54,0.58 [0.33-1.01],0.0546815349677873
DENR,Density-regulated protein,"Chapter VII Diseases of the eye, adnexa, ear and mastoid process",Diabetic neuropathy,2524,94,1.11 [0.79-1.56],0.5421633913820585
DENR,Density-regulated protein,"Chapter VII Diseases of the eye, adnexa, ear and mastoid process",Diplopia,19000,91,1.17 [0.85-1.63],0.3392292409619029
DENR,Density-regulated protein,"Chapter VII Diseases of the eye, adnexa, ear and mastoid process",Disorders of choroid and retina,19338,1188,1.05 [0.96-1.16],0.2823631000633383
DENR,Density-regulated protein,"Chapter VII Diseases of the eye, adnexa, ear and mastoid process","Disorders of eyelid, lacrimal system and orbit",19217,738,1.13 [1.00-1.27],0.0421978302507261
DENR,Density-regulated protein,"Chapter VII Diseases of the eye, adnexa, ear and mastoid process",Disorders of lacrimal system,18734,255,1.17 [0.96-1.42],0.1234832084659627
DENR,Density-regulated protein,"Chapter VII Diseases of the eye, adnexa, ear and mastoid process","Disorders of ocular muscles, binocular movement, accommodation and refraction",19517,783,1.04 [0.93-1.18],0.4756466144191535
DENR,Density-regulated protein,"Chapter VII Diseases of the eye, adnexa, ear and mastoid process",Disorders of optic nerve and visual pathways,19562,66,1.49 [1.09-2.05],0.0125570469309927
DENR,Density-regulated protein,"Chapter VII Diseases of the eye, adnexa, ear and mastoid process",Disorders of refraction and accommodation,19468,734,1.05 [0.93-1.19],0.4574192135690749
DENR,Density-regulated protein,"Chapter VII Diseases of the eye, adnexa, ear and mastoid process","Disorders of sclera, cornea, iris and ciliary body",19534,418,0.90 [0.76-1.08],0.2556044795829273
DENR,Density-regulated protein,"Chapter VII Diseases of the eye, adnexa, ear and mastoid process",Disorders of vitreous body,19470,187,1.06 [0.83-1.35],0.6475785634802688
DENR,Density-regulated protein,"Chapter VII Diseases of the eye, adnexa, ear and mastoid process",Ectropion of eyelid,18568,89,1.27 [0.94-1.73],0.1254518573043392
DENR,Density-regulated protein,"Chapter VII Diseases of the eye, adnexa, ear and mastoid process",Entropion and trichiasis of eyelid,18565,86,0.81 [0.55-1.21],0.3039814485521616
DENR,Density-regulated protein,"Chapter VII Diseases of the eye, adnexa, ear and mastoid process",Epiphora,18544,65,1.22 [0.84-1.77],0.2898833301442639
DENR,Density-regulated protein,"Chapter VII Diseases of the eye, adnexa, ear and mastoid process",Glaucoma,19456,836,0.97 [0.86-1.10],0.6388361781824822
DENR,Density-regulated protein,"Chapter VII Diseases of the eye, adnexa, ear and mastoid process",Glaucoma suspect,18854,234,0.99 [0.79-1.24],0.9071035265780076
DENR,Density-regulated protein,"Chapter VII Diseases of the eye, adnexa, ear and mastoid process",Hypermetropia,18788,54,0.99 [0.62-1.59],0.9763045720832808
DENR,Density-regulated protein,"Chapter VII Diseases of the eye, adnexa, ear and mastoid process",Iridocyclitis,19218,102,0.65 [0.44-0.95],0.027448436743977
DENR,Density-regulated protein,"Chapter VII Diseases of the eye, adnexa, ear and mastoid process",Keratitis,19444,328,0.97 [0.80-1.17],0.743210596405485
DENR,Density-regulated protein,"Chapter VII Diseases of the eye, adnexa, ear and mastoid process",Myopia,18916,182,0.93 [0.71-1.21],0.5819272084876388
DENR,Density-regulated protein,"Chapter VII Diseases of the eye, adnexa, ear and mastoid process",Other and unspecified disorders of vitreous body,19397,114,0.96 [0.69-1.34],0.8248206342450121
DENR,Density-regulated protein,"Chapter VII Diseases of the eye, adnexa, ear and mastoid process",Other and unspecified glaucoma,19161,541,0.96 [0.82-1.11],0.5661786036197642
DENR,Density-regulated protein,"Chapter VII Diseases of the eye, adnexa, ear and mastoid process",Other and unspecified visual disturbances,19046,137,0.88 [0.64-1.19],0.4067643628823186
DENR,Density-regulated protein,"Chapter VII Diseases of the eye, adnexa, ear and mastoid process",Other cataract,17519,2720,1.07 [1.00-1.14],0.036884189885969
DENR,Density-regulated protein,"Chapter VII Diseases of the eye, adnexa, ear and mastoid process",Other disorders of cornea,19408,292,1.00 [0.82-1.22],0.987432525126855
DENR,Density-regulated protein,"Chapter VII Diseases of the eye, adnexa, ear and mastoid process",Other disorders of eye and adnexa,19552,161,1.26 [1.00-1.59],0.054344018171747
DENR,Density-regulated protein,"Chapter VII Diseases of the eye, adnexa, ear and mastoid process",Other disorders of eyelid,18936,457,1.10 [0.94-1.28],0.2314016327157236
DENR,Density-regulated protein,"Chapter VII Diseases of the eye, adnexa, ear and mastoid process",Other disorders of iris and ciliary body,19191,75,0.59 [0.38-0.93],0.0238063515737298
DENR,Density-regulated protein,"Chapter VII Diseases of the eye, adnexa, ear and mastoid process",Other disorders of optic [2nd] nerve and visual pathways,19555,59,1.51 [1.09-2.11],0.0142852816052958
DENR,Density-regulated protein,"Chapter VII Diseases of the eye, adnexa, ear and mastoid process",Other inflammation of eyelid,18583,104,0.77 [0.53-1.11],0.1602378139173726
DENR,Density-regulated protein,"Chapter VII Diseases of the eye, adnexa, ear and mastoid process",Other specified and unspecified  disorders of eyelid,18628,149,1.10 [0.84-1.43],0.5080016727670698
DENR,Density-regulated protein,"Chapter VII Diseases of the eye, adnexa, ear and mastoid process",Other specified and unspecified retinal disorders,18291,141,1.30 [1.02-1.65],0.0329749011624214
DENR,Density-regulated protein,"Chapter VII Diseases of the eye, adnexa, ear and mastoid process",Other strabismus,18777,43,0.75 [0.42-1.33],0.3199795285434667
DENR,Density-regulated protein,"Chapter VII Diseases of the eye, adnexa, ear and mastoid process","Other, unspecified and serous retinal detachments",18214,64,0.60 [0.36-0.97],0.0390087599749361
DENR,Density-regulated protein,"Chapter VII Diseases of the eye, adnexa, ear and mastoid process",Primary angle-closure glaucoma,18717,97,0.78 [0.53-1.14],0.1963833468174723
DENR,Density-regulated protein,"Chapter VII Diseases of the eye, adnexa, ear and mastoid process","Primary open-angle glaucoma, strict",18862,242,1.03 [0.83-1.28],0.7767487271301396
DENR,Density-regulated protein,"Chapter VII Diseases of the eye, adnexa, ear and mastoid process",Ptosis of eyelid,18609,130,1.29 [1.00-1.67],0.0502969557336015
DENR,Density-regulated protein,"Chapter VII Diseases of the eye, adnexa, ear and mastoid process",Retinal detachment with retinal break,18230,80,1.05 [0.72-1.53],0.808450775855309
DENR,Density-regulated protein,"Chapter VII Diseases of the eye, adnexa, ear and mastoid process",Retinal vascular occlusion,18253,103,0.85 [0.59-1.21],0.3601421230592233
DENR,Density-regulated protein,"Chapter VII Diseases of the eye, adnexa, ear and mastoid process",Senile cataract,17069,2270,1.02 [0.95-1.10],0.5885397384669959
DENR,Density-regulated protein,"Chapter VII Diseases of the eye, adnexa, ear and mastoid process",Stenosis and insufficiency of lacrimal passages,18558,79,1.08 [0.74-1.56],0.7000865398629681
DENR,Density-regulated protein,"Chapter VII Diseases of the eye, adnexa, ear and mastoid process",Visual disturbances,19331,422,1.04 [0.88-1.22],0.6394583275251197
DENR,Density-regulated protein,"Chapter VII Diseases of the eye, adnexa, ear and mastoid process",Visual field defects,18976,67,0.93 [0.60-1.43],0.7416773734607991
DENR,Density-regulated protein,"Chapter VII Diseases of the eye, adnexa, ear and mastoid process",Visual impairment including blindness (binocular or monocular),19069,160,0.99 [0.75-1.30],0.932000924497323
DENR,Density-regulated protein,Chapter VIII Diseases of the ear and mastoid process,Benign paroxysmal vertigo,19372,92,0.67 [0.45-1.01],0.0551045427861313
DENR,Density-regulated protein,Chapter VIII Diseases of the ear and mastoid process,Diseases of external ear,19531,120,0.90 [0.65-1.24],0.5125141798622268
DENR,Density-regulated protein,Chapter VIII Diseases of the ear and mastoid process,Diseases of middle ear and mastoid,19456,96,1.10 [0.79-1.53],0.5721394010883565
DENR,Density-regulated protein,Chapter VIII Diseases of the ear and mastoid process,Labyrinthitis,19336,56,1.27 [0.85-1.90],0.2356570383129674
DENR,Density-regulated protein,Chapter VIII Diseases of the ear and mastoid process,Mnire disease,19341,61,1.12 [0.74-1.70],0.5964846577738134
DENR,Density-regulated protein,Chapter VIII Diseases of the ear and mastoid process,Other disorders of ear,19473,997,0.92 [0.82-1.03],0.1472648214831437
DENR,Density-regulated protein,Chapter VIII Diseases of the ear and mastoid process,Other specified/unspecified hearing loss,19234,758,0.91 [0.80-1.04],0.1616497061180932
DENR,Density-regulated protein,Chapter VIII Diseases of the ear and mastoid process,Sensorineural hearing loss,18599,123,0.59 [0.42-0.85],0.0040475185295454
DENR,Density-regulated protein,Chapter VIII Diseases of the ear and mastoid process,Tinnitus,18549,73,0.90 [0.60-1.36],0.6210957328123962
DENR,Density-regulated protein,Chapter X Diseases of the respiratory system,Acute pharyngitis,19403,53,1.19 [0.77-1.83],0.4288708366855812
DENR,Density-regulated protein,Chapter X Diseases of the respiratory system,Acute upper respiratory infections,19500,150,0.91 [0.68-1.21],0.5015390094016889
DENR,Density-regulated protein,Chapter X Diseases of the respiratory system,Acute upper respiratory infections of multiple and unspecified sites,19400,50,0.73 [0.43-1.24],0.249796801982227
DENR,Density-regulated protein,Chapter X Diseases of the respiratory system,All influenza,17379,121,1.12 [0.83-1.50],0.4571361686935667
DENR,Density-regulated protein,Chapter X Diseases of the respiratory system,All influenza (not pneumonia),17376,118,1.17 [0.88-1.56],0.2856267579197871
DENR,Density-regulated protein,Chapter X Diseases of the respiratory system,Allergic asthma (mode),12145,84,1.41 [1.05-1.89],0.0241763054613876
DENR,Density-regulated protein,Chapter X Diseases of the respiratory system,Allergic rhinitis,19488,200,1.14 [0.91-1.43],0.2626113460302174
DENR,Density-regulated protein,Chapter X Diseases of the respiratory system,"Asthma, excluding more controls",13217,1475,1.01 [0.93-1.11],0.7512028255556631
DENR,Density-regulated protein,Chapter X Diseases of the respiratory system,"Asthma, unspecified (mode)",13519,1458,1.01 [0.92-1.10],0.8428860652646111
DENR,Density-regulated protein,Chapter X Diseases of the respiratory system,Bacterial pneumonia (organism specified),19136,148,0.93 [0.69-1.24],0.6180431345040678
DENR,Density-regulated protein,Chapter X Diseases of the respiratory system,"Bacterial pneumonia, not elsewhere classified",17342,84,0.94 [0.64-1.37],0.732710493986493
DENR,Density-regulated protein,Chapter X Diseases of the respiratory system,Bronchiectasis,16377,433,0.99 [0.84-1.17],0.8783113367198419
DENR,Density-regulated protein,Chapter X Diseases of the respiratory system,"Bronchitis, not specified as acute or chronic",16006,62,1.81 [1.38-2.36],1.4541867980231404e-05
DENR,Density-regulated protein,Chapter X Diseases of the respiratory system,Chronic lower respiratory diseases,18615,2671,1.01 [0.94-1.08],0.8286815746238404
DENR,Density-regulated protein,Chapter X Diseases of the respiratory system,"Chronic rhinitis, nasopharyngitis and pharyngitis",18530,63,0.85 [0.54-1.35],0.4983303266978691
DENR,Density-regulated protein,Chapter X Diseases of the respiratory system,Chronic sinusitis,18576,109,0.81 [0.57-1.15],0.2323974129725282
DENR,Density-regulated protein,Chapter X Diseases of the respiratory system,"COPD, hospital admissions 1, only main diagnosis",19322,1357,1.00 [0.92-1.10],0.9325280350212386
DENR,Density-regulated protein,Chapter X Diseases of the respiratory system,Deviated nasal septum,18539,72,0.83 [0.54-1.27],0.387912841160052
DENR,Density-regulated protein,Chapter X Diseases of the respiratory system,Diseases of the respiratory system,17746,5089,1.04 [0.99-1.09],0.1434962711320587
DENR,Density-regulated protein,Chapter X Diseases of the respiratory system,"Diseases of vocal cords and larynx+other diseases of upper respiratory tract, no elsewhere classified",18765,298,1.05 [0.86-1.27],0.6423098741352906
DENR,Density-regulated protein,Chapter X Diseases of the respiratory system,Early onset COPD,18066,101,0.86 [0.61-1.23],0.4217946135132095
DENR,Density-regulated protein,Chapter X Diseases of the respiratory system,Emphysema,16315,371,1.08 [0.91-1.29],0.3882847374616833
DENR,Density-regulated protein,Chapter X Diseases of the respiratory system,Idiopathic pulmonary fibrosis,18455,394,0.87 [0.72-1.04],0.1193222760775735
DENR,Density-regulated protein,Chapter X Diseases of the respiratory system,Influenza and pneumonia,19348,2090,1.03 [0.96-1.11],0.3578217098807092
DENR,Density-regulated protein,Chapter X Diseases of the respiratory system,Interstitial lung disease,18490,429,0.89 [0.75-1.06],0.1993182570590451
DENR,Density-regulated protein,Chapter X Diseases of the respiratory system,Later onset COPD,19111,1256,1.02 [0.92-1.12],0.7548314604467906
DENR,Density-regulated protein,Chapter X Diseases of the respiratory system,Lung diseases due to external agents,19552,385,1.00 [0.84-1.19],0.9757000850305768
DENR,Density-regulated protein,Chapter X Diseases of the respiratory system,Nasal polyp,18552,85,0.95 [0.65-1.39],0.7911995150712787
DENR,Density-regulated protein,Chapter X Diseases of the respiratory system,Other acute lower respiratory infections,19328,1050,1.02 [0.92-1.13],0.7023764229280623
DENR,Density-regulated protein,Chapter X Diseases of the respiratory system,Other diseases of pleura,19327,2228,1.01 [0.93-1.08],0.8885350784313174
DENR,Density-regulated protein,Chapter X Diseases of the respiratory system,Other diseases of upper respiratory tract,19109,642,1.04 [0.91-1.19],0.5629987649733161
DENR,Density-regulated protein,Chapter X Diseases of the respiratory system,Other pleural conditions,17150,51,0.75 [0.44-1.27],0.2872029190247397
DENR,Density-regulated protein,Chapter X Diseases of the respiratory system,Other respiratory diseases principally affecting the interstitium,19452,505,0.88 [0.75-1.04],0.1296840963021376
DENR,Density-regulated protein,Chapter X Diseases of the respiratory system,Other respiratory disorders and diseases,19456,1438,1.06 [0.97-1.15],0.2193900411801185
DENR,Density-regulated protein,Chapter X Diseases of the respiratory system,Pleural effusion,18203,1104,0.96 [0.86-1.06],0.4260860772753447
DENR,Density-regulated protein,Chapter X Diseases of the respiratory system,Pleural plaque,17320,221,0.97 [0.76-1.22],0.7776425000517905
DENR,Density-regulated protein,Chapter X Diseases of the respiratory system,"Pneumonia, organism unspecified",19114,1856,1.04 [0.97-1.13],0.2737032779099113
DENR,Density-regulated protein,Chapter X Diseases of the respiratory system,Pneumonitis due to solids and liquids,19453,286,0.99 [0.81-1.21],0.9327986701485438
DENR,Density-regulated protein,Chapter X Diseases of the respiratory system,Pneumothorax,17248,149,0.92 [0.69-1.23],0.5557790504028337
DENR,Density-regulated protein,Chapter X Diseases of the respiratory system,Pollen allergy,19560,168,1.18 [0.93-1.50],0.1723149953046864
DENR,Density-regulated protein,Chapter X Diseases of the respiratory system,Pulmonary oedema,19021,74,0.81 [0.53-1.25],0.3486163442099901
DENR,Density-regulated protein,Chapter X Diseases of the respiratory system,Respiratory insufficiency,12118,57,1.00 [0.61-1.66],0.988570020081828
DENR,Density-regulated protein,Chapter X Diseases of the respiratory system,Unspecified acute lower respiratory infection,19315,1037,1.02 [0.92-1.14],0.6903423306379821
DENR,Density-regulated protein,Chapter X Diseases of the respiratory system,Vasomotor and allergic rhinitis,18668,201,1.14 [0.91-1.43],0.241803412518282
DENR,Density-regulated protein,Chapter X Diseases of the respiratory system,Viral pneumonia,17501,243,0.97 [0.78-1.21],0.807218641046324
DENR,Density-regulated protein,Chapter X Diseases of the respiratory system,"Viral pneumonia (unknown virus, not influenza)",19147,195,0.92 [0.71-1.18],0.5152975577676169
DENR,Density-regulated protein,Chapter X Diseases of the respiratory system,Vocal cord dysfunction,6314,104,1.19 [0.86-1.66],0.2966815805716574
DENR,Density-regulated protein,Chapter XI Diseases of the digestive system,Abscess of anal and rectal regions,12510,51,1.09 [0.69-1.71],0.7120298464057069
DENR,Density-regulated protein,Chapter XI Diseases of the digestive system,Acute appendicitis,19468,108,0.87 [0.61-1.22],0.4148074976832349
DENR,Density-regulated protein,Chapter XI Diseases of the digestive system,Acute gastritis,13688,85,1.04 [0.71-1.50],0.852673806588121
DENR,Density-regulated protein,Chapter XI Diseases of the digestive system,Acute pancreatitis,17871,164,0.88 [0.67-1.17],0.3945302198051842
DENR,Density-regulated protein,Chapter XI Diseases of the digestive system,Acute peritonitis,19167,90,1.36 [1.02-1.81],0.034543080013123
DENR,Density-regulated protein,Chapter XI Diseases of the digestive system,Alcoholic liver disease,18747,47,1.06 [0.67-1.70],0.8001336542670546
DENR,Density-regulated protein,Chapter XI Diseases of the digestive system,Barrett oesophagus,14023,420,1.11 [0.94-1.30],0.2184544284520641
DENR,Density-regulated protein,Chapter XI Diseases of the digestive system,"Cholangitis (primary sclerosing, PSC)",17831,124,1.23 [0.94-1.61],0.1384842358009085
DENR,Density-regulated protein,Chapter XI Diseases of the digestive system,"Cholangitis (primary sclerosing, PSC), with reimbursement 202",19224,124,1.23 [0.93-1.61],0.1400818342315554
DENR,Density-regulated protein,Chapter XI Diseases of the digestive system,Cholecystitis,17887,180,0.88 [0.68-1.16],0.3701862514780215
DENR,Density-regulated protein,Chapter XI Diseases of the digestive system,Cholelithiasis,18578,871,1.06 [0.95-1.19],0.2815584950919845
DENR,Density-regulated protein,Chapter XI Diseases of the digestive system,Chronic gastritis,13886,283,0.92 [0.74-1.14],0.435717353527759
DENR,Density-regulated protein,Chapter XI Diseases of the digestive system,Chronic pancreatitis,17749,42,0.88 [0.51-1.53],0.656378010405795
DENR,Density-regulated protein,Chapter XI Diseases of the digestive system,"Cirrhosis of liver, NAS",19455,105,1.04 [0.75-1.44],0.818222542080201
DENR,Density-regulated protein,Chapter XI Diseases of the digestive system,Coeliac disease,18118,106,1.15 [0.84-1.57],0.3814012615176256
DENR,Density-regulated protein,Chapter XI Diseases of the digestive system,Collagenous colitis,18098,85,1.07 [0.74-1.54],0.71552809420739
DENR,Density-regulated protein,Chapter XI Diseases of the digestive system,Colonic or urogenital fistula,19471,138,0.93 [0.69-1.25],0.6220470959469964
DENR,Density-regulated protein,Chapter XI Diseases of the digestive system,Constipation,19331,1737,0.99 [0.91-1.07],0.7725322437585804
DENR,Density-regulated protein,Chapter XI Diseases of the digestive system,Crohn disease,18077,64,1.35 [0.96-1.91],0.0869952338855248
DENR,Density-regulated protein,Chapter XI Diseases of the digestive system,"Crohn disease (strict definition, all UC cases excluded)",19275,50,1.18 [0.76-1.84],0.4513926533926198
DENR,Density-regulated protein,Chapter XI Diseases of the digestive system,Crohn's disease NAS,18070,57,1.12 [0.73-1.71],0.6043878741534203
DENR,Density-regulated protein,Chapter XI Diseases of the digestive system,Dental caries,19046,157,0.99 [0.75-1.30],0.9405780847309524
DENR,Density-regulated protein,Chapter XI Diseases of the digestive system,Diaphragmatic hernia,16937,2144,0.98 [0.91-1.06],0.679986973131862
DENR,Density-regulated protein,Chapter XI Diseases of the digestive system,Diseases of appendix,19494,134,0.91 [0.67-1.24],0.5443147891168248
DENR,Density-regulated protein,Chapter XI Diseases of the digestive system,Diseases of liver,19470,770,1.03 [0.91-1.16],0.634827372147656
DENR,Density-regulated protein,Chapter XI Diseases of the digestive system,"Diseases of oesophagus, stomach and duodenum",17439,3836,1.02 [0.97-1.08],0.4393182500869447
DENR,Density-regulated protein,Chapter XI Diseases of the digestive system,"Diseases of oral cavity, salivary glands and jaws",19279,390,0.95 [0.80-1.14],0.6089117390046777
DENR,Density-regulated protein,Chapter XI Diseases of the digestive system,Diseases of peritoneum,19494,417,1.02 [0.87-1.21],0.7825017557518696
DENR,Density-regulated protein,Chapter XI Diseases of the digestive system,Diseases of pulp and periapical tissues,18964,75,0.82 [0.54-1.26],0.3726945413356525
DENR,Density-regulated protein,Chapter XI Diseases of the digestive system,Diseases of salivary glands,18862,47,0.97 [0.59-1.61],0.9138028746259458
DENR,Density-regulated protein,Chapter XI Diseases of the digestive system,Diseases of the digestive system,19295,1283,1.03 [0.94-1.13],0.5010059287455284
DENR,Density-regulated protein,Chapter XI Diseases of the digestive system,Diseases of tongue,18874,80,1.26 [0.90-1.77],0.1735082657519656
DENR,Density-regulated protein,Chapter XI Diseases of the digestive system,"Disorders of gallbladder, biliary tract and pancreas",18978,1271,1.07 [0.97-1.17],0.1644301631033846
DENR,Density-regulated protein,Chapter XI Diseases of the digestive system,Diverticular disease of intestine,15640,3181,1.01 [0.95-1.07],0.7962072862215834
DENR,Density-regulated protein,Chapter XI Diseases of the digestive system,Duodenal ulcer,13798,195,0.88 [0.68-1.14],0.3208439180700108
DENR,Density-regulated protein,Chapter XI Diseases of the digestive system,"Duodenal ulcer - Unspecified as acute or chronic, without haemorrhage or perforation, drug-induced",19480,155,0.94 [0.71-1.25],0.6858112493941303
DENR,Density-regulated protein,Chapter XI Diseases of the digestive system,Embedded and impacted teeth,19539,20,0.89 [0.39-2.00],0.7717355024201403
DENR,Density-regulated protein,Chapter XI Diseases of the digestive system,Fibrosis and cirrhosis of liver,18823,123,1.02 [0.76-1.38],0.88533618932561
DENR,Density-regulated protein,Chapter XI Diseases of the digestive system,Fissure and fistula of anal and rectal regions,12551,92,0.98 [0.68-1.40],0.913450574082072
DENR,Density-regulated protein,Chapter XI Diseases of the digestive system,Functional dyspepsia,14073,470,1.04 [0.88-1.21],0.661992134029366
DENR,Density-regulated protein,Chapter XI Diseases of the digestive system,Gastric ulcer,13964,361,1.23 [1.04-1.45],0.0154389621276322
DENR,Density-regulated protein,Chapter XI Diseases of the digestive system,Gastro-oesophageal reflux disease,15822,2219,0.99 [0.92-1.07],0.7833947306965228
DENR,Density-regulated protein,Chapter XI Diseases of the digestive system,Gastroduodenal ulcer,14139,536,1.10 [0.95-1.27],0.1953993002695873
DENR,Density-regulated protein,Chapter XI Diseases of the digestive system,Gastrointestinal diseases,14195,6931,1.02 [0.98-1.06],0.2899413250757112
DENR,Density-regulated protein,Chapter XI Diseases of the digestive system,GI-bleeding,19062,1050,1.02 [0.92-1.13],0.7450667205608511
DENR,Density-regulated protein,Chapter XI Diseases of the digestive system,Gingivitis and periodontal diseases,18932,43,0.80 [0.45-1.42],0.4483723547416559
DENR,Density-regulated protein,Chapter XI Diseases of the digestive system,Haemorrhoids and perianal venous thrombosis,13296,1001,0.98 [0.88-1.10],0.7707215159258036
DENR,Density-regulated protein,Chapter XI Diseases of the digestive system,"Hepatic failure, not elsewhere classified",18758,58,0.83 [0.51-1.33],0.4346298748264858
DENR,Density-regulated protein,Chapter XI Diseases of the digestive system,Hernia,17841,3048,0.99 [0.94-1.06],0.8647961893994915
DENR,Density-regulated protein,Chapter XI Diseases of the digestive system,Impacted teeth,19541,19,0.94 [0.41-2.15],0.8887029052753666
DENR,Density-regulated protein,Chapter XI Diseases of the digestive system,Impaction of intestines,12523,64,0.89 [0.56-1.40],0.6047275502742677
DENR,Density-regulated protein,Chapter XI Diseases of the digestive system,Inguinal hernia,15728,935,1.02 [0.91-1.14],0.7155957903904504
DENR,Density-regulated protein,Chapter XI Diseases of the digestive system,"Inguinal hernia, bilateral",14892,99,1.02 [0.72-1.44],0.9147604746593504
DENR,Density-regulated protein,Chapter XI Diseases of the digestive system,Intestinal adhesions without obstruction,12555,96,1.11 [0.80-1.53],0.5412764050342157
DENR,Density-regulated protein,Chapter XI Diseases of the digestive system,Intestinal malabsorption,18137,125,1.09 [0.81-1.46],0.576506634880317
DENR,Density-regulated protein,Chapter XI Diseases of the digestive system,Irritable bowel syndrome,12888,429,1.02 [0.87-1.21],0.7821198380630054
DENR,Density-regulated protein,Chapter XI Diseases of the digestive system,Nonalcoholic fatty liver disease,19545,271,1.06 [0.87-1.30],0.5743330601722276
DENR,Density-regulated protein,Chapter XI Diseases of the digestive system,Noninfectious colitis NAS,18670,657,1.15 [1.02-1.31],0.0225363543980077
DENR,Density-regulated protein,Chapter XI Diseases of the digestive system,Noninfective enteritis and colitis,18925,912,1.13 [1.02-1.26],0.0220556483559991
DENR,Density-regulated protein,Chapter XI Diseases of the digestive system,Oesophageal obstruction,13788,185,0.93 [0.72-1.21],0.586001674924248
DENR,Density-regulated protein,Chapter XI Diseases of the digestive system,Oesophagitis,14190,587,1.01 [0.87-1.16],0.9289851537661152
DENR,Density-regulated protein,Chapter XI Diseases of the digestive system,Oral lichen ruber planus,19517,114,1.17 [0.87-1.57],0.3112034090126897
DENR,Density-regulated protein,Chapter XI Diseases of the digestive system,Other and unspecified abdominal hernia,14864,71,1.36 [0.97-1.91],0.0764944546624983
DENR,Density-regulated protein,Chapter XI Diseases of the digestive system,Other diseases of anus and rectum,13620,1161,1.04 [0.94-1.14],0.4767717074375491
DENR,Density-regulated protein,Chapter XI Diseases of the digestive system,Other diseases of biliary tract,18010,303,1.12 [0.93-1.35],0.2442542679386308
DENR,Density-regulated protein,Chapter XI Diseases of the digestive system,Other diseases of gallbladder,17830,123,1.16 [0.87-1.55],0.3124550041657569
DENR,Density-regulated protein,Chapter XI Diseases of the digestive system,Other diseases of intestine,14083,1624,1.02 [0.93-1.10],0.7254321332379027
DENR,Density-regulated protein,Chapter XI Diseases of the digestive system,Other diseases of intestines,17636,5177,0.99 [0.95-1.04],0.7824878850675158
DENR,Density-regulated protein,Chapter XI Diseases of the digestive system,Other diseases of lip and oral mucosa,18841,177,1.17 [0.93-1.49],0.1872299691390127
DENR,Density-regulated protein,Chapter XI Diseases of the digestive system,Other diseases of liver,19336,636,1.01 [0.88-1.15],0.926251441706141
DENR,Density-regulated protein,Chapter XI Diseases of the digestive system,Other diseases of oesophagus,14244,641,1.03 [0.90-1.18],0.6439453031873279
DENR,Density-regulated protein,Chapter XI Diseases of the digestive system,Other diseases of pancreas,17886,179,0.83 [0.63-1.09],0.1721513619985846
DENR,Density-regulated protein,Chapter XI Diseases of the digestive system,Other diseases of peritoneum,19431,354,0.99 [0.83-1.19],0.9339379462311423
DENR,Density-regulated protein,Chapter XI Diseases of the digestive system,Other diseases of stomach and duodenum,14525,922,1.01 [0.90-1.13],0.8924389052959905
DENR,Density-regulated protein,Chapter XI Diseases of the digestive system,Other diseases of the digestive system,19073,1061,1.01 [0.91-1.12],0.843878750453946
DENR,Density-regulated protein,Chapter XI Diseases of the digestive system,Other disorders of teeth and supporting structures,19031,142,0.92 [0.69-1.24],0.6022682708463727
DENR,Density-regulated protein,Chapter XI Diseases of the digestive system,Other functional intestinal disorders,14234,1775,0.99 [0.91-1.07],0.7387716728177192
DENR,Density-regulated protein,Chapter XI Diseases of the digestive system,Other gastritis (incl. Duodenitis),15412,1809,1.01 [0.94-1.10],0.7168598924625522
DENR,Density-regulated protein,Chapter XI Diseases of the digestive system,Other inflammatory liver diseases,18792,92,1.15 [0.82-1.60],0.4168358598265729
DENR,Density-regulated protein,Chapter XI Diseases of the digestive system,Other noninfective gastroenteritis and colitis,18821,808,1.15 [1.03-1.28],0.0153778570925854
DENR,Density-regulated protein,Chapter XI Diseases of the digestive system,"Other or unspecified ileus, impaction or obstruction",12831,372,0.91 [0.76-1.10],0.3198256461677379
DENR,Density-regulated protein,Chapter XI Diseases of the digestive system,Palatinal maxillary canine,19536,24,1.01 [0.50-2.06],0.971036962367796
DENR,Density-regulated protein,Chapter XI Diseases of the digestive system,Paralytic ileus and intestinal obstruction,12976,517,0.95 [0.81-1.10],0.480184697679976
DENR,Density-regulated protein,Chapter XI Diseases of the digestive system,"Postprocedural disorders of digestive system, not elsewhere classified",18151,139,1.21 [0.93-1.56],0.1528009631801732
DENR,Density-regulated protein,Chapter XI Diseases of the digestive system,Recurring oral aphthae,19557,44,0.51 [0.28-0.93],0.0278456547819921
DENR,Density-regulated protein,Chapter XI Diseases of the digestive system,Stomatitis and related lesions,18884,84,0.93 [0.64-1.37],0.7224063540865893
DENR,Density-regulated protein,Chapter XI Diseases of the digestive system,Toxic colitis,18082,69,1.24 [0.86-1.78],0.2510620444786276
DENR,Density-regulated protein,Chapter XI Diseases of the digestive system,Ulcer of oesophagus,13895,292,1.05 [0.86-1.28],0.6347637679180111
DENR,Density-regulated protein,Chapter XI Diseases of the digestive system,Ulcerative colitis,18150,137,1.04 [0.78-1.38],0.8050474003586168
DENR,Density-regulated protein,Chapter XI Diseases of the digestive system,"Ulcerative colitis, NAS",18123,110,0.96 [0.69-1.34],0.8224466481840039
DENR,Density-regulated protein,Chapter XI Diseases of the digestive system,Umbilical hernia,15006,213,0.84 [0.66-1.08],0.1763346243629783
DENR,Density-regulated protein,Chapter XI Diseases of the digestive system,Vascular disorders of the intestines,12666,207,0.87 [0.68-1.12],0.2901188285866922
DENR,Density-regulated protein,Chapter XI Diseases of the digestive system,Ventral hernia,15016,223,1.05 [0.84-1.32],0.6454223572075553
DENR,Density-regulated protein,Chapter XI Diseases of the digestive system,Volvulus,12535,76,0.89 [0.59-1.34],0.5655337873281863
DENR,Density-regulated protein,Chapter XII Diseases of the skin and subcutaneous tissue,Actinic keratosis,19480,337,1.10 [0.92-1.32],0.2772784569910141
DENR,Density-regulated protein,Chapter XII Diseases of the skin and subcutaneous tissue,Arthropathic psoriasis,19264,61,1.31 [0.90-1.91],0.1536954273984167
DENR,Density-regulated protein,Chapter XII Diseases of the skin and subcutaneous tissue,Atrophic disorders of skin,17467,141,0.91 [0.68-1.23],0.5499908271319536
DENR,Density-regulated protein,Chapter XII Diseases of the skin and subcutaneous tissue,Cellulitis,19044,689,0.91 [0.80-1.04],0.1826130522193808
DENR,Density-regulated protein,Chapter XII Diseases of the skin and subcutaneous tissue,"Cutaneous abscess, furuncle and carbuncle",18474,119,0.90 [0.65-1.25],0.546793988622478
DENR,Density-regulated protein,Chapter XII Diseases of the skin and subcutaneous tissue,Decubitus ulcer and pressure area,17812,486,0.91 [0.77-1.07],0.246362516715186
DENR,Density-regulated protein,Chapter XII Diseases of the skin and subcutaneous tissue,Dermatitis,19273,261,1.06 [0.86-1.30],0.581918042171179
DENR,Density-regulated protein,Chapter XII Diseases of the skin and subcutaneous tissue,Dermatitis and eczema,19473,461,1.03 [0.88-1.20],0.7279276779745013
DENR,Density-regulated protein,Chapter XII Diseases of the skin and subcutaneous tissue,Dermatitis due to substances taken internally,19054,42,0.86 [0.49-1.49],0.582236512849766
DENR,Density-regulated protein,Chapter XII Diseases of the skin and subcutaneous tissue,Diseases of the skin and subcutaneous tissue,18211,3087,0.92 [0.86-0.98],0.0113989179278251
DENR,Density-regulated protein,Chapter XII Diseases of the skin and subcutaneous tissue,Disorders of skin appendages,19198,356,0.81 [0.66-0.98],0.0303658320691758
DENR,Density-regulated protein,Chapter XII Diseases of the skin and subcutaneous tissue,Follicular cysts of skin and subcutaneous tissue,19088,246,0.77 [0.61-0.97],0.0298814476486081
DENR,Density-regulated protein,Chapter XII Diseases of the skin and subcutaneous tissue,Infections of the skin and subcutaneous tissue,19244,889,0.88 [0.78-0.99],0.0379215628472617
DENR,Density-regulated protein,Chapter XII Diseases of the skin and subcutaneous tissue,"Lichen planus, including avohilmo",19552,51,0.61 [0.35-1.05],0.0734303427475323
DENR,Density-regulated protein,Chapter XII Diseases of the skin and subcutaneous tissue,Lupus erythematosus,17380,54,0.72 [0.42-1.21],0.2151798364272659
DENR,Density-regulated protein,Chapter XII Diseases of the skin and subcutaneous tissue,Nail disorders,18892,50,0.89 [0.53-1.47],0.6370289698877514
DENR,Density-regulated protein,Chapter XII Diseases of the skin and subcutaneous tissue,Other and unspecified dermatitis,19261,249,1.04 [0.84-1.29],0.7107235234594669
DENR,Density-regulated protein,Chapter XII Diseases of the skin and subcutaneous tissue,Other and unspecified disorders of skin and subcutaneous tissue,17825,499,0.96 [0.83-1.13],0.6524480414622147
DENR,Density-regulated protein,Chapter XII Diseases of the skin and subcutaneous tissue,Other and unspecified epidermal thickening,17402,76,0.81 [0.53-1.24],0.3383274325633836
DENR,Density-regulated protein,Chapter XII Diseases of the skin and subcutaneous tissue,Other and unspecified erythematous conditions,19497,72,0.95 [0.63-1.44],0.8141668108141479
DENR,Density-regulated protein,Chapter XII Diseases of the skin and subcutaneous tissue,Other and unspecified local infections of skin and subcutaneous tissue,18531,176,0.85 [0.65-1.12],0.2437097353388667
DENR,Density-regulated protein,Chapter XII Diseases of the skin and subcutaneous tissue,Other and unspecified psoriasis,19392,189,1.02 [0.80-1.31],0.8462667675050835
DENR,Density-regulated protein,Chapter XII Diseases of the skin and subcutaneous tissue,Other contact dermatitis,19088,76,1.03 [0.70-1.52],0.8671319564415247
DENR,Density-regulated protein,Chapter XII Diseases of the skin and subcutaneous tissue,Other disorders of pigmentation,17387,61,0.73 [0.45-1.19],0.2049638477831244
DENR,Density-regulated protein,Chapter XII Diseases of the skin and subcutaneous tissue,Other disorders of skin and subcutaneous tissue,19050,1724,0.90 [0.82-0.98],0.0155837082392557
DENR,Density-regulated protein,Chapter XII Diseases of the skin and subcutaneous tissue,"Other disorders of skin and subcutaneous tissue, not elsewhere classified",17859,533,0.90 [0.77-1.05],0.1932205264291732
DENR,Density-regulated protein,Chapter XII Diseases of the skin and subcutaneous tissue,Other epidermal thickening,17405,79,0.79 [0.52-1.20],0.2795722742499295
DENR,Density-regulated protein,Chapter XII Diseases of the skin and subcutaneous tissue,Papulosquamous disorders,19491,288,1.03 [0.84-1.25],0.7862813524937009
DENR,Density-regulated protein,Chapter XII Diseases of the skin and subcutaneous tissue,Pruritus,19074,62,0.85 [0.54-1.36],0.501302636757444
DENR,Density-regulated protein,Chapter XII Diseases of the skin and subcutaneous tissue,Psoriasis,19439,236,1.12 [0.91-1.38],0.281431316693095
DENR,Density-regulated protein,Chapter XII Diseases of the skin and subcutaneous tissue,Radiation-related disorders of the skin and subcutaneous tissue,19509,366,1.06 [0.89-1.27],0.4858313821911345
DENR,Density-regulated protein,Chapter XII Diseases of the skin and subcutaneous tissue,Scar conditions and fibrosis of skin,17432,106,0.93 [0.66-1.31],0.6881651115748646
DENR,Density-regulated protein,Chapter XII Diseases of the skin and subcutaneous tissue,Seborrhoeic keratosis,17610,284,0.73 [0.59-0.92],0.0064338809012469
DENR,Density-regulated protein,Chapter XII Diseases of the skin and subcutaneous tissue,Skin changes due to chronic exposure to nonionizing radiation,19497,354,1.06 [0.89-1.27],0.5218229114702582
DENR,Density-regulated protein,Chapter XII Diseases of the skin and subcutaneous tissue,"Ulcer of lower limb, not elsewhere classified",17592,266,0.96 [0.78-1.19],0.709810112800573
DENR,Density-regulated protein,Chapter XII Diseases of the skin and subcutaneous tissue,Urticaria and erythema,19544,119,1.06 [0.78-1.44],0.7081727598755421
DENR,Density-regulated protein,Chapter XIII Diseases of the musculoskeletal system and connective tissue,Adhesive capsulitis of shoulder,16328,68,0.70 [0.44-1.11],0.1327405100810318
DENR,Density-regulated protein,Chapter XIII Diseases of the musculoskeletal system and connective tissue,Arthropathies,17267,5413,1.01 [0.97-1.06],0.535258200318773
DENR,Density-regulated protein,Chapter XIII Diseases of the musculoskeletal system and connective tissue,Arthrosis,16075,4221,1.01 [0.96-1.06],0.7847636714672815
DENR,Density-regulated protein,Chapter XIII Diseases of the musculoskeletal system and connective tissue,Bursitis of shoulder,16306,46,0.94 [0.56-1.59],0.8204734916501142
DENR,Density-regulated protein,Chapter XIII Diseases of the musculoskeletal system and connective tissue,Cervical disc disorders,16303,116,1.05 [0.77-1.44],0.7606389393099691
DENR,Density-regulated protein,Chapter XIII Diseases of the musculoskeletal system and connective tissue,Cervicalgia,16343,156,0.92 [0.69-1.22],0.5556628406852677
DENR,Density-regulated protein,Chapter XIII Diseases of the musculoskeletal system and connective tissue,Chondropathies,19356,50,0.96 [0.58-1.58],0.8751835362513403
DENR,Density-regulated protein,Chapter XIII Diseases of the musculoskeletal system and connective tissue,"Collapsed vertebra, not elsewhere classified",16307,120,1.02 [0.74-1.39],0.918258043653806
DENR,Density-regulated protein,Chapter XIII Diseases of the musculoskeletal system and connective tissue,Coxarthrosis,13105,1251,0.98 [0.89-1.08],0.7093485136220243
DENR,Density-regulated protein,Chapter XIII Diseases of the musculoskeletal system and connective tissue,"Coxarthrosis, primary",19384,211,1.13 [0.91-1.42],0.269627498762568
DENR,Density-regulated protein,Chapter XIII Diseases of the musculoskeletal system and connective tissue,Deforming dorsopathies,16661,474,1.13 [0.97-1.31],0.1118432233996536
DENR,Density-regulated protein,Chapter XIII Diseases of the musculoskeletal system and connective tissue,Diseases of the musculoskeletal system and connective tissue,15869,6762,1.00 [0.96-1.04],0.9447274056499396
DENR,Density-regulated protein,Chapter XIII Diseases of the musculoskeletal system and connective tissue,Disorders of continuity of bone,17462,102,0.88 [0.62-1.27],0.5013653452040888
DENR,Density-regulated protein,Chapter XIII Diseases of the musculoskeletal system and connective tissue,Disorders of muscles,16406,146,1.05 [0.80-1.38],0.7337383348590121
DENR,Density-regulated protein,Chapter XIII Diseases of the musculoskeletal system and connective tissue,Disorders of synovium and tendon,16687,427,1.09 [0.93-1.28],0.2657391376427133
DENR,Density-regulated protein,Chapter XIII Diseases of the musculoskeletal system and connective tissue,Dorsopathies,18781,2594,1.00 [0.94-1.07],0.8991556102701344
DENR,Density-regulated protein,Chapter XIII Diseases of the musculoskeletal system and connective tissue,Fibroblastic disorders,16528,268,0.85 [0.68-1.07],0.1648248006441048
DENR,Density-regulated protein,Chapter XIII Diseases of the musculoskeletal system and connective tissue,Fibromyalgia,16385,125,1.11 [0.83-1.50],0.4766764194136654
DENR,Density-regulated protein,Chapter XIII Diseases of the musculoskeletal system and connective tissue,Ganglion,16362,102,0.92 [0.65-1.31],0.6517201746479088
DENR,Density-regulated protein,Chapter XIII Diseases of the musculoskeletal system and connective tissue,Giant cell arteritis,18917,87,1.13 [0.79-1.61],0.4994743845810275
DENR,Density-regulated protein,Chapter XIII Diseases of the musculoskeletal system and connective tissue,Gonarthrosis,13537,1683,0.98 [0.90-1.06],0.579363218397459
DENR,Density-regulated protein,Chapter XIII Diseases of the musculoskeletal system and connective tissue,Gout,12490,636,1.07 [0.94-1.22],0.2926575913409171
DENR,Density-regulated protein,Chapter XIII Diseases of the musculoskeletal system and connective tissue,"Gout, unspecified",19484,630,1.11 [0.97-1.26],0.1290608245987088
DENR,Density-regulated protein,Chapter XIII Diseases of the musculoskeletal system and connective tissue,Hallux rigidus,11917,63,1.11 [0.73-1.69],0.62569945986263
DENR,Density-regulated protein,Chapter XIII Diseases of the musculoskeletal system and connective tissue,Hallux valgus (acquired),12112,258,0.85 [0.68-1.07],0.1756348840228681
DENR,Density-regulated protein,Chapter XIII Diseases of the musculoskeletal system and connective tissue,Impingement syndrome of shoulder,16480,220,1.03 [0.82-1.29],0.7993596762200061
DENR,Density-regulated protein,Chapter XIII Diseases of the musculoskeletal system and connective tissue,Internal derangement of knee,12261,407,0.93 [0.78-1.11],0.4509728980263721
DENR,Density-regulated protein,Chapter XIII Diseases of the musculoskeletal system and connective tissue,Kyphosis,16253,66,1.30 [0.90-1.88],0.1596784433845056
DENR,Density-regulated protein,Chapter XIII Diseases of the musculoskeletal system and connective tissue,Low back pain,16748,561,0.97 [0.83-1.12],0.6454785756918424
DENR,Density-regulated protein,Chapter XIII Diseases of the musculoskeletal system and connective tissue,Lumbar disc prolapse,16442,255,1.19 [0.98-1.45],0.0870353862526269
DENR,Density-regulated protein,Chapter XIII Diseases of the musculoskeletal system and connective tissue,Meniscus derangement,12235,381,0.97 [0.81-1.16],0.7498198720453748
DENR,Density-regulated protein,Chapter XIII Diseases of the musculoskeletal system and connective tissue,Myalgia,16319,59,1.28 [0.87-1.89],0.2126758562986717
DENR,Density-regulated protein,Chapter XIII Diseases of the musculoskeletal system and connective tissue,"Neuralgia and neuritis, unspecified",16307,47,1.28 [0.83-1.96],0.2644200445030988
DENR,Density-regulated protein,Chapter XIII Diseases of the musculoskeletal system and connective tissue,Osteomyelitis,17426,66,0.60 [0.37-0.98],0.0406451601546715
DENR,Density-regulated protein,Chapter XIII Diseases of the musculoskeletal system and connective tissue,Osteopathies and chondropathies,19216,1856,0.95 [0.88-1.04],0.2658222828185413
DENR,Density-regulated protein,Chapter XIII Diseases of the musculoskeletal system and connective tissue,Osteoporosis,18673,1313,0.97 [0.88-1.06],0.4739594135503613
DENR,Density-regulated protein,Chapter XIII Diseases of the musculoskeletal system and connective tissue,"Other (seronegative) rheumatoid arthritis, wide",19431,458,1.10 [0.95-1.29],0.2037261943993147
DENR,Density-regulated protein,Chapter XIII Diseases of the musculoskeletal system and connective tissue,Other arthrosis,14482,2628,1.03 [0.96-1.10],0.4243357267716846
DENR,Density-regulated protein,Chapter XIII Diseases of the musculoskeletal system and connective tissue,Other articular cartilage disorders,11893,39,0.66 [0.35-1.22],0.1844611622302352
DENR,Density-regulated protein,Chapter XIII Diseases of the musculoskeletal system and connective tissue,Other bursopathies,16342,82,1.00 [0.69-1.46],0.9932504580573172
DENR,Density-regulated protein,Chapter XIII Diseases of the musculoskeletal system and connective tissue,Other crystal arthropathies,11920,66,0.77 [0.49-1.22],0.2680499696744773
DENR,Density-regulated protein,Chapter XIII Diseases of the musculoskeletal system and connective tissue,Other deformities of toe(s),11967,113,1.02 [0.74-1.41],0.9106649556690962
DENR,Density-regulated protein,Chapter XIII Diseases of the musculoskeletal system and connective tissue,Other disorders of bone,17559,199,1.07 [0.84-1.36],0.5695805478269906
DENR,Density-regulated protein,Chapter XIII Diseases of the musculoskeletal system and connective tissue,Other disorders of bone density and structure,17771,411,0.89 [0.74-1.06],0.18164311494784
DENR,Density-regulated protein,Chapter XIII Diseases of the musculoskeletal system and connective tissue,Other disorders of the musculoskeletal system and connective tissue,19551,91,1.51 [1.15-1.98],0.0029549572386697
DENR,Density-regulated protein,Chapter XIII Diseases of the musculoskeletal system and connective tissue,"Other dorsopathies, not elsewhere classified",17820,1633,0.99 [0.91-1.08],0.8852055308308426
DENR,Density-regulated protein,Chapter XIII Diseases of the musculoskeletal system and connective tissue,Other enthesopathies,16319,59,1.35 [0.94-1.94],0.0994446479481518
DENR,Density-regulated protein,Chapter XIII Diseases of the musculoskeletal system and connective tissue,Other hammer toe(s) (acquired),11984,130,1.04 [0.77-1.41],0.7834044381037881
DENR,Density-regulated protein,Chapter XIII Diseases of the musculoskeletal system and connective tissue,Other intervertebral disc disorders,16838,651,1.08 [0.95-1.23],0.2449885812085039
DENR,Density-regulated protein,Chapter XIII Diseases of the musculoskeletal system and connective tissue,Other joint disorders,13694,1840,0.97 [0.90-1.06],0.5058800288053172
DENR,Density-regulated protein,Chapter XIII Diseases of the musculoskeletal system and connective tissue,Other necrotizing vasculopathies,18936,106,1.17 [0.86-1.60],0.3211136750414924
DENR,Density-regulated protein,Chapter XIII Diseases of the musculoskeletal system and connective tissue,Other psoriatic arthropathies,19562,59,1.31 [0.89-1.92],0.169267301710253
DENR,Density-regulated protein,Chapter XIII Diseases of the musculoskeletal system and connective tissue,Other shoulder lesions,16328,68,0.86 [0.56-1.34],0.5081559320668749
DENR,Density-regulated protein,Chapter XIII Diseases of the musculoskeletal system and connective tissue,"Other soft tissue disorders, not elsewhere classified",17382,1122,1.05 [0.95-1.16],0.3414153103920224
DENR,Density-regulated protein,Chapter XIII Diseases of the musculoskeletal system and connective tissue,Other specified disorders of muscle,16343,83,1.14 [0.80-1.61],0.4614014639799404
DENR,Density-regulated protein,Chapter XIII Diseases of the musculoskeletal system and connective tissue,Other specified/unspecified arthritis,13606,1752,1.04 [0.96-1.13],0.3125490983271386
DENR,Density-regulated protein,Chapter XIII Diseases of the musculoskeletal system and connective tissue,Other specified/unspecified disorders of  bone/cartilage,17460,100,1.03 [0.73-1.45],0.8766465181659641
DENR,Density-regulated protein,Chapter XIII Diseases of the musculoskeletal system and connective tissue,Other specified/unspecified disorders of synovium and tendon +Other specified/unspecified bursopathies,16289,29,1.19 [0.66-2.16],0.563617496462427
DENR,Density-regulated protein,Chapter XIII Diseases of the musculoskeletal system and connective tissue,Other specified/unspecified inflammatory spondylopathies,16348,161,0.90 [0.68-1.19],0.4599578152169046
DENR,Density-regulated protein,Chapter XIII Diseases of the musculoskeletal system and connective tissue,Other specified/unspecified soft tissue disorders,16825,565,0.96 [0.83-1.12],0.6100014074809817
DENR,Density-regulated protein,Chapter XIII Diseases of the musculoskeletal system and connective tissue,Other systemic involvement of connective tissue,19250,420,1.08 [0.92-1.27],0.3544917748012365
DENR,Density-regulated protein,Chapter XIII Diseases of the musculoskeletal system and connective tissue,Other/unspecified dorsalgia,16723,536,0.98 [0.84-1.14],0.8063680485735041
DENR,Density-regulated protein,Chapter XIII Diseases of the musculoskeletal system and connective tissue,Other/unspecified rheumatoid arthritis,19442,452,1.10 [0.94-1.28],0.2474779368094081
DENR,Density-regulated protein,Chapter XIII Diseases of the musculoskeletal system and connective tissue,Other/unspecified seropositive rheumatoid arthritis,19548,57,1.09 [0.70-1.68],0.7031046017560436
DENR,Density-regulated protein,Chapter XIII Diseases of the musculoskeletal system and connective tissue,Other/unspecified synovitis and tenosynovitis,16396,136,1.07 [0.81-1.43],0.620856858832146
DENR,Density-regulated protein,Chapter XIII Diseases of the musculoskeletal system and connective tissue,Pain in joint,15249,733,1.11 [0.98-1.25],0.1094725980608298
DENR,Density-regulated protein,Chapter XIII Diseases of the musculoskeletal system and connective tissue,Pain in limb,16798,538,1.06 [0.92-1.23],0.4036617400574402
DENR,Density-regulated protein,Chapter XIII Diseases of the musculoskeletal system and connective tissue,Palmar fascial fibromatosis [Dupuytren],16502,242,0.87 [0.69-1.09],0.2272731803147838
DENR,Density-regulated protein,Chapter XIII Diseases of the musculoskeletal system and connective tissue,"Polyarthritis, unspecified",11916,62,1.17 [0.78-1.77],0.4460055145061961
DENR,Density-regulated protein,Chapter XIII Diseases of the musculoskeletal system and connective tissue,Polyarthropathies,14484,2630,1.06 [0.99-1.13],0.1047374773013529
DENR,Density-regulated protein,Chapter XIII Diseases of the musculoskeletal system and connective tissue,Polyarthrosis,12542,688,1.03 [0.91-1.18],0.6073515148276748
DENR,Density-regulated protein,Chapter XIII Diseases of the musculoskeletal system and connective tissue,Polymyalgia rheumatica,19143,313,1.04 [0.86-1.26],0.6818952580565556
DENR,Density-regulated protein,Chapter XIII Diseases of the musculoskeletal system and connective tissue,"Postprocedural musculoskeletal disorders, not elsewhere classified",19522,62,1.52 [1.09-2.12],0.0138834011544624
DENR,Density-regulated protein,Chapter XIII Diseases of the musculoskeletal system and connective tissue,"Primary gonarthrosis, bilateral",17346,57,0.88 [0.54-1.43],0.5962863448565123
DENR,Density-regulated protein,Chapter XIII Diseases of the musculoskeletal system and connective tissue,Psoriatic arthropathies,11914,60,1.29 [0.88-1.89],0.1942458605253165
DENR,Density-regulated protein,Chapter XIII Diseases of the musculoskeletal system and connective tissue,Radiculopathy,16280,93,1.27 [0.92-1.74],0.1420918423578582
DENR,Density-regulated protein,Chapter XIII Diseases of the musculoskeletal system and connective tissue,Rheumatoid arthritis,12319,465,1.09 [0.94-1.27],0.2486591338050265
DENR,Density-regulated protein,Chapter XIII Diseases of the musculoskeletal system and connective tissue,Rotator cuff syndrome,16545,285,1.14 [0.94-1.38],0.182700176745449
DENR,Density-regulated protein,Chapter XIII Diseases of the musculoskeletal system and connective tissue,Sciatica+with lumbago,16427,240,1.05 [0.84-1.31],0.6707024313311045
DENR,Density-regulated protein,Chapter XIII Diseases of the musculoskeletal system and connective tissue,Scoliosis,16404,217,1.14 [0.92-1.42],0.2321557918430735
DENR,Density-regulated protein,Chapter XIII Diseases of the musculoskeletal system and connective tissue,Seronegative rheumatoid arthritis,13789,59,1.75 [1.34-2.28],3.937137599967225e-05
DENR,Density-regulated protein,Chapter XIII Diseases of the musculoskeletal system and connective tissue,"Seropositive rheumatoid arthritis, wide",19552,61,0.96 [0.62-1.50],0.8587039053518851
DENR,Density-regulated protein,Chapter XIII Diseases of the musculoskeletal system and connective tissue,Shoulder lesions,16727,467,1.06 [0.91-1.24],0.4666767991418031
DENR,Density-regulated protein,Chapter XIII Diseases of the musculoskeletal system and connective tissue,Sicca syndrome [Sjgren],18915,85,1.30 [0.94-1.80],0.1181728455744196
DENR,Density-regulated protein,Chapter XIII Diseases of the musculoskeletal system and connective tissue,Soft tissue disorders,18467,2207,1.02 [0.95-1.09],0.6543015253023905
DENR,Density-regulated protein,Chapter XIII Diseases of the musculoskeletal system and connective tissue,"Soft tissue disorders related to use, overuse and pressure",16384,124,0.95 [0.69-1.31],0.7629063340667072
DENR,Density-regulated protein,Chapter XIII Diseases of the musculoskeletal system and connective tissue,Spinal stenosis,16766,579,1.20 [1.05-1.36],0.0063955217343782
DENR,Density-regulated protein,Chapter XIII Diseases of the musculoskeletal system and connective tissue,Spondyloarthritis,18402,219,0.99 [0.78-1.25],0.9201947116298222
DENR,Density-regulated protein,Chapter XIII Diseases of the musculoskeletal system and connective tissue,Spondylolisthesis/Spondylolysis,16387,200,1.23 [0.99-1.53],0.0583269950418032
DENR,Density-regulated protein,Chapter XIII Diseases of the musculoskeletal system and connective tissue,Spondylopathies,17817,1630,1.05 [0.97-1.14],0.2249802000266206
DENR,Density-regulated protein,Chapter XIII Diseases of the musculoskeletal system and connective tissue,Spondylosis,17255,1068,1.00 [0.90-1.11],0.984722605971038
DENR,Density-regulated protein,Chapter XIII Diseases of the musculoskeletal system and connective tissue,Synovial cyst of popliteal space [Baker],16308,48,1.08 [0.67-1.73],0.7538571622108228
DENR,Density-regulated protein,Chapter XIII Diseases of the musculoskeletal system and connective tissue,Systemic lupus erythematosus,18934,104,1.01 [0.72-1.42],0.9580678797485256
DENR,Density-regulated protein,Chapter XIII Diseases of the musculoskeletal system and connective tissue,Trigger finger,16398,138,1.21 [0.93-1.58],0.1567571160624432
DENR,Density-regulated protein,Chapter XIII Diseases of the musculoskeletal system and connective tissue,Trochanteric bursitis,16339,79,0.86 [0.57-1.30],0.468006059583081
DENR,Density-regulated protein,Chapter XIII Diseases of the musculoskeletal system and connective tissue,Wrist or foot drop (acquired),11916,62,0.96 [0.62-1.50],0.8609211498529374
DENR,Density-regulated protein,Chapter XIV Diseases of the genitourinary system,Acute renal failure,18453,1785,1.01 [0.93-1.09],0.8322833482687418
DENR,Density-regulated protein,Chapter XIV Diseases of the genitourinary system,Adenomyosis (Endometriosis of uterus),7896,23,1.42 [0.79-2.56],0.2377238713378604
DENR,Density-regulated protein,Chapter XIV Diseases of the genitourinary system,Benign mammary dysplasia,10016,29,0.72 [0.35-1.46],0.3588334798552216
DENR,Density-regulated protein,Chapter XIV Diseases of the genitourinary system,Calculus of kidney and ureter,19297,259,1.09 [0.89-1.34],0.3952865177339618
DENR,Density-regulated protein,Chapter XIV Diseases of the genitourinary system,Calculus of lower urinary tract,19128,90,0.94 [0.65-1.37],0.7503536978822957
DENR,Density-regulated protein,Chapter XIV Diseases of the genitourinary system,Chronic kidney disease,18382,1714,0.93 [0.86-1.02],0.1094547638281489
DENR,Density-regulated protein,Chapter XIV Diseases of the genitourinary system,Chronic nephritic syndrome,19386,88,0.65 [0.43-0.98],0.039481286347267
DENR,Density-regulated protein,Chapter XIV Diseases of the genitourinary system,Cyst of kidney,19344,331,1.14 [0.95-1.36],0.1564473991150412
DENR,Density-regulated protein,Chapter XIV Diseases of the genitourinary system,Cystitis,16426,244,0.89 [0.71-1.13],0.3433980325664152
DENR,Density-regulated protein,Chapter XIV Diseases of the genitourinary system,Dialysis,16735,67,1.04 [0.69-1.57],0.8529172966315107
DENR,Density-regulated protein,Chapter XIV Diseases of the genitourinary system,Diseases of male genital organs,8565,1774,0.96 [0.89-1.04],0.3512133742541666
DENR,Density-regulated protein,Chapter XIV Diseases of the genitourinary system,Disorders of breast,10097,110,0.86 [0.61-1.22],0.3914373110864129
DENR,Density-regulated protein,Chapter XIV Diseases of the genitourinary system,Endometriosis,7907,34,1.22 [0.71-2.10],0.4686658747208735
DENR,Density-regulated protein,Chapter XIV Diseases of the genitourinary system,Female genital prolapse,8358,485,1.05 [0.90-1.22],0.559649047195248
DENR,Density-regulated protein,Chapter XIV Diseases of the genitourinary system,Genitourinary diseases,16178,5198,0.99 [0.94-1.04],0.6853207248440139
DENR,Density-regulated protein,Chapter XIV Diseases of the genitourinary system,Glomerular disorders in diseases classified elsewhere,19366,68,0.80 [0.51-1.26],0.3385993985729132
DENR,Density-regulated protein,Chapter XIV Diseases of the genitourinary system,Hydrocele,6893,102,0.80 [0.56-1.16],0.240913341261609
DENR,Density-regulated protein,Chapter XIV Diseases of the genitourinary system,Hydronephrosis,16695,274,0.97 [0.79-1.20],0.7860543627248466
DENR,Density-regulated protein,Chapter XIV Diseases of the genitourinary system,Hyperplasia of prostate,8301,1510,0.94 [0.86-1.03],0.1928059976086075
DENR,Density-regulated protein,Chapter XIV Diseases of the genitourinary system,Inflammatory diseases of female pelvic organs,10155,133,1.05 [0.78-1.41],0.7711743445875214
DENR,Density-regulated protein,Chapter XIV Diseases of the genitourinary system,Inflammatory diseases of prostate (prostatitis),6895,104,0.86 [0.60-1.23],0.4099673349623303
DENR,Density-regulated protein,Chapter XIV Diseases of the genitourinary system,Neuromuscular dysfunction of bladder,16251,69,1.01 [0.67-1.53],0.946420560168479
DENR,Density-regulated protein,Chapter XIV Diseases of the genitourinary system,Noninflammatory disorders of female genital tract,8743,870,0.89 [0.79-1.01],0.0656470508761547
DENR,Density-regulated protein,Chapter XIV Diseases of the genitourinary system,Orchitis and epididymitis,6845,54,0.76 [0.46-1.26],0.292698040612926
DENR,Density-regulated protein,Chapter XIV Diseases of the genitourinary system,Other abnormal uterine and vaginal bleeding,7905,32,0.58 [0.29-1.17],0.1280281120248167
DENR,Density-regulated protein,Chapter XIV Diseases of the genitourinary system,"Other chronic cystitis, drug-induced",19562,71,0.71 [0.45-1.11],0.1345973554307284
DENR,Density-regulated protein,Chapter XIV Diseases of the genitourinary system,"Other cystitis, drug-induced",19555,71,0.87 [0.57-1.34],0.5303518470628352
DENR,Density-regulated protein,Chapter XIV Diseases of the genitourinary system,Other diseases of urinary system,18575,2393,0.95 [0.88-1.02],0.1583528091608654
DENR,Density-regulated protein,Chapter XIV Diseases of the genitourinary system,Other disorders of  bladder,16968,786,0.93 [0.82-1.05],0.2395362392815507
DENR,Density-regulated protein,Chapter XIV Diseases of the genitourinary system,Other disorders of breast,10032,45,0.83 [0.48-1.43],0.5018849904249565
DENR,Density-regulated protein,Chapter XIV Diseases of the genitourinary system,Other disorders of kidney and ureter,19507,494,1.16 [1.01-1.34],0.0407583474298647
DENR,Density-regulated protein,Chapter XIV Diseases of the genitourinary system,Other disorders of male genital organs,6915,124,0.99 [0.72-1.34],0.9309809791187232
DENR,Density-regulated protein,Chapter XIV Diseases of the genitourinary system,Other disorders of penis,6922,131,1.00 [0.74-1.34],0.9762677956560742
DENR,Density-regulated protein,Chapter XIV Diseases of the genitourinary system,Other disorders of prostate,6916,125,0.93 [0.68-1.27],0.6630613215723438
DENR,Density-regulated protein,Chapter XIV Diseases of the genitourinary system,Other disorders of the genitourinary system,19540,69,1.20 [0.82-1.74],0.3467693973542461
DENR,Density-regulated protein,Chapter XIV Diseases of the genitourinary system,Other disorders of urethra and urinary system,18055,1873,0.99 [0.92-1.07],0.8554170371760498
DENR,Density-regulated protein,Chapter XIV Diseases of the genitourinary system,Other female pelvic inflammatory diseases,10092,70,0.91 [0.59-1.41],0.6816130602528625
DENR,Density-regulated protein,Chapter XIV Diseases of the genitourinary system,Other noninflammatory disorders of cervix uteri,7936,63,1.23 [0.83-1.82],0.3021079090343013
DENR,Density-regulated protein,Chapter XIV Diseases of the genitourinary system,"Other noninflammatory disorders of uterus, except cervix",8006,133,0.78 [0.57-1.08],0.1386857019655385
DENR,Density-regulated protein,Chapter XIV Diseases of the genitourinary system,Other noninflammatory disorders of vagina,7922,49,0.64 [0.36-1.11],0.1112228026939039
DENR,Density-regulated protein,Chapter XIV Diseases of the genitourinary system,Other noninflammatory disorders of vulva and perineum,7960,87,0.96 [0.66-1.40],0.8212616256909295
DENR,Density-regulated protein,Chapter XIV Diseases of the genitourinary system,Other obstructive and reflux uropathy,16744,323,0.98 [0.81-1.20],0.8771128808008326
DENR,Density-regulated protein,Chapter XIV Diseases of the genitourinary system,Other specified disorders of kidney and ureter,19171,158,1.35 [1.07-1.69],0.0099521028681924
DENR,Density-regulated protein,Chapter XIV Diseases of the genitourinary system,Ovarian cyst,7977,104,1.00 [0.71-1.40],0.988432598141513
DENR,Density-regulated protein,Chapter XIV Diseases of the genitourinary system,Pain and other conditions associated with female genital organs and menstrual cycle,7895,22,0.31 [0.12-0.75],0.0099508595132574
DENR,Density-regulated protein,Chapter XIV Diseases of the genitourinary system,Polyp of the female genital tract,8058,185,0.88 [0.67-1.15],0.3553397351223364
DENR,Density-regulated protein,Chapter XIV Diseases of the genitourinary system,Postmenopausal atrophic vaginitis,7955,82,1.25 [0.90-1.75],0.1863400877952632
DENR,Density-regulated protein,Chapter XIV Diseases of the genitourinary system,Postmenopausal bleeding,8050,177,0.87 [0.66-1.14],0.3123296538427261
DENR,Density-regulated protein,Chapter XIV Diseases of the genitourinary system,Recurrent and persistent haematuria,19346,48,0.63 [0.36-1.11],0.1081798256822851
DENR,Density-regulated protein,Chapter XIV Diseases of the genitourinary system,"Redundant prepuce, phimosis and paraphimosis",6920,129,0.89 [0.65-1.22],0.4758677836768784
DENR,Density-regulated protein,Chapter XIV Diseases of the genitourinary system,Renal tubulo-interstitial diseases,19364,2943,1.00 [0.94-1.06],0.9385279558611904
DENR,Density-regulated protein,Chapter XIV Diseases of the genitourinary system,"Tubulo-interstitial nephritis, not specified as acute or chronic",16494,73,0.95 [0.63-1.44],0.8216006626408013
DENR,Density-regulated protein,Chapter XIV Diseases of the genitourinary system,Unspecified kidney failure,16806,138,0.99 [0.74-1.34],0.9659164901711874
DENR,Density-regulated protein,Chapter XIV Diseases of the genitourinary system,Unspecified renal colic,19069,31,1.29 [0.75-2.22],0.3625000812732059
DENR,Density-regulated protein,Chapter XIV Diseases of the genitourinary system,Urethral stricture,16403,221,1.02 [0.81-1.28],0.8573691324761457
DENR,Density-regulated protein,Chapter XIV Diseases of the genitourinary system,Urolithiasis,19373,335,1.08 [0.90-1.29],0.4183083892168128
DENR,Density-regulated protein,Chapter XIV Diseases of the genitourinary system,Uterine polyps,7907,34,0.94 [0.50-1.76],0.8516484862240865
