Protein,Protein_definition,Disease_category,Disease,NB_individual,NB_case,HR[95%CI],P_value
CNTF,Ciliary neurotrophic factor,Chapter I Certain infectious and parasitic diseases,"Bacterial infection, other or unspecified",18968,132,1.03 [0.63-1.67],0.9141113928176204
CNTF,Ciliary neurotrophic factor,Chapter I Certain infectious and parasitic diseases,"Bacterial intestinal infections, IBD co-morbidities",19786,150,1.00 [0.63-1.57],0.9879056334085472
CNTF,Ciliary neurotrophic factor,Chapter I Certain infectious and parasitic diseases,"Bacterial, viral and other infectious agents",19574,1131,0.93 [0.79-1.10],0.3955903296753807
CNTF,Ciliary neurotrophic factor,Chapter I Certain infectious and parasitic diseases,Candidiasis,19800,296,1.24 [0.90-1.70],0.1886860377327936
CNTF,Ciliary neurotrophic factor,Chapter I Certain infectious and parasitic diseases,Certain infectious and parasitic diseases,19201,2805,1.01 [0.91-1.12],0.8768728085159891
CNTF,Ciliary neurotrophic factor,Chapter I Certain infectious and parasitic diseases,Condition for Implicit Sepsis (Organ dysfunction codes),19203,2826,0.98 [0.88-1.09],0.6864843568550556
CNTF,Ciliary neurotrophic factor,Chapter I Certain infectious and parasitic diseases,Diarrhoea and gastroenteritis of presumed infectious origin,19620,852,0.99 [0.82-1.20],0.9533588296727424
CNTF,Ciliary neurotrophic factor,Chapter I Certain infectious and parasitic diseases,Enterocolitis due to Clostridium difficile,19740,66,1.27 [0.65-2.48],0.4769301294771219
CNTF,Ciliary neurotrophic factor,Chapter I Certain infectious and parasitic diseases,Explicit Sepsis,17975,882,0.92 [0.76-1.11],0.3904376830775761
CNTF,Ciliary neurotrophic factor,Chapter I Certain infectious and parasitic diseases,Implicit bacterial Sepsis,17317,960,0.90 [0.75-1.08],0.2535752596447677
CNTF,Ciliary neurotrophic factor,Chapter I Certain infectious and parasitic diseases,Implicit fungal Sepsis,17153,196,1.03 [0.69-1.54],0.8748024833480796
CNTF,Ciliary neurotrophic factor,Chapter I Certain infectious and parasitic diseases,Implicit Sepsis,13902,1832,0.93 [0.82-1.06],0.3019908458316412
CNTF,Ciliary neurotrophic factor,Chapter I Certain infectious and parasitic diseases,Implicit viral Sepsis,17088,325,1.16 [0.85-1.58],0.3513107220125951
CNTF,Ciliary neurotrophic factor,Chapter I Certain infectious and parasitic diseases,Intestinal infectious diseases,19787,1019,0.98 [0.83-1.17],0.8599935464257937
CNTF,Ciliary neurotrophic factor,Chapter I Certain infectious and parasitic diseases,Mycoses,19870,366,1.25 [0.94-1.67],0.1181888346787026
CNTF,Ciliary neurotrophic factor,Chapter I Certain infectious and parasitic diseases,Other bacterial agents as the cause of diseases classified to other chapters,19152,709,0.90 [0.73-1.11],0.3240363268654295
CNTF,Ciliary neurotrophic factor,Chapter I Certain infectious and parasitic diseases,Other bacterial diseases,19810,974,0.94 [0.79-1.13],0.5027131097198159
CNTF,Ciliary neurotrophic factor,Chapter I Certain infectious and parasitic diseases,Other bacterial intestinal infections,18920,152,0.95 [0.60-1.50],0.8364373890809516
CNTF,Ciliary neurotrophic factor,Chapter I Certain infectious and parasitic diseases,Other infectious diseases,19905,39,1.43 [0.61-3.33],0.4072739121724897
CNTF,Ciliary neurotrophic factor,Chapter I Certain infectious and parasitic diseases,Other septicaemia,19683,847,0.92 [0.76-1.12],0.4023253258412701
CNTF,Ciliary neurotrophic factor,Chapter I Certain infectious and parasitic diseases,Other specified/unspecified bacterial intestinal infections,19726,52,0.90 [0.41-1.96],0.7854238499487721
CNTF,Ciliary neurotrophic factor,Chapter I Certain infectious and parasitic diseases,Other viral diseases,19845,99,1.21 [0.70-2.11],0.4939551261438607
CNTF,Ciliary neurotrophic factor,Chapter I Certain infectious and parasitic diseases,"Other viral diseases, not elsewhere classified",19830,84,1.32 [0.73-2.39],0.3618316733612962
CNTF,Ciliary neurotrophic factor,Chapter I Certain infectious and parasitic diseases,Streptococcus and staphylococcus as the cause of diseases classified to other chapters,18836,393,0.85 [0.64-1.13],0.2534182503642936
CNTF,Ciliary neurotrophic factor,Chapter I Certain infectious and parasitic diseases,Viral agents as the cause of diseases classified to other chapters,18673,230,1.04 [0.72-1.51],0.817441706576244
CNTF,Ciliary neurotrophic factor,Chapter I Certain infectious and parasitic diseases,Viral and other specified intestinal infections,18837,69,0.96 [0.49-1.88],0.9086185144991148
CNTF,Ciliary neurotrophic factor,Chapter I Certain infectious and parasitic diseases,Viral hepatitis,19886,57,1.91 [1.06-3.45],0.0304236037107347
CNTF,Ciliary neurotrophic factor,Chapter I Certain infectious and parasitic diseases,Viral infections characterized by skin and mucous membrane lesions,19857,121,1.39 [0.86-2.26],0.1810334559669499
CNTF,Ciliary neurotrophic factor,Chapter I Certain infectious and parasitic diseases,Viral warts,19782,46,0.96 [0.42-2.19],0.9243235776329292
CNTF,Ciliary neurotrophic factor,Chapter I Certain infectious and parasitic diseases,Zoster [herpes zoster],19778,42,1.34 [0.58-3.08],0.4942914573132114
CNTF,Ciliary neurotrophic factor,Chapter II Neoplasms,Benign lipomatous neoplasm,19650,290,0.88 [0.63-1.22],0.4476920913472391
CNTF,Ciliary neurotrophic factor,Chapter II Neoplasms,Benign lipomatous neoplasm of skin and subcutaneous tissue of limbs,19848,41,0.59 [0.25-1.42],0.2389996123686057
CNTF,Ciliary neurotrophic factor,Chapter II Neoplasms,Benign lipomatous neoplasm of skin and subcutaneous tissue of trunk,19814,48,0.78 [0.35-1.77],0.5531450671948454
CNTF,Ciliary neurotrophic factor,Chapter II Neoplasms,Benign lipomatous neoplasm of spermatic cord,19867,104,1.01 [0.59-1.74],0.974214202025469
CNTF,Ciliary neurotrophic factor,Chapter II Neoplasms,"Benign neoplasm of colon, rectum, anus and anal canal",19591,1375,0.97 [0.84-1.13],0.7337556667330175
CNTF,Ciliary neurotrophic factor,Chapter II Neoplasms,Benign neoplasm of meninges,19904,26,1.44 [0.51-4.07],0.4876901712833877
CNTF,Ciliary neurotrophic factor,Chapter II Neoplasms,Benign neoplasm of other and ill-defined parts of digestive system,19850,56,0.60 [0.28-1.26],0.1756874568374415
CNTF,Ciliary neurotrophic factor,Chapter II Neoplasms,Benign neoplasm of other and unspecified endocrine glands,19892,63,0.78 [0.38-1.58],0.4831306383856145
CNTF,Ciliary neurotrophic factor,Chapter II Neoplasms,Benign neoplasm: Ascending colon,19881,383,0.88 [0.66-1.17],0.3727193680996672
CNTF,Ciliary neurotrophic factor,Chapter II Neoplasms,Benign neoplasm: Caecum,19885,288,0.91 [0.65-1.27],0.5822017679615816
CNTF,Ciliary neurotrophic factor,Chapter II Neoplasms,"Benign neoplasm: Colon, unspecified",19796,63,1.36 [0.70-2.67],0.3654899892739326
CNTF,Ciliary neurotrophic factor,Chapter II Neoplasms,Benign neoplasm: Descending colon,19880,242,0.77 [0.54-1.11],0.1688102157031733
CNTF,Ciliary neurotrophic factor,Chapter II Neoplasms,Benign neoplasm: Rectum,19842,352,0.98 [0.73-1.33],0.917152534055551
CNTF,Ciliary neurotrophic factor,Chapter II Neoplasms,Benign neoplasm: Sigmoid colon,19801,622,1.14 [0.91-1.42],0.2579775430308942
CNTF,Ciliary neurotrophic factor,Chapter II Neoplasms,Benign neoplasm: Transverse colon,19869,460,0.91 [0.70-1.18],0.479070487309594
CNTF,Ciliary neurotrophic factor,Chapter II Neoplasms,"Chronic lymphocytic leukaemia and small lyphocytis leukaemia, excluding all cancers (controls excluding all cancers)",15523,61,1.21 [0.60-2.43],0.5951427711550931
CNTF,Ciliary neurotrophic factor,Chapter II Neoplasms,"Diffuse large B-cell lymphoma, excluding all cancers (controls excluding all cancers)",15522,60,1.49 [0.78-2.84],0.2293206693234459
CNTF,Ciliary neurotrophic factor,Chapter II Neoplasms,"Haemangioma and lymphangioma, any site",19876,79,1.07 [0.57-2.00],0.8360405157022541
CNTF,Ciliary neurotrophic factor,Chapter II Neoplasms,"Haemangioma, any site",19876,76,1.03 [0.54-1.96],0.9285231025128132
CNTF,Ciliary neurotrophic factor,Chapter II Neoplasms,Lung cancer and mesothelioma,13272,297,0.84 [0.61-1.16],0.2974552094034228
CNTF,Ciliary neurotrophic factor,Chapter II Neoplasms,Lymphoid leukaemia,15518,56,1.03 [0.49-2.16],0.9317410536416932
CNTF,Ciliary neurotrophic factor,Chapter II Neoplasms,"Malignant melanoma of skin, excluding all cancers (controls excluding all cancers)",15625,163,0.95 [0.61-1.47],0.8144377654839847
CNTF,Ciliary neurotrophic factor,Chapter II Neoplasms,"Malignant neoplasm of bladder, excluding all cancers (controls excluding all cancers)",15700,238,0.93 [0.65-1.34],0.7099731172163852
CNTF,Ciliary neurotrophic factor,Chapter II Neoplasms,"Malignant neoplasm of intrahepatic ducts, biliary tract and gallbladder, excluding all cancers (controls excluding all cancers)",15536,74,1.29 [0.68-2.42],0.4356876583881572
CNTF,Ciliary neurotrophic factor,Chapter II Neoplasms,"Malignant neoplasm of kidney, except renal pelvis, excluding all cancers (controls excluding all cancers)",15570,108,0.57 [0.33-0.98],0.0410817699290314
CNTF,Ciliary neurotrophic factor,Chapter II Neoplasms,"Malignant neoplasm of oesophagus, excluding all cancers (controls excluding all cancers)",15585,123,1.04 [0.63-1.73],0.8754379374200261
CNTF,Ciliary neurotrophic factor,Chapter II Neoplasms,"Malignant neoplasm of pancreas, excluding all cancers (controls excluding all cancers)",15525,63,0.83 [0.41-1.69],0.6117214458052882
CNTF,Ciliary neurotrophic factor,Chapter II Neoplasms,"Malignant neoplasm of prostate, excluding all cancers (controls excluding all cancers)",16606,1144,0.90 [0.76-1.06],0.2154613203144398
CNTF,Ciliary neurotrophic factor,Chapter II Neoplasms,"Malignant neoplasm of rectum, excluding all cancers (controls excluding all cancers)",15586,124,0.80 [0.48-1.33],0.3985693867722704
CNTF,Ciliary neurotrophic factor,Chapter II Neoplasms,"Malignant neoplasm of stomach, excluding all cancers (controls excluding all cancers)",15554,92,0.93 [0.52-1.67],0.8122755391286077
CNTF,Ciliary neurotrophic factor,Chapter II Neoplasms,Malignant neoplasms of independent (primary) multiple sites,15563,101,1.28 [0.75-2.18],0.3587661469060567
CNTF,Ciliary neurotrophic factor,Chapter II Neoplasms,Melanocytic naevi,19807,141,1.25 [0.79-1.98],0.3324547180773707
CNTF,Ciliary neurotrophic factor,Chapter II Neoplasms,Melanocytic naevi of trunk,19878,84,1.42 [0.80-2.52],0.2276600337970217
CNTF,Ciliary neurotrophic factor,Chapter II Neoplasms,Melanoma in situ,15489,61,0.70 [0.34-1.42],0.3227115058489936
CNTF,Ciliary neurotrophic factor,Chapter II Neoplasms,"Non-follicular lymphoma, hilmo, excluding all cancers",15546,84,1.49 [0.86-2.59],0.1567414862584658
CNTF,Ciliary neurotrophic factor,Chapter II Neoplasms,"Non-Hodgkin lymphoma, all, excluding all cancers (controls excluding all cancers)",15598,136,1.10 [0.68-1.76],0.7034979381949391
CNTF,Ciliary neurotrophic factor,Chapter II Neoplasms,"Non-small cell lung cancer, excluding all cancers (controls excluding all cancers)",15653,191,0.82 [0.54-1.24],0.3412608732724193
CNTF,Ciliary neurotrophic factor,Chapter II Neoplasms,"Other and unspecified types of non-Hodgkin lymphoma, hilmo, excluding all cancers",15546,84,1.51 [0.86-2.65],0.1495847109128182
CNTF,Ciliary neurotrophic factor,Chapter II Neoplasms,Other benign neoplasms of skin,19794,122,1.08 [0.65-1.78],0.7784742920749316
CNTF,Ciliary neurotrophic factor,Chapter II Neoplasms,"Other malignant neoplasms of skin (=non-melanoma skin cancer), excluding all cancers (controls excluding all cancers)",16452,990,1.13 [0.95-1.34],0.1815477300417788
CNTF,Ciliary neurotrophic factor,Chapter II Neoplasms,"Squamous cell neoplasms and carcinomas of the skin, excluding all cancers (controls excluding all cancers)",16511,1049,1.14 [0.96-1.35],0.1241991673199707
CNTF,Ciliary neurotrophic factor,Chapter III Diseases of the blood and blood-forming organs and certain disorders involving the immune mechanism,Agranulocytosis,19676,241,1.02 [0.71-1.45],0.9326634103164008
CNTF,Ciliary neurotrophic factor,Chapter III Diseases of the blood and blood-forming organs and certain disorders involving the immune mechanism,Anaemia in chronic diseases classified elsewhere,18502,65,1.32 [0.68-2.59],0.4134297468539262
CNTF,Ciliary neurotrophic factor,Chapter III Diseases of the blood and blood-forming organs and certain disorders involving the immune mechanism,Diseases of spleen,19490,55,1.08 [0.51-2.30],0.8336139768944892
CNTF,Ciliary neurotrophic factor,Chapter III Diseases of the blood and blood-forming organs and certain disorders involving the immune mechanism,Diseases of the blood and blood-forming organs and certain disorders involving the immune mechanism,19465,2236,1.03 [0.91-1.15],0.6675261045450871
CNTF,Ciliary neurotrophic factor,Chapter III Diseases of the blood and blood-forming organs and certain disorders involving the immune mechanism,Folate deficiency anaemia,18896,52,1.87 [0.98-3.57],0.0569753498248374
CNTF,Ciliary neurotrophic factor,Chapter III Diseases of the blood and blood-forming organs and certain disorders involving the immune mechanism,Idiopathic thrombocytopenic purpura,19560,38,0.46 [0.19-1.12],0.087555026469457
CNTF,Ciliary neurotrophic factor,Chapter III Diseases of the blood and blood-forming organs and certain disorders involving the immune mechanism,Other anaemias,19617,1180,1.08 [0.92-1.27],0.3671075357159129
CNTF,Ciliary neurotrophic factor,Chapter III Diseases of the blood and blood-forming organs and certain disorders involving the immune mechanism,Other and unspecified anaemias,19615,1178,1.08 [0.91-1.27],0.3772567279680399
CNTF,Ciliary neurotrophic factor,Chapter III Diseases of the blood and blood-forming organs and certain disorders involving the immune mechanism,Other and unspecified aplastic anaemias,18514,77,1.09 [0.58-2.06],0.7858158002301746
CNTF,Ciliary neurotrophic factor,Chapter III Diseases of the blood and blood-forming organs and certain disorders involving the immune mechanism,Other and unspecified iron deficiency,19717,873,1.00 [0.83-1.21],0.987402242063978
CNTF,Ciliary neurotrophic factor,Chapter III Diseases of the blood and blood-forming organs and certain disorders involving the immune mechanism,Other coagulation defects,19615,93,0.63 [0.35-1.13],0.119830547378737
CNTF,Ciliary neurotrophic factor,Chapter III Diseases of the blood and blood-forming organs and certain disorders involving the immune mechanism,Other diseases of blood and blood-forming organs,19496,61,0.92 [0.44-1.90],0.8152654357739394
CNTF,Ciliary neurotrophic factor,Chapter III Diseases of the blood and blood-forming organs and certain disorders involving the immune mechanism,Other disorders of white blood cells,19491,56,0.90 [0.42-1.90],0.7776381865036658
CNTF,Ciliary neurotrophic factor,Chapter III Diseases of the blood and blood-forming organs and certain disorders involving the immune mechanism,Purpura and other haemorrhagic conditions,19764,242,1.07 [0.75-1.53],0.7025343478505739
CNTF,Ciliary neurotrophic factor,Chapter III Diseases of the blood and blood-forming organs and certain disorders involving the immune mechanism,Sarcoidosis,19826,39,1.08 [0.44-2.62],0.8731762352049681
CNTF,Ciliary neurotrophic factor,Chapter III Diseases of the blood and blood-forming organs and certain disorders involving the immune mechanism,"Thrombocytopenia, unspecified",19721,199,1.11 [0.75-1.65],0.5930217354587582
CNTF,Ciliary neurotrophic factor,Chapter III Diseases of the blood and blood-forming organs and certain disorders involving the immune mechanism,Vitamin B12 deficiency anaemia,18904,60,0.78 [0.38-1.63],0.515611506398703
CNTF,Ciliary neurotrophic factor,"Chapter IV Endocrine, nutritional and metabolic diseases",Acidosis,14746,303,0.80 [0.58-1.11],0.178385382960049
CNTF,Ciliary neurotrophic factor,"Chapter IV Endocrine, nutritional and metabolic diseases",Acute alcohol intoxication,18193,135,1.26 [0.78-2.04],0.3479364947157318
CNTF,Ciliary neurotrophic factor,"Chapter IV Endocrine, nutritional and metabolic diseases",Alcohol dependence,18215,157,1.01 [0.64-1.60],0.9568198699517948
CNTF,Ciliary neurotrophic factor,"Chapter IV Endocrine, nutritional and metabolic diseases",Alkalosis,14493,50,1.06 [0.48-2.33],0.8913927821386317
CNTF,Ciliary neurotrophic factor,"Chapter IV Endocrine, nutritional and metabolic diseases",Bipolar affective disorders,18770,52,0.74 [0.34-1.61],0.4527110309380657
CNTF,Ciliary neurotrophic factor,"Chapter IV Endocrine, nutritional and metabolic diseases",Deficiency of other B group vitamins,18152,179,1.07 [0.71-1.61],0.7621265822577371
CNTF,Ciliary neurotrophic factor,"Chapter IV Endocrine, nutritional and metabolic diseases","Delirium, not induced by alcohol and other psychoactive substances",19522,480,0.81 [0.63-1.05],0.111252227093003
CNTF,Ciliary neurotrophic factor,"Chapter IV Endocrine, nutritional and metabolic diseases",Dementia in Alzheimer disease,19241,199,1.00 [0.68-1.48],0.9933263368297968
CNTF,Ciliary neurotrophic factor,"Chapter IV Endocrine, nutritional and metabolic diseases",Dementia in other diseases classified elsewhere,19158,116,1.10 [0.66-1.82],0.7118300973117393
CNTF,Ciliary neurotrophic factor,"Chapter IV Endocrine, nutritional and metabolic diseases",Depression,19656,938,0.92 [0.77-1.11],0.3932640877842162
CNTF,Ciliary neurotrophic factor,"Chapter IV Endocrine, nutritional and metabolic diseases",Depression or dysthymia,17074,906,0.93 [0.77-1.12],0.4226805823425567
CNTF,Ciliary neurotrophic factor,"Chapter IV Endocrine, nutritional and metabolic diseases","Disorder of lipoprotein metabolism, unspecified",14504,61,0.89 [0.43-1.83],0.742485682632946
CNTF,Ciliary neurotrophic factor,"Chapter IV Endocrine, nutritional and metabolic diseases","Disorder of thyroid, unspecified",19208,36,1.40 [0.59-3.37],0.4472388814731479
CNTF,Ciliary neurotrophic factor,"Chapter IV Endocrine, nutritional and metabolic diseases",Disorders of calcium metabolism,14657,214,1.01 [0.69-1.48],0.972485260896206
CNTF,Ciliary neurotrophic factor,"Chapter IV Endocrine, nutritional and metabolic diseases",Disorders of iron metabolism,14503,60,1.43 [0.71-2.86],0.3186469647673496
CNTF,Ciliary neurotrophic factor,"Chapter IV Endocrine, nutritional and metabolic diseases",Disorders of lipoprotein metabolism and other lipidaemias,17646,3203,0.97 [0.88-1.07],0.5711179868936362
CNTF,Ciliary neurotrophic factor,"Chapter IV Endocrine, nutritional and metabolic diseases",Disorders of magnesium metabolism,14591,148,0.95 [0.60-1.51],0.8224029656390401
CNTF,Ciliary neurotrophic factor,"Chapter IV Endocrine, nutritional and metabolic diseases",Disorders of mineral metabolism,14895,452,0.98 [0.75-1.28],0.8863643725143555
CNTF,Ciliary neurotrophic factor,"Chapter IV Endocrine, nutritional and metabolic diseases",Disorders of other endocrine glands,19858,220,1.15 [0.79-1.67],0.4658830598433953
CNTF,Ciliary neurotrophic factor,"Chapter IV Endocrine, nutritional and metabolic diseases",Disorders of parathyroid gland,19706,68,1.19 [0.61-2.33],0.6105671668206736
CNTF,Ciliary neurotrophic factor,"Chapter IV Endocrine, nutritional and metabolic diseases",Disorders of phosphorus metabolism and phosphatases,14569,126,1.08 [0.65-1.78],0.7704703583931566
CNTF,Ciliary neurotrophic factor,"Chapter IV Endocrine, nutritional and metabolic diseases","Disorders of plasma-protein metabolism, not elsewhere classified",14494,51,0.95 [0.43-2.10],0.9062772333919143
CNTF,Ciliary neurotrophic factor,"Chapter IV Endocrine, nutritional and metabolic diseases",Disorders of the thyroid gland,19755,583,0.88 [0.70-1.11],0.2895624905785496
CNTF,Ciliary neurotrophic factor,"Chapter IV Endocrine, nutritional and metabolic diseases",Fluid overload,14685,242,1.04 [0.72-1.49],0.8454509270325036
CNTF,Ciliary neurotrophic factor,"Chapter IV Endocrine, nutritional and metabolic diseases",Hyperkalaemia,14720,277,0.97 [0.69-1.37],0.8821486073661742
CNTF,Ciliary neurotrophic factor,"Chapter IV Endocrine, nutritional and metabolic diseases","Hyperlipidaemia, other/unspecified",15039,596,0.95 [0.75-1.19],0.634825156362335
CNTF,Ciliary neurotrophic factor,"Chapter IV Endocrine, nutritional and metabolic diseases",Hyperosmolality and hypernatraemia,14554,111,0.88 [0.51-1.50],0.6309118486785461
CNTF,Ciliary neurotrophic factor,"Chapter IV Endocrine, nutritional and metabolic diseases",Hyperparathyroidism,19700,62,1.27 [0.63-2.53],0.5056013821874581
CNTF,Ciliary neurotrophic factor,"Chapter IV Endocrine, nutritional and metabolic diseases",Hypo-osmolality and hyponatraemia,14913,470,0.86 [0.66-1.11],0.2447293998009021
CNTF,Ciliary neurotrophic factor,"Chapter IV Endocrine, nutritional and metabolic diseases",Hypokalaemia,14774,331,0.97 [0.71-1.32],0.8291451865446251
CNTF,Ciliary neurotrophic factor,"Chapter IV Endocrine, nutritional and metabolic diseases",Iron deficiency,18020,47,1.06 [0.47-2.37],0.8908930209008183
CNTF,Ciliary neurotrophic factor,"Chapter IV Endocrine, nutritional and metabolic diseases",Metabolic disorders,18742,4299,0.95 [0.87-1.04],0.2571561037371846
CNTF,Ciliary neurotrophic factor,"Chapter IV Endocrine, nutritional and metabolic diseases",Nontoxic multinodular goitre,19183,11,0.91 [0.17-5.04],0.9184239691116975
CNTF,Ciliary neurotrophic factor,"Chapter IV Endocrine, nutritional and metabolic diseases",Nontoxic single thyroid nodule,19193,21,1.12 [0.33-3.80],0.8614797559668061
CNTF,Ciliary neurotrophic factor,"Chapter IV Endocrine, nutritional and metabolic diseases",Obesity,19767,1468,0.98 [0.85-1.14],0.8232602391816375
CNTF,Ciliary neurotrophic factor,"Chapter IV Endocrine, nutritional and metabolic diseases","Obesity, other/unspecified",19765,1465,0.99 [0.85-1.14],0.8442032934449011
CNTF,Ciliary neurotrophic factor,"Chapter IV Endocrine, nutritional and metabolic diseases",Other and/or unspecified nontoxic goitre,19184,12,1.13 [0.23-5.65],0.8812890348862437
CNTF,Ciliary neurotrophic factor,"Chapter IV Endocrine, nutritional and metabolic diseases",Other anxiety disorders,19683,679,1.14 [0.92-1.42],0.2143620099194344
CNTF,Ciliary neurotrophic factor,"Chapter IV Endocrine, nutritional and metabolic diseases","Other disorders of fluid, electrolyte and acid-base balance",15753,1310,0.97 [0.83-1.14],0.7345610036588262
CNTF,Ciliary neurotrophic factor,"Chapter IV Endocrine, nutritional and metabolic diseases",Other disorders of glucose regulation and pancreatic internal secretion,19896,194,0.91 [0.61-1.37],0.6613036186170278
CNTF,Ciliary neurotrophic factor,"Chapter IV Endocrine, nutritional and metabolic diseases",Other mental disorders due to brain damage and dysfunction and to physical disease,19125,83,0.72 [0.39-1.34],0.3047265170436593
CNTF,Ciliary neurotrophic factor,"Chapter IV Endocrine, nutritional and metabolic diseases",Panic disorder,19066,62,0.81 [0.40-1.67],0.5731999778352994
CNTF,Ciliary neurotrophic factor,"Chapter IV Endocrine, nutritional and metabolic diseases",Phobic anxiety disorders,19073,69,1.07 [0.55-2.09],0.8345624626255718
CNTF,Ciliary neurotrophic factor,"Chapter IV Endocrine, nutritional and metabolic diseases","Postprocedural endocrine and metabolic disorders, not elsewhere classified",14497,54,1.10 [0.52-2.35],0.8004307355832587
CNTF,Ciliary neurotrophic factor,"Chapter IV Endocrine, nutritional and metabolic diseases",Type 1 diabetes without complications,17576,139,1.36 [0.86-2.13],0.1838193389410452
CNTF,Ciliary neurotrophic factor,"Chapter IV Endocrine, nutritional and metabolic diseases",Type 2 diabetes with neurological complications,2108,103,0.64 [0.37-1.10],0.1096326907093494
CNTF,Ciliary neurotrophic factor,"Chapter IV Endocrine, nutritional and metabolic diseases",Type 2 diabetes with ophthalmic complications,2244,266,0.83 [0.59-1.17],0.2815324233006242
CNTF,Ciliary neurotrophic factor,"Chapter IV Endocrine, nutritional and metabolic diseases",Type 2 diabetes with peripheral circulatory complications,17515,78,0.60 [0.32-1.14],0.1211974474684434
CNTF,Ciliary neurotrophic factor,"Chapter IV Endocrine, nutritional and metabolic diseases",Type 2 diabetes with renal complications,2061,56,0.62 [0.30-1.27],0.1919542342490338
CNTF,Ciliary neurotrophic factor,"Chapter IV Endocrine, nutritional and metabolic diseases",Type 2 diabetes without complications,19272,1835,1.05 [0.92-1.20],0.4664834784604013
CNTF,Ciliary neurotrophic factor,"Chapter IV Endocrine, nutritional and metabolic diseases",Unspecified dementia,19313,271,1.00 [0.71-1.40],0.9986243388099956
CNTF,Ciliary neurotrophic factor,"Chapter IV Endocrine, nutritional and metabolic diseases",Vitamin D deficiency,18169,196,0.99 [0.66-1.47],0.9617829420011708
CNTF,Ciliary neurotrophic factor,"Chapter IV Endocrine, nutritional and metabolic diseases",Volume depletion,15065,622,1.07 [0.85-1.34],0.5640408161916133
CNTF,Ciliary neurotrophic factor,Chapter IX Diseases of the circulatory system,"!Phlebitis/thrombophlebitis venae iliacae [externae/internae/communis], drug-induced",19800,206,0.94 [0.64-1.39],0.7653608706509355
CNTF,Ciliary neurotrophic factor,Chapter IX Diseases of the circulatory system,Abdominal aortic aneurysm (AAA),18902,228,1.10 [0.76-1.60],0.6034061939124253
CNTF,Ciliary neurotrophic factor,Chapter IX Diseases of the circulatory system,Angina pectoris,17500,1232,0.96 [0.82-1.13],0.6197257387670867
CNTF,Ciliary neurotrophic factor,Chapter IX Diseases of the circulatory system,Aortic aneurysm,18996,322,0.88 [0.64-1.20],0.4121481042468516
CNTF,Ciliary neurotrophic factor,Chapter IX Diseases of the circulatory system,Arterial embolism and thrombosis of lower extremity artery,18742,68,1.23 [0.63-2.39],0.5388901360027072
CNTF,Ciliary neurotrophic factor,Chapter IX Diseases of the circulatory system,"Atherosclerosis, excluding cerebral and coronary sclerosis",18863,189,0.95 [0.63-1.42],0.7993049113680277
CNTF,Ciliary neurotrophic factor,Chapter IX Diseases of the circulatory system,Atrial fibrillation and flutter,11641,1890,1.01 [0.89-1.14],0.894565790967675
CNTF,Ciliary neurotrophic factor,Chapter IX Diseases of the circulatory system,AV-block,16075,496,0.93 [0.72-1.19],0.5547702521103238
CNTF,Ciliary neurotrophic factor,Chapter IX Diseases of the circulatory system,"Bradycardia, unspecified, drug-induced",19846,421,1.14 [0.87-1.49],0.3417859688256853
CNTF,Ciliary neurotrophic factor,Chapter IX Diseases of the circulatory system,Cardiac arrest,9961,210,0.93 [0.63-1.36],0.6895580001678723
CNTF,Ciliary neurotrophic factor,Chapter IX Diseases of the circulatory system,Cardiomyopathy,15747,168,1.17 [0.76-1.79],0.4754920381658147
CNTF,Ciliary neurotrophic factor,Chapter IX Diseases of the circulatory system,"Cardiomyopathy, other and unspecified",15667,88,1.36 [0.76-2.44],0.2934039047059765
CNTF,Ciliary neurotrophic factor,Chapter IX Diseases of the circulatory system,Cerebral atherosclerosis,19906,50,0.86 [0.39-1.92],0.7161574876041855
CNTF,Ciliary neurotrophic factor,Chapter IX Diseases of the circulatory system,Conduction disorders,16679,1100,0.98 [0.82-1.15],0.7753804575666854
CNTF,Ciliary neurotrophic factor,Chapter IX Diseases of the circulatory system,Coronary atherosclerosis,18441,2194,1.03 [0.92-1.16],0.6114474153867095
CNTF,Ciliary neurotrophic factor,Chapter IX Diseases of the circulatory system,Death due to cardiac causes,16836,6522,1.04 [0.98-1.12],0.2107493426907131
CNTF,Ciliary neurotrophic factor,Chapter IX Diseases of the circulatory system,DVT of lower extremities,18882,225,0.94 [0.65-1.37],0.7537991699884239
CNTF,Ciliary neurotrophic factor,Chapter IX Diseases of the circulatory system,Endocarditis,15649,70,0.83 [0.42-1.62],0.587640997395722
CNTF,Ciliary neurotrophic factor,Chapter IX Diseases of the circulatory system,"Heart failure, strict",19640,1086,0.97 [0.82-1.15],0.7092063821735395
CNTF,Ciliary neurotrophic factor,Chapter IX Diseases of the circulatory system,Hypertension,17826,5669,1.05 [0.97-1.13],0.2304956625939277
CNTF,Ciliary neurotrophic factor,Chapter IX Diseases of the circulatory system,"Hypertension, essential",17831,5674,1.05 [0.97-1.13],0.2161368309194044
CNTF,Ciliary neurotrophic factor,Chapter IX Diseases of the circulatory system,"Hypertension, portal",19712,93,0.93 [0.52-1.67],0.8172891801564154
CNTF,Ciliary neurotrophic factor,Chapter IX Diseases of the circulatory system,"Hypertension, Pulmonary Arterial",12321,164,1.00 [0.65-1.55],0.9925534800584788
CNTF,Ciliary neurotrophic factor,Chapter IX Diseases of the circulatory system,Hypertensive Renal Disease,12256,99,1.14 [0.65-1.98],0.6529935061957355
CNTF,Ciliary neurotrophic factor,Chapter IX Diseases of the circulatory system,Hypotension,19785,980,0.88 [0.73-1.05],0.1596329924129761
CNTF,Ciliary neurotrophic factor,Chapter IX Diseases of the circulatory system,Intracerebral haemorrhage,19029,95,0.72 [0.40-1.28],0.2595545489454728
CNTF,Ciliary neurotrophic factor,Chapter IX Diseases of the circulatory system,"Ischaemic heart disease, wide definition",18552,2284,1.01 [0.90-1.14],0.8118833063670785
CNTF,Ciliary neurotrophic factor,Chapter IX Diseases of the circulatory system,"Ischaemic Stroke, excluding all haemorrhages",19565,545,0.96 [0.75-1.22],0.7281642973958344
CNTF,Ciliary neurotrophic factor,Chapter IX Diseases of the circulatory system,Left bundle-branch block,15912,333,1.09 [0.80-1.48],0.5812490016886045
CNTF,Ciliary neurotrophic factor,Chapter IX Diseases of the circulatory system,Major coronary heart disease event,19313,881,0.96 [0.80-1.16],0.6940028954593642
CNTF,Ciliary neurotrophic factor,Chapter IX Diseases of the circulatory system,"Myocardial infarction, strict",17032,764,0.97 [0.79-1.19],0.7801805795336678
CNTF,Ciliary neurotrophic factor,Chapter IX Diseases of the circulatory system,"Myocardial infarction, with ST-elevation",19767,188,0.89 [0.59-1.34],0.5786095939310203
CNTF,Ciliary neurotrophic factor,Chapter IX Diseases of the circulatory system,"Myocardial infarction, without ST-elevation",19862,309,0.99 [0.72-1.37],0.9610603348298238
CNTF,Ciliary neurotrophic factor,Chapter IX Diseases of the circulatory system,Oesophageal varices,18712,55,0.83 [0.39-1.79],0.6342859987365228
CNTF,Ciliary neurotrophic factor,Chapter IX Diseases of the circulatory system,Other aneurysm,18752,78,0.83 [0.44-1.57],0.5655146344135015
CNTF,Ciliary neurotrophic factor,Chapter IX Diseases of the circulatory system,Other arrhythmias,15976,397,1.15 [0.87-1.52],0.3263125840579445
CNTF,Ciliary neurotrophic factor,Chapter IX Diseases of the circulatory system,Other arterial embolism and thrombosis,18784,110,1.21 [0.72-2.05],0.4759957127209758
CNTF,Ciliary neurotrophic factor,Chapter IX Diseases of the circulatory system,Other diseases of arteries and capillaries,18900,226,1.10 [0.76-1.59],0.5976709216808828
CNTF,Ciliary neurotrophic factor,Chapter IX Diseases of the circulatory system,Other diseases of pericardium,15731,152,1.04 [0.66-1.64],0.8584103047487532
CNTF,Ciliary neurotrophic factor,Chapter IX Diseases of the circulatory system,Other disorders of veins,18729,72,0.67 [0.35-1.31],0.2432903875808408
CNTF,Ciliary neurotrophic factor,Chapter IX Diseases of the circulatory system,Other embolism and thrombosis,18699,42,1.20 [0.51-2.85],0.675259481634253
CNTF,Ciliary neurotrophic factor,Chapter IX Diseases of the circulatory system,Other intracranial haemorrhages,18605,72,0.72 [0.37-1.39],0.3246112847068235
CNTF,Ciliary neurotrophic factor,Chapter IX Diseases of the circulatory system,Other noninfective disorders of lymphatic vessels and lymph nodes,18741,84,0.76 [0.41-1.42],0.3921155360451186
CNTF,Ciliary neurotrophic factor,Chapter IX Diseases of the circulatory system,Other or ill-defined heart diseases,16604,1025,1.16 [0.97-1.38],0.0986212393835883
CNTF,Ciliary neurotrophic factor,Chapter IX Diseases of the circulatory system,Other other unspecified disorders of the circulatory system,18858,53,0.69 [0.32-1.50],0.3529932732859119
CNTF,Ciliary neurotrophic factor,Chapter IX Diseases of the circulatory system,Other peripheral vascular diseases,19135,461,1.06 [0.81-1.37],0.6798389286154238
CNTF,Ciliary neurotrophic factor,Chapter IX Diseases of the circulatory system,Other pulmonary heart/vessel disease,19378,305,0.93 [0.68-1.29],0.6810411765066284
CNTF,Ciliary neurotrophic factor,Chapter IX Diseases of the circulatory system,"Other specified cerebrovascular diseases, other cerebrovascular disorders in diseases classified elsewhere",19076,543,0.97 [0.76-1.23],0.7867736051292922
CNTF,Ciliary neurotrophic factor,Chapter IX Diseases of the circulatory system,Paroxysmal tachycardia,10059,308,1.29 [0.94-1.75],0.1104089473475618
CNTF,Ciliary neurotrophic factor,Chapter IX Diseases of the circulatory system,Peripheral artery disease,19055,422,0.98 [0.75-1.29],0.902674026286408
CNTF,Ciliary neurotrophic factor,Chapter IX Diseases of the circulatory system,Phlebitis and thrombophlebitis (not including DVT),18946,289,1.03 [0.74-1.43],0.8725737444977861
CNTF,Ciliary neurotrophic factor,Chapter IX Diseases of the circulatory system,Pulmonary embolism,19473,400,1.00 [0.75-1.32],0.9756967283734296
CNTF,Ciliary neurotrophic factor,Chapter IX Diseases of the circulatory system,Rheumatic valve diseases,19853,576,0.98 [0.78-1.24],0.8660027639950332
CNTF,Ciliary neurotrophic factor,Chapter IX Diseases of the circulatory system,Right bundle-branch block,15966,387,0.85 [0.64-1.13],0.2768682453809388
CNTF,Ciliary neurotrophic factor,Chapter IX Diseases of the circulatory system,Secondary right heart disease,19377,304,0.92 [0.66-1.27],0.6068403815567467
CNTF,Ciliary neurotrophic factor,Chapter IX Diseases of the circulatory system,Sequelae of cerebrovascular disease,18717,184,1.08 [0.72-1.64],0.6973768086405598
CNTF,Ciliary neurotrophic factor,Chapter IX Diseases of the circulatory system,"Stroke, excluding SAH",19551,617,0.92 [0.74-1.16],0.4985642988394106
CNTF,Ciliary neurotrophic factor,Chapter IX Diseases of the circulatory system,"Stroke, including SAH",19540,640,0.92 [0.73-1.15],0.4497410362096189
CNTF,Ciliary neurotrophic factor,Chapter IX Diseases of the circulatory system,Subarachnoid haemorrhage,19013,35,0.71 [0.27-1.84],0.4772499752559425
CNTF,Ciliary neurotrophic factor,Chapter IX Diseases of the circulatory system,Thoracic aortic aneurysm,18768,95,0.97 [0.55-1.72],0.9211240142326078
CNTF,Ciliary neurotrophic factor,Chapter IX Diseases of the circulatory system,Transient ischemic attack,19213,193,1.11 [0.75-1.65],0.6128784577091136
CNTF,Ciliary neurotrophic factor,Chapter IX Diseases of the circulatory system,Unstable angina pectoris,18689,257,1.05 [0.74-1.48],0.8033592079559244
CNTF,Ciliary neurotrophic factor,Chapter IX Diseases of the circulatory system,Varicose veins,18971,314,0.83 [0.60-1.14],0.2380072797568861
CNTF,Ciliary neurotrophic factor,Chapter IX Diseases of the circulatory system,Vascular diseases of the intestine,18689,61,1.44 [0.73-2.83],0.2883272720240188
CNTF,Ciliary neurotrophic factor,Chapter IX Diseases of the circulatory system,Venous thromboembolism,19700,629,1.05 [0.84-1.31],0.6885450315970252
CNTF,Ciliary neurotrophic factor,Chapter V Mental and behavioural disorders,"Alcohol use disorder, ICD-based",19731,408,1.20 [0.91-1.58],0.2036551989336912
CNTF,Ciliary neurotrophic factor,Chapter V Mental and behavioural disorders,"Anxiety disorders, excluding more controls",17146,814,1.07 [0.88-1.31],0.482681329091749
CNTF,Ciliary neurotrophic factor,Chapter V Mental and behavioural disorders,Any mental disorder,19320,2988,0.99 [0.89-1.10],0.8815888934167141
CNTF,Ciliary neurotrophic factor,Chapter V Mental and behavioural disorders,"Mental and behavioural disorders due to alcohol, excluding acute intoxication",19676,477,1.32 [1.03-1.70],0.0298355986695426
CNTF,Ciliary neurotrophic factor,Chapter V Mental and behavioural disorders,"Mood disorders, excluding more controls",17304,972,0.90 [0.75-1.08],0.2525150099695366
CNTF,Ciliary neurotrophic factor,Chapter V Mental and behavioural disorders,"Schizophrenia or delusion, excluding more controls",16393,61,0.69 [0.34-1.41],0.3055454203030874
CNTF,Ciliary neurotrophic factor,Chapter V Mental and behavioural disorders,Smoking dependency,19339,1284,0.89 [0.76-1.05],0.1632122407225869
CNTF,Ciliary neurotrophic factor,Chapter V Mental and behavioural disorders,"Substance abuse, excluding more controls",17877,1545,0.99 [0.85-1.15],0.8811686568552849
CNTF,Ciliary neurotrophic factor,Chapter V Mental and behavioural disorders,Vascular dementia,19519,120,0.90 [0.54-1.50],0.6762671220408467
CNTF,Ciliary neurotrophic factor,Chapter VI Diseases of the nervous system,Alzheimer disease,19905,247,0.91 [0.64-1.29],0.5839498882334824
CNTF,Ciliary neurotrophic factor,Chapter VI Diseases of the nervous system,"AlzheimerÕs disease (Atypical or mixed), excluding more controls",13328,48,1.54 [0.77-3.09],0.2263982086097686
CNTF,Ciliary neurotrophic factor,Chapter VI Diseases of the nervous system,Bell's palsy,18766,67,0.96 [0.49-1.91],0.917911402983972
CNTF,Ciliary neurotrophic factor,Chapter VI Diseases of the nervous system,Carpal tunnel syndrome,18989,290,0.82 [0.59-1.14],0.2379295296440108
CNTF,Ciliary neurotrophic factor,Chapter VI Diseases of the nervous system,Cerebral cysts,19576,196,1.10 [0.74-1.63],0.6515818308930041
CNTF,Ciliary neurotrophic factor,Chapter VI Diseases of the nervous system,Cerebral palsy and other paralytic syndromes,19830,284,0.99 [0.71-1.39],0.970224266074178
CNTF,Ciliary neurotrophic factor,Chapter VI Diseases of the nervous system,Circumscribed brain atrophy,19501,55,1.33 [0.66-2.69],0.4275325044615277
CNTF,Ciliary neurotrophic factor,Chapter VI Diseases of the nervous system,Diseases of the myoneural junction and muscle,19891,62,1.19 [0.59-2.39],0.6218217216076789
CNTF,Ciliary neurotrophic factor,Chapter VI Diseases of the nervous system,"Disorders of brain, other and unspecified",19457,77,1.22 [0.66-2.27],0.526635832344033
CNTF,Ciliary neurotrophic factor,Chapter VI Diseases of the nervous system,Epilepsy,18574,225,0.81 [0.56-1.18],0.2741381303808321
CNTF,Ciliary neurotrophic factor,Chapter VI Diseases of the nervous system,Episodal and paroxysmal disorders,19459,1110,0.90 [0.76-1.06],0.212941237470844
CNTF,Ciliary neurotrophic factor,Chapter VI Diseases of the nervous system,Extrapyramidal and movement disorders,19874,392,0.91 [0.69-1.21],0.5339391684423686
CNTF,Ciliary neurotrophic factor,Chapter VI Diseases of the nervous system,Falls/tendency to fall,19442,1764,0.93 [0.81-1.06],0.2816199708426347
CNTF,Ciliary neurotrophic factor,Chapter VI Diseases of the nervous system,Generalized epilepsy,19594,51,1.33 [0.63-2.82],0.4552984452461061
CNTF,Ciliary neurotrophic factor,Chapter VI Diseases of the nervous system,Hemiplegia,19768,222,1.08 [0.74-1.58],0.6730449454260188
CNTF,Ciliary neurotrophic factor,Chapter VI Diseases of the nervous system,Hydrocephalus,19427,47,1.28 [0.58-2.81],0.5389304298610677
CNTF,Ciliary neurotrophic factor,Chapter VI Diseases of the nervous system,Inflammatory diseases of the central nervous system,19889,49,0.94 [0.42-2.11],0.8854111749223339
CNTF,Ciliary neurotrophic factor,Chapter VI Diseases of the nervous system,Lesion of plantar nerve,18719,20,1.69 [0.58-4.93],0.3339589828389758
CNTF,Ciliary neurotrophic factor,Chapter VI Diseases of the nervous system,Lesion of ulnar nerve,18778,79,0.80 [0.43-1.52],0.4987356182980165
CNTF,Ciliary neurotrophic factor,Chapter VI Diseases of the nervous system,Memory loss,19384,101,0.62 [0.35-1.08],0.0882698058260937
CNTF,Ciliary neurotrophic factor,Chapter VI Diseases of the nervous system,Migraine,18511,162,0.64 [0.41-0.99],0.0443366367940919
CNTF,Ciliary neurotrophic factor,Chapter VI Diseases of the nervous system,"Migraine, unspecified, drug-induced",19886,147,0.59 [0.37-0.94],0.0273326628079508
CNTF,Ciliary neurotrophic factor,Chapter VI Diseases of the nervous system,Motor neuron disease,13429,137,0.86 [0.53-1.39],0.5332637299871612
CNTF,Ciliary neurotrophic factor,Chapter VI Diseases of the nervous system,MS-disease / Multiple Sclerosis,19805,57,0.79 [0.37-1.67],0.5299614682387779
CNTF,Ciliary neurotrophic factor,Chapter VI Diseases of the nervous system,"Nerve, nerve root and plexus disorders",19503,804,0.90 [0.74-1.10],0.292457552839476
CNTF,Ciliary neurotrophic factor,Chapter VI Diseases of the nervous system,Neurological diseases,18790,2924,0.88 [0.79-0.98],0.017106596736162
CNTF,Ciliary neurotrophic factor,Chapter VI Diseases of the nervous system,Other and unspecified degenerative diseases of nervous system,19627,181,0.97 [0.64-1.48],0.900357208238911
CNTF,Ciliary neurotrophic factor,Chapter VI Diseases of the nervous system,"Other and unspecified nerve root and plexus disorders, also in other diseases",19006,307,0.94 [0.69-1.30],0.7264409006229772
CNTF,Ciliary neurotrophic factor,Chapter VI Diseases of the nervous system,"Other and unspecified polyneuropathies, also in other diseases",19828,289,0.82 [0.59-1.14],0.2358687068264491
CNTF,Ciliary neurotrophic factor,Chapter VI Diseases of the nervous system,Other degenerative diseases of the nervous system,15724,508,0.91 [0.71-1.16],0.4422526039431679
CNTF,Ciliary neurotrophic factor,Chapter VI Diseases of the nervous system,Other diseases of spinal cord,19439,59,0.83 [0.40-1.74],0.6310815916365129
CNTF,Ciliary neurotrophic factor,Chapter VI Diseases of the nervous system,Other disorders of nervous system,19505,125,0.76 [0.46-1.26],0.2821306112399006
CNTF,Ciliary neurotrophic factor,Chapter VI Diseases of the nervous system,Other extrapyramidal and movement disorders in other diseases,19591,109,0.90 [0.53-1.54],0.7099401575899257
CNTF,Ciliary neurotrophic factor,Chapter VI Diseases of the nervous system,Other facial nerve disorders,18782,83,0.93 [0.50-1.71],0.8041851997889671
CNTF,Ciliary neurotrophic factor,Chapter VI Diseases of the nervous system,Other headache syndromes,18383,34,1.27 [0.51-3.19],0.6086038500809219
CNTF,Ciliary neurotrophic factor,Chapter VI Diseases of the nervous system,Other neurological diseases,19806,426,0.99 [0.76-1.30],0.9568856858479136
CNTF,Ciliary neurotrophic factor,Chapter VI Diseases of the nervous system,Other sleep disorders,18920,571,1.00 [0.79-1.26],0.9844113220359114
CNTF,Ciliary neurotrophic factor,Chapter VI Diseases of the nervous system,Parkinson's disease,19885,264,0.89 [0.63-1.25],0.5027310789884765
CNTF,Ciliary neurotrophic factor,Chapter VI Diseases of the nervous system,Postviral fatigue syndrome,19402,22,0.33 [0.11-1.04],0.0587593775359945
CNTF,Ciliary neurotrophic factor,Chapter VI Diseases of the nervous system,Restless leg syndrome,19904,36,1.07 [0.43-2.69],0.8879318662080846
CNTF,Ciliary neurotrophic factor,Chapter VI Diseases of the nervous system,Sleep apnoea,19657,516,0.94 [0.73-1.21],0.6292881503288885
CNTF,Ciliary neurotrophic factor,Chapter VI Diseases of the nervous system,Small fibre neuropathy,19586,47,1.22 [0.55-2.73],0.6272962718467332
CNTF,Ciliary neurotrophic factor,Chapter VI Diseases of the nervous system,Systemic atrophies primarily affecting the central nervous system,19888,158,0.76 [0.49-1.20],0.2387090883414072
CNTF,Ciliary neurotrophic factor,Chapter VI Diseases of the nervous system,Trigeminal neuralgia,18728,29,0.73 [0.44-1.22],0.2310493054701797
CNTF,Ciliary neurotrophic factor,Chapter VI Diseases of the nervous system,Unspecific neurodegenerative disorder,19905,250,0.93 [0.65-1.32],0.6799759610957223
CNTF,Ciliary neurotrophic factor,Chapter VI Diseases of the nervous system,Vascular dementia (undefined),19492,116,0.88 [0.52-1.48],0.6353201438824095
CNTF,Ciliary neurotrophic factor,"Chapter VII Diseases of the eye, adnexa, ear and mastoid process",Amblyopia ex anopsia,19457,68,0.89 [0.45-1.77],0.7461304479527389
CNTF,Ciliary neurotrophic factor,"Chapter VII Diseases of the eye, adnexa, ear and mastoid process",Astigmatism,19624,242,0.90 [0.63-1.29],0.5609519101130989
CNTF,Ciliary neurotrophic factor,"Chapter VII Diseases of the eye, adnexa, ear and mastoid process",Background diabetic retinopathy,19756,248,0.95 [0.67-1.36],0.783290862766953
CNTF,Ciliary neurotrophic factor,"Chapter VII Diseases of the eye, adnexa, ear and mastoid process",Blepharochalasis,19179,40,0.95 [0.39-2.29],0.9021086776105584
CNTF,Ciliary neurotrophic factor,"Chapter VII Diseases of the eye, adnexa, ear and mastoid process",Chalazion,19192,53,0.91 [0.42-1.97],0.8126432996284354
CNTF,Ciliary neurotrophic factor,"Chapter VII Diseases of the eye, adnexa, ear and mastoid process","Conjunctivitis (acute, non atopic)",19831,35,0.95 [0.37-2.47],0.9177432211230396
CNTF,Ciliary neurotrophic factor,"Chapter VII Diseases of the eye, adnexa, ear and mastoid process",Corneal degeneration,19717,101,0.91 [0.52-1.60],0.7512260130735304
CNTF,Ciliary neurotrophic factor,"Chapter VII Diseases of the eye, adnexa, ear and mastoid process","Diabetic nephropathy, excluding more controls",2061,56,0.63 [0.30-1.31],0.2145519598488365
CNTF,Ciliary neurotrophic factor,"Chapter VII Diseases of the eye, adnexa, ear and mastoid process",Diabetic neuropathy,2514,108,0.69 [0.40-1.17],0.1692140453130877
CNTF,Ciliary neurotrophic factor,"Chapter VII Diseases of the eye, adnexa, ear and mastoid process",Diplopia,19469,80,0.67 [0.36-1.26],0.2175933012384345
CNTF,Ciliary neurotrophic factor,"Chapter VII Diseases of the eye, adnexa, ear and mastoid process",Disorders of choroid and retina,19715,829,0.98 [0.81-1.19],0.8218887358059265
CNTF,Ciliary neurotrophic factor,"Chapter VII Diseases of the eye, adnexa, ear and mastoid process","Disorders of eyelid, lacrimal system and orbit",19644,505,0.80 [0.62-1.02],0.0749601269813018
CNTF,Ciliary neurotrophic factor,"Chapter VII Diseases of the eye, adnexa, ear and mastoid process",Disorders of lacrimal system,19253,114,0.84 [0.50-1.43],0.527057012266648
CNTF,Ciliary neurotrophic factor,"Chapter VII Diseases of the eye, adnexa, ear and mastoid process","Disorders of ocular muscles, binocular movement, accommodation and refraction",19847,465,0.92 [0.71-1.19],0.5263595073169381
CNTF,Ciliary neurotrophic factor,"Chapter VII Diseases of the eye, adnexa, ear and mastoid process",Disorders of optic nerve and visual pathways,19903,56,0.91 [0.43-1.93],0.804413735521085
CNTF,Ciliary neurotrophic factor,"Chapter VII Diseases of the eye, adnexa, ear and mastoid process",Disorders of refraction and accommodation,19794,412,0.99 [0.75-1.30],0.9417389397031014
CNTF,Ciliary neurotrophic factor,"Chapter VII Diseases of the eye, adnexa, ear and mastoid process","Disorders of sclera, cornea, iris and ciliary body",19872,256,0.94 [0.66-1.33],0.7207688122498659
CNTF,Ciliary neurotrophic factor,"Chapter VII Diseases of the eye, adnexa, ear and mastoid process",Disorders of vitreous body,19830,123,1.04 [0.63-1.72],0.8739531299005266
CNTF,Ciliary neurotrophic factor,"Chapter VII Diseases of the eye, adnexa, ear and mastoid process",Ectropion of eyelid,19202,63,1.22 [0.62-2.41],0.5634226694293177
CNTF,Ciliary neurotrophic factor,"Chapter VII Diseases of the eye, adnexa, ear and mastoid process",Entropion and trichiasis of eyelid,19210,71,0.73 [0.37-1.43],0.3587888955716478
CNTF,Ciliary neurotrophic factor,"Chapter VII Diseases of the eye, adnexa, ear and mastoid process",Epiphora,19174,35,0.79 [0.31-2.05],0.6310840549811859
CNTF,Ciliary neurotrophic factor,"Chapter VII Diseases of the eye, adnexa, ear and mastoid process",Glaucoma,19828,577,0.99 [0.79-1.25],0.95962564310998
CNTF,Ciliary neurotrophic factor,"Chapter VII Diseases of the eye, adnexa, ear and mastoid process",Glaucoma suspect,19415,164,1.06 [0.69-1.63],0.7995919987396966
CNTF,Ciliary neurotrophic factor,"Chapter VII Diseases of the eye, adnexa, ear and mastoid process",Hypermetropia,19403,21,1.06 [0.32-3.53],0.926284569678788
CNTF,Ciliary neurotrophic factor,"Chapter VII Diseases of the eye, adnexa, ear and mastoid process",Iridocyclitis,19696,80,0.99 [0.53-1.84],0.968075479688952
CNTF,Ciliary neurotrophic factor,"Chapter VII Diseases of the eye, adnexa, ear and mastoid process",Keratitis,19796,180,0.91 [0.60-1.38],0.6570512431249058
CNTF,Ciliary neurotrophic factor,"Chapter VII Diseases of the eye, adnexa, ear and mastoid process",Myopia,19526,144,1.28 [0.82-1.99],0.2814543242778107
CNTF,Ciliary neurotrophic factor,"Chapter VII Diseases of the eye, adnexa, ear and mastoid process",Other and unspecified disorders of vitreous body,19771,64,0.77 [0.38-1.56],0.4721049301033387
CNTF,Ciliary neurotrophic factor,"Chapter VII Diseases of the eye, adnexa, ear and mastoid process",Other and unspecified glaucoma,19630,379,1.02 [0.77-1.36],0.8850489913143091
CNTF,Ciliary neurotrophic factor,"Chapter VII Diseases of the eye, adnexa, ear and mastoid process",Other and unspecified visual disturbances,19488,99,1.55 [0.93-2.59],0.0921595274381373
CNTF,Ciliary neurotrophic factor,"Chapter VII Diseases of the eye, adnexa, ear and mastoid process",Other cataract,18797,1472,1.05 [0.91-1.21],0.5138911189691535
CNTF,Ciliary neurotrophic factor,"Chapter VII Diseases of the eye, adnexa, ear and mastoid process",Other disorders of cornea,19772,156,0.92 [0.59-1.44],0.7144095640188084
CNTF,Ciliary neurotrophic factor,"Chapter VII Diseases of the eye, adnexa, ear and mastoid process",Other disorders of eye and adnexa,19890,119,1.11 [0.67-1.84],0.6946092890704487
CNTF,Ciliary neurotrophic factor,"Chapter VII Diseases of the eye, adnexa, ear and mastoid process",Other disorders of eyelid,19488,349,0.88 [0.65-1.19],0.3950811078200262
CNTF,Ciliary neurotrophic factor,"Chapter VII Diseases of the eye, adnexa, ear and mastoid process",Other disorders of iris and ciliary body,19673,57,1.17 [0.57-2.41],0.6713195607516733
CNTF,Ciliary neurotrophic factor,"Chapter VII Diseases of the eye, adnexa, ear and mastoid process",Other disorders of optic [2nd] nerve and visual pathways,19893,46,0.89 [0.39-2.04],0.7870404618394921
CNTF,Ciliary neurotrophic factor,"Chapter VII Diseases of the eye, adnexa, ear and mastoid process",Other inflammation of eyelid,19199,60,0.78 [0.38-1.61],0.5093351563850144
CNTF,Ciliary neurotrophic factor,"Chapter VII Diseases of the eye, adnexa, ear and mastoid process",Other specified and unspecified  disorders of eyelid,19262,123,0.91 [0.55-1.50],0.7045801526684989
CNTF,Ciliary neurotrophic factor,"Chapter VII Diseases of the eye, adnexa, ear and mastoid process",Other specified and unspecified retinal disorders,18987,101,1.05 [0.60-1.82],0.8705791725463494
CNTF,Ciliary neurotrophic factor,"Chapter VII Diseases of the eye, adnexa, ear and mastoid process",Other strabismus,19420,38,0.41 [0.17-0.99],0.0472175042732219
CNTF,Ciliary neurotrophic factor,"Chapter VII Diseases of the eye, adnexa, ear and mastoid process","Other, unspecified and serous retinal detachments",18941,55,1.05 [0.50-2.20],0.8887350413567944
CNTF,Ciliary neurotrophic factor,"Chapter VII Diseases of the eye, adnexa, ear and mastoid process",Primary angle-closure glaucoma,19295,44,1.63 [0.80-3.32],0.1751105338509305
CNTF,Ciliary neurotrophic factor,"Chapter VII Diseases of the eye, adnexa, ear and mastoid process","Primary open-angle glaucoma, strict",19420,169,0.71 [0.46-1.09],0.1192492731848888
CNTF,Ciliary neurotrophic factor,"Chapter VII Diseases of the eye, adnexa, ear and mastoid process",Ptosis of eyelid,19231,92,0.81 [0.45-1.46],0.4896206982193203
CNTF,Ciliary neurotrophic factor,"Chapter VII Diseases of the eye, adnexa, ear and mastoid process",Retinal detachment with retinal break,18988,102,1.12 [0.65-1.94],0.6734658400056392
CNTF,Ciliary neurotrophic factor,"Chapter VII Diseases of the eye, adnexa, ear and mastoid process",Retinal vascular occlusion,18960,74,1.13 [0.60-2.13],0.708057246801486
CNTF,Ciliary neurotrophic factor,"Chapter VII Diseases of the eye, adnexa, ear and mastoid process",Senile cataract,18510,1185,0.99 [0.85-1.17],0.9299004295350176
CNTF,Ciliary neurotrophic factor,"Chapter VII Diseases of the eye, adnexa, ear and mastoid process",Stenosis and insufficiency of lacrimal passages,19186,47,1.45 [0.69-3.06],0.3300895445597621
CNTF,Ciliary neurotrophic factor,"Chapter VII Diseases of the eye, adnexa, ear and mastoid process",Visual disturbances,19701,312,1.02 [0.74-1.40],0.9027424660747224
CNTF,Ciliary neurotrophic factor,"Chapter VII Diseases of the eye, adnexa, ear and mastoid process",Visual field defects,19446,57,1.43 [0.71-2.87],0.3130325176917961
CNTF,Ciliary neurotrophic factor,"Chapter VII Diseases of the eye, adnexa, ear and mastoid process",Visual impairment including blindness (binocular or monocular),19511,122,0.85 [0.51-1.42],0.546027209627004
CNTF,Ciliary neurotrophic factor,Chapter VIII Diseases of the ear and mastoid process,Benign paroxysmal vertigo,19750,50,0.72 [0.33-1.61],0.4299408002012237
CNTF,Ciliary neurotrophic factor,Chapter VIII Diseases of the ear and mastoid process,Diseases of external ear,19871,105,1.03 [0.59-1.77],0.9275521811326612
CNTF,Ciliary neurotrophic factor,Chapter VIII Diseases of the ear and mastoid process,Diseases of middle ear and mastoid,19792,97,0.81 [0.46-1.44],0.4820104229117895
CNTF,Ciliary neurotrophic factor,Chapter VIII Diseases of the ear and mastoid process,Labyrinthitis,19745,45,0.85 [0.37-1.97],0.7016494298550482
CNTF,Ciliary neurotrophic factor,Chapter VIII Diseases of the ear and mastoid process,Mnire disease,19744,44,0.74 [0.32-1.73],0.4868430643456238
CNTF,Ciliary neurotrophic factor,Chapter VIII Diseases of the ear and mastoid process,Other disorders of ear,19820,778,0.95 [0.78-1.16],0.6029254035465498
CNTF,Ciliary neurotrophic factor,Chapter VIII Diseases of the ear and mastoid process,Other specified/unspecified hearing loss,19619,577,0.96 [0.76-1.21],0.7327147019654419
CNTF,Ciliary neurotrophic factor,Chapter VIII Diseases of the ear and mastoid process,Sensorineural hearing loss,19151,109,0.83 [0.49-1.43],0.5118758510679333
CNTF,Ciliary neurotrophic factor,Chapter VIII Diseases of the ear and mastoid process,Tinnitus,19110,68,1.13 [0.58-2.21],0.7248711533943704
CNTF,Ciliary neurotrophic factor,Chapter X Diseases of the respiratory system,Acute pharyngitis,19724,46,1.09 [0.48-2.51],0.8310937652808241
CNTF,Ciliary neurotrophic factor,Chapter X Diseases of the respiratory system,Acute upper respiratory infections,19834,156,1.01 [0.64-1.59],0.959566033042467
CNTF,Ciliary neurotrophic factor,Chapter X Diseases of the respiratory system,Acute upper respiratory infections of multiple and unspecified sites,19728,50,1.24 [0.57-2.67],0.591536520259761
CNTF,Ciliary neurotrophic factor,Chapter X Diseases of the respiratory system,All influenza,18055,81,0.84 [0.45-1.57],0.5933421683253646
CNTF,Ciliary neurotrophic factor,Chapter X Diseases of the respiratory system,All influenza (not pneumonia),18053,79,0.88 [0.47-1.66],0.7004761785665337
CNTF,Ciliary neurotrophic factor,Chapter X Diseases of the respiratory system,Allergic asthma (mode),13061,86,1.25 [0.70-2.25],0.4511438517737214
CNTF,Ciliary neurotrophic factor,Chapter X Diseases of the respiratory system,Allergic rhinitis,19822,235,1.16 [0.81-1.66],0.4158983694089276
CNTF,Ciliary neurotrophic factor,Chapter X Diseases of the respiratory system,"Asthma, excluding more controls",13883,1195,1.01 [0.86-1.19],0.8780573755452927
CNTF,Ciliary neurotrophic factor,Chapter X Diseases of the respiratory system,"Asthma, unspecified (mode)",14149,1174,1.01 [0.86-1.19],0.9004854665494908
CNTF,Ciliary neurotrophic factor,Chapter X Diseases of the respiratory system,Bacterial pneumonia (organism specified),19582,116,0.89 [0.53-1.50],0.6620494775860422
CNTF,Ciliary neurotrophic factor,Chapter X Diseases of the respiratory system,"Bacterial pneumonia, not elsewhere classified",18046,72,0.97 [0.50-1.88],0.9287667988150268
CNTF,Ciliary neurotrophic factor,Chapter X Diseases of the respiratory system,Bronchiectasis,17295,237,1.11 [0.77-1.58],0.5815352644107767
CNTF,Ciliary neurotrophic factor,Chapter X Diseases of the respiratory system,"Bronchitis, not specified as acute or chronic",17093,35,1.59 [0.67-3.78],0.2915118344779634
CNTF,Ciliary neurotrophic factor,Chapter X Diseases of the respiratory system,Chronic lower respiratory diseases,19188,2130,0.99 [0.88-1.12],0.8837149362625403
CNTF,Ciliary neurotrophic factor,Chapter X Diseases of the respiratory system,"Chronic rhinitis, nasopharyngitis and pharyngitis",18669,69,1.40 [0.73-2.66],0.3108733381185959
CNTF,Ciliary neurotrophic factor,Chapter X Diseases of the respiratory system,Chronic sinusitis,18732,132,0.60 [0.37-0.98],0.0426170015288951
CNTF,Ciliary neurotrophic factor,Chapter X Diseases of the respiratory system,"COPD, hospital admissions 1, only main diagnosis",19719,1088,0.98 [0.82-1.16],0.7759153316795266
CNTF,Ciliary neurotrophic factor,Chapter X Diseases of the respiratory system,Deviated nasal septum,18723,123,0.82 [0.49-1.38],0.458512820003673
CNTF,Ciliary neurotrophic factor,Chapter X Diseases of the respiratory system,Diseases of the respiratory system,18206,4358,0.96 [0.89-1.05],0.4040391321371914
CNTF,Ciliary neurotrophic factor,Chapter X Diseases of the respiratory system,"Diseases of vocal cords and larynx+other diseases of upper respiratory tract, no elsewhere classified",18939,339,0.86 [0.63-1.16],0.3210266117074306
CNTF,Ciliary neurotrophic factor,Chapter X Diseases of the respiratory system,Early onset COPD,18904,273,0.92 [0.66-1.30],0.6534910599899053
CNTF,Ciliary neurotrophic factor,Chapter X Diseases of the respiratory system,Emphysema,17355,297,0.84 [0.61-1.18],0.3188143516797032
CNTF,Ciliary neurotrophic factor,Chapter X Diseases of the respiratory system,Idiopathic pulmonary fibrosis,19112,295,0.98 [0.71-1.36],0.9016535492201544
CNTF,Ciliary neurotrophic factor,Chapter X Diseases of the respiratory system,Influenza and pneumonia,19693,1719,0.96 [0.84-1.10],0.6005726305367733
CNTF,Ciliary neurotrophic factor,Chapter X Diseases of the respiratory system,Interstitial lung disease,19133,316,1.00 [0.73-1.38],0.9775277842339404
CNTF,Ciliary neurotrophic factor,Chapter X Diseases of the respiratory system,Later onset COPD,18972,815,0.98 [0.81-1.20],0.8813424984532972
CNTF,Ciliary neurotrophic factor,Chapter X Diseases of the respiratory system,Lung diseases due to external agents,19890,327,1.09 [0.80-1.48],0.5700271398458638
CNTF,Ciliary neurotrophic factor,Chapter X Diseases of the respiratory system,Nasal polyp,18726,126,1.18 [0.72-1.93],0.5206925049451565
CNTF,Ciliary neurotrophic factor,Chapter X Diseases of the respiratory system,Other acute lower respiratory infections,19672,802,1.00 [0.82-1.22],0.969618054441775
CNTF,Ciliary neurotrophic factor,Chapter X Diseases of the respiratory system,Other diseases of pleura,19665,1821,1.00 [0.88-1.14],0.9692338270879984
CNTF,Ciliary neurotrophic factor,Chapter X Diseases of the respiratory system,Other diseases of upper respiratory tract,19352,752,0.89 [0.72-1.10],0.2742321556632241
CNTF,Ciliary neurotrophic factor,Chapter X Diseases of the respiratory system,Other pleural conditions,17895,51,1.92 [0.99-3.72],0.0529420623289366
CNTF,Ciliary neurotrophic factor,Chapter X Diseases of the respiratory system,Other respiratory diseases principally affecting the interstitium,19814,384,1.00 [0.75-1.33],0.9805550964667892
CNTF,Ciliary neurotrophic factor,Chapter X Diseases of the respiratory system,Other respiratory disorders and diseases,19800,1157,1.00 [0.85-1.18],0.9952376108218908
CNTF,Ciliary neurotrophic factor,Chapter X Diseases of the respiratory system,Pleural effusion,18761,917,0.89 [0.74-1.08],0.2439471321865957
CNTF,Ciliary neurotrophic factor,Chapter X Diseases of the respiratory system,Pleural plaque,18066,222,1.23 [0.85-1.78],0.276960298471415
CNTF,Ciliary neurotrophic factor,Chapter X Diseases of the respiratory system,"Pneumonia, organism unspecified",19481,1507,0.97 [0.84-1.12],0.6969734905954639
CNTF,Ciliary neurotrophic factor,Chapter X Diseases of the respiratory system,Pneumonitis due to solids and liquids,19803,240,1.21 [0.85-1.72],0.2936714550552498
CNTF,Ciliary neurotrophic factor,Chapter X Diseases of the respiratory system,Pneumothorax,17960,116,1.22 [0.73-2.03],0.4546897535593914
CNTF,Ciliary neurotrophic factor,Chapter X Diseases of the respiratory system,Pollen allergy,19892,203,1.13 [0.76-1.66],0.5509819134045993
CNTF,Ciliary neurotrophic factor,Chapter X Diseases of the respiratory system,Pulmonary oedema,19486,56,1.49 [0.74-3.00],0.2666913049209963
CNTF,Ciliary neurotrophic factor,Chapter X Diseases of the respiratory system,Respiratory insufficiency,13025,50,0.43 [0.19-0.95],0.0371305032311328
CNTF,Ciliary neurotrophic factor,Chapter X Diseases of the respiratory system,Unspecified acute lower respiratory infection,19657,787,1.00 [0.82-1.22],0.9985138098716188
CNTF,Ciliary neurotrophic factor,Chapter X Diseases of the respiratory system,Vasomotor and allergic rhinitis,18836,236,1.13 [0.79-1.62],0.5071851151974586
CNTF,Ciliary neurotrophic factor,Chapter X Diseases of the respiratory system,Viral pneumonia,18199,225,1.00 [0.69-1.46],0.9816246995051248
CNTF,Ciliary neurotrophic factor,Chapter X Diseases of the respiratory system,"Viral pneumonia (unknown virus, not influenza)",19603,191,1.01 [0.67-1.51],0.9768611523950552
CNTF,Ciliary neurotrophic factor,Chapter X Diseases of the respiratory system,Vocal cord dysfunction,8720,97,1.18 [0.67-2.08],0.5667263932240935
CNTF,Ciliary neurotrophic factor,Chapter XI Diseases of the digestive system,Abscess of anal and rectal regions,13925,73,1.68 [0.96-2.94],0.0692453576403083
CNTF,Ciliary neurotrophic factor,Chapter XI Diseases of the digestive system,Acute appendicitis,19795,119,1.14 [0.68-1.89],0.6211646243554525
CNTF,Ciliary neurotrophic factor,Chapter XI Diseases of the digestive system,Acute gastritis,15084,70,1.05 [0.54-2.04],0.887618575001964
CNTF,Ciliary neurotrophic factor,Chapter XI Diseases of the digestive system,Acute pancreatitis,18785,172,1.08 [0.71-1.66],0.7073572862748874
CNTF,Ciliary neurotrophic factor,Chapter XI Diseases of the digestive system,Acute peritonitis,19602,79,1.05 [0.56-1.97],0.8736101026157295
CNTF,Ciliary neurotrophic factor,Chapter XI Diseases of the digestive system,Alcoholic liver disease,19160,92,1.08 [0.60-1.94],0.7990439260205346
CNTF,Ciliary neurotrophic factor,Chapter XI Diseases of the digestive system,Barrett oesophagus,15439,425,1.02 [0.78-1.34],0.8790729576918851
CNTF,Ciliary neurotrophic factor,Chapter XI Diseases of the digestive system,"Cholangitis (primary sclerosing, PSC)",18711,98,0.59 [0.34-1.04],0.0677295371589501
CNTF,Ciliary neurotrophic factor,Chapter XI Diseases of the digestive system,"Cholangitis (primary sclerosing, PSC), with reimbursement 202",19570,98,0.59 [0.34-1.04],0.0691813769966566
CNTF,Ciliary neurotrophic factor,Chapter XI Diseases of the digestive system,Cholecystitis,18793,180,0.99 [0.65-1.51],0.9716300710209054
CNTF,Ciliary neurotrophic factor,Chapter XI Diseases of the digestive system,Cholelithiasis,19274,661,0.87 [0.70-1.09],0.2223150689326465
CNTF,Ciliary neurotrophic factor,Chapter XI Diseases of the digestive system,Chronic gastritis,15229,215,0.80 [0.55-1.18],0.2559580535873296
CNTF,Ciliary neurotrophic factor,Chapter XI Diseases of the digestive system,Chronic pancreatitis,18659,46,0.89 [0.39-2.06],0.7938481016347299
CNTF,Ciliary neurotrophic factor,Chapter XI Diseases of the digestive system,"Cirrhosis of liver, NAS",19736,117,1.27 [0.77-2.11],0.3498527662016849
CNTF,Ciliary neurotrophic factor,Chapter XI Diseases of the digestive system,Coeliac disease,18525,73,0.97 [0.50-1.86],0.9193795787230304
CNTF,Ciliary neurotrophic factor,Chapter XI Diseases of the digestive system,Collagenous colitis,18698,41,1.12 [0.47-2.68],0.7924225014344337
CNTF,Ciliary neurotrophic factor,Chapter XI Diseases of the digestive system,Colonic or urogenital fistula,19757,185,1.07 [0.71-1.61],0.7476791110353151
CNTF,Ciliary neurotrophic factor,Chapter XI Diseases of the digestive system,Constipation,19768,1287,0.88 [0.76-1.03],0.1199316020190342
CNTF,Ciliary neurotrophic factor,Chapter XI Diseases of the digestive system,Crohn disease,18731,74,0.75 [0.39-1.45],0.3938768518057217
CNTF,Ciliary neurotrophic factor,Chapter XI Diseases of the digestive system,"Crohn disease (strict definition, all UC cases excluded)",19619,53,0.73 [0.33-1.58],0.417636801673109
CNTF,Ciliary neurotrophic factor,Chapter XI Diseases of the digestive system,Crohn's disease NAS,18719,62,0.67 [0.33-1.36],0.2646242743392793
CNTF,Ciliary neurotrophic factor,Chapter XI Diseases of the digestive system,Dental caries,19376,188,1.03 [0.68-1.55],0.8856564416775657
CNTF,Ciliary neurotrophic factor,Chapter XI Diseases of the digestive system,Diaphragmatic hernia,16886,1606,1.04 [0.91-1.20],0.5734049297783719
CNTF,Ciliary neurotrophic factor,Chapter XI Diseases of the digestive system,Diseases of appendix,19821,145,0.99 [0.62-1.58],0.9704222353509018
CNTF,Ciliary neurotrophic factor,Chapter XI Diseases of the digestive system,Diseases of liver,19790,722,0.94 [0.76-1.16],0.562811166898368
CNTF,Ciliary neurotrophic factor,Chapter XI Diseases of the digestive system,"Diseases of oesophagus, stomach and duodenum",18227,3213,1.04 [0.94-1.15],0.4475839527950273
CNTF,Ciliary neurotrophic factor,Chapter XI Diseases of the digestive system,"Diseases of oral cavity, salivary glands and jaws",19602,414,1.12 [0.85-1.47],0.4348801187983604
CNTF,Ciliary neurotrophic factor,Chapter XI Diseases of the digestive system,Diseases of peritoneum,19865,342,1.21 [0.90-1.63],0.2011075539587649
CNTF,Ciliary neurotrophic factor,Chapter XI Diseases of the digestive system,Diseases of pulp and periapical tissues,19276,88,1.15 [0.63-2.09],0.6433220403007613
CNTF,Ciliary neurotrophic factor,Chapter XI Diseases of the digestive system,Diseases of salivary glands,19166,50,1.33 [0.62-2.84],0.465492830180906
CNTF,Ciliary neurotrophic factor,Chapter XI Diseases of the digestive system,Diseases of the digestive system,19636,1184,1.04 [0.88-1.22],0.6731130239516131
CNTF,Ciliary neurotrophic factor,Chapter XI Diseases of the digestive system,Diseases of tongue,19178,96,0.79 [0.45-1.41],0.4310056239493318
CNTF,Ciliary neurotrophic factor,Chapter XI Diseases of the digestive system,"Disorders of gallbladder, biliary tract and pancreas",19609,996,0.93 [0.78-1.11],0.4369357886539829
CNTF,Ciliary neurotrophic factor,Chapter XI Diseases of the digestive system,Diverticular disease of intestine,16414,2562,1.00 [0.89-1.11],0.9718081792916944
CNTF,Ciliary neurotrophic factor,Chapter XI Diseases of the digestive system,Duodenal ulcer,15227,213,0.90 [0.61-1.32],0.5854076638607251
CNTF,Ciliary neurotrophic factor,Chapter XI Diseases of the digestive system,"Duodenal ulcer - Unspecified as acute or chronic, without haemorrhage or perforation, drug-induced",19804,165,0.95 [0.61-1.47],0.8181874849983858
CNTF,Ciliary neurotrophic factor,Chapter XI Diseases of the digestive system,Embedded and impacted teeth,19846,33,1.97 [0.96-4.03],0.0645964000858406
CNTF,Ciliary neurotrophic factor,Chapter XI Diseases of the digestive system,Fibrosis and cirrhosis of liver,19204,136,1.07 [0.66-1.73],0.7738605391916521
CNTF,Ciliary neurotrophic factor,Chapter XI Diseases of the digestive system,Fissure and fistula of anal and rectal regions,14001,149,1.16 [0.74-1.81],0.5099099285676723
CNTF,Ciliary neurotrophic factor,Chapter XI Diseases of the digestive system,Functional dyspepsia,15363,349,0.98 [0.72-1.32],0.870939797689866
CNTF,Ciliary neurotrophic factor,Chapter XI Diseases of the digestive system,Gastric ulcer,15320,306,1.23 [0.90-1.68],0.1866448967476268
CNTF,Ciliary neurotrophic factor,Chapter XI Diseases of the digestive system,Gastro-oesophageal reflux disease,16793,1779,0.95 [0.83-1.08],0.4117185990039638
CNTF,Ciliary neurotrophic factor,Chapter XI Diseases of the digestive system,Gastroduodenal ulcer,15501,487,1.03 [0.80-1.32],0.8251753013622511
CNTF,Ciliary neurotrophic factor,Chapter XI Diseases of the digestive system,Gastrointestinal diseases,15231,6644,0.99 [0.93-1.06],0.8572020563193314
CNTF,Ciliary neurotrophic factor,Chapter XI Diseases of the digestive system,GI-bleeding,19435,983,1.03 [0.86-1.23],0.765418958729108
CNTF,Ciliary neurotrophic factor,Chapter XI Diseases of the digestive system,Gingivitis and periodontal diseases,19232,44,1.31 [0.58-2.98],0.5121187494788093
CNTF,Ciliary neurotrophic factor,Chapter XI Diseases of the digestive system,Haemorrhoids and perianal venous thrombosis,14642,1017,1.05 [0.88-1.25],0.5790140405283165
CNTF,Ciliary neurotrophic factor,Chapter XI Diseases of the digestive system,"Hepatic failure, not elsewhere classified",19139,71,1.47 [0.79-2.77],0.225760644040393
CNTF,Ciliary neurotrophic factor,Chapter XI Diseases of the digestive system,Hernia,18194,2914,0.96 [0.87-1.07],0.491672902622566
CNTF,Ciliary neurotrophic factor,Chapter XI Diseases of the digestive system,Impacted teeth,19849,32,2.04 [1.01-4.11],0.0460967799683611
CNTF,Ciliary neurotrophic factor,Chapter XI Diseases of the digestive system,Impaction of intestines,13888,36,0.75 [0.29-1.93],0.5493497205553117
CNTF,Ciliary neurotrophic factor,Chapter XI Diseases of the digestive system,Inguinal hernia,16634,1354,0.94 [0.81-1.10],0.4591229466858538
CNTF,Ciliary neurotrophic factor,Chapter XI Diseases of the digestive system,"Inguinal hernia, bilateral",15443,163,1.32 [0.89-1.98],0.1703338486372744
CNTF,Ciliary neurotrophic factor,Chapter XI Diseases of the digestive system,Intestinal adhesions without obstruction,13927,75,0.82 [0.43-1.57],0.5480671596832409
CNTF,Ciliary neurotrophic factor,Chapter XI Diseases of the digestive system,Intestinal malabsorption,18538,86,1.12 [0.62-2.03],0.7044729069756318
CNTF,Ciliary neurotrophic factor,Chapter XI Diseases of the digestive system,Irritable bowel syndrome,14091,239,0.97 [0.67-1.39],0.8532723273316136
CNTF,Ciliary neurotrophic factor,Chapter XI Diseases of the digestive system,Nonalcoholic fatty liver disease,19870,309,0.98 [0.71-1.35],0.903642160380978
CNTF,Ciliary neurotrophic factor,Chapter XI Diseases of the digestive system,Noninfectious colitis NAS,19220,563,1.02 [0.80-1.29],0.8907183055920135
CNTF,Ciliary neurotrophic factor,Chapter XI Diseases of the digestive system,Noninfective enteritis and colitis,19395,738,0.96 [0.78-1.18],0.685883314542044
CNTF,Ciliary neurotrophic factor,Chapter XI Diseases of the digestive system,Oesophageal obstruction,15191,177,1.09 [0.72-1.65],0.6868666203689979
CNTF,Ciliary neurotrophic factor,Chapter XI Diseases of the digestive system,Oesophagitis,15534,520,1.20 [0.95-1.52],0.1334932639187592
CNTF,Ciliary neurotrophic factor,Chapter XI Diseases of the digestive system,Oral lichen ruber planus,19856,87,1.54 [0.89-2.69],0.1245456724703813
CNTF,Ciliary neurotrophic factor,Chapter XI Diseases of the digestive system,Other and unspecified abdominal hernia,15342,62,0.39 [0.20-0.77],0.0070692020355301
CNTF,Ciliary neurotrophic factor,Chapter XI Diseases of the digestive system,Other diseases of anus and rectum,15065,1213,0.94 [0.80-1.11],0.4630269505649264
CNTF,Ciliary neurotrophic factor,Chapter XI Diseases of the digestive system,Other diseases of biliary tract,18824,211,0.73 [0.50-1.08],0.1121524013240303
CNTF,Ciliary neurotrophic factor,Chapter XI Diseases of the digestive system,Other diseases of gallbladder,18710,97,1.38 [0.81-2.37],0.238940133868067
CNTF,Ciliary neurotrophic factor,Chapter XI Diseases of the digestive system,Other diseases of intestine,15442,1590,0.90 [0.78-1.04],0.1589131852815954
CNTF,Ciliary neurotrophic factor,Chapter XI Diseases of the digestive system,Other diseases of intestines,18390,4538,1.02 [0.93-1.10],0.7176693328452349
CNTF,Ciliary neurotrophic factor,Chapter XI Diseases of the digestive system,Other diseases of lip and oral mucosa,19144,144,1.30 [0.83-2.04],0.2513438808864844
CNTF,Ciliary neurotrophic factor,Chapter XI Diseases of the digestive system,Other diseases of liver,19639,571,0.93 [0.74-1.18],0.5560060837683868
CNTF,Ciliary neurotrophic factor,Chapter XI Diseases of the digestive system,Other diseases of oesophagus,15610,596,1.10 [0.87-1.37],0.4232968838524801
CNTF,Ciliary neurotrophic factor,Chapter XI Diseases of the digestive system,Other diseases of pancreas,18724,111,0.73 [0.43-1.24],0.2409141054079123
CNTF,Ciliary neurotrophic factor,Chapter XI Diseases of the digestive system,Other diseases of peritoneum,19810,287,1.25 [0.90-1.72],0.179261298403037
CNTF,Ciliary neurotrophic factor,Chapter XI Diseases of the digestive system,Other diseases of stomach and duodenum,15668,654,1.16 [0.94-1.44],0.1650228430315449
CNTF,Ciliary neurotrophic factor,Chapter XI Diseases of the digestive system,Other diseases of the digestive system,19444,992,1.03 [0.87-1.23],0.7110312943776507
CNTF,Ciliary neurotrophic factor,Chapter XI Diseases of the digestive system,Other disorders of teeth and supporting structures,19328,140,1.25 [0.78-1.99],0.3492570126514402
CNTF,Ciliary neurotrophic factor,Chapter XI Diseases of the digestive system,Other functional intestinal disorders,15170,1318,0.89 [0.76-1.04],0.1414315332237906
CNTF,Ciliary neurotrophic factor,Chapter XI Diseases of the digestive system,Other gastritis (incl. Duodenitis),16554,1540,1.07 [0.92-1.23],0.3799811088689533
CNTF,Ciliary neurotrophic factor,Chapter XI Diseases of the digestive system,Other inflammatory liver diseases,19144,76,0.80 [0.42-1.54],0.5097110904366048
CNTF,Ciliary neurotrophic factor,Chapter XI Diseases of the digestive system,Other noninfective gastroenteritis and colitis,19304,647,1.02 [0.82-1.27],0.8529701288989971
CNTF,Ciliary neurotrophic factor,Chapter XI Diseases of the digestive system,"Other or unspecified ileus, impaction or obstruction",14135,283,1.23 [0.90-1.69],0.1920394564809409
CNTF,Ciliary neurotrophic factor,Chapter XI Diseases of the digestive system,Palatinal maxillary canine,19837,38,1.63 [0.75-3.52],0.2164280194641425
CNTF,Ciliary neurotrophic factor,Chapter XI Diseases of the digestive system,Paralytic ileus and intestinal obstruction,14239,387,1.14 [0.87-1.51],0.3472988293952372
CNTF,Ciliary neurotrophic factor,Chapter XI Diseases of the digestive system,"Postprocedural disorders of digestive system, not elsewhere classified",18590,138,1.01 [0.63-1.63],0.9668308033169222
CNTF,Ciliary neurotrophic factor,Chapter XI Diseases of the digestive system,Recurring oral aphthae,19891,34,0.31 [0.12-0.76],0.0106177715367969
CNTF,Ciliary neurotrophic factor,Chapter XI Diseases of the digestive system,Stomatitis and related lesions,19194,83,0.66 [0.35-1.22],0.184594356824953
CNTF,Ciliary neurotrophic factor,Chapter XI Diseases of the digestive system,Toxic colitis,18694,37,1.63 [0.74-3.57],0.2255958596560373
CNTF,Ciliary neurotrophic factor,Chapter XI Diseases of the digestive system,Ulcer of oesophagus,15261,247,1.00 [0.70-1.42],0.9941527189263264
CNTF,Ciliary neurotrophic factor,Chapter XI Diseases of the digestive system,Ulcerative colitis,18779,122,0.93 [0.56-1.55],0.7928286406149156
CNTF,Ciliary neurotrophic factor,Chapter XI Diseases of the digestive system,"Ulcerative colitis, NAS",18759,102,0.95 [0.54-1.65],0.8477149414188069
CNTF,Ciliary neurotrophic factor,Chapter XI Diseases of the digestive system,Umbilical hernia,15582,302,0.81 [0.59-1.13],0.2144484178003144
CNTF,Ciliary neurotrophic factor,Chapter XI Diseases of the digestive system,Vascular disorders of the intestines,13982,130,1.36 [0.86-2.15],0.1931289889513192
CNTF,Ciliary neurotrophic factor,Chapter XI Diseases of the digestive system,Ventral hernia,15495,215,1.03 [0.70-1.50],0.8981091082804055
CNTF,Ciliary neurotrophic factor,Chapter XI Diseases of the digestive system,Volvulus,13911,59,0.82 [0.39-1.72],0.6005236507079279
CNTF,Ciliary neurotrophic factor,Chapter XII Diseases of the skin and subcutaneous tissue,Actinic keratosis,19851,263,1.14 [0.81-1.59],0.446621858916605
CNTF,Ciliary neurotrophic factor,Chapter XII Diseases of the skin and subcutaneous tissue,Arthropathic psoriasis,19646,60,1.78 [0.96-3.28],0.0665986038293347
CNTF,Ciliary neurotrophic factor,Chapter XII Diseases of the skin and subcutaneous tissue,Atrophic disorders of skin,18278,80,0.89 [0.48-1.67],0.7230371905468689
CNTF,Ciliary neurotrophic factor,Chapter XII Diseases of the skin and subcutaneous tissue,Cellulitis,19278,626,0.87 [0.70-1.09],0.2315401662839712
CNTF,Ciliary neurotrophic factor,Chapter XII Diseases of the skin and subcutaneous tissue,"Cutaneous abscess, furuncle and carbuncle",18825,173,0.69 [0.45-1.06],0.0906246201457579
CNTF,Ciliary neurotrophic factor,Chapter XII Diseases of the skin and subcutaneous tissue,Decubitus ulcer and pressure area,18567,369,0.75 [0.56-1.00],0.0538835837729632
CNTF,Ciliary neurotrophic factor,Chapter XII Diseases of the skin and subcutaneous tissue,Dermatitis,19660,221,0.92 [0.63-1.35],0.6847417242573497
CNTF,Ciliary neurotrophic factor,Chapter XII Diseases of the skin and subcutaneous tissue,Dermatitis and eczema,19824,385,0.89 [0.67-1.19],0.438417483943491
CNTF,Ciliary neurotrophic factor,Chapter XII Diseases of the skin and subcutaneous tissue,Dermatitis due to substances taken internally,19476,37,1.08 [0.44-2.69],0.8628273358345575
CNTF,Ciliary neurotrophic factor,Chapter XII Diseases of the skin and subcutaneous tissue,Diseases of the skin and subcutaneous tissue,18643,2598,0.99 [0.88-1.10],0.7878464464377527
CNTF,Ciliary neurotrophic factor,Chapter XII Diseases of the skin and subcutaneous tissue,Disorders of skin appendages,19521,331,1.15 [0.85-1.55],0.3740808029577407
CNTF,Ciliary neurotrophic factor,Chapter XII Diseases of the skin and subcutaneous tissue,Follicular cysts of skin and subcutaneous tissue,19428,238,1.12 [0.78-1.60],0.5320604495045653
CNTF,Ciliary neurotrophic factor,Chapter XII Diseases of the skin and subcutaneous tissue,Infections of the skin and subcutaneous tissue,19509,857,0.89 [0.73-1.08],0.2264995190480325
CNTF,Ciliary neurotrophic factor,Chapter XII Diseases of the skin and subcutaneous tissue,"Lichen planus, including avohilmo",19896,25,0.84 [0.27-2.63],0.7684031531625639
CNTF,Ciliary neurotrophic factor,Chapter XII Diseases of the skin and subcutaneous tissue,Lupus erythematosus,18221,23,0.51 [0.16-1.64],0.2610100107939457
CNTF,Ciliary neurotrophic factor,Chapter XII Diseases of the skin and subcutaneous tissue,Nail disorders,19236,46,0.94 [0.41-2.16],0.8886734012154345
CNTF,Ciliary neurotrophic factor,Chapter XII Diseases of the skin and subcutaneous tissue,Other and unspecified dermatitis,19656,217,0.91 [0.62-1.34],0.647504709607551
CNTF,Ciliary neurotrophic factor,Chapter XII Diseases of the skin and subcutaneous tissue,Other and unspecified disorders of skin and subcutaneous tissue,18596,398,0.97 [0.74-1.29],0.8552939844103871
CNTF,Ciliary neurotrophic factor,Chapter XII Diseases of the skin and subcutaneous tissue,Other and unspecified epidermal thickening,18260,62,0.70 [0.34-1.43],0.3322291811087582
CNTF,Ciliary neurotrophic factor,Chapter XII Diseases of the skin and subcutaneous tissue,Other and unspecified erythematous conditions,19849,65,0.94 [0.47-1.88],0.853222804878264
CNTF,Ciliary neurotrophic factor,Chapter XII Diseases of the skin and subcutaneous tissue,Other and unspecified local infections of skin and subcutaneous tissue,18822,170,1.14 [0.74-1.73],0.5568715248041167
CNTF,Ciliary neurotrophic factor,Chapter XII Diseases of the skin and subcutaneous tissue,Other and unspecified psoriasis,19761,175,1.29 [0.86-1.95],0.220834848996667
CNTF,Ciliary neurotrophic factor,Chapter XII Diseases of the skin and subcutaneous tissue,Other contact dermatitis,19493,54,0.58 [0.27-1.24],0.1612439980268626
CNTF,Ciliary neurotrophic factor,Chapter XII Diseases of the skin and subcutaneous tissue,Other disorders of pigmentation,18246,48,0.82 [0.36-1.86],0.6403424299583114
CNTF,Ciliary neurotrophic factor,Chapter XII Diseases of the skin and subcutaneous tissue,Other disorders of skin and subcutaneous tissue,19514,1316,0.88 [0.75-1.02],0.0925044741519621
CNTF,Ciliary neurotrophic factor,Chapter XII Diseases of the skin and subcutaneous tissue,"Other disorders of skin and subcutaneous tissue, not elsewhere classified",18633,435,1.01 [0.78-1.32],0.914288541853996
CNTF,Ciliary neurotrophic factor,Chapter XII Diseases of the skin and subcutaneous tissue,Other epidermal thickening,18263,65,0.66 [0.33-1.32],0.2400721086225923
CNTF,Ciliary neurotrophic factor,Chapter XII Diseases of the skin and subcutaneous tissue,Papulosquamous disorders,19830,244,1.22 [0.86-1.73],0.2714060506198517
CNTF,Ciliary neurotrophic factor,Chapter XII Diseases of the skin and subcutaneous tissue,Pruritus,19485,46,1.82 [0.91-3.64],0.089490309064941
CNTF,Ciliary neurotrophic factor,Chapter XII Diseases of the skin and subcutaneous tissue,Psoriasis,19799,213,1.25 [0.86-1.82],0.2475810500604435
CNTF,Ciliary neurotrophic factor,Chapter XII Diseases of the skin and subcutaneous tissue,Radiation-related disorders of the skin and subcutaneous tissue,19867,279,1.17 [0.85-1.62],0.3342445563776253
CNTF,Ciliary neurotrophic factor,Chapter XII Diseases of the skin and subcutaneous tissue,Scar conditions and fibrosis of skin,18274,76,0.97 [0.51-1.85],0.9292683127339048
CNTF,Ciliary neurotrophic factor,Chapter XII Diseases of the skin and subcutaneous tissue,Seborrhoeic keratosis,18416,218,1.23 [0.85-1.76],0.2725092512362697
CNTF,Ciliary neurotrophic factor,Chapter XII Diseases of the skin and subcutaneous tissue,Skin changes due to chronic exposure to nonionizing radiation,19861,273,1.16 [0.83-1.60],0.3876882178744244
CNTF,Ciliary neurotrophic factor,Chapter XII Diseases of the skin and subcutaneous tissue,"Ulcer of lower limb, not elsewhere classified",18405,207,0.78 [0.52-1.15],0.2051208499458252
CNTF,Ciliary neurotrophic factor,Chapter XII Diseases of the skin and subcutaneous tissue,Urticaria and erythema,19883,99,0.99 [0.56-1.74],0.973391706510202
CNTF,Ciliary neurotrophic factor,Chapter XIII Diseases of the musculoskeletal system and connective tissue,Adhesive capsulitis of shoulder,17186,66,1.24 [0.64-2.43],0.5221295287627021
CNTF,Ciliary neurotrophic factor,Chapter XIII Diseases of the musculoskeletal system and connective tissue,Arthropathies,18150,3972,0.98 [0.89-1.07],0.5824931440118342
CNTF,Ciliary neurotrophic factor,Chapter XIII Diseases of the musculoskeletal system and connective tissue,Arthrosis,16977,2799,0.92 [0.83-1.03],0.1392300447705061
CNTF,Ciliary neurotrophic factor,Chapter XIII Diseases of the musculoskeletal system and connective tissue,Bursitis of shoulder,17182,62,1.75 [0.97-3.16],0.0642717141416484
CNTF,Ciliary neurotrophic factor,Chapter XIII Diseases of the musculoskeletal system and connective tissue,Cervical disc disorders,17527,122,0.97 [0.59-1.61],0.9201936049568952
CNTF,Ciliary neurotrophic factor,Chapter XIII Diseases of the musculoskeletal system and connective tissue,Cervicalgia,17519,114,1.31 [0.79-2.16],0.2890237449668746
CNTF,Ciliary neurotrophic factor,Chapter XIII Diseases of the musculoskeletal system and connective tissue,Chondropathies,19727,54,1.12 [0.53-2.39],0.7665710383840925
CNTF,Ciliary neurotrophic factor,Chapter XIII Diseases of the musculoskeletal system and connective tissue,"Collapsed vertebra, not elsewhere classified",17468,63,0.75 [0.37-1.52],0.4272517197186047
CNTF,Ciliary neurotrophic factor,Chapter XIII Diseases of the musculoskeletal system and connective tissue,Coxarthrosis,14899,721,0.87 [0.71-1.08],0.207251580563491
CNTF,Ciliary neurotrophic factor,Chapter XIII Diseases of the musculoskeletal system and connective tissue,"Coxarthrosis, primary",19801,126,0.64 [0.39-1.05],0.0777179282408626
CNTF,Ciliary neurotrophic factor,Chapter XIII Diseases of the musculoskeletal system and connective tissue,Deforming dorsopathies,17618,213,0.96 [0.65-1.40],0.8241877269995672
CNTF,Ciliary neurotrophic factor,Chapter XIII Diseases of the musculoskeletal system and connective tissue,Diseases of the musculoskeletal system and connective tissue,16942,5190,0.96 [0.89-1.04],0.3455767252400071
CNTF,Ciliary neurotrophic factor,Chapter XIII Diseases of the musculoskeletal system and connective tissue,Disorders of continuity of bone,19045,78,0.68 [0.36-1.28],0.2292659665652616
CNTF,Ciliary neurotrophic factor,Chapter XIII Diseases of the musculoskeletal system and connective tissue,Disorders of muscles,17253,133,0.82 [0.50-1.34],0.4246340743045018
CNTF,Ciliary neurotrophic factor,Chapter XIII Diseases of the musculoskeletal system and connective tissue,Disorders of synovium and tendon,17492,372,0.92 [0.68-1.23],0.5624894692350755
CNTF,Ciliary neurotrophic factor,Chapter XIII Diseases of the musculoskeletal system and connective tissue,Dorsopathies,19220,1815,0.97 [0.85-1.10],0.5956415471780916
CNTF,Ciliary neurotrophic factor,Chapter XIII Diseases of the musculoskeletal system and connective tissue,Fibroblastic disorders,17432,312,1.20 [0.88-1.62],0.2522048717623936
CNTF,Ciliary neurotrophic factor,Chapter XIII Diseases of the musculoskeletal system and connective tissue,Fibromyalgia,17167,47,0.67 [0.30-1.51],0.3341751987141274
CNTF,Ciliary neurotrophic factor,Chapter XIII Diseases of the musculoskeletal system and connective tissue,Ganglion,17204,84,0.53 [0.29-0.97],0.0408640729292342
CNTF,Ciliary neurotrophic factor,Chapter XIII Diseases of the musculoskeletal system and connective tissue,Giant cell arteritis,19640,26,0.46 [0.16-1.37],0.1630272049884224
CNTF,Ciliary neurotrophic factor,Chapter XIII Diseases of the musculoskeletal system and connective tissue,Gonarthrosis,15378,1200,0.93 [0.79-1.09],0.3500379679591073
CNTF,Ciliary neurotrophic factor,Chapter XIII Diseases of the musculoskeletal system and connective tissue,Gout,14968,790,1.02 [0.84-1.25],0.8100246433684675
CNTF,Ciliary neurotrophic factor,Chapter XIII Diseases of the musculoskeletal system and connective tissue,"Gout, unspecified",19786,777,1.03 [0.85-1.26],0.7465430197053269
CNTF,Ciliary neurotrophic factor,Chapter XIII Diseases of the musculoskeletal system and connective tissue,Hallux rigidus,14215,37,1.47 [0.64-3.36],0.3599735645867969
CNTF,Ciliary neurotrophic factor,Chapter XIII Diseases of the musculoskeletal system and connective tissue,Hallux valgus (acquired),14245,67,0.89 [0.45-1.76],0.7282585640544915
CNTF,Ciliary neurotrophic factor,Chapter XIII Diseases of the musculoskeletal system and connective tissue,Impingement syndrome of shoulder,17336,216,1.04 [0.71-1.52],0.8338725659792142
CNTF,Ciliary neurotrophic factor,Chapter XIII Diseases of the musculoskeletal system and connective tissue,Internal derangement of knee,14706,528,0.99 [0.78-1.26],0.9315384074732864
CNTF,Ciliary neurotrophic factor,Chapter XIII Diseases of the musculoskeletal system and connective tissue,Kyphosis,17437,32,0.70 [0.42-1.17],0.1761387165080535
CNTF,Ciliary neurotrophic factor,Chapter XIII Diseases of the musculoskeletal system and connective tissue,Low back pain,17836,431,0.92 [0.70-1.21],0.5538715251423252
CNTF,Ciliary neurotrophic factor,Chapter XIII Diseases of the musculoskeletal system and connective tissue,Lumbar disc prolapse,17620,215,0.85 [0.58-1.25],0.413935764843223
CNTF,Ciliary neurotrophic factor,Chapter XIII Diseases of the musculoskeletal system and connective tissue,Meniscus derangement,14669,491,1.02 [0.79-1.31],0.8940437350416582
CNTF,Ciliary neurotrophic factor,Chapter XIII Diseases of the musculoskeletal system and connective tissue,Myalgia,17174,54,1.08 [0.51-2.30],0.8323509174343715
CNTF,Ciliary neurotrophic factor,Chapter XIII Diseases of the musculoskeletal system and connective tissue,"Neuralgia and neuritis, unspecified",17159,39,1.28 [0.54-3.02],0.5706957824799609
CNTF,Ciliary neurotrophic factor,Chapter XIII Diseases of the musculoskeletal system and connective tissue,Osteomyelitis,19038,71,1.05 [0.54-2.04],0.8852045615327316
CNTF,Ciliary neurotrophic factor,Chapter XIII Diseases of the musculoskeletal system and connective tissue,Osteopathies and chondropathies,19664,697,1.03 [0.83-1.27],0.8178746413117765
CNTF,Ciliary neurotrophic factor,Chapter XIII Diseases of the musculoskeletal system and connective tissue,Osteoporosis,19287,320,0.97 [0.71-1.33],0.8579986353782141
CNTF,Ciliary neurotrophic factor,Chapter XIII Diseases of the musculoskeletal system and connective tissue,"Other (seronegative) rheumatoid arthritis, wide",19840,250,0.96 [0.67-1.37],0.8227305608244901
CNTF,Ciliary neurotrophic factor,Chapter XIII Diseases of the musculoskeletal system and connective tissue,Other arthrosis,15734,1556,0.96 [0.84-1.11],0.6073874157869006
CNTF,Ciliary neurotrophic factor,Chapter XIII Diseases of the musculoskeletal system and connective tissue,Other articular cartilage disorders,14223,45,1.46 [0.67-3.17],0.3379775372970416
CNTF,Ciliary neurotrophic factor,Chapter XIII Diseases of the musculoskeletal system and connective tissue,Other bursopathies,17184,64,1.10 [0.55-2.21],0.7886410810555661
CNTF,Ciliary neurotrophic factor,Chapter XIII Diseases of the musculoskeletal system and connective tissue,Other crystal arthropathies,14227,49,0.66 [0.30-1.47],0.3099075290325142
CNTF,Ciliary neurotrophic factor,Chapter XIII Diseases of the musculoskeletal system and connective tissue,Other deformities of toe(s),14214,36,1.12 [0.45-2.80],0.8082807990698236
CNTF,Ciliary neurotrophic factor,Chapter XIII Diseases of the musculoskeletal system and connective tissue,Other disorders of bone,19123,156,1.26 [0.81-1.95],0.3062837984775988
CNTF,Ciliary neurotrophic factor,Chapter XIII Diseases of the musculoskeletal system and connective tissue,Other disorders of bone density and structure,19098,131,0.96 [0.59-1.56],0.8614765639550372
CNTF,Ciliary neurotrophic factor,Chapter XIII Diseases of the musculoskeletal system and connective tissue,Other disorders of the musculoskeletal system and connective tissue,19877,68,0.86 [0.43-1.70],0.6554678488641454
CNTF,Ciliary neurotrophic factor,Chapter XIII Diseases of the musculoskeletal system and connective tissue,"Other dorsopathies, not elsewhere classified",18645,1240,0.99 [0.84-1.15],0.8549219323329577
CNTF,Ciliary neurotrophic factor,Chapter XIII Diseases of the musculoskeletal system and connective tissue,Other enthesopathies,17175,55,0.94 [0.44-2.02],0.88409997832915
CNTF,Ciliary neurotrophic factor,Chapter XIII Diseases of the musculoskeletal system and connective tissue,Other hammer toe(s) (acquired),14211,33,0.73 [0.28-1.92],0.520339360915914
CNTF,Ciliary neurotrophic factor,Chapter XIII Diseases of the musculoskeletal system and connective tissue,Other intervertebral disc disorders,17912,507,0.87 [0.68-1.11],0.2674106978786177
CNTF,Ciliary neurotrophic factor,Chapter XIII Diseases of the musculoskeletal system and connective tissue,Other joint disorders,15601,1423,0.91 [0.79-1.06],0.2343001135397112
CNTF,Ciliary neurotrophic factor,Chapter XIII Diseases of the musculoskeletal system and connective tissue,Other necrotizing vasculopathies,19657,43,0.73 [0.31-1.73],0.4783893773169284
CNTF,Ciliary neurotrophic factor,Chapter XIII Diseases of the musculoskeletal system and connective tissue,Other psoriatic arthropathies,19891,54,1.72 [0.88-3.36],0.1095753194044209
CNTF,Ciliary neurotrophic factor,Chapter XIII Diseases of the musculoskeletal system and connective tissue,Other shoulder lesions,17190,70,0.78 [0.40-1.53],0.4706436013706302
CNTF,Ciliary neurotrophic factor,Chapter XIII Diseases of the musculoskeletal system and connective tissue,"Other soft tissue disorders, not elsewhere classified",17917,797,0.87 [0.71-1.06],0.1572075540275378
CNTF,Ciliary neurotrophic factor,Chapter XIII Diseases of the musculoskeletal system and connective tissue,Other specified disorders of muscle,17195,75,0.75 [0.39-1.44],0.3903019187830214
CNTF,Ciliary neurotrophic factor,Chapter XIII Diseases of the musculoskeletal system and connective tissue,Other specified/unspecified arthritis,15187,1009,1.18 [0.99-1.40],0.0591032743681533
CNTF,Ciliary neurotrophic factor,Chapter XIII Diseases of the musculoskeletal system and connective tissue,Other specified/unspecified disorders of  bone/cartilage,19039,72,0.93 [0.48-1.81],0.8351657470587089
CNTF,Ciliary neurotrophic factor,Chapter XIII Diseases of the musculoskeletal system and connective tissue,Other specified/unspecified disorders of synovium and tendon +Other specified/unspecified bursopathies,17157,37,1.55 [0.67-3.60],0.3053264950009699
CNTF,Ciliary neurotrophic factor,Chapter XIII Diseases of the musculoskeletal system and connective tissue,Other specified/unspecified inflammatory spondylopathies,17500,95,0.78 [0.44-1.39],0.3978044950638594
CNTF,Ciliary neurotrophic factor,Chapter XIII Diseases of the musculoskeletal system and connective tissue,Other specified/unspecified soft tissue disorders,17524,404,0.83 [0.62-1.09],0.1811875759921443
CNTF,Ciliary neurotrophic factor,Chapter XIII Diseases of the musculoskeletal system and connective tissue,Other systemic involvement of connective tissue,19770,156,1.00 [0.64-1.56],0.9934142987592002
CNTF,Ciliary neurotrophic factor,Chapter XIII Diseases of the musculoskeletal system and connective tissue,Other/unspecified dorsalgia,17792,387,1.03 [0.77-1.36],0.8631776574200039
CNTF,Ciliary neurotrophic factor,Chapter XIII Diseases of the musculoskeletal system and connective tissue,Other/unspecified rheumatoid arthritis,19849,248,0.91 [0.64-1.31],0.6212503328882382
CNTF,Ciliary neurotrophic factor,Chapter XIII Diseases of the musculoskeletal system and connective tissue,Other/unspecified seropositive rheumatoid arthritis,19894,32,0.66 [0.24-1.78],0.4112810390590632
CNTF,Ciliary neurotrophic factor,Chapter XIII Diseases of the musculoskeletal system and connective tissue,Other/unspecified synovitis and tenosynovitis,17246,126,0.82 [0.50-1.35],0.4360520995858084
CNTF,Ciliary neurotrophic factor,Chapter XIII Diseases of the musculoskeletal system and connective tissue,Pain in joint,16353,470,0.92 [0.71-1.19],0.5234680636665807
CNTF,Ciliary neurotrophic factor,Chapter XIII Diseases of the musculoskeletal system and connective tissue,Pain in limb,17506,386,0.89 [0.67-1.18],0.4107316682463593
CNTF,Ciliary neurotrophic factor,Chapter XIII Diseases of the musculoskeletal system and connective tissue,Palmar fascial fibromatosis [Dupuytren],17403,283,1.27 [0.92-1.74],0.1411940551918522
CNTF,Ciliary neurotrophic factor,Chapter XIII Diseases of the musculoskeletal system and connective tissue,"Polyarthritis, unspecified",14202,24,1.03 [0.33-3.24],0.9539576141733864
CNTF,Ciliary neurotrophic factor,Chapter XIII Diseases of the musculoskeletal system and connective tissue,Polyarthropathies,16060,1882,1.11 [0.98-1.26],0.1141398162633098
CNTF,Ciliary neurotrophic factor,Chapter XIII Diseases of the musculoskeletal system and connective tissue,Polyarthrosis,14543,365,0.87 [0.65-1.17],0.3585057317541901
CNTF,Ciliary neurotrophic factor,Chapter XIII Diseases of the musculoskeletal system and connective tissue,Polymyalgia rheumatica,19743,129,0.94 [0.57-1.53],0.800786362891975
CNTF,Ciliary neurotrophic factor,Chapter XIII Diseases of the musculoskeletal system and connective tissue,"Postprocedural musculoskeletal disorders, not elsewhere classified",19843,34,0.78 [0.30-2.06],0.6206925335331196
CNTF,Ciliary neurotrophic factor,Chapter XIII Diseases of the musculoskeletal system and connective tissue,"Primary gonarthrosis, bilateral",18262,37,0.55 [0.22-1.38],0.202896317352704
CNTF,Ciliary neurotrophic factor,Chapter XIII Diseases of the musculoskeletal system and connective tissue,Psoriatic arthropathies,14234,56,1.65 [0.88-3.12],0.1201742745803411
CNTF,Ciliary neurotrophic factor,Chapter XIII Diseases of the musculoskeletal system and connective tissue,Radiculopathy,17478,73,1.27 [0.68-2.40],0.4541820351779195
CNTF,Ciliary neurotrophic factor,Chapter XIII Diseases of the musculoskeletal system and connective tissue,Rheumatoid arthritis,14435,257,0.93 [0.65-1.32],0.6742461431649049
CNTF,Ciliary neurotrophic factor,Chapter XIII Diseases of the musculoskeletal system and connective tissue,Rotator cuff syndrome,17359,239,0.99 [0.69-1.42],0.9587630318083268
CNTF,Ciliary neurotrophic factor,Chapter XIII Diseases of the musculoskeletal system and connective tissue,Sciatica+with lumbago,17589,184,0.93 [0.62-1.41],0.7468526012940427
CNTF,Ciliary neurotrophic factor,Chapter XIII Diseases of the musculoskeletal system and connective tissue,Scoliosis,17470,65,1.10 [0.56-2.17],0.7824906353088708
CNTF,Ciliary neurotrophic factor,Chapter XIII Diseases of the musculoskeletal system and connective tissue,Seronegative rheumatoid arthritis,15830,26,1.03 [0.34-3.14],0.9519312260643285
CNTF,Ciliary neurotrophic factor,Chapter XIII Diseases of the musculoskeletal system and connective tissue,"Seropositive rheumatoid arthritis, wide",19895,33,0.87 [0.33-2.32],0.7792407145980733
CNTF,Ciliary neurotrophic factor,Chapter XIII Diseases of the musculoskeletal system and connective tissue,Shoulder lesions,17554,434,0.94 [0.71-1.23],0.6298277837479823
CNTF,Ciliary neurotrophic factor,Chapter XIII Diseases of the musculoskeletal system and connective tissue,Sicca syndrome [Sjgren],19630,16,1.52 [0.43-5.35],0.5145684104747548
CNTF,Ciliary neurotrophic factor,Chapter XIII Diseases of the musculoskeletal system and connective tissue,Soft tissue disorders,19000,1880,0.88 [0.77-1.00],0.0447976706633036
CNTF,Ciliary neurotrophic factor,Chapter XIII Diseases of the musculoskeletal system and connective tissue,"Soft tissue disorders related to use, overuse and pressure",17207,87,0.75 [0.41-1.37],0.3474840015110334
CNTF,Ciliary neurotrophic factor,Chapter XIII Diseases of the musculoskeletal system and connective tissue,Spinal stenosis,17809,404,0.87 [0.66-1.15],0.3155641382400349
CNTF,Ciliary neurotrophic factor,Chapter XIII Diseases of the musculoskeletal system and connective tissue,Spondyloarthritis,19016,169,1.03 [0.67-1.58],0.9075701681684856
CNTF,Ciliary neurotrophic factor,Chapter XIII Diseases of the musculoskeletal system and connective tissue,Spondylolisthesis/Spondylolysis,17519,114,1.09 [0.65-1.82],0.7523079969305354
CNTF,Ciliary neurotrophic factor,Chapter XIII Diseases of the musculoskeletal system and connective tissue,Spondylopathies,18476,1071,0.99 [0.84-1.17],0.911361091978976
CNTF,Ciliary neurotrophic factor,Chapter XIII Diseases of the musculoskeletal system and connective tissue,Spondylosis,18062,657,0.97 [0.78-1.21],0.7947523334501468
CNTF,Ciliary neurotrophic factor,Chapter XIII Diseases of the musculoskeletal system and connective tissue,Synovial cyst of popliteal space [Baker],17151,31,1.02 [0.37-2.80],0.9644962683827664
CNTF,Ciliary neurotrophic factor,Chapter XIII Diseases of the musculoskeletal system and connective tissue,Systemic lupus erythematosus,19650,36,1.05 [0.41-2.68],0.9158892427098256
CNTF,Ciliary neurotrophic factor,Chapter XIII Diseases of the musculoskeletal system and connective tissue,Trigger finger,17227,107,1.30 [0.77-2.18],0.3299925897958142
CNTF,Ciliary neurotrophic factor,Chapter XIII Diseases of the musculoskeletal system and connective tissue,Trochanteric bursitis,17138,18,0.55 [0.15-2.04],0.3689087926980021
CNTF,Ciliary neurotrophic factor,Chapter XIII Diseases of the musculoskeletal system and connective tissue,Wrist or foot drop (acquired),14228,50,1.29 [0.61-2.76],0.5048357300972088
CNTF,Ciliary neurotrophic factor,Chapter XIV Diseases of the genitourinary system,Acute renal failure,19168,1483,0.94 [0.81-1.08],0.3807593883189287
CNTF,Ciliary neurotrophic factor,Chapter XIV Diseases of the genitourinary system,Calculus of kidney and ureter,19514,334,0.88 [0.65-1.20],0.4371974915510483
CNTF,Ciliary neurotrophic factor,Chapter XIV Diseases of the genitourinary system,Calculus of lower urinary tract,19302,122,0.97 [0.58-1.60],0.8977705634013259
CNTF,Ciliary neurotrophic factor,Chapter XIV Diseases of the genitourinary system,Chronic kidney disease,18809,1124,0.92 [0.78-1.09],0.3225309196155027
CNTF,Ciliary neurotrophic factor,Chapter XIV Diseases of the genitourinary system,Chronic nephritic syndrome,19707,49,1.35 [0.63-2.89],0.4388964554003789
CNTF,Ciliary neurotrophic factor,Chapter XIV Diseases of the genitourinary system,Cyst of kidney,19705,292,1.19 [0.86-1.63],0.2987124017007332
CNTF,Ciliary neurotrophic factor,Chapter XIV Diseases of the genitourinary system,Cystitis,17554,172,0.99 [0.65-1.52],0.9752046976322502
CNTF,Ciliary neurotrophic factor,Chapter XIV Diseases of the genitourinary system,Dialysis,17751,66,1.07 [0.54-2.14],0.8389634383715372
CNTF,Ciliary neurotrophic factor,Chapter XIV Diseases of the genitourinary system,Diseases of male genital organs,18860,2758,0.91 [0.82-1.01],0.0790260876151254
CNTF,Ciliary neurotrophic factor,Chapter XIV Diseases of the genitourinary system,Genitourinary diseases,18002,4608,0.99 [0.91-1.07],0.7226599109351852
CNTF,Ciliary neurotrophic factor,Chapter XIV Diseases of the genitourinary system,Glomerular disorders in diseases classified elsewhere,19728,70,0.67 [0.34-1.31],0.241762638127095
CNTF,Ciliary neurotrophic factor,Chapter XIV Diseases of the genitourinary system,Hydrocele,16273,171,0.96 [0.62-1.46],0.8370177001184564
CNTF,Ciliary neurotrophic factor,Chapter XIV Diseases of the genitourinary system,Hydronephrosis,17756,289,0.78 [0.56-1.09],0.1504872701641262
CNTF,Ciliary neurotrophic factor,Chapter XIV Diseases of the genitourinary system,Hyperplasia of prostate,18267,2165,0.89 [0.79-1.00],0.0496206206035529
CNTF,Ciliary neurotrophic factor,Chapter XIV Diseases of the genitourinary system,Inflammatory diseases of prostate (prostatitis),16297,195,0.72 [0.48-1.08],0.11567129604643
CNTF,Ciliary neurotrophic factor,Chapter XIV Diseases of the genitourinary system,Neuromuscular dysfunction of bladder,17443,61,1.03 [0.51-2.11],0.9305466361478428
CNTF,Ciliary neurotrophic factor,Chapter XIV Diseases of the genitourinary system,Orchitis and epididymitis,16200,98,1.42 [0.85-2.39],0.1820182803237469
CNTF,Ciliary neurotrophic factor,Chapter XIV Diseases of the genitourinary system,"Other chronic cystitis, drug-induced",19898,52,0.69 [0.32-1.51],0.358510738720956
CNTF,Ciliary neurotrophic factor,Chapter XIV Diseases of the genitourinary system,"Other cystitis, drug-induced",19897,42,0.78 [0.33-1.85],0.567709404088439
CNTF,Ciliary neurotrophic factor,Chapter XIV Diseases of the genitourinary system,Other diseases of urinary system,19224,1842,0.96 [0.85-1.10],0.5795024091497507
CNTF,Ciliary neurotrophic factor,Chapter XIV Diseases of the genitourinary system,Other disorders of  bladder,18188,806,0.98 [0.81-1.19],0.84251992569068
CNTF,Ciliary neurotrophic factor,Chapter XIV Diseases of the genitourinary system,Other disorders of kidney and ureter,19848,435,1.10 [0.84-1.43],0.4811192984348351
CNTF,Ciliary neurotrophic factor,Chapter XIV Diseases of the genitourinary system,Other disorders of male genital organs,16357,255,0.85 [0.60-1.21],0.3764747078900636
CNTF,Ciliary neurotrophic factor,Chapter XIV Diseases of the genitourinary system,Other disorders of penis,16339,237,1.00 [0.69-1.43],0.9791451628315058
CNTF,Ciliary neurotrophic factor,Chapter XIV Diseases of the genitourinary system,Other disorders of prostate,16290,188,1.09 [0.73-1.62],0.6788109657726908
CNTF,Ciliary neurotrophic factor,Chapter XIV Diseases of the genitourinary system,Other disorders of the genitourinary system,19895,41,0.87 [0.36-2.10],0.7528899096179008
CNTF,Ciliary neurotrophic factor,Chapter XIV Diseases of the genitourinary system,Other disorders of urethra and urinary system,18614,1232,0.95 [0.81-1.11],0.510931541922891
CNTF,Ciliary neurotrophic factor,Chapter XIV Diseases of the genitourinary system,Other obstructive and reflux uropathy,17791,324,0.81 [0.60-1.11],0.198610865858703
CNTF,Ciliary neurotrophic factor,Chapter XIV Diseases of the genitourinary system,Other specified disorders of kidney and ureter,19553,140,1.06 [0.66-1.69],0.8077776786042467
CNTF,Ciliary neurotrophic factor,Chapter XIV Diseases of the genitourinary system,Recurrent and persistent haematuria,19711,53,0.81 [0.37-1.75],0.5875639602470947
CNTF,Ciliary neurotrophic factor,Chapter XIV Diseases of the genitourinary system,"Redundant prepuce, phimosis and paraphimosis",16320,218,0.76 [0.52-1.12],0.1634026947175564
CNTF,Ciliary neurotrophic factor,Chapter XIV Diseases of the genitourinary system,Renal tubulo-interstitial diseases,19693,2226,0.94 [0.83-1.05],0.2791218501924856
CNTF,Ciliary neurotrophic factor,Chapter XIV Diseases of the genitourinary system,"Tubulo-interstitial nephritis, not specified as acute or chronic",17520,53,0.71 [0.33-1.55],0.3911129613132568
CNTF,Ciliary neurotrophic factor,Chapter XIV Diseases of the genitourinary system,Unspecified kidney failure,17798,113,0.92 [0.55-1.56],0.7706457366839352
CNTF,Ciliary neurotrophic factor,Chapter XIV Diseases of the genitourinary system,Unspecified renal colic,19244,64,1.04 [0.51-2.10],0.9143387692916636
CNTF,Ciliary neurotrophic factor,Chapter XIV Diseases of the genitourinary system,Urethral stricture,17633,251,0.96 [0.67-1.36],0.8104958313861146
CNTF,Ciliary neurotrophic factor,Chapter XIV Diseases of the genitourinary system,Urolithiasis,19618,438,0.93 [0.71-1.21],0.5728592581491114
