Protein,Protein_definition,Disease_category,Disease,NB_individual,NB_case,HR[95%CI],P_value
ERBIN,Erbin,Chapter I Certain infectious and parasitic diseases,"Bacterial infection, other or unspecified",22452,175,0.94 [0.82-1.07],0.3488710984301904
ERBIN,Erbin,Chapter I Certain infectious and parasitic diseases,"Bacterial intestinal infections, IBD co-morbidities",23477,184,1.06 [0.94-1.21],0.3427262975486529
ERBIN,Erbin,Chapter I Certain infectious and parasitic diseases,"Bacterial, viral and other infectious agents",23235,1399,1.00 [0.96-1.05],0.9100287126509812
ERBIN,Erbin,Chapter I Certain infectious and parasitic diseases,Candidiasis,23489,370,1.05 [0.96-1.15],0.2559403663981951
ERBIN,Erbin,Chapter I Certain infectious and parasitic diseases,Certain infectious and parasitic diseases,22806,3437,1.01 [0.98-1.04],0.459077738009654
ERBIN,Erbin,Chapter I Certain infectious and parasitic diseases,Condition for Implicit Sepsis (Organ dysfunction codes),22764,3471,0.99 [0.96-1.02],0.4341835182151992
ERBIN,Erbin,Chapter I Certain infectious and parasitic diseases,Diarrhoea and gastroenteritis of presumed infectious origin,23281,1040,1.02 [0.96-1.07],0.5514731089392093
ERBIN,Erbin,Chapter I Certain infectious and parasitic diseases,Enterocolitis due to Clostridium difficile,23415,79,0.94 [0.77-1.14],0.5028883748056845
ERBIN,Erbin,Chapter I Certain infectious and parasitic diseases,Explicit Sepsis,21276,1107,1.00 [0.95-1.05],0.959587272772366
ERBIN,Erbin,Chapter I Certain infectious and parasitic diseases,Implicit bacterial Sepsis,20536,1229,0.99 [0.94-1.04],0.7785109264127048
ERBIN,Erbin,Chapter I Certain infectious and parasitic diseases,Implicit fungal Sepsis,20253,246,1.06 [0.95-1.18],0.3021285944262373
ERBIN,Erbin,Chapter I Certain infectious and parasitic diseases,Implicit Sepsis,16522,2257,0.98 [0.95-1.02],0.3952803789841395
ERBIN,Erbin,Chapter I Certain infectious and parasitic diseases,Implicit viral Sepsis,20186,402,1.06 [0.97-1.15],0.2075603376852636
ERBIN,Erbin,Chapter I Certain infectious and parasitic diseases,Intestinal infectious diseases,23479,1238,1.03 [0.98-1.08],0.2881844959601655
ERBIN,Erbin,Chapter I Certain infectious and parasitic diseases,Mycoses,23577,458,1.01 [0.94-1.10],0.7330323448524714
ERBIN,Erbin,Chapter I Certain infectious and parasitic diseases,Other bacterial agents as the cause of diseases classified to other chapters,22723,887,0.99 [0.94-1.05],0.8455346961390462
ERBIN,Erbin,Chapter I Certain infectious and parasitic diseases,Other bacterial diseases,23498,1221,0.99 [0.94-1.04],0.6668133968877525
ERBIN,Erbin,Chapter I Certain infectious and parasitic diseases,Other bacterial intestinal infections,22427,186,1.05 [0.93-1.20],0.4328059724339267
ERBIN,Erbin,Chapter I Certain infectious and parasitic diseases,Other infectious diseases,23616,53,1.25 [0.98-1.59],0.0721085874191803
ERBIN,Erbin,Chapter I Certain infectious and parasitic diseases,Other septicaemia,23344,1067,0.99 [0.94-1.05],0.7764492363954028
ERBIN,Erbin,Chapter I Certain infectious and parasitic diseases,Other specified/unspecified bacterial intestinal infections,23403,67,1.21 [0.98-1.50],0.078640539703044
ERBIN,Erbin,Chapter I Certain infectious and parasitic diseases,Other viral diseases,23555,120,1.12 [0.96-1.32],0.1561348322597359
ERBIN,Erbin,Chapter I Certain infectious and parasitic diseases,"Other viral diseases, not elsewhere classified",23534,99,1.22 [1.02-1.46],0.0280898906404754
ERBIN,Erbin,Chapter I Certain infectious and parasitic diseases,Streptococcus and staphylococcus as the cause of diseases classified to other chapters,22321,485,1.06 [0.98-1.14],0.1635059760024165
ERBIN,Erbin,Chapter I Certain infectious and parasitic diseases,Viral agents as the cause of diseases classified to other chapters,22120,284,0.97 [0.88-1.08],0.6211129325035556
ERBIN,Erbin,Chapter I Certain infectious and parasitic diseases,Viral and other specified intestinal infections,22329,88,1.05 [0.87-1.27],0.5863967854860206
ERBIN,Erbin,Chapter I Certain infectious and parasitic diseases,Viral hepatitis,23597,67,0.80 [0.65-0.99],0.0359536854993076
ERBIN,Erbin,Chapter I Certain infectious and parasitic diseases,Viral infections characterized by skin and mucous membrane lesions,23561,143,1.00 [0.87-1.16],0.952676151237915
ERBIN,Erbin,Chapter I Certain infectious and parasitic diseases,Viral warts,23471,53,1.19 [0.93-1.51],0.1612271682689088
ERBIN,Erbin,Chapter I Certain infectious and parasitic diseases,Zoster [herpes zoster],23469,51,0.88 [0.69-1.12],0.2997571611834471
ERBIN,Erbin,Chapter II Neoplasms,Benign lipomatous neoplasm,23303,343,0.98 [0.89-1.07],0.603317001678052
ERBIN,Erbin,Chapter II Neoplasms,Benign lipomatous neoplasm of skin and subcutaneous tissue of limbs,23544,45,1.04 [0.80-1.34],0.7774628983161036
ERBIN,Erbin,Chapter II Neoplasms,Benign lipomatous neoplasm of skin and subcutaneous tissue of trunk,23511,55,1.04 [0.83-1.32],0.7260651266322189
ERBIN,Erbin,Chapter II Neoplasms,Benign lipomatous neoplasm of spermatic cord,23567,131,0.92 [0.80-1.07],0.3024234545954015
ERBIN,Erbin,Chapter II Neoplasms,"Benign neoplasm of colon, rectum, anus and anal canal",23242,1623,1.01 [0.97-1.05],0.6434079832794615
ERBIN,Erbin,Chapter II Neoplasms,Benign neoplasm of meninges,23617,32,1.01 [0.75-1.38],0.9246069508875604
ERBIN,Erbin,Chapter II Neoplasms,Benign neoplasm of other and ill-defined parts of digestive system,23554,64,0.88 [0.71-1.09],0.2305534752650622
ERBIN,Erbin,Chapter II Neoplasms,Benign neoplasm of other and unspecified endocrine glands,23600,72,0.96 [0.78-1.17],0.6721629338271953
ERBIN,Erbin,Chapter II Neoplasms,Benign neoplasm: Ascending colon,23591,433,0.98 [0.90-1.07],0.6662334786613497
ERBIN,Erbin,Chapter II Neoplasms,Benign neoplasm: Caecum,23586,337,1.00 [0.91-1.10],0.9891171900884118
ERBIN,Erbin,Chapter II Neoplasms,"Benign neoplasm: Colon, unspecified",23486,81,0.96 [0.79-1.16],0.6705234816504345
ERBIN,Erbin,Chapter II Neoplasms,Benign neoplasm: Descending colon,23583,269,1.02 [0.92-1.13],0.7385837888644256
ERBIN,Erbin,Chapter II Neoplasms,Benign neoplasm: Rectum,23542,420,0.97 [0.89-1.05],0.4766973363939613
ERBIN,Erbin,Chapter II Neoplasms,Benign neoplasm: Sigmoid colon,23496,732,1.01 [0.95-1.08],0.6654452612899676
ERBIN,Erbin,Chapter II Neoplasms,Benign neoplasm: Transverse colon,23571,554,1.04 [0.96-1.12],0.3402614788869355
ERBIN,Erbin,Chapter II Neoplasms,"Chronic lymphocytic leukaemia and small lyphocytis leukaemia, excluding all cancers (controls excluding all cancers)",18344,71,0.93 [0.76-1.14],0.500264943360228
ERBIN,Erbin,Chapter II Neoplasms,"Diffuse large B-cell lymphoma, excluding all cancers (controls excluding all cancers)",18343,70,0.89 [0.73-1.10],0.2807446079510272
ERBIN,Erbin,Chapter II Neoplasms,"Haemangioma and lymphangioma, any site",23584,100,0.99 [0.83-1.17],0.8703496966475244
ERBIN,Erbin,Chapter II Neoplasms,"Haemangioma, any site",23584,97,0.99 [0.83-1.19],0.9490499251204788
ERBIN,Erbin,Chapter II Neoplasms,Lung cancer and mesothelioma,15718,343,1.04 [0.95-1.14],0.3889040615322033
ERBIN,Erbin,Chapter II Neoplasms,Lymphoid leukaemia,18338,65,0.92 [0.74-1.14],0.4489236022506209
ERBIN,Erbin,Chapter II Neoplasms,"Malignant melanoma of skin, excluding all cancers (controls excluding all cancers)",18466,193,1.08 [0.95-1.22],0.2424436380502872
ERBIN,Erbin,Chapter II Neoplasms,"Malignant neoplasm of bladder, excluding all cancers (controls excluding all cancers)",18561,288,1.00 [0.90-1.10],0.972653725489844
ERBIN,Erbin,Chapter II Neoplasms,"Malignant neoplasm of intrahepatic ducts, biliary tract and gallbladder, excluding all cancers (controls excluding all cancers)",18364,91,0.82 [0.68-0.98],0.0282409458036094
ERBIN,Erbin,Chapter II Neoplasms,"Malignant neoplasm of kidney, except renal pelvis, excluding all cancers (controls excluding all cancers)",18412,139,1.03 [0.89-1.19],0.7246568750538527
ERBIN,Erbin,Chapter II Neoplasms,"Malignant neoplasm of oesophagus, excluding all cancers (controls excluding all cancers)",18412,139,0.99 [0.85-1.14],0.8450352256724872
ERBIN,Erbin,Chapter II Neoplasms,"Malignant neoplasm of pancreas, excluding all cancers (controls excluding all cancers)",18355,82,0.92 [0.76-1.11],0.3909891237974486
ERBIN,Erbin,Chapter II Neoplasms,"Malignant neoplasm of prostate, excluding all cancers (controls excluding all cancers)",19676,1403,0.98 [0.94-1.03],0.3861629462085623
ERBIN,Erbin,Chapter II Neoplasms,"Malignant neoplasm of rectum, excluding all cancers (controls excluding all cancers)",18416,143,0.94 [0.82-1.09],0.4255242129070025
ERBIN,Erbin,Chapter II Neoplasms,"Malignant neoplasm of stomach, excluding all cancers (controls excluding all cancers)",18380,107,1.14 [0.96-1.35],0.1307271938245763
ERBIN,Erbin,Chapter II Neoplasms,Malignant neoplasms of independent (primary) multiple sites,18402,129,0.98 [0.85-1.15],0.8355813659442086
ERBIN,Erbin,Chapter II Neoplasms,Melanocytic naevi,23493,171,0.91 [0.80-1.04],0.1521445379579447
ERBIN,Erbin,Chapter II Neoplasms,Melanocytic naevi of trunk,23586,95,1.01 [0.85-1.21],0.9102431585440222
ERBIN,Erbin,Chapter II Neoplasms,Melanoma in situ,18305,72,1.12 [0.92-1.38],0.2623216021359619
ERBIN,Erbin,Chapter II Neoplasms,"Non-follicular lymphoma, hilmo, excluding all cancers",18373,100,0.93 [0.79-1.11],0.4305268068943876
ERBIN,Erbin,Chapter II Neoplasms,"Non-Hodgkin lymphoma, all, excluding all cancers (controls excluding all cancers)",18440,167,0.96 [0.84-1.09],0.5166899697974745
ERBIN,Erbin,Chapter II Neoplasms,"Non-small cell lung cancer, excluding all cancers (controls excluding all cancers)",18491,218,1.03 [0.92-1.16],0.6140569375398257
ERBIN,Erbin,Chapter II Neoplasms,"Other and unspecified types of non-Hodgkin lymphoma, hilmo, excluding all cancers",18373,100,0.92 [0.78-1.09],0.3471486687074555
ERBIN,Erbin,Chapter II Neoplasms,Other benign neoplasms of skin,23485,135,1.08 [0.93-1.25],0.326018132191373
ERBIN,Erbin,Chapter II Neoplasms,"Other malignant neoplasms of skin (=non-melanoma skin cancer), excluding all cancers (controls excluding all cancers)",19466,1193,0.97 [0.92-1.02],0.1822743000899723
ERBIN,Erbin,Chapter II Neoplasms,"Squamous cell neoplasms and carcinomas of the skin, excluding all cancers (controls excluding all cancers)",19539,1266,0.97 [0.93-1.02],0.2955884511496821
ERBIN,Erbin,Chapter III Diseases of the blood and blood-forming organs and certain disorders involving the immune mechanism,Agranulocytosis,23344,307,1.01 [0.92-1.12],0.8350247117619228
ERBIN,Erbin,Chapter III Diseases of the blood and blood-forming organs and certain disorders involving the immune mechanism,Anaemia in chronic diseases classified elsewhere,21892,118,0.98 [0.84-1.15],0.8405453976407662
ERBIN,Erbin,Chapter III Diseases of the blood and blood-forming organs and certain disorders involving the immune mechanism,Diseases of spleen,23108,71,1.01 [0.82-1.24],0.9091203228406876
ERBIN,Erbin,Chapter III Diseases of the blood and blood-forming organs and certain disorders involving the immune mechanism,Diseases of the blood and blood-forming organs and certain disorders involving the immune mechanism,23063,2758,0.99 [0.96-1.03],0.7629559769876803
ERBIN,Erbin,Chapter III Diseases of the blood and blood-forming organs and certain disorders involving the immune mechanism,Folate deficiency anaemia,22356,62,1.23 [0.98-1.53],0.0738867990396463
ERBIN,Erbin,Chapter III Diseases of the blood and blood-forming organs and certain disorders involving the immune mechanism,Idiopathic thrombocytopenic purpura,23193,50,0.61 [0.48-0.78],7.00371299855361e-05
ERBIN,Erbin,Chapter III Diseases of the blood and blood-forming organs and certain disorders involving the immune mechanism,Other anaemias,23237,1463,1.02 [0.97-1.06],0.4875946853277687
ERBIN,Erbin,Chapter III Diseases of the blood and blood-forming organs and certain disorders involving the immune mechanism,Other and unspecified anaemias,23235,1461,1.02 [0.97-1.06],0.5190544752228888
ERBIN,Erbin,Chapter III Diseases of the blood and blood-forming organs and certain disorders involving the immune mechanism,Other and unspecified aplastic anaemias,21878,104,0.83 [0.70-0.98],0.0307797066338772
ERBIN,Erbin,Chapter III Diseases of the blood and blood-forming organs and certain disorders involving the immune mechanism,Other and unspecified iron deficiency,23378,1084,1.06 [1.00-1.11],0.0441108931869203
ERBIN,Erbin,Chapter III Diseases of the blood and blood-forming organs and certain disorders involving the immune mechanism,Other coagulation defects,23246,103,0.96 [0.81-1.14],0.6587584221811122
ERBIN,Erbin,Chapter III Diseases of the blood and blood-forming organs and certain disorders involving the immune mechanism,Other diseases of blood and blood-forming organs,23110,73,0.79 [0.64-0.96],0.0192907851292758
ERBIN,Erbin,Chapter III Diseases of the blood and blood-forming organs and certain disorders involving the immune mechanism,Other disorders of white blood cells,23099,62,1.14 [0.91-1.42],0.2617548586320113
ERBIN,Erbin,Chapter III Diseases of the blood and blood-forming organs and certain disorders involving the immune mechanism,Purpura and other haemorrhagic conditions,23454,311,0.75 [0.68-0.83],9.449448137119564e-09
ERBIN,Erbin,Chapter III Diseases of the blood and blood-forming organs and certain disorders involving the immune mechanism,Sarcoidosis,23523,48,0.96 [0.75-1.23],0.7262458535016367
ERBIN,Erbin,Chapter III Diseases of the blood and blood-forming organs and certain disorders involving the immune mechanism,"Thrombocytopenia, unspecified",23397,254,0.72 [0.65-0.80],2.655155437122665e-09
ERBIN,Erbin,Chapter III Diseases of the blood and blood-forming organs and certain disorders involving the immune mechanism,Vitamin B12 deficiency anaemia,22370,76,0.88 [0.72-1.07],0.196090728195305
ERBIN,Erbin,"Chapter IV Endocrine, nutritional and metabolic diseases",Acidosis,17402,375,0.98 [0.90-1.08],0.7099627762074101
ERBIN,Erbin,"Chapter IV Endocrine, nutritional and metabolic diseases",Acute alcohol intoxication,21594,163,1.05 [0.91-1.20],0.5151086265534219
ERBIN,Erbin,"Chapter IV Endocrine, nutritional and metabolic diseases",Alcohol dependence,21620,189,1.01 [0.89-1.15],0.8368819296750212
ERBIN,Erbin,"Chapter IV Endocrine, nutritional and metabolic diseases",Alkalosis,17081,54,1.01 [0.80-1.28],0.9277784128022704
ERBIN,Erbin,"Chapter IV Endocrine, nutritional and metabolic diseases",Bipolar affective disorders,22249,65,0.87 [0.70-1.08],0.1966029126858183
ERBIN,Erbin,"Chapter IV Endocrine, nutritional and metabolic diseases",Deficiency of other B group vitamins,21496,221,0.92 [0.82-1.04],0.1731745109462428
ERBIN,Erbin,"Chapter IV Endocrine, nutritional and metabolic diseases","Delirium, not induced by alcohol and other psychoactive substances",23115,614,0.97 [0.90-1.04],0.3878854600690832
ERBIN,Erbin,"Chapter IV Endocrine, nutritional and metabolic diseases",Dementia in Alzheimer disease,22742,241,0.93 [0.83-1.04],0.2022364558436917
ERBIN,Erbin,"Chapter IV Endocrine, nutritional and metabolic diseases",Dementia in other diseases classified elsewhere,22669,168,1.13 [0.99-1.29],0.0759911030949664
ERBIN,Erbin,"Chapter IV Endocrine, nutritional and metabolic diseases",Depression,23314,1130,1.07 [1.01-1.12],0.0165187267074603
ERBIN,Erbin,"Chapter IV Endocrine, nutritional and metabolic diseases",Depression or dysthymia,20201,1087,1.05 [1.00-1.11],0.0467701816713511
ERBIN,Erbin,"Chapter IV Endocrine, nutritional and metabolic diseases","Disorder of lipoprotein metabolism, unspecified",17101,74,0.84 [0.68-1.02],0.0821152691440994
ERBIN,Erbin,"Chapter IV Endocrine, nutritional and metabolic diseases","Disorder of thyroid, unspecified",22751,38,0.99 [0.75-1.31],0.9518839454918852
ERBIN,Erbin,"Chapter IV Endocrine, nutritional and metabolic diseases",Disorders of calcium metabolism,17297,270,1.06 [0.96-1.18],0.2569419716964022
ERBIN,Erbin,"Chapter IV Endocrine, nutritional and metabolic diseases",Disorders of iron metabolism,17099,72,1.06 [0.86-1.30],0.604680376540503
ERBIN,Erbin,"Chapter IV Endocrine, nutritional and metabolic diseases",Disorders of lipoprotein metabolism and other lipidaemias,20873,3846,1.05 [1.02-1.08],0.0005896095799106
ERBIN,Erbin,"Chapter IV Endocrine, nutritional and metabolic diseases",Disorders of magnesium metabolism,17211,184,0.97 [0.85-1.10],0.6064012939667377
ERBIN,Erbin,"Chapter IV Endocrine, nutritional and metabolic diseases",Disorders of mineral metabolism,17589,562,1.03 [0.95-1.11],0.4727523076807249
ERBIN,Erbin,"Chapter IV Endocrine, nutritional and metabolic diseases",Disorders of other endocrine glands,23559,274,1.00 [0.90-1.11],0.9332399688645472
ERBIN,Erbin,"Chapter IV Endocrine, nutritional and metabolic diseases",Disorders of parathyroid gland,23374,89,0.81 [0.68-0.97],0.0246441597210833
ERBIN,Erbin,"Chapter IV Endocrine, nutritional and metabolic diseases",Disorders of phosphorus metabolism and phosphatases,17178,151,1.00 [0.87-1.15],0.9887224856591372
ERBIN,Erbin,"Chapter IV Endocrine, nutritional and metabolic diseases","Disorders of plasma-protein metabolism, not elsewhere classified",17092,65,0.98 [0.79-1.21],0.8514124294009765
ERBIN,Erbin,"Chapter IV Endocrine, nutritional and metabolic diseases",Disorders of the thyroid gland,23448,735,1.03 [0.96-1.09],0.4488445772389062
ERBIN,Erbin,"Chapter IV Endocrine, nutritional and metabolic diseases",Fluid overload,17335,308,1.02 [0.92-1.12],0.7594099701367008
ERBIN,Erbin,"Chapter IV Endocrine, nutritional and metabolic diseases",Hyperkalaemia,17406,379,0.86 [0.79-0.94],0.0012415615852348
ERBIN,Erbin,"Chapter IV Endocrine, nutritional and metabolic diseases","Hyperlipidaemia, other/unspecified",17746,719,1.07 [1.01-1.14],0.0346467425690917
ERBIN,Erbin,"Chapter IV Endocrine, nutritional and metabolic diseases",Hyperosmolality and hypernatraemia,17171,144,0.90 [0.78-1.04],0.1453456827532967
ERBIN,Erbin,"Chapter IV Endocrine, nutritional and metabolic diseases",Hyperparathyroidism,23367,82,0.82 [0.68-0.99],0.0361433115875312
ERBIN,Erbin,"Chapter IV Endocrine, nutritional and metabolic diseases",Hypo-osmolality and hyponatraemia,17594,567,1.07 [1.00-1.15],0.0556187904535384
ERBIN,Erbin,"Chapter IV Endocrine, nutritional and metabolic diseases",Hypokalaemia,17420,393,1.01 [0.93-1.11],0.7693489619925833
ERBIN,Erbin,"Chapter IV Endocrine, nutritional and metabolic diseases",Iron deficiency,21342,67,0.97 [0.79-1.20],0.7884174949941621
ERBIN,Erbin,"Chapter IV Endocrine, nutritional and metabolic diseases",Metabolic disorders,22186,5159,1.03 [1.00-1.05],0.0190843923526542
ERBIN,Erbin,"Chapter IV Endocrine, nutritional and metabolic diseases",Nontoxic multinodular goitre,22733,20,0.93 [0.64-1.37],0.729115703688628
ERBIN,Erbin,"Chapter IV Endocrine, nutritional and metabolic diseases",Nontoxic single thyroid nodule,22735,22,1.11 [0.76-1.60],0.5965888557562016
ERBIN,Erbin,"Chapter IV Endocrine, nutritional and metabolic diseases",Obesity,23444,1757,0.96 [0.92-1.00],0.0841076444019897
ERBIN,Erbin,"Chapter IV Endocrine, nutritional and metabolic diseases","Obesity, other/unspecified",23442,1754,0.97 [0.93-1.01],0.0951665297286236
ERBIN,Erbin,"Chapter IV Endocrine, nutritional and metabolic diseases",Other and/or unspecified nontoxic goitre,22735,22,1.71 [1.16-2.53],0.006880337574755
ERBIN,Erbin,"Chapter IV Endocrine, nutritional and metabolic diseases",Other anxiety disorders,23349,798,1.03 [0.97-1.10],0.3139431489436759
ERBIN,Erbin,"Chapter IV Endocrine, nutritional and metabolic diseases","Other disorders of fluid, electrolyte and acid-base balance",18644,1617,0.99 [0.95-1.04],0.799451479606143
ERBIN,Erbin,"Chapter IV Endocrine, nutritional and metabolic diseases",Other disorders of glucose regulation and pancreatic internal secretion,23605,267,0.94 [0.85-1.05],0.2729884153706469
ERBIN,Erbin,"Chapter IV Endocrine, nutritional and metabolic diseases",Other mental disorders due to brain damage and dysfunction and to physical disease,22609,108,0.92 [0.78-1.09],0.3567599023820679
ERBIN,Erbin,"Chapter IV Endocrine, nutritional and metabolic diseases",Panic disorder,22627,76,1.03 [0.85-1.26],0.7632981529693881
ERBIN,Erbin,"Chapter IV Endocrine, nutritional and metabolic diseases",Phobic anxiety disorders,22632,81,1.22 [1.01-1.49],0.0427149076269068
ERBIN,Erbin,"Chapter IV Endocrine, nutritional and metabolic diseases","Postprocedural endocrine and metabolic disorders, not elsewhere classified",17090,63,1.10 [0.88-1.37],0.3911367043004373
ERBIN,Erbin,"Chapter IV Endocrine, nutritional and metabolic diseases",Type 1 diabetes without complications,20859,165,1.02 [0.89-1.16],0.8113542721413437
ERBIN,Erbin,"Chapter IV Endocrine, nutritional and metabolic diseases",Type 2 diabetes with neurological complications,2479,123,1.01 [0.86-1.18],0.8994243258148101
ERBIN,Erbin,"Chapter IV Endocrine, nutritional and metabolic diseases",Type 2 diabetes with ophthalmic complications,2636,313,0.94 [0.85-1.03],0.1829810785209853
ERBIN,Erbin,"Chapter IV Endocrine, nutritional and metabolic diseases",Type 2 diabetes with peripheral circulatory complications,20792,98,1.03 [0.87-1.23],0.7094751953901397
ERBIN,Erbin,"Chapter IV Endocrine, nutritional and metabolic diseases",Type 2 diabetes with renal complications,2435,81,0.94 [0.78-1.14],0.5412608338302116
ERBIN,Erbin,"Chapter IV Endocrine, nutritional and metabolic diseases",Type 2 diabetes without complications,22833,2139,1.06 [1.02-1.10],0.0033198977452275
ERBIN,Erbin,"Chapter IV Endocrine, nutritional and metabolic diseases",Unspecified dementia,22858,357,0.92 [0.84-1.01],0.0916249189580184
ERBIN,Erbin,"Chapter IV Endocrine, nutritional and metabolic diseases",Vitamin D deficiency,21513,238,1.00 [0.90-1.12],0.9503919911281214
ERBIN,Erbin,"Chapter IV Endocrine, nutritional and metabolic diseases",Volume depletion,17818,791,1.02 [0.96-1.08],0.5987570208812523
ERBIN,Erbin,Chapter IX Diseases of the circulatory system,"!Phlebitis/thrombophlebitis venae iliacae [externae/internae/communis], drug-induced",23493,250,0.94 [0.84-1.04],0.2316545326677299
ERBIN,Erbin,Chapter IX Diseases of the circulatory system,Abdominal aortic aneurysm (AAA),22403,274,0.90 [0.81-1.00],0.0510380635288315
ERBIN,Erbin,Chapter IX Diseases of the circulatory system,Angina pectoris,20716,1479,0.96 [0.92-1.01],0.0916782685712865
ERBIN,Erbin,Chapter IX Diseases of the circulatory system,Aortic aneurysm,22511,382,0.93 [0.85-1.01],0.1023246019455831
ERBIN,Erbin,Chapter IX Diseases of the circulatory system,Arterial embolism and thrombosis of lower extremity artery,22212,83,1.08 [0.89-1.31],0.4251618236546678
ERBIN,Erbin,Chapter IX Diseases of the circulatory system,"Atherosclerosis, excluding cerebral and coronary sclerosis",22371,242,1.09 [0.97-1.22],0.1436560748810109
ERBIN,Erbin,Chapter IX Diseases of the circulatory system,Atrial fibrillation and flutter,13828,2294,0.95 [0.91-0.98],0.0023262421573599
ERBIN,Erbin,Chapter IX Diseases of the circulatory system,AV-block,19000,617,0.99 [0.92-1.06],0.7559719790471461
ERBIN,Erbin,Chapter IX Diseases of the circulatory system,"Bradycardia, unspecified, drug-induced",23541,541,0.94 [0.87-1.01],0.1143344920365232
ERBIN,Erbin,Chapter IX Diseases of the circulatory system,Cardiac arrest,11783,249,1.04 [0.93-1.16],0.5135625047560656
ERBIN,Erbin,Chapter IX Diseases of the circulatory system,Cardiomyopathy,18581,198,0.87 [0.77-0.98],0.023042883012353
ERBIN,Erbin,Chapter IX Diseases of the circulatory system,"Cardiomyopathy, other and unspecified",18491,108,0.86 [0.72-1.01],0.0668568597191155
ERBIN,Erbin,Chapter IX Diseases of the circulatory system,Cerebral atherosclerosis,23618,67,1.08 [0.87-1.33],0.5068288419638898
ERBIN,Erbin,Chapter IX Diseases of the circulatory system,Conduction disorders,19731,1348,0.98 [0.93-1.03],0.3595605958870062
ERBIN,Erbin,Chapter IX Diseases of the circulatory system,Coronary atherosclerosis,21818,2605,1.01 [0.98-1.05],0.4779404668476664
ERBIN,Erbin,Chapter IX Diseases of the circulatory system,Death due to cardiac causes,19882,7689,1.01 [0.99-1.03],0.332933147987447
ERBIN,Erbin,Chapter IX Diseases of the circulatory system,DVT of lower extremities,22397,274,0.93 [0.84-1.03],0.1815596379577952
ERBIN,Erbin,Chapter IX Diseases of the circulatory system,Endocarditis,18464,81,0.89 [0.74-1.08],0.2549546526162115
ERBIN,Erbin,Chapter IX Diseases of the circulatory system,"Heart failure, strict",23306,1310,0.99 [0.94-1.03],0.5401738587157023
ERBIN,Erbin,Chapter IX Diseases of the circulatory system,Hypertension,21069,6706,1.03 [1.00-1.05],0.0214852557248457
ERBIN,Erbin,Chapter IX Diseases of the circulatory system,"Hypertension, essential",21091,6728,1.02 [1.00-1.05],0.0231010876094344
ERBIN,Erbin,Chapter IX Diseases of the circulatory system,"Hypertension, portal",23386,110,0.80 [0.68-0.94],0.0065398430319819
ERBIN,Erbin,Chapter IX Diseases of the circulatory system,"Hypertension, Pulmonary Arterial",14545,182,0.99 [0.87-1.13],0.916105403986524
ERBIN,Erbin,Chapter IX Diseases of the circulatory system,Hypertensive Renal Disease,14532,169,0.98 [0.86-1.12],0.7611431960811628
ERBIN,Erbin,Chapter IX Diseases of the circulatory system,Hypotension,23473,1229,1.04 [0.99-1.10],0.0927203909692024
ERBIN,Erbin,Chapter IX Diseases of the circulatory system,Intracerebral haemorrhage,22552,117,0.85 [0.72-1.00],0.0445406233829525
ERBIN,Erbin,Chapter IX Diseases of the circulatory system,"Ischaemic heart disease, wide definition",21960,2723,1.00 [0.97-1.04],0.8661705999392878
ERBIN,Erbin,Chapter IX Diseases of the circulatory system,"Ischaemic Stroke, excluding all haemorrhages",23187,648,1.07 [1.00-1.14],0.0621714582627496
ERBIN,Erbin,Chapter IX Diseases of the circulatory system,Left bundle-branch block,18795,412,1.01 [0.93-1.10],0.779410605389442
ERBIN,Erbin,Chapter IX Diseases of the circulatory system,Major coronary heart disease event,22888,1057,1.01 [0.96-1.06],0.7599648952134983
ERBIN,Erbin,Chapter IX Diseases of the circulatory system,"Myocardial infarction, strict",20152,915,1.03 [0.97-1.09],0.3607268696770788
ERBIN,Erbin,Chapter IX Diseases of the circulatory system,"Myocardial infarction, with ST-elevation",23456,222,1.05 [0.93-1.18],0.414227258936621
ERBIN,Erbin,Chapter IX Diseases of the circulatory system,"Myocardial infarction, without ST-elevation",23565,371,1.00 [0.91-1.09],0.9273526442691772
ERBIN,Erbin,Chapter IX Diseases of the circulatory system,Oesophageal varices,22191,68,0.82 [0.66-1.01],0.0638764939663786
ERBIN,Erbin,Chapter IX Diseases of the circulatory system,Other aneurysm,22225,96,1.04 [0.87-1.24],0.6500083608836342
ERBIN,Erbin,Chapter IX Diseases of the circulatory system,Other arrhythmias,18861,478,1.01 [0.93-1.09],0.8385153599465937
ERBIN,Erbin,Chapter IX Diseases of the circulatory system,Other arterial embolism and thrombosis,22261,132,1.05 [0.91-1.22],0.4964438407635726
ERBIN,Erbin,Chapter IX Diseases of the circulatory system,Other diseases of arteries and capillaries,22411,282,0.94 [0.85-1.04],0.2403497620854469
ERBIN,Erbin,Chapter IX Diseases of the circulatory system,Other diseases of pericardium,18574,191,1.04 [0.91-1.18],0.5817268260308857
ERBIN,Erbin,Chapter IX Diseases of the circulatory system,Other disorders of veins,22220,97,0.95 [0.80-1.13],0.5620025148649461
ERBIN,Erbin,Chapter IX Diseases of the circulatory system,Other embolism and thrombosis,22174,51,1.14 [0.89-1.46],0.2882916070528827
ERBIN,Erbin,Chapter IX Diseases of the circulatory system,Other intracranial haemorrhages,22038,90,1.05 [0.88-1.27],0.570601142780111
ERBIN,Erbin,Chapter IX Diseases of the circulatory system,Other noninfective disorders of lymphatic vessels and lymph nodes,22227,104,0.95 [0.80-1.13],0.5941776611096327
ERBIN,Erbin,Chapter IX Diseases of the circulatory system,Other or ill-defined heart diseases,19624,1241,0.96 [0.91-1.01],0.0881572868710631
ERBIN,Erbin,Chapter IX Diseases of the circulatory system,Other other unspecified disorders of the circulatory system,22308,64,0.90 [0.72-1.11],0.3172086885587335
ERBIN,Erbin,Chapter IX Diseases of the circulatory system,Other peripheral vascular diseases,22693,564,1.06 [0.98-1.14],0.1474921482908788
ERBIN,Erbin,Chapter IX Diseases of the circulatory system,Other pulmonary heart/vessel disease,22980,363,0.99 [0.90-1.08],0.8079133299791712
ERBIN,Erbin,Chapter IX Diseases of the circulatory system,"Other specified cerebrovascular diseases, other cerebrovascular disorders in diseases classified elsewhere",22615,667,1.01 [0.94-1.08],0.8146669227870904
ERBIN,Erbin,Chapter IX Diseases of the circulatory system,Paroxysmal tachycardia,11910,376,0.90 [0.82-0.98],0.0211046155694575
ERBIN,Erbin,Chapter IX Diseases of the circulatory system,Peripheral artery disease,22604,521,1.03 [0.96-1.11],0.4106194550155281
ERBIN,Erbin,Chapter IX Diseases of the circulatory system,Phlebitis and thrombophlebitis (not including DVT),22478,355,0.94 [0.86-1.03],0.2020984601991125
ERBIN,Erbin,Chapter IX Diseases of the circulatory system,Pulmonary embolism,23110,493,0.99 [0.91-1.07],0.7370736549631307
ERBIN,Erbin,Chapter IX Diseases of the circulatory system,Rheumatic valve diseases,23555,708,0.97 [0.91-1.04],0.3791364136631391
ERBIN,Erbin,Chapter IX Diseases of the circulatory system,Right bundle-branch block,18850,467,0.95 [0.88-1.03],0.2433766309491254
ERBIN,Erbin,Chapter IX Diseases of the circulatory system,Secondary right heart disease,22978,361,0.99 [0.90-1.08],0.8043403108346077
ERBIN,Erbin,Chapter IX Diseases of the circulatory system,Sequelae of cerebrovascular disease,22170,222,1.01 [0.90-1.14],0.8206522144033599
ERBIN,Erbin,Chapter IX Diseases of the circulatory system,"Stroke, excluding SAH",23171,736,1.04 [0.98-1.11],0.1981905317284081
ERBIN,Erbin,Chapter IX Diseases of the circulatory system,"Stroke, including SAH",23156,765,1.04 [0.98-1.11],0.2157147148636591
ERBIN,Erbin,Chapter IX Diseases of the circulatory system,Subarachnoid haemorrhage,22530,47,0.95 [0.74-1.23],0.7117366806735799
ERBIN,Erbin,Chapter IX Diseases of the circulatory system,Thoracic aortic aneurysm,22242,114,0.86 [0.74-1.01],0.0742178652562336
ERBIN,Erbin,Chapter IX Diseases of the circulatory system,Transient ischemic attack,22788,249,1.05 [0.94-1.17],0.4135226743062944
ERBIN,Erbin,Chapter IX Diseases of the circulatory system,Unstable angina pectoris,22146,315,0.98 [0.89-1.08],0.7284260552522428
ERBIN,Erbin,Chapter IX Diseases of the circulatory system,Varicose veins,22501,378,0.99 [0.91-1.08],0.8152515695572646
ERBIN,Erbin,Chapter IX Diseases of the circulatory system,Vascular diseases of the intestine,22146,74,0.97 [0.79-1.18],0.7437849340276872
ERBIN,Erbin,Chapter IX Diseases of the circulatory system,Venous thromboembolism,23382,776,0.96 [0.90-1.02],0.2239573553559599
ERBIN,Erbin,Chapter V Mental and behavioural disorders,"Alcohol use disorder, ICD-based",23423,498,1.03 [0.95-1.11],0.4713514565835051
ERBIN,Erbin,Chapter V Mental and behavioural disorders,"Anxiety disorders, excluding more controls",20298,965,1.06 [1.00-1.12],0.0438980872031189
ERBIN,Erbin,Chapter V Mental and behavioural disorders,Any mental disorder,22935,3602,1.02 [0.99-1.05],0.2936247392951604
ERBIN,Erbin,Chapter V Mental and behavioural disorders,"Mental and behavioural disorders due to alcohol, excluding acute intoxication",23361,587,1.02 [0.95-1.10],0.5616360422222955
ERBIN,Erbin,Chapter V Mental and behavioural disorders,"Mood disorders, excluding more controls",20499,1166,1.05 [1.00-1.10],0.076882257380821
ERBIN,Erbin,Chapter V Mental and behavioural disorders,"Schizophrenia or delusion, excluding more controls",19418,85,1.12 [0.93-1.35],0.2448111267414525
ERBIN,Erbin,Chapter V Mental and behavioural disorders,Smoking dependency,22975,1512,1.01 [0.96-1.05],0.7407962995117696
ERBIN,Erbin,Chapter V Mental and behavioural disorders,"Substance abuse, excluding more controls",21186,1853,1.01 [0.97-1.05],0.6190002346799169
ERBIN,Erbin,Chapter V Mental and behavioural disorders,Vascular dementia,23108,149,0.89 [0.78-1.03],0.1190876765868741
ERBIN,Erbin,Chapter VI Diseases of the nervous system,Alzheimer disease,23615,297,0.96 [0.86-1.06],0.3738456164637675
ERBIN,Erbin,Chapter VI Diseases of the nervous system,"AlzheimerÕs disease (Atypical or mixed), excluding more controls",15685,58,0.93 [0.74-1.16],0.5151331613331835
ERBIN,Erbin,Chapter VI Diseases of the nervous system,Bell's palsy,22263,73,1.00 [0.82-1.23],0.9681796228124392
ERBIN,Erbin,Chapter VI Diseases of the nervous system,Carpal tunnel syndrome,22529,339,1.06 [0.96-1.16],0.2536716546793195
ERBIN,Erbin,Chapter VI Diseases of the nervous system,Cerebral cysts,23217,236,0.97 [0.87-1.09],0.655613041471574
ERBIN,Erbin,Chapter VI Diseases of the nervous system,Cerebral palsy and other paralytic syndromes,23530,364,0.99 [0.90-1.08],0.807077894486659
ERBIN,Erbin,Chapter VI Diseases of the nervous system,Circumscribed brain atrophy,23107,60,1.13 [0.90-1.42],0.2763975863255515
ERBIN,Erbin,Chapter VI Diseases of the nervous system,Diseases of the myoneural junction and muscle,23597,74,0.83 [0.68-1.01],0.0683608196931071
ERBIN,Erbin,Chapter VI Diseases of the nervous system,"Disorders of brain, other and unspecified",23073,92,1.00 [0.84-1.20],0.9832293720845968
ERBIN,Erbin,Chapter VI Diseases of the nervous system,Epilepsy,22012,283,0.97 [0.88-1.08],0.620956848111759
ERBIN,Erbin,Chapter VI Diseases of the nervous system,Episodal and paroxysmal disorders,23086,1357,1.04 [0.99-1.09],0.1120300452998041
ERBIN,Erbin,Chapter VI Diseases of the nervous system,Extrapyramidal and movement disorders,23580,678,0.99 [0.93-1.06],0.8790171408917897
ERBIN,Erbin,Chapter VI Diseases of the nervous system,Falls/tendency to fall,23070,2197,0.97 [0.94-1.01],0.1676683312995304
ERBIN,Erbin,Chapter VI Diseases of the nervous system,Generalized epilepsy,23232,60,1.15 [0.92-1.44],0.2082191822714803
ERBIN,Erbin,Chapter VI Diseases of the nervous system,Hemiplegia,23445,279,1.02 [0.92-1.13],0.7336589540509871
ERBIN,Erbin,Chapter VI Diseases of the nervous system,Hydrocephalus,23036,55,1.00 [0.79-1.26],0.990524501835825
ERBIN,Erbin,Chapter VI Diseases of the nervous system,Inflammatory diseases of the central nervous system,23598,59,1.11 [0.89-1.40],0.3480302033654914
ERBIN,Erbin,Chapter VI Diseases of the nervous system,Lesion of plantar nerve,22210,20,0.89 [0.61-1.31],0.5629317186576533
ERBIN,Erbin,Chapter VI Diseases of the nervous system,Lesion of ulnar nerve,22281,91,0.99 [0.82-1.18],0.8751678081873181
ERBIN,Erbin,Chapter VI Diseases of the nervous system,Memory loss,22946,118,0.89 [0.76-1.05],0.1591322112798553
ERBIN,Erbin,Chapter VI Diseases of the nervous system,Migraine,21924,195,1.06 [0.94-1.20],0.3242421548327933
ERBIN,Erbin,Chapter VI Diseases of the nervous system,"Migraine, unspecified, drug-induced",23593,176,1.10 [0.96-1.25],0.1683444705232562
ERBIN,Erbin,Chapter VI Diseases of the nervous system,Motor neuron disease,15792,152,1.07 [0.93-1.24],0.3236197883807802
ERBIN,Erbin,Chapter VI Diseases of the nervous system,MS-disease / Multiple Sclerosis,23506,61,0.93 [0.75-1.15],0.5045791222254774
ERBIN,Erbin,Chapter VI Diseases of the nervous system,"Nerve, nerve root and plexus disorders",23153,963,1.03 [0.98-1.09],0.2411377596235836
ERBIN,Erbin,Chapter VI Diseases of the nervous system,Neurological diseases,22315,3649,1.01 [0.98-1.04],0.4323457981483432
ERBIN,Erbin,Chapter VI Diseases of the nervous system,Other and unspecified degenerative diseases of nervous system,23287,240,1.00 [0.89-1.12],0.97620482015424
ERBIN,Erbin,Chapter VI Diseases of the nervous system,"Other and unspecified nerve root and plexus disorders, also in other diseases",22582,392,1.04 [0.96-1.14],0.3388683278971385
ERBIN,Erbin,Chapter VI Diseases of the nervous system,"Other and unspecified polyneuropathies, also in other diseases",23525,351,1.04 [0.95-1.14],0.4427536541854622
ERBIN,Erbin,Chapter VI Diseases of the nervous system,Other degenerative diseases of the nervous system,18516,618,1.00 [0.94-1.08],0.9281323714354192
ERBIN,Erbin,Chapter VI Diseases of the nervous system,Other diseases of spinal cord,23059,78,0.85 [0.70-1.03],0.1019733197693402
ERBIN,Erbin,Chapter VI Diseases of the nervous system,Other disorders of nervous system,23132,151,0.93 [0.81-1.07],0.3094493910514119
ERBIN,Erbin,Chapter VI Diseases of the nervous system,Other extrapyramidal and movement disorders in other diseases,23042,140,1.05 [0.91-1.22],0.497903711393232
ERBIN,Erbin,Chapter VI Diseases of the nervous system,Other facial nerve disorders,22281,91,0.98 [0.82-1.17],0.8348086807119555
ERBIN,Erbin,Chapter VI Diseases of the nervous system,Other headache syndromes,21767,38,0.97 [0.73-1.28],0.809542834291004
ERBIN,Erbin,Chapter VI Diseases of the nervous system,Other neurological diseases,23498,517,0.97 [0.90-1.04],0.3867287047098773
ERBIN,Erbin,Chapter VI Diseases of the nervous system,Other sleep disorders,22428,699,1.06 [0.99-1.13],0.0712271017133016
ERBIN,Erbin,Chapter VI Diseases of the nervous system,Parkinson's disease,23594,531,0.98 [0.91-1.06],0.6390751818262724
ERBIN,Erbin,Chapter VI Diseases of the nervous system,Postviral fatigue syndrome,23008,27,1.00 [0.72-1.39],0.999111296731324
ERBIN,Erbin,Chapter VI Diseases of the nervous system,Restless leg syndrome,23616,52,1.13 [0.89-1.44],0.3222603601661757
ERBIN,Erbin,Chapter VI Diseases of the nervous system,Sleep apnoea,23316,629,1.06 [0.99-1.14],0.0800688059548896
ERBIN,Erbin,Chapter VI Diseases of the nervous system,Small fibre neuropathy,23231,57,1.06 [0.84-1.33],0.6390760008728407
ERBIN,Erbin,Chapter VI Diseases of the nervous system,Systemic atrophies primarily affecting the central nervous system,23599,177,1.09 [0.96-1.25],0.1773753072746787
ERBIN,Erbin,Chapter VI Diseases of the nervous system,Trigeminal neuralgia,22223,33,0.99 [0.73-1.34],0.9437704487572216
ERBIN,Erbin,Chapter VI Diseases of the nervous system,Unspecific neurodegenerative disorder,23615,300,0.95 [0.86-1.05],0.3437012458291995
ERBIN,Erbin,Chapter VI Diseases of the nervous system,Vascular dementia (undefined),23077,145,0.89 [0.77-1.03],0.1201720056239902
ERBIN,Erbin,"Chapter VII Diseases of the eye, adnexa, ear and mastoid process",Amblyopia ex anopsia,23072,86,1.21 [1.00-1.46],0.0465737833429543
ERBIN,Erbin,"Chapter VII Diseases of the eye, adnexa, ear and mastoid process",Astigmatism,23267,296,0.98 [0.88-1.08],0.6398227235118537
ERBIN,Erbin,"Chapter VII Diseases of the eye, adnexa, ear and mastoid process",Background diabetic retinopathy,23417,287,0.95 [0.85-1.05],0.2831960939579136
ERBIN,Erbin,"Chapter VII Diseases of the eye, adnexa, ear and mastoid process",Blepharochalasis,22746,44,0.84 [0.64-1.08],0.1742468790896933
ERBIN,Erbin,"Chapter VII Diseases of the eye, adnexa, ear and mastoid process",Chalazion,22763,61,1.22 [0.98-1.53],0.0778886404320714
ERBIN,Erbin,"Chapter VII Diseases of the eye, adnexa, ear and mastoid process","Conjunctivitis (acute, non atopic)",23523,42,1.07 [0.82-1.41],0.6027959652859849
ERBIN,Erbin,"Chapter VII Diseases of the eye, adnexa, ear and mastoid process",Corneal degeneration,23386,121,1.07 [0.92-1.26],0.3708241457024754
ERBIN,Erbin,"Chapter VII Diseases of the eye, adnexa, ear and mastoid process","Diabetic nephropathy, excluding more controls",2439,83,0.95 [0.78-1.15],0.5868622759649049
ERBIN,Erbin,"Chapter VII Diseases of the eye, adnexa, ear and mastoid process",Diabetic neuropathy,2971,131,1.03 [0.89-1.21],0.6643359857497593
ERBIN,Erbin,"Chapter VII Diseases of the eye, adnexa, ear and mastoid process",Diplopia,23080,94,1.22 [1.02-1.47],0.0278480210147752
ERBIN,Erbin,"Chapter VII Diseases of the eye, adnexa, ear and mastoid process",Disorders of choroid and retina,23366,981,0.98 [0.93-1.04],0.5122301538681611
ERBIN,Erbin,"Chapter VII Diseases of the eye, adnexa, ear and mastoid process","Disorders of eyelid, lacrimal system and orbit",23312,610,0.99 [0.92-1.06],0.6868318427788362
ERBIN,Erbin,"Chapter VII Diseases of the eye, adnexa, ear and mastoid process",Disorders of lacrimal system,22845,143,1.10 [0.95-1.28],0.1873341284746588
ERBIN,Erbin,"Chapter VII Diseases of the eye, adnexa, ear and mastoid process","Disorders of ocular muscles, binocular movement, accommodation and refraction",23538,567,1.02 [0.95-1.10],0.5142049778534661
ERBIN,Erbin,"Chapter VII Diseases of the eye, adnexa, ear and mastoid process",Disorders of optic nerve and visual pathways,23613,65,1.12 [0.90-1.39],0.3178023350900452
ERBIN,Erbin,"Chapter VII Diseases of the eye, adnexa, ear and mastoid process",Disorders of refraction and accommodation,23469,498,1.00 [0.93-1.09],0.9012911135387082
ERBIN,Erbin,"Chapter VII Diseases of the eye, adnexa, ear and mastoid process","Disorders of sclera, cornea, iris and ciliary body",23577,312,1.05 [0.95-1.16],0.3210194182360698
ERBIN,Erbin,"Chapter VII Diseases of the eye, adnexa, ear and mastoid process",Disorders of vitreous body,23526,149,1.11 [0.97-1.28],0.1391867921300983
ERBIN,Erbin,"Chapter VII Diseases of the eye, adnexa, ear and mastoid process",Ectropion of eyelid,22780,78,1.05 [0.86-1.27],0.6565451026236897
ERBIN,Erbin,"Chapter VII Diseases of the eye, adnexa, ear and mastoid process",Entropion and trichiasis of eyelid,22783,81,0.88 [0.72-1.06],0.1745847542444406
ERBIN,Erbin,"Chapter VII Diseases of the eye, adnexa, ear and mastoid process",Epiphora,22746,44,1.09 [0.84-1.42],0.5045991051381291
ERBIN,Erbin,"Chapter VII Diseases of the eye, adnexa, ear and mastoid process",Glaucoma,23523,668,1.01 [0.95-1.08],0.7579718527937658
ERBIN,Erbin,"Chapter VII Diseases of the eye, adnexa, ear and mastoid process",Glaucoma suspect,23037,182,1.03 [0.90-1.17],0.7018447217189239
ERBIN,Erbin,"Chapter VII Diseases of the eye, adnexa, ear and mastoid process",Hypermetropia,23000,29,0.81 [0.59-1.12],0.1966348914695967
ERBIN,Erbin,"Chapter VII Diseases of the eye, adnexa, ear and mastoid process",Iridocyclitis,23359,94,0.94 [0.79-1.13],0.5272559772582661
ERBIN,Erbin,"Chapter VII Diseases of the eye, adnexa, ear and mastoid process",Keratitis,23489,224,1.06 [0.95-1.20],0.2953743216800359
ERBIN,Erbin,"Chapter VII Diseases of the eye, adnexa, ear and mastoid process",Myopia,23140,169,1.07 [0.94-1.22],0.3243241455559787
ERBIN,Erbin,"Chapter VII Diseases of the eye, adnexa, ear and mastoid process",Other and unspecified disorders of vitreous body,23460,83,1.10 [0.91-1.33],0.3135510517563206
ERBIN,Erbin,"Chapter VII Diseases of the eye, adnexa, ear and mastoid process",Other and unspecified glaucoma,23305,450,1.03 [0.95-1.12],0.4539062821940953
ERBIN,Erbin,"Chapter VII Diseases of the eye, adnexa, ear and mastoid process",Other and unspecified visual disturbances,23113,127,1.07 [0.92-1.25],0.3785218688942824
ERBIN,Erbin,"Chapter VII Diseases of the eye, adnexa, ear and mastoid process",Other cataract,22248,1778,1.03 [0.99-1.07],0.1942061028639652
ERBIN,Erbin,"Chapter VII Diseases of the eye, adnexa, ear and mastoid process",Other disorders of cornea,23458,193,1.05 [0.93-1.19],0.4287595637250647
ERBIN,Erbin,"Chapter VII Diseases of the eye, adnexa, ear and mastoid process",Other disorders of eye and adnexa,23602,145,1.05 [0.91-1.21],0.505279739475708
ERBIN,Erbin,"Chapter VII Diseases of the eye, adnexa, ear and mastoid process",Other disorders of eyelid,23116,414,0.93 [0.85-1.01],0.0833742426204856
ERBIN,Erbin,"Chapter VII Diseases of the eye, adnexa, ear and mastoid process",Other disorders of iris and ciliary body,23329,64,0.91 [0.73-1.12],0.367036499132726
ERBIN,Erbin,"Chapter VII Diseases of the eye, adnexa, ear and mastoid process",Other disorders of optic [2nd] nerve and visual pathways,23603,55,1.11 [0.88-1.40],0.3933224998060722
ERBIN,Erbin,"Chapter VII Diseases of the eye, adnexa, ear and mastoid process",Other inflammation of eyelid,22778,76,0.89 [0.73-1.09],0.2660055138339669
ERBIN,Erbin,"Chapter VII Diseases of the eye, adnexa, ear and mastoid process",Other specified and unspecified  disorders of eyelid,22842,140,0.93 [0.80-1.08],0.3253023537736915
ERBIN,Erbin,"Chapter VII Diseases of the eye, adnexa, ear and mastoid process",Other specified and unspecified retinal disorders,22511,126,1.03 [0.88-1.20],0.7126211145082169
ERBIN,Erbin,"Chapter VII Diseases of the eye, adnexa, ear and mastoid process",Other strabismus,23022,51,1.07 [0.84-1.36],0.5996798367616543
ERBIN,Erbin,"Chapter VII Diseases of the eye, adnexa, ear and mastoid process","Other, unspecified and serous retinal detachments",22449,64,0.90 [0.72-1.11],0.3156149429504933
ERBIN,Erbin,"Chapter VII Diseases of the eye, adnexa, ear and mastoid process",Primary angle-closure glaucoma,22905,50,1.05 [0.82-1.34],0.6933186961417253
ERBIN,Erbin,"Chapter VII Diseases of the eye, adnexa, ear and mastoid process","Primary open-angle glaucoma, strict",23059,204,1.04 [0.92-1.17],0.5675142748404385
ERBIN,Erbin,"Chapter VII Diseases of the eye, adnexa, ear and mastoid process",Ptosis of eyelid,22820,118,0.90 [0.77-1.06],0.2053025836286247
ERBIN,Erbin,"Chapter VII Diseases of the eye, adnexa, ear and mastoid process",Retinal detachment with retinal break,22509,124,1.19 [1.02-1.39],0.0318466492854738
ERBIN,Erbin,"Chapter VII Diseases of the eye, adnexa, ear and mastoid process",Retinal vascular occlusion,22476,91,0.90 [0.75-1.08],0.2627779110712517
ERBIN,Erbin,"Chapter VII Diseases of the eye, adnexa, ear and mastoid process",Senile cataract,21930,1460,1.02 [0.98-1.07],0.3486119491969803
ERBIN,Erbin,"Chapter VII Diseases of the eye, adnexa, ear and mastoid process",Stenosis and insufficiency of lacrimal passages,22760,58,1.00 [0.80-1.26],0.9750274008590464
ERBIN,Erbin,"Chapter VII Diseases of the eye, adnexa, ear and mastoid process",Visual disturbances,23370,384,1.12 [1.03-1.23],0.0102558210776731
ERBIN,Erbin,"Chapter VII Diseases of the eye, adnexa, ear and mastoid process",Visual field defects,23054,68,1.11 [0.90-1.36],0.3498945035244791
ERBIN,Erbin,"Chapter VII Diseases of the eye, adnexa, ear and mastoid process",Visual impairment including blindness (binocular or monocular),23153,167,1.07 [0.93-1.22],0.3383508652703477
ERBIN,Erbin,Chapter VIII Diseases of the ear and mastoid process,Benign paroxysmal vertigo,23441,57,0.90 [0.71-1.13],0.3450599814971883
ERBIN,Erbin,Chapter VIII Diseases of the ear and mastoid process,Diseases of external ear,23574,121,1.07 [0.91-1.25],0.41795382925476
ERBIN,Erbin,Chapter VIII Diseases of the ear and mastoid process,Diseases of middle ear and mastoid,23481,114,1.12 [0.95-1.31],0.1821083100559875
ERBIN,Erbin,Chapter VIII Diseases of the ear and mastoid process,Labyrinthitis,23432,48,1.09 [0.85-1.40],0.5065301363601371
ERBIN,Erbin,Chapter VIII Diseases of the ear and mastoid process,Mnire disease,23437,53,1.05 [0.82-1.33],0.7049795937752031
ERBIN,Erbin,Chapter VIII Diseases of the ear and mastoid process,Other disorders of ear,23521,963,1.03 [0.97-1.09],0.326135281323351
ERBIN,Erbin,Chapter VIII Diseases of the ear and mastoid process,Other specified/unspecified hearing loss,23270,712,1.03 [0.96-1.10],0.3876378861327736
ERBIN,Erbin,Chapter VIII Diseases of the ear and mastoid process,Sensorineural hearing loss,22686,128,0.91 [0.78-1.06],0.2091952050683601
ERBIN,Erbin,Chapter VIII Diseases of the ear and mastoid process,Tinnitus,22644,86,1.14 [0.94-1.37],0.1719580124939418
ERBIN,Erbin,Chapter X Diseases of the respiratory system,Acute pharyngitis,23402,63,0.80 [0.65-0.99],0.0420405861080062
ERBIN,Erbin,Chapter X Diseases of the respiratory system,Acute upper respiratory infections,23531,192,0.94 [0.83-1.06],0.2929749924711486
ERBIN,Erbin,Chapter X Diseases of the respiratory system,Acute upper respiratory infections of multiple and unspecified sites,23402,63,0.88 [0.71-1.09],0.2350637520864275
ERBIN,Erbin,Chapter X Diseases of the respiratory system,All influenza,21341,105,1.10 [0.93-1.30],0.2724592596033466
ERBIN,Erbin,Chapter X Diseases of the respiratory system,All influenza (not pneumonia),21338,102,1.13 [0.95-1.35],0.1522264561271042
ERBIN,Erbin,Chapter X Diseases of the respiratory system,Allergic asthma (mode),15480,105,1.01 [0.86-1.20],0.8920362439885884
ERBIN,Erbin,Chapter X Diseases of the respiratory system,Allergic rhinitis,23510,263,0.98 [0.89-1.09],0.7690993335238081
ERBIN,Erbin,Chapter X Diseases of the respiratory system,"Asthma, excluding more controls",16452,1416,1.02 [0.98-1.07],0.3403104536092051
ERBIN,Erbin,Chapter X Diseases of the respiratory system,"Asthma, unspecified (mode)",16764,1389,1.02 [0.98-1.07],0.3383977310473524
ERBIN,Erbin,Chapter X Diseases of the respiratory system,Bacterial pneumonia (organism specified),23231,147,1.04 [0.90-1.20],0.6009525417833574
ERBIN,Erbin,Chapter X Diseases of the respiratory system,"Bacterial pneumonia, not elsewhere classified",21330,94,1.08 [0.91-1.29],0.3832832822223031
ERBIN,Erbin,Chapter X Diseases of the respiratory system,Bronchiectasis,20539,290,1.02 [0.92-1.13],0.7159303873952888
ERBIN,Erbin,Chapter X Diseases of the respiratory system,"Bronchitis, not specified as acute or chronic",20294,45,1.21 [0.93-1.57],0.1522111692485599
ERBIN,Erbin,Chapter X Diseases of the respiratory system,Chronic lower respiratory diseases,22777,2528,1.02 [0.98-1.05],0.27581119127139
ERBIN,Erbin,Chapter X Diseases of the respiratory system,"Chronic rhinitis, nasopharyngitis and pharyngitis",22188,79,1.13 [0.93-1.38],0.2073743296922807
ERBIN,Erbin,Chapter X Diseases of the respiratory system,Chronic sinusitis,22267,158,1.14 [0.99-1.31],0.0597269746686775
ERBIN,Erbin,Chapter X Diseases of the respiratory system,"COPD, hospital admissions 1, only main diagnosis",23399,1292,1.01 [0.96-1.06],0.6917095354189811
ERBIN,Erbin,Chapter X Diseases of the respiratory system,Deviated nasal septum,22242,133,1.04 [0.89-1.20],0.6470665432477442
ERBIN,Erbin,Chapter X Diseases of the respiratory system,Diseases of the respiratory system,21623,5232,1.01 [0.99-1.04],0.350654509276154
ERBIN,Erbin,Chapter X Diseases of the respiratory system,"Diseases of vocal cords and larynx+other diseases of upper respiratory tract, no elsewhere classified",22489,380,1.03 [0.95-1.13],0.4667332288626346
ERBIN,Erbin,Chapter X Diseases of the respiratory system,Early onset COPD,22410,303,0.97 [0.88-1.07],0.5361448220295782
ERBIN,Erbin,Chapter X Diseases of the respiratory system,Emphysema,20594,345,1.05 [0.95-1.15],0.3227188168236986
ERBIN,Erbin,Chapter X Diseases of the respiratory system,Idiopathic pulmonary fibrosis,22701,334,1.06 [0.96-1.16],0.2461957242832149
ERBIN,Erbin,Chapter X Diseases of the respiratory system,Influenza and pneumonia,23369,2133,1.01 [0.97-1.05],0.6303392514355843
ERBIN,Erbin,Chapter X Diseases of the respiratory system,Interstitial lung disease,22728,361,1.09 [1.00-1.20],0.0546079263433189
ERBIN,Erbin,Chapter X Diseases of the respiratory system,Later onset COPD,22554,989,1.02 [0.97-1.08],0.3842348657315649
ERBIN,Erbin,Chapter X Diseases of the respiratory system,Lung diseases due to external agents,23598,425,1.00 [0.92-1.09],0.92680413727735
ERBIN,Erbin,Chapter X Diseases of the respiratory system,Nasal polyp,22254,145,1.11 [0.97-1.29],0.139819980530285
ERBIN,Erbin,Chapter X Diseases of the respiratory system,Other acute lower respiratory infections,23351,997,1.03 [0.97-1.09],0.3186167306506068
ERBIN,Erbin,Chapter X Diseases of the respiratory system,Other diseases of pleura,23339,2189,1.04 [1.00-1.08],0.042739867547505
ERBIN,Erbin,Chapter X Diseases of the respiratory system,Other diseases of upper respiratory tract,22967,858,1.03 [0.97-1.09],0.3461012053508311
ERBIN,Erbin,Chapter X Diseases of the respiratory system,Other pleural conditions,21214,64,0.97 [0.79-1.21],0.8106898787760755
ERBIN,Erbin,Chapter X Diseases of the respiratory system,Other respiratory diseases principally affecting the interstitium,23523,444,1.08 [1.00-1.18],0.0609429110775389
ERBIN,Erbin,Chapter X Diseases of the respiratory system,Other respiratory disorders and diseases,23495,1388,1.06 [1.01-1.11],0.0136839927278811
ERBIN,Erbin,Chapter X Diseases of the respiratory system,Pleural effusion,22269,1119,1.02 [0.97-1.08],0.3847910424723603
ERBIN,Erbin,Chapter X Diseases of the respiratory system,Pleural plaque,21413,263,0.99 [0.89-1.10],0.8954413473873586
ERBIN,Erbin,Chapter X Diseases of the respiratory system,"Pneumonia, organism unspecified",23106,1870,1.01 [0.97-1.05],0.6368280706457333
ERBIN,Erbin,Chapter X Diseases of the respiratory system,Pneumonitis due to solids and liquids,23500,327,1.04 [0.94-1.14],0.4682631644596935
ERBIN,Erbin,Chapter X Diseases of the respiratory system,Pneumothorax,21287,137,0.91 [0.79-1.05],0.2106761431931789
ERBIN,Erbin,Chapter X Diseases of the respiratory system,Pollen allergy,23602,229,1.03 [0.92-1.16],0.5771159650563062
ERBIN,Erbin,Chapter X Diseases of the respiratory system,Pulmonary oedema,23146,67,0.98 [0.79-1.21],0.8254993274024138
ERBIN,Erbin,Chapter X Diseases of the respiratory system,Respiratory insufficiency,15431,56,1.11 [0.88-1.40],0.3773438762233271
ERBIN,Erbin,Chapter X Diseases of the respiratory system,Unspecified acute lower respiratory infection,23333,979,1.03 [0.97-1.09],0.3251582213053626
ERBIN,Erbin,Chapter X Diseases of the respiratory system,Vasomotor and allergic rhinitis,22374,265,0.99 [0.89-1.10],0.8274414612632932
ERBIN,Erbin,Chapter X Diseases of the respiratory system,Viral pneumonia,21513,277,0.99 [0.89-1.10],0.8679546538056555
ERBIN,Erbin,Chapter X Diseases of the respiratory system,"Viral pneumonia (unknown virus, not influenza)",23250,237,0.95 [0.85-1.07],0.3975696625381922
ERBIN,Erbin,Chapter X Diseases of the respiratory system,Vocal cord dysfunction,10295,111,0.93 [0.79-1.09],0.3739243130674161
ERBIN,Erbin,Chapter XI Diseases of the digestive system,Abscess of anal and rectal regions,16479,88,1.05 [0.87-1.27],0.6060779040584561
ERBIN,Erbin,Chapter XI Diseases of the digestive system,Acute appendicitis,23481,145,1.07 [0.93-1.24],0.3507672428349103
ERBIN,Erbin,Chapter XI Diseases of the digestive system,Acute gastritis,17846,89,1.07 [0.89-1.29],0.4427339025003483
ERBIN,Erbin,Chapter XI Diseases of the digestive system,Acute pancreatitis,22275,201,0.96 [0.85-1.08],0.469153397405444
ERBIN,Erbin,Chapter XI Diseases of the digestive system,Acute peritonitis,23255,99,0.94 [0.79-1.12],0.5228926117996913
ERBIN,Erbin,Chapter XI Diseases of the digestive system,Alcoholic liver disease,22728,115,0.84 [0.72-0.99],0.0325862117705332
ERBIN,Erbin,Chapter XI Diseases of the digestive system,Barrett oesophagus,18280,523,0.94 [0.87-1.01],0.0910183126696053
ERBIN,Erbin,Chapter XI Diseases of the digestive system,"Cholangitis (primary sclerosing, PSC)",22194,120,0.90 [0.77-1.05],0.1704183131051735
ERBIN,Erbin,Chapter XI Diseases of the digestive system,"Cholangitis (primary sclerosing, PSC), with reimbursement 202",23213,120,0.89 [0.76-1.05],0.1596737833465391
ERBIN,Erbin,Chapter XI Diseases of the digestive system,Cholecystitis,22293,219,0.87 [0.77-0.98],0.0181364690739978
ERBIN,Erbin,Chapter XI Diseases of the digestive system,Cholelithiasis,22854,780,1.02 [0.96-1.08],0.5875007022294968
ERBIN,Erbin,Chapter XI Diseases of the digestive system,Chronic gastritis,18019,262,0.92 [0.83-1.03],0.1472899457520141
ERBIN,Erbin,Chapter XI Diseases of the digestive system,Chronic pancreatitis,22131,57,1.01 [0.81-1.27],0.9110292621190887
ERBIN,Erbin,Chapter XI Diseases of the digestive system,"Cirrhosis of liver, NAS",23409,133,0.81 [0.70-0.95],0.0071764195035914
ERBIN,Erbin,Chapter XI Diseases of the digestive system,Coeliac disease,22007,90,1.22 [1.01-1.47],0.0344702035484895
ERBIN,Erbin,Chapter XI Diseases of the digestive system,Collagenous colitis,22191,49,1.08 [0.84-1.39],0.5284366324611276
ERBIN,Erbin,Chapter XI Diseases of the digestive system,Colonic or urogenital fistula,23453,219,0.95 [0.85-1.07],0.3761448670869405
ERBIN,Erbin,Chapter XI Diseases of the digestive system,Constipation,23452,1581,1.00 [0.96-1.05],0.8759612648780801
ERBIN,Erbin,Chapter XI Diseases of the digestive system,Crohn disease,22232,90,1.10 [0.91-1.32],0.3179725860557547
ERBIN,Erbin,Chapter XI Diseases of the digestive system,"Crohn disease (strict definition, all UC cases excluded)",23275,65,1.03 [0.83-1.28],0.7792092493084702
ERBIN,Erbin,Chapter XI Diseases of the digestive system,Crohn's disease NAS,22218,76,1.20 [0.98-1.46],0.0794784884782321
ERBIN,Erbin,Chapter XI Diseases of the digestive system,Dental caries,22980,227,1.11 [0.99-1.24],0.0836241767047739
ERBIN,Erbin,Chapter XI Diseases of the digestive system,Diaphragmatic hernia,20004,1930,0.99 [0.95-1.03],0.6389846656208925
ERBIN,Erbin,Chapter XI Diseases of the digestive system,Diseases of appendix,23513,177,1.03 [0.90-1.17],0.6784958744700393
ERBIN,Erbin,Chapter XI Diseases of the digestive system,Diseases of liver,23476,863,0.95 [0.89-1.01],0.0769491075468423
ERBIN,Erbin,Chapter XI Diseases of the digestive system,"Diseases of oesophagus, stomach and duodenum",21647,3890,1.01 [0.98-1.04],0.3902600051478411
ERBIN,Erbin,Chapter XI Diseases of the digestive system,"Diseases of oral cavity, salivary glands and jaws",23263,510,1.06 [0.98-1.15],0.1192463812537517
ERBIN,Erbin,Chapter XI Diseases of the digestive system,Diseases of peritoneum,23567,411,1.01 [0.93-1.10],0.7432662639045378
ERBIN,Erbin,Chapter XI Diseases of the digestive system,Diseases of pulp and periapical tissues,22863,110,1.12 [0.95-1.32],0.1743750411331295
ERBIN,Erbin,Chapter XI Diseases of the digestive system,Diseases of salivary glands,22721,65,0.98 [0.79-1.21],0.8352244534645076
ERBIN,Erbin,Chapter XI Diseases of the digestive system,Diseases of the digestive system,23306,1389,1.02 [0.97-1.07],0.3817339825234072
ERBIN,Erbin,Chapter XI Diseases of the digestive system,Diseases of tongue,22741,106,1.03 [0.87-1.21],0.7571327639790684
ERBIN,Erbin,Chapter XI Diseases of the digestive system,"Disorders of gallbladder, biliary tract and pancreas",23253,1179,0.99 [0.94-1.04],0.6265623137109743
ERBIN,Erbin,Chapter XI Diseases of the digestive system,Diverticular disease of intestine,19423,3032,0.99 [0.96-1.02],0.5605556794762832
ERBIN,Erbin,Chapter XI Diseases of the digestive system,Duodenal ulcer,18021,264,0.96 [0.86-1.07],0.431429911953894
ERBIN,Erbin,Chapter XI Diseases of the digestive system,"Duodenal ulcer - Unspecified as acute or chronic, without haemorrhage or perforation, drug-induced",23501,207,0.97 [0.86-1.09],0.5809774827736075
ERBIN,Erbin,Chapter XI Diseases of the digestive system,Embedded and impacted teeth,23544,47,1.11 [0.86-1.43],0.4042892257493867
ERBIN,Erbin,Chapter XI Diseases of the digestive system,Fibrosis and cirrhosis of liver,22769,156,0.84 [0.73-0.96],0.0108966892067334
ERBIN,Erbin,Chapter XI Diseases of the digestive system,Fissure and fistula of anal and rectal regions,16571,180,0.93 [0.82-1.06],0.2587445731067181
ERBIN,Erbin,Chapter XI Diseases of the digestive system,Functional dyspepsia,18170,413,1.02 [0.93-1.11],0.7260001471441009
ERBIN,Erbin,Chapter XI Diseases of the digestive system,Gastric ulcer,18118,361,1.07 [0.97-1.17],0.1657524008351976
ERBIN,Erbin,Chapter XI Diseases of the digestive system,Gastro-oesophageal reflux disease,19885,2128,1.02 [0.98-1.06],0.3808621003537907
ERBIN,Erbin,Chapter XI Diseases of the digestive system,Gastroduodenal ulcer,18347,590,1.02 [0.95-1.10],0.5753647517571869
ERBIN,Erbin,Chapter XI Diseases of the digestive system,Gastrointestinal diseases,18062,7919,1.00 [0.98-1.02],0.7179808915976789
ERBIN,Erbin,Chapter XI Diseases of the digestive system,GI-bleeding,23075,1158,1.00 [0.95-1.05],0.9103018501146845
ERBIN,Erbin,Chapter XI Diseases of the digestive system,Gingivitis and periodontal diseases,22798,45,1.08 [0.83-1.39],0.5826173067648552
ERBIN,Erbin,Chapter XI Diseases of the digestive system,Haemorrhoids and perianal venous thrombosis,17343,1218,0.96 [0.92-1.01],0.1559750619659059
ERBIN,Erbin,Chapter XI Diseases of the digestive system,"Hepatic failure, not elsewhere classified",22697,84,0.85 [0.71-1.03],0.1015444974245494
ERBIN,Erbin,Chapter XI Diseases of the digestive system,Hernia,21581,3507,0.99 [0.96-1.02],0.4574937165498387
ERBIN,Erbin,Chapter XI Diseases of the digestive system,Impacted teeth,23547,44,1.24 [0.95-1.61],0.1142782593148295
ERBIN,Erbin,Chapter XI Diseases of the digestive system,Impaction of intestines,16438,47,0.89 [0.69-1.15],0.3779097473162844
ERBIN,Erbin,Chapter XI Diseases of the digestive system,Inguinal hernia,19688,1614,1.00 [0.96-1.04],0.8932312798494927
ERBIN,Erbin,Chapter XI Diseases of the digestive system,"Inguinal hernia, bilateral",18270,196,0.97 [0.86-1.09],0.5964839552587673
ERBIN,Erbin,Chapter XI Diseases of the digestive system,Intestinal adhesions without obstruction,16478,87,0.90 [0.74-1.08],0.2435333527504891
ERBIN,Erbin,Chapter XI Diseases of the digestive system,Intestinal malabsorption,22020,103,1.22 [1.03-1.45],0.0228892836650963
ERBIN,Erbin,Chapter XI Diseases of the digestive system,Irritable bowel syndrome,16661,270,0.95 [0.86-1.06],0.3743535292625186
ERBIN,Erbin,Chapter XI Diseases of the digestive system,Nonalcoholic fatty liver disease,23575,376,1.01 [0.92-1.10],0.8347302378230654
ERBIN,Erbin,Chapter XI Diseases of the digestive system,Noninfectious colitis NAS,22815,673,1.01 [0.95-1.08],0.7161865184794235
ERBIN,Erbin,Chapter XI Diseases of the digestive system,Noninfective enteritis and colitis,23020,878,1.01 [0.95-1.07],0.7720510658947585
ERBIN,Erbin,Chapter XI Diseases of the digestive system,Oesophageal obstruction,17970,213,0.95 [0.85-1.07],0.4392381983175667
ERBIN,Erbin,Chapter XI Diseases of the digestive system,Oesophagitis,18374,617,1.03 [0.96-1.10],0.4226932369581921
ERBIN,Erbin,Chapter XI Diseases of the digestive system,Oral lichen ruber planus,23565,114,1.07 [0.91-1.26],0.3909202254757022
ERBIN,Erbin,Chapter XI Diseases of the digestive system,Other and unspecified abdominal hernia,18149,75,1.06 [0.87-1.30],0.5489465547869358
ERBIN,Erbin,Chapter XI Diseases of the digestive system,Other diseases of anus and rectum,17818,1427,1.00 [0.96-1.05],0.9601991017692308
ERBIN,Erbin,Chapter XI Diseases of the digestive system,Other diseases of biliary tract,22330,256,0.97 [0.87-1.08],0.5872680092008649
ERBIN,Erbin,Chapter XI Diseases of the digestive system,Other diseases of gallbladder,22195,121,1.00 [0.85-1.17],0.9579554732181608
ERBIN,Erbin,Chapter XI Diseases of the digestive system,Other diseases of intestine,18260,1869,0.99 [0.95-1.03],0.7273930388765019
ERBIN,Erbin,Chapter XI Diseases of the digestive system,Other diseases of intestines,21819,5428,0.99 [0.97-1.01],0.4133674197988792
ERBIN,Erbin,Chapter XI Diseases of the digestive system,Other diseases of lip and oral mucosa,22705,181,1.12 [0.98-1.28],0.0846704005640683
ERBIN,Erbin,Chapter XI Diseases of the digestive system,Other diseases of liver,23302,689,0.93 [0.87-0.99],0.0306526784866242
ERBIN,Erbin,Chapter XI Diseases of the digestive system,Other diseases of oesophagus,18488,731,0.96 [0.90-1.02],0.1933453087043377
ERBIN,Erbin,Chapter XI Diseases of the digestive system,Other diseases of pancreas,22217,143,0.88 [0.76-1.01],0.0754055685474219
ERBIN,Erbin,Chapter XI Diseases of the digestive system,Other diseases of peritoneum,23495,339,1.04 [0.95-1.14],0.3962229554506474
ERBIN,Erbin,Chapter XI Diseases of the digestive system,Other diseases of stomach and duodenum,18552,795,0.99 [0.93-1.05],0.6318304977913001
ERBIN,Erbin,Chapter XI Diseases of the digestive system,Other diseases of the digestive system,23086,1169,1.00 [0.95-1.05],0.9156976014052168
ERBIN,Erbin,Chapter XI Diseases of the digestive system,Other disorders of teeth and supporting structures,22931,178,1.13 [0.99-1.28],0.0767151666609588
ERBIN,Erbin,Chapter XI Diseases of the digestive system,Other functional intestinal disorders,18009,1618,0.99 [0.95-1.04],0.7432240671649404
ERBIN,Erbin,Chapter XI Diseases of the digestive system,Other gastritis (incl. Duodenitis),19599,1842,0.99 [0.95-1.03],0.6206468130973668
ERBIN,Erbin,Chapter XI Diseases of the digestive system,Other inflammatory liver diseases,22710,97,0.79 [0.67-0.94],0.0087386698760791
ERBIN,Erbin,Chapter XI Diseases of the digestive system,Other noninfective gastroenteritis and colitis,22913,771,1.00 [0.94-1.07],0.93900809248773
ERBIN,Erbin,Chapter XI Diseases of the digestive system,"Other or unspecified ileus, impaction or obstruction",16736,345,0.96 [0.88-1.06],0.4219488927314079
ERBIN,Erbin,Chapter XI Diseases of the digestive system,Palatinal maxillary canine,23536,55,1.15 [0.91-1.46],0.2360473118249541
ERBIN,Erbin,Chapter XI Diseases of the digestive system,Paralytic ileus and intestinal obstruction,16861,470,0.96 [0.88-1.04],0.2711785190477756
ERBIN,Erbin,Chapter XI Diseases of the digestive system,"Postprocedural disorders of digestive system, not elsewhere classified",22079,162,1.11 [0.97-1.27],0.1433315044330686
ERBIN,Erbin,Chapter XI Diseases of the digestive system,Recurring oral aphthae,23602,44,0.99 [0.76-1.28],0.9211480078227746
ERBIN,Erbin,Chapter XI Diseases of the digestive system,Stomatitis and related lesions,22762,107,1.16 [0.98-1.37],0.0917849608046544
ERBIN,Erbin,Chapter XI Diseases of the digestive system,Toxic colitis,22187,45,0.82 [0.64-1.07],0.1415776556098991
ERBIN,Erbin,Chapter XI Diseases of the digestive system,Ulcer of oesophagus,18052,295,1.03 [0.93-1.14],0.5896192844854743
ERBIN,Erbin,Chapter XI Diseases of the digestive system,Ulcerative colitis,22288,146,1.02 [0.88-1.17],0.8312287031560919
ERBIN,Erbin,Chapter XI Diseases of the digestive system,"Ulcerative colitis, NAS",22264,122,0.95 [0.81-1.11],0.48998576316208
ERBIN,Erbin,Chapter XI Diseases of the digestive system,Umbilical hernia,18444,370,0.97 [0.88-1.06],0.4619378796417687
ERBIN,Erbin,Chapter XI Diseases of the digestive system,Vascular disorders of the intestines,16545,154,0.94 [0.82-1.08],0.3704299317963104
ERBIN,Erbin,Chapter XI Diseases of the digestive system,Ventral hernia,18331,257,1.03 [0.92-1.14],0.6458527398257067
ERBIN,Erbin,Chapter XI Diseases of the digestive system,Volvulus,16464,73,0.93 [0.76-1.13],0.4609574598084756
ERBIN,Erbin,Chapter XII Diseases of the skin and subcutaneous tissue,Actinic keratosis,23541,327,0.92 [0.84-1.01],0.0883718582902265
ERBIN,Erbin,Chapter XII Diseases of the skin and subcutaneous tissue,Arthropathic psoriasis,23300,68,1.26 [1.01-1.56],0.0362066249744785
ERBIN,Erbin,Chapter XII Diseases of the skin and subcutaneous tissue,Atrophic disorders of skin,21647,93,0.96 [0.80-1.15],0.6589185366131738
ERBIN,Erbin,Chapter XII Diseases of the skin and subcutaneous tissue,Cellulitis,22888,758,0.98 [0.92-1.04],0.5225767074599879
ERBIN,Erbin,Chapter XII Diseases of the skin and subcutaneous tissue,"Cutaneous abscess, furuncle and carbuncle",22329,199,0.98 [0.87-1.11],0.7965133896321855
ERBIN,Erbin,Chapter XII Diseases of the skin and subcutaneous tissue,Decubitus ulcer and pressure area,22020,466,0.98 [0.91-1.06],0.6662715046672485
ERBIN,Erbin,Chapter XII Diseases of the skin and subcutaneous tissue,Dermatitis,23326,267,1.09 [0.98-1.21],0.1145622511954152
ERBIN,Erbin,Chapter XII Diseases of the skin and subcutaneous tissue,Dermatitis and eczema,23529,470,1.11 [1.03-1.20],0.0101641261682891
ERBIN,Erbin,Chapter XII Diseases of the skin and subcutaneous tissue,Dermatitis due to substances taken internally,23102,43,1.19 [0.91-1.55],0.1978625063532006
ERBIN,Erbin,Chapter XII Diseases of the skin and subcutaneous tissue,Diseases of the skin and subcutaneous tissue,22148,3148,0.99 [0.96-1.02],0.5400663940568633
ERBIN,Erbin,Chapter XII Diseases of the skin and subcutaneous tissue,Disorders of skin appendages,23175,406,0.99 [0.91-1.08],0.8722970092387239
ERBIN,Erbin,Chapter XII Diseases of the skin and subcutaneous tissue,Follicular cysts of skin and subcutaneous tissue,23062,293,0.99 [0.90-1.10],0.8716886446769299
ERBIN,Erbin,Chapter XII Diseases of the skin and subcutaneous tissue,Infections of the skin and subcutaneous tissue,23153,1023,0.98 [0.93-1.03],0.4343949452276259
ERBIN,Erbin,Chapter XII Diseases of the skin and subcutaneous tissue,"Lichen planus, including avohilmo",23606,30,1.04 [0.76-1.43],0.8087783441965345
ERBIN,Erbin,Chapter XII Diseases of the skin and subcutaneous tissue,Lupus erythematosus,21577,23,1.37 [0.95-1.99],0.090530893976904
ERBIN,Erbin,Chapter XII Diseases of the skin and subcutaneous tissue,Nail disorders,22827,58,1.03 [0.82-1.30],0.7873631904666695
ERBIN,Erbin,Chapter XII Diseases of the skin and subcutaneous tissue,Other and unspecified dermatitis,23321,262,1.08 [0.97-1.21],0.1452300080739762
ERBIN,Erbin,Chapter XII Diseases of the skin and subcutaneous tissue,Other and unspecified disorders of skin and subcutaneous tissue,22032,478,0.96 [0.89-1.04],0.307074520991543
ERBIN,Erbin,Chapter XII Diseases of the skin and subcutaneous tissue,Other and unspecified epidermal thickening,21632,78,0.94 [0.77-1.14],0.5371186560526497
ERBIN,Erbin,Chapter XII Diseases of the skin and subcutaneous tissue,Other and unspecified erythematous conditions,23549,82,1.05 [0.87-1.28],0.5987827876581698
ERBIN,Erbin,Chapter XII Diseases of the skin and subcutaneous tissue,Other and unspecified local infections of skin and subcutaneous tissue,22339,209,1.08 [0.95-1.21],0.2287532009490565
ERBIN,Erbin,Chapter XII Diseases of the skin and subcutaneous tissue,Other and unspecified psoriasis,23447,215,1.03 [0.92-1.16],0.5752792389762239
ERBIN,Erbin,Chapter XII Diseases of the skin and subcutaneous tissue,Other contact dermatitis,23131,72,1.08 [0.88-1.33],0.4704086020708006
ERBIN,Erbin,Chapter XII Diseases of the skin and subcutaneous tissue,Other disorders of pigmentation,21619,65,0.95 [0.77-1.17],0.6239159572127053
ERBIN,Erbin,Chapter XII Diseases of the skin and subcutaneous tissue,Other disorders of skin and subcutaneous tissue,23167,1613,0.98 [0.94-1.02],0.2780092457590013
ERBIN,Erbin,Chapter XII Diseases of the skin and subcutaneous tissue,"Other disorders of skin and subcutaneous tissue, not elsewhere classified",22073,519,0.97 [0.90-1.04],0.3681840723668064
ERBIN,Erbin,Chapter XII Diseases of the skin and subcutaneous tissue,Other epidermal thickening,21635,81,0.95 [0.78-1.14],0.5668440318388476
ERBIN,Erbin,Chapter XII Diseases of the skin and subcutaneous tissue,Papulosquamous disorders,23528,296,1.08 [0.98-1.20],0.1154449541202693
ERBIN,Erbin,Chapter XII Diseases of the skin and subcutaneous tissue,Pruritus,23114,55,1.30 [1.02-1.65],0.0315895171549162
ERBIN,Erbin,Chapter XII Diseases of the skin and subcutaneous tissue,Psoriasis,23491,259,1.10 [0.99-1.23],0.0847095526929642
ERBIN,Erbin,Chapter XII Diseases of the skin and subcutaneous tissue,Radiation-related disorders of the skin and subcutaneous tissue,23561,347,0.92 [0.84-1.01],0.0722574964031213
ERBIN,Erbin,Chapter XII Diseases of the skin and subcutaneous tissue,Scar conditions and fibrosis of skin,21640,86,0.98 [0.81-1.18],0.8352702102771407
ERBIN,Erbin,Chapter XII Diseases of the skin and subcutaneous tissue,Seborrhoeic keratosis,21819,265,0.88 [0.79-0.98],0.0163281366118868
ERBIN,Erbin,Chapter XII Diseases of the skin and subcutaneous tissue,Skin changes due to chronic exposure to nonionizing radiation,23554,340,0.92 [0.84-1.01],0.0706666783211304
ERBIN,Erbin,Chapter XII Diseases of the skin and subcutaneous tissue,"Ulcer of lower limb, not elsewhere classified",21820,266,1.00 [0.89-1.11],0.9333656537560102
ERBIN,Erbin,Chapter XII Diseases of the skin and subcutaneous tissue,Urticaria and erythema,23590,123,1.05 [0.90-1.23],0.506040477997871
ERBIN,Erbin,Chapter XIII Diseases of the musculoskeletal system and connective tissue,Adhesive capsulitis of shoulder,20387,92,1.01 [0.84-1.20],0.9410038045467872
ERBIN,Erbin,Chapter XIII Diseases of the musculoskeletal system and connective tissue,Arthropathies,21542,4732,1.02 [0.99-1.05],0.120342910273341
ERBIN,Erbin,Chapter XIII Diseases of the musculoskeletal system and connective tissue,Arthrosis,20144,3334,1.02 [0.99-1.05],0.1551949950235251
ERBIN,Erbin,Chapter XIII Diseases of the musculoskeletal system and connective tissue,Bursitis of shoulder,20367,72,1.03 [0.84-1.27],0.7659301111870489
ERBIN,Erbin,Chapter XIII Diseases of the musculoskeletal system and connective tissue,Cervical disc disorders,20723,149,1.05 [0.91-1.21],0.5264965239636521
ERBIN,Erbin,Chapter XIII Diseases of the musculoskeletal system and connective tissue,Cervicalgia,20714,140,1.14 [0.98-1.32],0.0784560682108755
ERBIN,Erbin,Chapter XIII Diseases of the musculoskeletal system and connective tissue,Chondropathies,23412,68,1.03 [0.83-1.26],0.8139649158533272
ERBIN,Erbin,Chapter XIII Diseases of the musculoskeletal system and connective tissue,"Collapsed vertebra, not elsewhere classified",20651,77,0.93 [0.76-1.13],0.4369835704022298
ERBIN,Erbin,Chapter XIII Diseases of the musculoskeletal system and connective tissue,Coxarthrosis,17672,862,1.03 [0.97-1.09],0.2942643873736047
ERBIN,Erbin,Chapter XIII Diseases of the musculoskeletal system and connective tissue,"Coxarthrosis, primary",23500,148,0.99 [0.86-1.15],0.9236535463556356
ERBIN,Erbin,Chapter XIII Diseases of the musculoskeletal system and connective tissue,Deforming dorsopathies,20841,267,1.00 [0.90-1.11],0.9628882486633916
ERBIN,Erbin,Chapter XIII Diseases of the musculoskeletal system and connective tissue,Diseases of the musculoskeletal system and connective tissue,20093,6210,1.02 [1.00-1.04],0.1048205297838381
ERBIN,Erbin,Chapter XIII Diseases of the musculoskeletal system and connective tissue,Disorders of continuity of bone,22561,91,0.85 [0.71-1.02],0.0773567396585408
ERBIN,Erbin,Chapter XIII Diseases of the musculoskeletal system and connective tissue,Disorders of muscles,20461,166,0.85 [0.74-0.97],0.0166906112749581
ERBIN,Erbin,Chapter XIII Diseases of the musculoskeletal system and connective tissue,Disorders of synovium and tendon,20729,434,1.02 [0.94-1.11],0.6347085579008547
ERBIN,Erbin,Chapter XIII Diseases of the musculoskeletal system and connective tissue,Dorsopathies,22805,2231,1.01 [0.97-1.05],0.6275609383572378
ERBIN,Erbin,Chapter XIII Diseases of the musculoskeletal system and connective tissue,Fibroblastic disorders,20655,360,0.97 [0.88-1.06],0.4901627050464501
ERBIN,Erbin,Chapter XIII Diseases of the musculoskeletal system and connective tissue,Fibromyalgia,20345,50,1.42 [1.10-1.83],0.0067177231507468
ERBIN,Erbin,Chapter XIII Diseases of the musculoskeletal system and connective tissue,Ganglion,20389,94,1.00 [0.84-1.20],0.9787796576549762
ERBIN,Erbin,Chapter XIII Diseases of the musculoskeletal system and connective tissue,Giant cell arteritis,23301,29,1.15 [0.83-1.59],0.4087846237977729
ERBIN,Erbin,Chapter XIII Diseases of the musculoskeletal system and connective tissue,Gonarthrosis,18260,1450,1.03 [0.98-1.07],0.2585665315288478
ERBIN,Erbin,Chapter XIII Diseases of the musculoskeletal system and connective tissue,Gout,17779,969,1.03 [0.97-1.09],0.3274550753230525
ERBIN,Erbin,Chapter XIII Diseases of the musculoskeletal system and connective tissue,"Gout, unspecified",23480,957,1.03 [0.98-1.09],0.2793595346783879
ERBIN,Erbin,Chapter XIII Diseases of the musculoskeletal system and connective tissue,Hallux rigidus,16858,48,0.91 [0.71-1.16],0.4429356861643615
ERBIN,Erbin,Chapter XIII Diseases of the musculoskeletal system and connective tissue,Hallux valgus (acquired),16889,79,1.00 [0.82-1.21],0.9985245946958832
ERBIN,Erbin,Chapter XIII Diseases of the musculoskeletal system and connective tissue,Impingement syndrome of shoulder,20565,270,0.99 [0.89-1.10],0.8562205730851034
ERBIN,Erbin,Chapter XIII Diseases of the musculoskeletal system and connective tissue,Internal derangement of knee,17431,621,1.02 [0.95-1.09],0.5532768349927377
ERBIN,Erbin,Chapter XIII Diseases of the musculoskeletal system and connective tissue,Kyphosis,20614,40,1.10 [0.84-1.44],0.5019056587564115
ERBIN,Erbin,Chapter XIII Diseases of the musculoskeletal system and connective tissue,Low back pain,21103,529,1.01 [0.94-1.09],0.8276417535080869
ERBIN,Erbin,Chapter XIII Diseases of the musculoskeletal system and connective tissue,Lumbar disc prolapse,20843,269,1.01 [0.91-1.13],0.7878861134644565
ERBIN,Erbin,Chapter XIII Diseases of the musculoskeletal system and connective tissue,Meniscus derangement,17393,583,1.00 [0.94-1.08],0.9096969289683772
ERBIN,Erbin,Chapter XIII Diseases of the musculoskeletal system and connective tissue,Myalgia,20361,66,1.10 [0.89-1.36],0.3761387470814681
ERBIN,Erbin,Chapter XIII Diseases of the musculoskeletal system and connective tissue,"Neuralgia and neuritis, unspecified",20349,54,1.05 [0.83-1.33],0.6575677364771111
ERBIN,Erbin,Chapter XIII Diseases of the musculoskeletal system and connective tissue,Osteomyelitis,22562,92,0.98 [0.82-1.17],0.7879585735048906
ERBIN,Erbin,Chapter XIII Diseases of the musculoskeletal system and connective tissue,Osteopathies and chondropathies,23328,858,0.96 [0.90-1.02],0.1508504958601396
ERBIN,Erbin,Chapter XIII Diseases of the musculoskeletal system and connective tissue,Osteoporosis,22869,399,0.93 [0.85-1.01],0.090854144645374
ERBIN,Erbin,Chapter XIII Diseases of the musculoskeletal system and connective tissue,"Other (seronegative) rheumatoid arthritis, wide",23535,285,1.07 [0.97-1.19],0.1881444280143855
ERBIN,Erbin,Chapter XIII Diseases of the musculoskeletal system and connective tissue,Other arthrosis,18674,1864,1.04 [1.00-1.08],0.0673837353138866
ERBIN,Erbin,Chapter XIII Diseases of the musculoskeletal system and connective tissue,Other articular cartilage disorders,16862,52,0.85 [0.67-1.07],0.1670250462428956
ERBIN,Erbin,Chapter XIII Diseases of the musculoskeletal system and connective tissue,Other bursopathies,20378,83,1.08 [0.89-1.31],0.4197477671200564
ERBIN,Erbin,Chapter XIII Diseases of the musculoskeletal system and connective tissue,Other crystal arthropathies,16865,55,1.04 [0.82-1.31],0.7634693563007425
ERBIN,Erbin,Chapter XIII Diseases of the musculoskeletal system and connective tissue,Other deformities of toe(s),16855,45,0.89 [0.69-1.15],0.3614124579995618
ERBIN,Erbin,Chapter XIII Diseases of the musculoskeletal system and connective tissue,Other disorders of bone,22656,186,1.01 [0.89-1.15],0.8675100046612007
ERBIN,Erbin,Chapter XIII Diseases of the musculoskeletal system and connective tissue,Other disorders of bone density and structure,22631,161,0.97 [0.84-1.11],0.6348734046512705
ERBIN,Erbin,Chapter XIII Diseases of the musculoskeletal system and connective tissue,Other disorders of the musculoskeletal system and connective tissue,23582,86,1.06 [0.88-1.28],0.5183824661809858
ERBIN,Erbin,Chapter XIII Diseases of the musculoskeletal system and connective tissue,"Other dorsopathies, not elsewhere classified",22102,1528,1.02 [0.97-1.06],0.4143248237369203
ERBIN,Erbin,Chapter XIII Diseases of the musculoskeletal system and connective tissue,Other enthesopathies,20362,67,1.09 [0.88-1.35],0.4085284826174068
ERBIN,Erbin,Chapter XIII Diseases of the musculoskeletal system and connective tissue,Other hammer toe(s) (acquired),16850,40,1.04 [0.79-1.37],0.7723846483884851
ERBIN,Erbin,Chapter XIII Diseases of the musculoskeletal system and connective tissue,Other intervertebral disc disorders,21190,616,1.02 [0.95-1.10],0.526261386531395
ERBIN,Erbin,Chapter XIII Diseases of the musculoskeletal system and connective tissue,Other joint disorders,18503,1693,1.00 [0.96-1.05],0.9068194396080682
ERBIN,Erbin,Chapter XIII Diseases of the musculoskeletal system and connective tissue,Other necrotizing vasculopathies,23326,54,1.16 [0.92-1.48],0.2093630438924472
ERBIN,Erbin,Chapter XIII Diseases of the musculoskeletal system and connective tissue,Other psoriatic arthropathies,23599,62,1.25 [1.00-1.56],0.0511299478381151
ERBIN,Erbin,Chapter XIII Diseases of the musculoskeletal system and connective tissue,Other shoulder lesions,20375,80,0.96 [0.79-1.17],0.6982329510759744
ERBIN,Erbin,Chapter XIII Diseases of the musculoskeletal system and connective tissue,"Other soft tissue disorders, not elsewhere classified",21273,978,1.05 [0.99-1.11],0.1015636474040424
ERBIN,Erbin,Chapter XIII Diseases of the musculoskeletal system and connective tissue,Other specified disorders of muscle,20390,95,0.81 [0.68-0.97],0.0201402686589847
ERBIN,Erbin,Chapter XIII Diseases of the musculoskeletal system and connective tissue,Other specified/unspecified arthritis,18010,1200,1.00 [0.95-1.05],0.9117339808646449
ERBIN,Erbin,Chapter XIII Diseases of the musculoskeletal system and connective tissue,Other specified/unspecified disorders of  bone/cartilage,22555,85,0.98 [0.82-1.18],0.8529440465320087
ERBIN,Erbin,Chapter XIII Diseases of the musculoskeletal system and connective tissue,Other specified/unspecified disorders of synovium and tendon +Other specified/unspecified bursopathies,20339,44,1.16 [0.89-1.52],0.2621220716139812
ERBIN,Erbin,Chapter XIII Diseases of the musculoskeletal system and connective tissue,Other specified/unspecified inflammatory spondylopathies,20685,111,0.96 [0.81-1.13],0.6005214443448462
ERBIN,Erbin,Chapter XIII Diseases of the musculoskeletal system and connective tissue,Other specified/unspecified soft tissue disorders,20795,500,0.98 [0.91-1.06],0.6242549191708258
ERBIN,Erbin,Chapter XIII Diseases of the musculoskeletal system and connective tissue,Other systemic involvement of connective tissue,23463,191,1.03 [0.91-1.17],0.6132315827372259
ERBIN,Erbin,Chapter XIII Diseases of the musculoskeletal system and connective tissue,Other/unspecified dorsalgia,21058,484,1.02 [0.95-1.11],0.5683079012309106
ERBIN,Erbin,Chapter XIII Diseases of the musculoskeletal system and connective tissue,Other/unspecified rheumatoid arthritis,23544,280,1.06 [0.95-1.17],0.2852420406053856
ERBIN,Erbin,Chapter XIII Diseases of the musculoskeletal system and connective tissue,Other/unspecified seropositive rheumatoid arthritis,23601,37,1.24 [0.93-1.65],0.1501865641070667
ERBIN,Erbin,Chapter XIII Diseases of the musculoskeletal system and connective tissue,Other/unspecified synovitis and tenosynovitis,20444,149,0.94 [0.82-1.08],0.3980234657467018
ERBIN,Erbin,Chapter XIII Diseases of the musculoskeletal system and connective tissue,Pain in joint,19351,570,1.03 [0.95-1.10],0.5063049910313202
ERBIN,Erbin,Chapter XIII Diseases of the musculoskeletal system and connective tissue,Pain in limb,20778,483,1.04 [0.96-1.12],0.3827198103679555
ERBIN,Erbin,Chapter XIII Diseases of the musculoskeletal system and connective tissue,Palmar fascial fibromatosis [Dupuytren],20620,325,0.95 [0.86-1.04],0.2554627609744856
ERBIN,Erbin,Chapter XIII Diseases of the musculoskeletal system and connective tissue,"Polyarthritis, unspecified",16840,30,1.11 [0.81-1.52],0.5353107839148753
ERBIN,Erbin,Chapter XIII Diseases of the musculoskeletal system and connective tissue,Polyarthropathies,19062,2252,1.03 [0.99-1.06],0.1793857488311484
ERBIN,Erbin,Chapter XIII Diseases of the musculoskeletal system and connective tissue,Polyarthrosis,17254,444,0.94 [0.87-1.03],0.172088737150112
ERBIN,Erbin,Chapter XIII Diseases of the musculoskeletal system and connective tissue,Polymyalgia rheumatica,23434,162,0.98 [0.86-1.13],0.8263873664998178
ERBIN,Erbin,Chapter XIII Diseases of the musculoskeletal system and connective tissue,"Postprocedural musculoskeletal disorders, not elsewhere classified",23543,47,1.00 [0.78-1.28],0.9845548842824696
ERBIN,Erbin,Chapter XIII Diseases of the musculoskeletal system and connective tissue,"Primary gonarthrosis, bilateral",21648,45,1.12 [0.86-1.45],0.4059610393271585
ERBIN,Erbin,Chapter XIII Diseases of the musculoskeletal system and connective tissue,Psoriatic arthropathies,16874,64,1.25 [1.00-1.55],0.0490960002757761
ERBIN,Erbin,Chapter XIII Diseases of the musculoskeletal system and connective tissue,Radiculopathy,20662,88,0.99 [0.82-1.19],0.8926531821736173
ERBIN,Erbin,Chapter XIII Diseases of the musculoskeletal system and connective tissue,Rheumatoid arthritis,17102,292,1.07 [0.97-1.18],0.1986900697745772
ERBIN,Erbin,Chapter XIII Diseases of the musculoskeletal system and connective tissue,Rotator cuff syndrome,20568,273,1.08 [0.97-1.20],0.1763295532310812
ERBIN,Erbin,Chapter XIII Diseases of the musculoskeletal system and connective tissue,Sciatica+with lumbago,20788,214,1.10 [0.97-1.23],0.1340590877208818
ERBIN,Erbin,Chapter XIII Diseases of the musculoskeletal system and connective tissue,Scoliosis,20665,91,0.96 [0.80-1.16],0.6930314631280081
ERBIN,Erbin,Chapter XIII Diseases of the musculoskeletal system and connective tissue,Seronegative rheumatoid arthritis,18751,29,1.35 [0.97-1.87],0.0746119176953938
ERBIN,Erbin,Chapter XIII Diseases of the musculoskeletal system and connective tissue,"Seropositive rheumatoid arthritis, wide",23603,39,1.21 [0.92-1.61],0.1755490214904706
ERBIN,Erbin,Chapter XIII Diseases of the musculoskeletal system and connective tissue,Shoulder lesions,20821,526,1.01 [0.94-1.09],0.70792997432502
ERBIN,Erbin,Chapter XIII Diseases of the musculoskeletal system and connective tissue,Sicca syndrome [Sjgren],23290,18,1.06 [0.71-1.60],0.7727628279982458
ERBIN,Erbin,Chapter XIII Diseases of the musculoskeletal system and connective tissue,Soft tissue disorders,22552,2257,1.01 [0.98-1.05],0.463993681578097
ERBIN,Erbin,Chapter XIII Diseases of the musculoskeletal system and connective tissue,"Soft tissue disorders related to use, overuse and pressure",20398,103,1.09 [0.92-1.30],0.312145136019879
ERBIN,Erbin,Chapter XIII Diseases of the musculoskeletal system and connective tissue,Spinal stenosis,21076,502,1.01 [0.94-1.09],0.7740104620409233
ERBIN,Erbin,Chapter XIII Diseases of the musculoskeletal system and connective tissue,Spondyloarthritis,22570,196,0.98 [0.87-1.11],0.8048022220713679
ERBIN,Erbin,Chapter XIII Diseases of the musculoskeletal system and connective tissue,Spondylolisthesis/Spondylolysis,20703,129,0.96 [0.82-1.12],0.575089354865787
ERBIN,Erbin,Chapter XIII Diseases of the musculoskeletal system and connective tissue,Spondylopathies,21881,1307,1.01 [0.96-1.06],0.8180292266180699
ERBIN,Erbin,Chapter XIII Diseases of the musculoskeletal system and connective tissue,Spondylosis,21391,817,1.01 [0.95-1.07],0.7773612440910378
ERBIN,Erbin,Chapter XIII Diseases of the musculoskeletal system and connective tissue,Synovial cyst of popliteal space [Baker],20338,43,1.06 [0.81-1.38],0.6679836242706276
ERBIN,Erbin,Chapter XIII Diseases of the musculoskeletal system and connective tissue,Systemic lupus erythematosus,23311,39,1.46 [1.10-1.95],0.0088634287584427
ERBIN,Erbin,Chapter XIII Diseases of the musculoskeletal system and connective tissue,Trigger finger,20415,120,1.16 [0.99-1.36],0.0716947886403945
ERBIN,Erbin,Chapter XIII Diseases of the musculoskeletal system and connective tissue,Trochanteric bursitis,20317,22,0.88 [0.60-1.27],0.483822161149421
ERBIN,Erbin,Chapter XIII Diseases of the musculoskeletal system and connective tissue,Wrist or foot drop (acquired),16870,60,0.94 [0.75-1.17],0.5826454176442413
ERBIN,Erbin,Chapter XIV Diseases of the genitourinary system,Acute renal failure,22616,1857,0.98 [0.94-1.02],0.3094144584615084
ERBIN,Erbin,Chapter XIV Diseases of the genitourinary system,Calculus of kidney and ureter,23151,403,0.98 [0.90-1.07],0.6050718846881628
ERBIN,Erbin,Chapter XIV Diseases of the genitourinary system,Calculus of lower urinary tract,22887,139,0.96 [0.83-1.11],0.5976201335496452
ERBIN,Erbin,Chapter XIV Diseases of the genitourinary system,Chronic kidney disease,22291,1532,0.93 [0.89-0.98],0.0026071497076461
ERBIN,Erbin,Chapter XIV Diseases of the genitourinary system,Chronic nephritic syndrome,23360,85,0.87 [0.72-1.04],0.1320696089588494
ERBIN,Erbin,Chapter XIV Diseases of the genitourinary system,Cyst of kidney,23339,359,0.97 [0.89-1.06],0.5235714922659198
ERBIN,Erbin,Chapter XIV Diseases of the genitourinary system,Cystitis,20771,212,1.04 [0.93-1.17],0.4903143307783996
ERBIN,Erbin,Chapter XIV Diseases of the genitourinary system,Dialysis,20866,107,1.00 [0.85-1.18],0.9993782211773812
ERBIN,Erbin,Chapter XIV Diseases of the genitourinary system,Diseases of male genital organs,22345,3304,1.01 [0.98-1.04],0.4471645177703491
ERBIN,Erbin,Chapter XIV Diseases of the genitourinary system,Genitourinary diseases,21260,5545,0.99 [0.96-1.01],0.2531153803325674
ERBIN,Erbin,Chapter XIV Diseases of the genitourinary system,Glomerular disorders in diseases classified elsewhere,23378,103,1.05 [0.89-1.25],0.5447001766071188
ERBIN,Erbin,Chapter XIV Diseases of the genitourinary system,Hydrocele,19247,206,0.96 [0.85-1.08],0.4721697234071303
ERBIN,Erbin,Chapter XIV Diseases of the genitourinary system,Hydronephrosis,20865,365,1.06 [0.97-1.17],0.1767492314382635
ERBIN,Erbin,Chapter XIV Diseases of the genitourinary system,Hyperplasia of prostate,21631,2590,1.01 [0.98-1.05],0.4351890918422016
ERBIN,Erbin,Chapter XIV Diseases of the genitourinary system,Inflammatory diseases of prostate (prostatitis),19273,232,0.96 [0.86-1.08],0.4952003856381785
ERBIN,Erbin,Chapter XIV Diseases of the genitourinary system,Neuromuscular dysfunction of bladder,20637,78,0.89 [0.73-1.08],0.2261418850539212
ERBIN,Erbin,Chapter XIV Diseases of the genitourinary system,Orchitis and epididymitis,19150,109,0.93 [0.79-1.10],0.3881613270541806
ERBIN,Erbin,Chapter XIV Diseases of the genitourinary system,"Other chronic cystitis, drug-induced",23604,61,0.97 [0.78-1.21],0.7979572207672008
ERBIN,Erbin,Chapter XIV Diseases of the genitourinary system,"Other cystitis, drug-induced",23609,58,0.89 [0.72-1.12],0.3313721850316056
ERBIN,Erbin,Chapter XIV Diseases of the genitourinary system,Other diseases of urinary system,22794,2235,0.99 [0.96-1.03],0.7171230784863009
ERBIN,Erbin,Chapter XIV Diseases of the genitourinary system,Other disorders of  bladder,21501,942,0.98 [0.93-1.04],0.5750240333303434
ERBIN,Erbin,Chapter XIV Diseases of the genitourinary system,Other disorders of kidney and ureter,23544,564,0.96 [0.90-1.04],0.3279335730586295
ERBIN,Erbin,Chapter XIV Diseases of the genitourinary system,Other disorders of male genital organs,19351,310,0.98 [0.89-1.08],0.6466021112698241
ERBIN,Erbin,Chapter XIV Diseases of the genitourinary system,Other disorders of penis,19321,280,1.00 [0.90-1.11],0.9616304008431876
ERBIN,Erbin,Chapter XIV Diseases of the genitourinary system,Other disorders of prostate,19271,230,0.95 [0.85-1.07],0.3860469117989829
ERBIN,Erbin,Chapter XIV Diseases of the genitourinary system,Other disorders of the genitourinary system,23599,47,1.00 [0.78-1.29],0.9998814193904164
ERBIN,Erbin,Chapter XIV Diseases of the genitourinary system,Other disorders of urethra and urinary system,22086,1527,1.00 [0.95-1.04],0.8337027600266935
ERBIN,Erbin,Chapter XIV Diseases of the genitourinary system,Other obstructive and reflux uropathy,20909,409,1.05 [0.96-1.14],0.3066913194391599
ERBIN,Erbin,Chapter XIV Diseases of the genitourinary system,Other specified disorders of kidney and ureter,23170,190,0.91 [0.80-1.03],0.1441386638847252
ERBIN,Erbin,Chapter XIV Diseases of the genitourinary system,Recurrent and persistent haematuria,23334,59,0.94 [0.75-1.17],0.5763149456078163
ERBIN,Erbin,Chapter XIV Diseases of the genitourinary system,"Redundant prepuce, phimosis and paraphimosis",19303,262,0.98 [0.88-1.09],0.7182152874286999
ERBIN,Erbin,Chapter XIV Diseases of the genitourinary system,Renal tubulo-interstitial diseases,23313,2813,0.97 [0.94-1.01],0.1055945718384117
ERBIN,Erbin,Chapter XIV Diseases of the genitourinary system,"Tubulo-interstitial nephritis, not specified as acute or chronic",20570,70,1.00 [0.81-1.23],0.973555127288452
ERBIN,Erbin,Chapter XIV Diseases of the genitourinary system,Unspecified kidney failure,20917,158,0.86 [0.75-0.99],0.0326814856183525
ERBIN,Erbin,Chapter XIV Diseases of the genitourinary system,Unspecified renal colic,22823,75,1.08 [0.88-1.32],0.4619750739047348
ERBIN,Erbin,Chapter XIV Diseases of the genitourinary system,Urethral stricture,20854,295,0.95 [0.86-1.05],0.3069112793955297
ERBIN,Erbin,Chapter XIV Diseases of the genitourinary system,Urolithiasis,23266,518,0.96 [0.89-1.04],0.3140903550123375
