Protein,Protein_definition,Disease_category,Disease,NB_individual,NB_case,HR[95%CI],P_value
BTD,Biotinidase,Chapter I Certain infectious and parasitic diseases,"Bacterial infection, other or unspecified",19616,140,0.40 [0.19-0.84],0.0151602481765773
BTD,Biotinidase,Chapter I Certain infectious and parasitic diseases,"Bacterial intestinal infections, IBD co-morbidities",20462,157,1.17 [0.55-2.49],0.6784190408597922
BTD,Biotinidase,Chapter I Certain infectious and parasitic diseases,"Bacterial, viral and other infectious agents",20251,1171,0.75 [0.58-0.99],0.0402564650742322
BTD,Biotinidase,Chapter I Certain infectious and parasitic diseases,Candidiasis,20474,311,0.78 [0.46-1.32],0.3566888074698644
BTD,Biotinidase,Chapter I Certain infectious and parasitic diseases,Certain infectious and parasitic diseases,19868,2906,0.93 [0.78-1.11],0.4099125578818212
BTD,Biotinidase,Chapter I Certain infectious and parasitic diseases,Condition for Implicit Sepsis (Organ dysfunction codes),19866,2946,0.72 [0.60-0.85],0.0001194529061867
BTD,Biotinidase,Chapter I Certain infectious and parasitic diseases,Diarrhoea and gastroenteritis of presumed infectious origin,20292,877,0.98 [0.71-1.34],0.8862054555727541
BTD,Biotinidase,Chapter I Certain infectious and parasitic diseases,Enterocolitis due to Clostridium difficile,20414,69,1.51 [0.48-4.75],0.481802320237902
BTD,Biotinidase,Chapter I Certain infectious and parasitic diseases,Explicit Sepsis,18578,913,0.64 [0.47-0.86],0.0036224396163729
BTD,Biotinidase,Chapter I Certain infectious and parasitic diseases,Implicit bacterial Sepsis,17906,1002,0.60 [0.45-0.80],0.0004535458905932
BTD,Biotinidase,Chapter I Certain infectious and parasitic diseases,Implicit fungal Sepsis,17727,205,0.74 [0.39-1.42],0.3717989519160687
BTD,Biotinidase,Chapter I Certain infectious and parasitic diseases,Implicit Sepsis,14397,1911,0.72 [0.58-0.89],0.0023244131380507
BTD,Biotinidase,Chapter I Certain infectious and parasitic diseases,Implicit viral Sepsis,17671,336,1.01 [0.60-1.69],0.9848681516696408
BTD,Biotinidase,Chapter I Certain infectious and parasitic diseases,Intestinal infectious diseases,20465,1050,1.03 [0.77-1.37],0.8579105852449692
BTD,Biotinidase,Chapter I Certain infectious and parasitic diseases,Mycoses,20551,388,0.67 [0.42-1.07],0.0936656626063722
BTD,Biotinidase,Chapter I Certain infectious and parasitic diseases,Other bacterial agents as the cause of diseases classified to other chapters,19815,735,0.58 [0.42-0.81],0.0015759125534885
BTD,Biotinidase,Chapter I Certain infectious and parasitic diseases,Other bacterial diseases,20485,1009,0.63 [0.48-0.84],0.0017463926232833
BTD,Biotinidase,Chapter I Certain infectious and parasitic diseases,Other bacterial intestinal infections,19574,159,1.15 [0.55-2.43],0.7099660283122314
BTD,Biotinidase,Chapter I Certain infectious and parasitic diseases,Other infectious diseases,20586,42,0.61 [0.15-2.48],0.4906226120967658
BTD,Biotinidase,Chapter I Certain infectious and parasitic diseases,Other septicaemia,20353,877,0.69 [0.51-0.93],0.0168839424942487
BTD,Biotinidase,Chapter I Certain infectious and parasitic diseases,Other specified/unspecified bacterial intestinal infections,20400,55,1.28 [0.36-4.63],0.7038473389180498
BTD,Biotinidase,Chapter I Certain infectious and parasitic diseases,Other viral diseases,20526,100,1.22 [0.48-3.12],0.6721367113936227
BTD,Biotinidase,Chapter I Certain infectious and parasitic diseases,"Other viral diseases, not elsewhere classified",20511,85,1.18 [0.43-3.26],0.7433154792396988
BTD,Biotinidase,Chapter I Certain infectious and parasitic diseases,Streptococcus and staphylococcus as the cause of diseases classified to other chapters,19482,402,0.83 [0.52-1.32],0.4326090320660091
BTD,Biotinidase,Chapter I Certain infectious and parasitic diseases,Viral agents as the cause of diseases classified to other chapters,19319,239,1.07 [0.58-1.97],0.8264711298400929
BTD,Biotinidase,Chapter I Certain infectious and parasitic diseases,Viral and other specified intestinal infections,19485,70,1.76 [0.56-5.51],0.3322590714565974
BTD,Biotinidase,Chapter I Certain infectious and parasitic diseases,Viral hepatitis,20568,59,0.95 [0.28-3.20],0.9305761698656054
BTD,Biotinidase,Chapter I Certain infectious and parasitic diseases,Viral infections characterized by skin and mucous membrane lesions,20536,127,1.47 [0.63-3.42],0.371489893242414
BTD,Biotinidase,Chapter I Certain infectious and parasitic diseases,Viral warts,20456,47,1.25 [0.32-4.95],0.7513648346913374
BTD,Biotinidase,Chapter I Certain infectious and parasitic diseases,Zoster [herpes zoster],20455,46,1.90 [0.46-7.92],0.3757344451147677
BTD,Biotinidase,Chapter II Neoplasms,Benign lipomatous neoplasm,20319,301,1.18 [0.69-2.02],0.5514645368487026
BTD,Biotinidase,Chapter II Neoplasms,Benign lipomatous neoplasm of skin and subcutaneous tissue of limbs,20527,43,2.05 [0.48-8.78],0.3346324424189596
BTD,Biotinidase,Chapter II Neoplasms,Benign lipomatous neoplasm of skin and subcutaneous tissue of trunk,20492,50,2.02 [0.53-7.69],0.3036126545869547
BTD,Biotinidase,Chapter II Neoplasms,Benign lipomatous neoplasm of spermatic cord,20547,107,0.70 [0.29-1.69],0.422611872508659
BTD,Biotinidase,Chapter II Neoplasms,"Benign neoplasm of colon, rectum, anus and anal canal",20263,1417,1.73 [1.34-2.23],2.2118894733623204e-05
BTD,Biotinidase,Chapter II Neoplasms,Benign neoplasm of meninges,20585,27,0.75 [0.34-1.65],0.4709846235000426
BTD,Biotinidase,Chapter II Neoplasms,Benign neoplasm of other and ill-defined parts of digestive system,20532,59,0.81 [0.24-2.72],0.7387268828598904
BTD,Biotinidase,Chapter II Neoplasms,Benign neoplasm of other and unspecified endocrine glands,20572,67,0.49 [0.17-1.45],0.1987987953600375
BTD,Biotinidase,Chapter II Neoplasms,Benign neoplasm: Ascending colon,20564,394,1.49 [0.92-2.41],0.1030888798411357
BTD,Biotinidase,Chapter II Neoplasms,Benign neoplasm: Caecum,20567,294,1.76 [1.01-3.08],0.0464381857382031
BTD,Biotinidase,Chapter II Neoplasms,"Benign neoplasm: Colon, unspecified",20473,67,1.34 [0.42-4.26],0.6165835563472455
BTD,Biotinidase,Chapter II Neoplasms,Benign neoplasm: Descending colon,20559,247,2.73 [1.49-4.99],0.0010992524216912
BTD,Biotinidase,Chapter II Neoplasms,Benign neoplasm: Rectum,20522,365,1.40 [0.85-2.29],0.1867819981611216
BTD,Biotinidase,Chapter II Neoplasms,Benign neoplasm: Sigmoid colon,20479,641,1.36 [0.94-1.97],0.1073224124660798
BTD,Biotinidase,Chapter II Neoplasms,Benign neoplasm: Transverse colon,20550,481,2.28 [1.48-3.53],0.0002088551252466
BTD,Biotinidase,Chapter II Neoplasms,"Chronic lymphocytic leukaemia and small lyphocytis leukaemia, excluding all cancers (controls excluding all cancers)",16032,63,1.14 [0.35-3.72],0.8303702981238492
BTD,Biotinidase,Chapter II Neoplasms,"Diffuse large B-cell lymphoma, excluding all cancers (controls excluding all cancers)",16031,62,0.38 [0.12-1.16],0.0886521211322279
BTD,Biotinidase,Chapter II Neoplasms,"Haemangioma and lymphangioma, any site",20556,79,0.32 [0.12-0.83],0.0186987458078502
BTD,Biotinidase,Chapter II Neoplasms,"Haemangioma, any site",20556,76,0.31 [0.12-0.82],0.0180137556835085
BTD,Biotinidase,Chapter II Neoplasms,Lung cancer and mesothelioma,13723,308,0.70 [0.41-1.20],0.1952962325362949
BTD,Biotinidase,Chapter II Neoplasms,Lymphoid leukaemia,16027,58,1.04 [0.30-3.60],0.9486897508327754
BTD,Biotinidase,Chapter II Neoplasms,"Malignant melanoma of skin, excluding all cancers (controls excluding all cancers)",16135,166,0.95 [0.46-1.95],0.8821554000085072
BTD,Biotinidase,Chapter II Neoplasms,"Malignant neoplasm of bladder, excluding all cancers (controls excluding all cancers)",16213,244,1.59 [0.86-2.92],0.1359312115933109
BTD,Biotinidase,Chapter II Neoplasms,"Malignant neoplasm of intrahepatic ducts, biliary tract and gallbladder, excluding all cancers (controls excluding all cancers)",16049,80,0.34 [0.13-0.88],0.0269330839020456
BTD,Biotinidase,Chapter II Neoplasms,"Malignant neoplasm of kidney, except renal pelvis, excluding all cancers (controls excluding all cancers)",16083,114,1.29 [0.53-3.11],0.5745327022864831
BTD,Biotinidase,Chapter II Neoplasms,"Malignant neoplasm of oesophagus, excluding all cancers (controls excluding all cancers)",16097,128,1.37 [0.60-3.12],0.4581756786603006
BTD,Biotinidase,Chapter II Neoplasms,"Malignant neoplasm of pancreas, excluding all cancers (controls excluding all cancers)",16039,70,0.36 [0.13-1.00],0.0504251273374123
BTD,Biotinidase,Chapter II Neoplasms,"Malignant neoplasm of prostate, excluding all cancers (controls excluding all cancers)",17146,1177,0.94 [0.71-1.23],0.6456603515762613
BTD,Biotinidase,Chapter II Neoplasms,"Malignant neoplasm of rectum, excluding all cancers (controls excluding all cancers)",16096,127,1.95 [0.84-4.54],0.1224201616924019
BTD,Biotinidase,Chapter II Neoplasms,"Malignant neoplasm of stomach, excluding all cancers (controls excluding all cancers)",16066,97,1.40 [0.53-3.64],0.4963840217417657
BTD,Biotinidase,Chapter II Neoplasms,Malignant neoplasms of independent (primary) multiple sites,16076,107,0.54 [0.22-1.28],0.1605074544616599
BTD,Biotinidase,Chapter II Neoplasms,Melanocytic naevi,20483,148,1.42 [0.66-3.08],0.3729488565136636
BTD,Biotinidase,Chapter II Neoplasms,Melanocytic naevi of trunk,20559,86,2.42 [0.88-6.71],0.0884475670205816
BTD,Biotinidase,Chapter II Neoplasms,Melanoma in situ,15998,64,1.43 [0.43-4.75],0.5605223554119314
BTD,Biotinidase,Chapter II Neoplasms,"Non-follicular lymphoma, hilmo, excluding all cancers",16057,88,0.38 [0.15-0.97],0.0427831416261185
BTD,Biotinidase,Chapter II Neoplasms,"Non-Hodgkin lymphoma, all, excluding all cancers (controls excluding all cancers)",16113,144,0.83 [0.38-1.79],0.6366176252831728
BTD,Biotinidase,Chapter II Neoplasms,"Non-small cell lung cancer, excluding all cancers (controls excluding all cancers)",16168,199,1.04 [0.54-1.98],0.9117826673397526
BTD,Biotinidase,Chapter II Neoplasms,"Other and unspecified types of non-Hodgkin lymphoma, hilmo, excluding all cancers",16059,90,0.94 [0.35-2.50],0.8987980228691914
BTD,Biotinidase,Chapter II Neoplasms,Other benign neoplasms of skin,20474,125,2.09 [0.89-4.88],0.0894265923566368
BTD,Biotinidase,Chapter II Neoplasms,"Other malignant neoplasms of skin (=non-melanoma skin cancer), excluding all cancers (controls excluding all cancers)",16997,1028,0.81 [0.61-1.08],0.1583140179237377
BTD,Biotinidase,Chapter II Neoplasms,"Squamous cell neoplasms and carcinomas of the skin, excluding all cancers (controls excluding all cancers)",17057,1088,0.83 [0.63-1.10],0.1895152435417871
BTD,Biotinidase,Chapter III Diseases of the blood and blood-forming organs and certain disorders involving the immune mechanism,Agranulocytosis,20352,254,0.80 [0.45-1.42],0.438393075598616
BTD,Biotinidase,Chapter III Diseases of the blood and blood-forming organs and certain disorders involving the immune mechanism,Anaemia in chronic diseases classified elsewhere,19132,68,0.68 [0.22-2.07],0.4981771706150592
BTD,Biotinidase,Chapter III Diseases of the blood and blood-forming organs and certain disorders involving the immune mechanism,Diseases of spleen,20156,58,0.84 [0.25-2.83],0.7822906105834471
BTD,Biotinidase,Chapter III Diseases of the blood and blood-forming organs and certain disorders involving the immune mechanism,Diseases of the blood and blood-forming organs and certain disorders involving the immune mechanism,20136,2331,0.70 [0.58-0.85],0.000305326410405
BTD,Biotinidase,Chapter III Diseases of the blood and blood-forming organs and certain disorders involving the immune mechanism,Folate deficiency anaemia,19528,54,1.42 [0.39-5.17],0.597650158053054
BTD,Biotinidase,Chapter III Diseases of the blood and blood-forming organs and certain disorders involving the immune mechanism,Idiopathic thrombocytopenic purpura,20227,43,0.36 [0.10-1.37],0.133745869556535
BTD,Biotinidase,Chapter III Diseases of the blood and blood-forming organs and certain disorders involving the immune mechanism,Other anaemias,20292,1228,0.74 [0.57-0.97],0.0261896456006787
BTD,Biotinidase,Chapter III Diseases of the blood and blood-forming organs and certain disorders involving the immune mechanism,Other and unspecified anaemias,20290,1226,0.74 [0.57-0.97],0.0270619895632132
BTD,Biotinidase,Chapter III Diseases of the blood and blood-forming organs and certain disorders involving the immune mechanism,Other and unspecified aplastic anaemias,19144,80,2.17 [0.74-6.36],0.158549216527014
BTD,Biotinidase,Chapter III Diseases of the blood and blood-forming organs and certain disorders involving the immune mechanism,Other and unspecified iron deficiency,20395,921,0.75 [0.55-1.01],0.0621917940654117
BTD,Biotinidase,Chapter III Diseases of the blood and blood-forming organs and certain disorders involving the immune mechanism,Other coagulation defects,20278,94,0.64 [0.25-1.64],0.3532331459273258
BTD,Biotinidase,Chapter III Diseases of the blood and blood-forming organs and certain disorders involving the immune mechanism,Other diseases of blood and blood-forming organs,20160,62,0.62 [0.20-1.92],0.409099444828594
BTD,Biotinidase,Chapter III Diseases of the blood and blood-forming organs and certain disorders involving the immune mechanism,Other disorders of white blood cells,20153,55,0.82 [0.24-2.88],0.7617680362305823
BTD,Biotinidase,Chapter III Diseases of the blood and blood-forming organs and certain disorders involving the immune mechanism,Purpura and other haemorrhagic conditions,20443,259,0.55 [0.32-0.97],0.0384193729223956
BTD,Biotinidase,Chapter III Diseases of the blood and blood-forming organs and certain disorders involving the immune mechanism,Sarcoidosis,20504,40,0.36 [0.09-1.42],0.1449753564463174
BTD,Biotinidase,Chapter III Diseases of the blood and blood-forming organs and certain disorders involving the immune mechanism,"Thrombocytopenia, unspecified",20394,210,0.57 [0.31-1.07],0.0791049556862688
BTD,Biotinidase,Chapter III Diseases of the blood and blood-forming organs and certain disorders involving the immune mechanism,Vitamin B12 deficiency anaemia,19536,62,0.65 [0.20-2.11],0.4762158884748281
BTD,Biotinidase,"Chapter IV Endocrine, nutritional and metabolic diseases",Acidosis,15247,310,0.63 [0.38-1.06],0.082240520786305
BTD,Biotinidase,"Chapter IV Endocrine, nutritional and metabolic diseases",Acute alcohol intoxication,18807,138,1.27 [0.57-2.83],0.5664565118041143
BTD,Biotinidase,"Chapter IV Endocrine, nutritional and metabolic diseases",Alcohol dependence,18836,167,2.82 [1.33-5.96],0.0066610086934639
BTD,Biotinidase,"Chapter IV Endocrine, nutritional and metabolic diseases",Alkalosis,14988,51,0.48 [0.14-1.65],0.2449971299578853
BTD,Biotinidase,"Chapter IV Endocrine, nutritional and metabolic diseases",Bipolar affective disorders,19428,53,0.64 [0.19-2.23],0.4870338732521015
BTD,Biotinidase,"Chapter IV Endocrine, nutritional and metabolic diseases",Deficiency of other B group vitamins,18776,186,0.75 [0.38-1.48],0.406049056870867
BTD,Biotinidase,"Chapter IV Endocrine, nutritional and metabolic diseases","Delirium, not induced by alcohol and other psychoactive substances",20188,490,0.61 [0.41-0.92],0.0193777975697925
BTD,Biotinidase,"Chapter IV Endocrine, nutritional and metabolic diseases",Dementia in Alzheimer disease,19900,202,0.77 [0.40-1.49],0.4422631258858198
BTD,Biotinidase,"Chapter IV Endocrine, nutritional and metabolic diseases",Dementia in other diseases classified elsewhere,19818,120,1.24 [0.52-2.96],0.630535779565723
BTD,Biotinidase,"Chapter IV Endocrine, nutritional and metabolic diseases",Depression,20330,955,1.10 [0.81-1.49],0.5325352217493302
BTD,Biotinidase,"Chapter IV Endocrine, nutritional and metabolic diseases",Depression or dysthymia,17648,922,1.06 [0.78-1.45],0.712711322446985
BTD,Biotinidase,"Chapter IV Endocrine, nutritional and metabolic diseases","Disorder of lipoprotein metabolism, unspecified",15002,65,1.53 [0.47-4.98],0.4840668015037144
BTD,Biotinidase,"Chapter IV Endocrine, nutritional and metabolic diseases","Disorder of thyroid, unspecified",19862,35,0.67 [0.14-3.15],0.6126306323891835
BTD,Biotinidase,"Chapter IV Endocrine, nutritional and metabolic diseases",Disorders of calcium metabolism,15163,226,0.94 [0.51-1.74],0.8481420892842019
BTD,Biotinidase,"Chapter IV Endocrine, nutritional and metabolic diseases",Disorders of iron metabolism,14999,62,0.52 [0.17-1.60],0.2550450349944479
BTD,Biotinidase,"Chapter IV Endocrine, nutritional and metabolic diseases",Disorders of lipoprotein metabolism and other lipidaemias,18251,3314,1.19 [1.01-1.40],0.0414815907538847
BTD,Biotinidase,"Chapter IV Endocrine, nutritional and metabolic diseases",Disorders of magnesium metabolism,15094,157,0.90 [0.43-1.89],0.7834316725065467
BTD,Biotinidase,"Chapter IV Endocrine, nutritional and metabolic diseases",Disorders of mineral metabolism,15409,472,0.86 [0.56-1.31],0.4867331797665734
BTD,Biotinidase,"Chapter IV Endocrine, nutritional and metabolic diseases",Disorders of other endocrine glands,20537,229,0.65 [0.35-1.18],0.1535060097378855
BTD,Biotinidase,"Chapter IV Endocrine, nutritional and metabolic diseases",Disorders of parathyroid gland,20380,72,0.46 [0.16-1.30],0.1428127935502783
BTD,Biotinidase,"Chapter IV Endocrine, nutritional and metabolic diseases",Disorders of phosphorus metabolism and phosphatases,15065,128,0.92 [0.41-2.08],0.8402491022264271
BTD,Biotinidase,"Chapter IV Endocrine, nutritional and metabolic diseases","Disorders of plasma-protein metabolism, not elsewhere classified",14992,55,0.45 [0.14-1.50],0.1954600565981377
BTD,Biotinidase,"Chapter IV Endocrine, nutritional and metabolic diseases",Disorders of the thyroid gland,20433,606,1.01 [0.69-1.48],0.9535762670051664
BTD,Biotinidase,"Chapter IV Endocrine, nutritional and metabolic diseases",Fluid overload,15190,253,0.64 [0.36-1.14],0.1267912357297515
BTD,Biotinidase,"Chapter IV Endocrine, nutritional and metabolic diseases",Hyperkalaemia,15231,294,1.25 [0.72-2.17],0.434311525202066
BTD,Biotinidase,"Chapter IV Endocrine, nutritional and metabolic diseases","Hyperlipidaemia, other/unspecified",15558,621,1.91 [1.30-2.81],0.0009371792748513
BTD,Biotinidase,"Chapter IV Endocrine, nutritional and metabolic diseases",Hyperosmolality and hypernatraemia,15052,115,0.94 [0.39-2.25],0.8888391817192737
BTD,Biotinidase,"Chapter IV Endocrine, nutritional and metabolic diseases",Hyperparathyroidism,20374,66,0.58 [0.19-1.76],0.3364373836182519
BTD,Biotinidase,"Chapter IV Endocrine, nutritional and metabolic diseases",Hypo-osmolality and hyponatraemia,15432,495,0.75 [0.50-1.14],0.1750261246562198
BTD,Biotinidase,"Chapter IV Endocrine, nutritional and metabolic diseases",Hypokalaemia,15282,345,1.29 [0.78-2.14],0.325880571766113
BTD,Biotinidase,"Chapter IV Endocrine, nutritional and metabolic diseases",Iron deficiency,18639,49,3.71 [0.91-15.12],0.06771592976284
BTD,Biotinidase,"Chapter IV Endocrine, nutritional and metabolic diseases",Metabolic disorders,19398,4461,1.08 [0.94-1.24],0.287149736931893
BTD,Biotinidase,"Chapter IV Endocrine, nutritional and metabolic diseases",Nontoxic multinodular goitre,19839,12,0.88 [0.06-12.87],0.9256475201730936
BTD,Biotinidase,"Chapter IV Endocrine, nutritional and metabolic diseases",Nontoxic single thyroid nodule,19848,21,0.81 [0.35-1.84],0.610496635855578
BTD,Biotinidase,"Chapter IV Endocrine, nutritional and metabolic diseases",Obesity,20446,1517,1.37 [1.08-1.75],0.0107348948105074
BTD,Biotinidase,"Chapter IV Endocrine, nutritional and metabolic diseases","Obesity, other/unspecified",20443,1513,1.36 [1.06-1.73],0.0137386691787371
BTD,Biotinidase,"Chapter IV Endocrine, nutritional and metabolic diseases",Other and/or unspecified nontoxic goitre,19840,13,3.56 [0.25-50.43],0.3475456578442644
BTD,Biotinidase,"Chapter IV Endocrine, nutritional and metabolic diseases",Other anxiety disorders,20352,695,0.92 [0.65-1.30],0.6282372208520921
BTD,Biotinidase,"Chapter IV Endocrine, nutritional and metabolic diseases","Other disorders of fluid, electrolyte and acid-base balance",16309,1372,0.82 [0.64-1.06],0.1261173053564713
BTD,Biotinidase,"Chapter IV Endocrine, nutritional and metabolic diseases",Other disorders of glucose regulation and pancreatic internal secretion,20577,203,1.84 [0.94-3.62],0.0762732611477354
BTD,Biotinidase,"Chapter IV Endocrine, nutritional and metabolic diseases",Other mental disorders due to brain damage and dysfunction and to physical disease,19786,88,0.50 [0.19-1.31],0.1577593781032021
BTD,Biotinidase,"Chapter IV Endocrine, nutritional and metabolic diseases",Panic disorder,19723,66,4.49 [1.44-14.01],0.0097427086444173
BTD,Biotinidase,"Chapter IV Endocrine, nutritional and metabolic diseases",Phobic anxiety disorders,19732,75,0.75 [0.26-2.16],0.59062980631416
BTD,Biotinidase,"Chapter IV Endocrine, nutritional and metabolic diseases","Postprocedural endocrine and metabolic disorders, not elsewhere classified",14996,59,0.86 [0.26-2.89],0.8135449590260588
BTD,Biotinidase,"Chapter IV Endocrine, nutritional and metabolic diseases",Type 1 diabetes without complications,18186,143,1.90 [0.86-4.23],0.1143327337565677
BTD,Biotinidase,"Chapter IV Endocrine, nutritional and metabolic diseases",Type 2 diabetes with neurological complications,2171,104,3.44 [1.34-8.80],0.0099815277034916
BTD,Biotinidase,"Chapter IV Endocrine, nutritional and metabolic diseases",Type 2 diabetes with ophthalmic complications,2309,270,1.56 [0.89-2.74],0.1224940193690482
BTD,Biotinidase,"Chapter IV Endocrine, nutritional and metabolic diseases",Type 2 diabetes with peripheral circulatory complications,18124,81,3.77 [1.30-10.91],0.0142407738522451
BTD,Biotinidase,"Chapter IV Endocrine, nutritional and metabolic diseases",Type 2 diabetes with renal complications,2126,59,0.79 [0.25-2.52],0.6939365935302887
BTD,Biotinidase,"Chapter IV Endocrine, nutritional and metabolic diseases",Type 2 diabetes without complications,19935,1892,1.78 [1.43-2.21],2.8661683020460626e-07
BTD,Biotinidase,"Chapter IV Endocrine, nutritional and metabolic diseases",Unspecified dementia,19976,278,0.53 [0.31-0.90],0.0201349175082419
BTD,Biotinidase,"Chapter IV Endocrine, nutritional and metabolic diseases",Vitamin D deficiency,18793,203,1.86 [0.94-3.69],0.0746753144366162
BTD,Biotinidase,"Chapter IV Endocrine, nutritional and metabolic diseases",Volume depletion,15591,654,1.03 [0.71-1.48],0.8816908954784249
BTD,Biotinidase,Chapter IX Diseases of the circulatory system,"!Phlebitis/thrombophlebitis venae iliacae [externae/internae/communis], drug-induced",20476,210,0.35 [0.19-0.63],0.000483148305009
BTD,Biotinidase,Chapter IX Diseases of the circulatory system,Abdominal aortic aneurysm (AAA),19560,235,0.48 [0.27-0.86],0.0136082832371122
BTD,Biotinidase,Chapter IX Diseases of the circulatory system,Angina pectoris,18121,1272,1.12 [0.86-1.46],0.4140937761734703
BTD,Biotinidase,Chapter IX Diseases of the circulatory system,Aortic aneurysm,19657,332,0.45 [0.28-0.73],0.0013039111932814
BTD,Biotinidase,Chapter IX Diseases of the circulatory system,Arterial embolism and thrombosis of lower extremity artery,19395,70,1.41 [0.46-4.36],0.5471700216287532
BTD,Biotinidase,Chapter IX Diseases of the circulatory system,"Atherosclerosis, excluding cerebral and coronary sclerosis",19520,195,1.12 [0.57-2.20],0.7388345058475938
BTD,Biotinidase,Chapter IX Diseases of the circulatory system,Atrial fibrillation and flutter,12052,1953,0.77 [0.63-0.96],0.0183691300579304
BTD,Biotinidase,Chapter IX Diseases of the circulatory system,AV-block,16620,516,0.77 [0.51-1.15],0.2018942530857688
BTD,Biotinidase,Chapter IX Diseases of the circulatory system,"Bradycardia, unspecified, drug-induced",20527,446,0.61 [0.40-0.94],0.0236020661820115
BTD,Biotinidase,Chapter IX Diseases of the circulatory system,Cardiac arrest,10312,213,0.61 [0.32-1.14],0.1228478104040649
BTD,Biotinidase,Chapter IX Diseases of the circulatory system,Cardiomyopathy,16280,176,0.60 [0.31-1.18],0.139724827514089
BTD,Biotinidase,Chapter IX Diseases of the circulatory system,"Cardiomyopathy, other and unspecified",16198,94,0.37 [0.15-0.92],0.0312580159354473
BTD,Biotinidase,Chapter IX Diseases of the circulatory system,Cerebral atherosclerosis,20586,49,0.62 [0.17-2.25],0.4631149594450546
BTD,Biotinidase,Chapter IX Diseases of the circulatory system,Conduction disorders,17258,1154,0.70 [0.54-0.92],0.0095391507694287
BTD,Biotinidase,Chapter IX Diseases of the circulatory system,Coronary atherosclerosis,19085,2257,0.96 [0.78-1.17],0.6574430498114218
BTD,Biotinidase,Chapter IX Diseases of the circulatory system,Death due to cardiac causes,17434,6750,1.02 [0.91-1.14],0.769704419301475
BTD,Biotinidase,Chapter IX Diseases of the circulatory system,DVT of lower extremities,19529,230,0.30 [0.17-0.53],3.276204850672581e-05
BTD,Biotinidase,Chapter IX Diseases of the circulatory system,Endocarditis,16177,73,1.05 [0.35-3.11],0.9319683665925972
BTD,Biotinidase,Chapter IX Diseases of the circulatory system,"Heart failure, strict",20318,1134,0.65 [0.50-0.85],0.0017558253159596
BTD,Biotinidase,Chapter IX Diseases of the circulatory system,Hypertension,18457,5864,1.12 [0.99-1.27],0.0687591913773932
BTD,Biotinidase,Chapter IX Diseases of the circulatory system,"Hypertension, essential",18461,5868,1.13 [0.99-1.27],0.0616821667459868
BTD,Biotinidase,Chapter IX Diseases of the circulatory system,"Hypertension, portal",20385,101,0.47 [0.25-0.87],0.0173034263574139
BTD,Biotinidase,Chapter IX Diseases of the circulatory system,"Hypertension, Pulmonary Arterial",12764,171,0.65 [0.32-1.31],0.2241014027159837
BTD,Biotinidase,Chapter IX Diseases of the circulatory system,Hypertensive Renal Disease,12694,101,0.38 [0.19-0.76],0.0063895147742254
BTD,Biotinidase,Chapter IX Diseases of the circulatory system,Hypotension,20459,1025,0.70 [0.53-0.93],0.0139998790578391
BTD,Biotinidase,Chapter IX Diseases of the circulatory system,Intracerebral haemorrhage,19685,95,0.81 [0.31-2.08],0.6604866593959088
BTD,Biotinidase,Chapter IX Diseases of the circulatory system,"Ischaemic heart disease, wide definition",19205,2356,1.02 [0.84-1.24],0.8433389668616
BTD,Biotinidase,Chapter IX Diseases of the circulatory system,"Ischaemic Stroke, excluding all haemorrhages",20234,557,0.77 [0.52-1.13],0.1819380766187824
BTD,Biotinidase,Chapter IX Diseases of the circulatory system,Left bundle-branch block,16450,346,0.57 [0.35-0.93],0.0242380904435623
BTD,Biotinidase,Chapter IX Diseases of the circulatory system,Major coronary heart disease event,19987,919,0.74 [0.54-0.99],0.0460659533518702
BTD,Biotinidase,Chapter IX Diseases of the circulatory system,"Myocardial infarction, strict",17645,796,0.74 [0.53-1.02],0.0654778690372893
BTD,Biotinidase,Chapter IX Diseases of the circulatory system,"Myocardial infarction, with ST-elevation",20447,196,0.50 [0.27-0.95],0.0338776721008402
BTD,Biotinidase,Chapter IX Diseases of the circulatory system,"Myocardial infarction, without ST-elevation",20542,321,1.10 [0.65-1.85],0.7286064537819089
BTD,Biotinidase,Chapter IX Diseases of the circulatory system,Oesophageal varices,19355,56,0.59 [0.28-1.22],0.1544051813642022
BTD,Biotinidase,Chapter IX Diseases of the circulatory system,Other aneurysm,19404,79,0.94 [0.33-2.70],0.914617080292288
BTD,Biotinidase,Chapter IX Diseases of the circulatory system,Other arrhythmias,16512,408,0.50 [0.32-0.78],0.0021270394917409
BTD,Biotinidase,Chapter IX Diseases of the circulatory system,Other arterial embolism and thrombosis,19438,113,1.18 [0.49-2.84],0.7157424908121955
BTD,Biotinidase,Chapter IX Diseases of the circulatory system,Other diseases of arteries and capillaries,19555,230,1.03 [0.56-1.92],0.9144054336075012
BTD,Biotinidase,Chapter IX Diseases of the circulatory system,Other diseases of pericardium,16263,159,1.15 [0.54-2.44],0.7093047835324063
BTD,Biotinidase,Chapter IX Diseases of the circulatory system,Other disorders of veins,19375,76,0.59 [0.21-1.65],0.313181635952435
BTD,Biotinidase,Chapter IX Diseases of the circulatory system,Other embolism and thrombosis,19342,43,1.45 [0.34-6.14],0.6122142232888368
BTD,Biotinidase,Chapter IX Diseases of the circulatory system,Other intracranial haemorrhages,19262,79,0.58 [0.21-1.61],0.2973808383604496
BTD,Biotinidase,Chapter IX Diseases of the circulatory system,Other noninfective disorders of lymphatic vessels and lymph nodes,19388,89,0.73 [0.28-1.90],0.5155369924230331
BTD,Biotinidase,Chapter IX Diseases of the circulatory system,Other or ill-defined heart diseases,17161,1057,0.74 [0.56-0.98],0.0365419783584024
BTD,Biotinidase,Chapter IX Diseases of the circulatory system,Other other unspecified disorders of the circulatory system,19490,56,0.31 [0.10-0.96],0.0424988811128116
BTD,Biotinidase,Chapter IX Diseases of the circulatory system,Other peripheral vascular diseases,19798,473,0.87 [0.57-1.34],0.5370671702050975
BTD,Biotinidase,Chapter IX Diseases of the circulatory system,Other pulmonary heart/vessel disease,20035,321,0.70 [0.42-1.16],0.1672450287320966
BTD,Biotinidase,Chapter IX Diseases of the circulatory system,"Other specified cerebrovascular diseases, other cerebrovascular disorders in diseases classified elsewhere",19738,555,0.78 [0.53-1.16],0.2202286377065191
BTD,Biotinidase,Chapter IX Diseases of the circulatory system,Paroxysmal tachycardia,10415,316,0.55 [0.33-0.91],0.0211606702089503
BTD,Biotinidase,Chapter IX Diseases of the circulatory system,Peripheral artery disease,19715,433,0.87 [0.56-1.35],0.5329154239948288
BTD,Biotinidase,Chapter IX Diseases of the circulatory system,Phlebitis and thrombophlebitis (not including DVT),19595,296,0.36 [0.22-0.59],5.497329803281259e-05
BTD,Biotinidase,Chapter IX Diseases of the circulatory system,Pulmonary embolism,20133,419,0.77 [0.49-1.20],0.250152919606795
BTD,Biotinidase,Chapter IX Diseases of the circulatory system,Rheumatic valve diseases,20532,600,0.73 [0.50-1.06],0.0984343325378043
BTD,Biotinidase,Chapter IX Diseases of the circulatory system,Right bundle-branch block,16514,410,0.83 [0.53-1.32],0.4397078290110101
BTD,Biotinidase,Chapter IX Diseases of the circulatory system,Secondary right heart disease,20034,320,0.68 [0.41-1.14],0.1454753009756564
BTD,Biotinidase,Chapter IX Diseases of the circulatory system,Sequelae of cerebrovascular disease,19369,186,0.65 [0.34-1.25],0.1981812849233044
BTD,Biotinidase,Chapter IX Diseases of the circulatory system,"Stroke, excluding SAH",20220,630,0.79 [0.55-1.14],0.2018355838460065
BTD,Biotinidase,Chapter IX Diseases of the circulatory system,"Stroke, including SAH",20209,655,0.80 [0.56-1.15],0.2251935505400388
BTD,Biotinidase,Chapter IX Diseases of the circulatory system,Subarachnoid haemorrhage,19671,39,1.73 [0.38-7.89],0.4780083267818323
BTD,Biotinidase,Chapter IX Diseases of the circulatory system,Thoracic aortic aneurysm,19420,96,0.37 [0.15-0.89],0.0258286069008787
BTD,Biotinidase,Chapter IX Diseases of the circulatory system,Transient ischemic attack,19879,202,0.63 [0.33-1.19],0.1511366809390072
BTD,Biotinidase,Chapter IX Diseases of the circulatory system,Unstable angina pectoris,19336,268,0.74 [0.42-1.30],0.3019823366675885
BTD,Biotinidase,Chapter IX Diseases of the circulatory system,Varicose veins,19624,325,0.58 [0.35-0.95],0.0306774027664263
BTD,Biotinidase,Chapter IX Diseases of the circulatory system,Vascular diseases of the intestine,19341,63,0.37 [0.12-1.08],0.0691792616987769
BTD,Biotinidase,Chapter IX Diseases of the circulatory system,Venous thromboembolism,20373,655,0.58 [0.41-0.83],0.0026740857805108
BTD,Biotinidase,Chapter V Mental and behavioural disorders,"Alcohol use disorder, ICD-based",20410,428,1.90 [1.20-3.00],0.0059183773586738
BTD,Biotinidase,Chapter V Mental and behavioural disorders,"Anxiety disorders, excluding more controls",17740,841,1.03 [0.74-1.42],0.8637077923793787
BTD,Biotinidase,Chapter V Mental and behavioural disorders,Any mental disorder,19989,3090,0.96 [0.81-1.13],0.6050613934563916
BTD,Biotinidase,Chapter V Mental and behavioural disorders,"Mental and behavioural disorders due to alcohol, excluding acute intoxication",20355,500,1.85 [1.21-2.83],0.0042864850955688
BTD,Biotinidase,Chapter V Mental and behavioural disorders,"Mood disorders, excluding more controls",17887,988,1.06 [0.78-1.43],0.7128491372653256
BTD,Biotinidase,Chapter V Mental and behavioural disorders,"Schizophrenia or delusion, excluding more controls",16963,64,0.56 [0.18-1.73],0.3102551437787575
BTD,Biotinidase,Chapter V Mental and behavioural disorders,Smoking dependency,20017,1332,0.78 [0.61-0.99],0.0440238880790644
BTD,Biotinidase,Chapter V Mental and behavioural disorders,"Substance abuse, excluding more controls",18511,1612,0.92 [0.74-1.16],0.4973411882955811
BTD,Biotinidase,Chapter V Mental and behavioural disorders,Vascular dementia,20192,123,0.84 [0.36-1.94],0.6802355083648044
BTD,Biotinidase,Chapter VI Diseases of the nervous system,Alzheimer disease,20587,253,0.61 [0.34-1.08],0.0924141486750798
BTD,Biotinidase,Chapter VI Diseases of the nervous system,"AlzheimerÕs disease (Atypical or mixed), excluding more controls",13783,50,0.53 [0.15-1.86],0.3212753877108207
BTD,Biotinidase,Chapter VI Diseases of the nervous system,Bell's palsy,19406,70,0.61 [0.21-1.80],0.3716167560776346
BTD,Biotinidase,Chapter VI Diseases of the nervous system,Carpal tunnel syndrome,19630,294,1.46 [0.85-2.54],0.173545395240984
BTD,Biotinidase,Chapter VI Diseases of the nervous system,Cerebral cysts,20244,200,0.34 [0.19-0.63],0.000608875905107
BTD,Biotinidase,Chapter VI Diseases of the nervous system,Cerebral palsy and other paralytic syndromes,20511,292,0.50 [0.30-0.85],0.0096397294301121
BTD,Biotinidase,Chapter VI Diseases of the nervous system,Circumscribed brain atrophy,20171,56,2.37 [0.65-8.66],0.1906311131140351
BTD,Biotinidase,Chapter VI Diseases of the nervous system,Diseases of the myoneural junction and muscle,20569,70,0.30 [0.11-0.84],0.0214952820950712
BTD,Biotinidase,Chapter VI Diseases of the nervous system,"Disorders of brain, other and unspecified",20121,77,0.33 [0.12-0.88],0.027041307597027
BTD,Biotinidase,Chapter VI Diseases of the nervous system,Epilepsy,19213,239,0.51 [0.28-0.90],0.0211342984011076
BTD,Biotinidase,Chapter VI Diseases of the nervous system,Episodal and paroxysmal disorders,20129,1155,0.75 [0.58-0.99],0.0391915352759633
BTD,Biotinidase,Chapter VI Diseases of the nervous system,Extrapyramidal and movement disorders,20554,407,0.73 [0.46-1.15],0.1738403001936853
BTD,Biotinidase,Chapter VI Diseases of the nervous system,Falls/tendency to fall,20109,1829,0.77 [0.62-0.96],0.0180320171257059
BTD,Biotinidase,Chapter VI Diseases of the nervous system,Generalized epilepsy,20258,52,0.57 [0.28-1.19],0.1346548124319249
BTD,Biotinidase,Chapter VI Diseases of the nervous system,Hemiplegia,20446,227,0.48 [0.27-0.87],0.015469007186903
BTD,Biotinidase,Chapter VI Diseases of the nervous system,Hydrocephalus,20094,50,1.47 [0.38-5.64],0.5726654634665977
BTD,Biotinidase,Chapter VI Diseases of the nervous system,Inflammatory diseases of the central nervous system,20570,54,0.79 [0.22-2.76],0.7069290862466263
BTD,Biotinidase,Chapter VI Diseases of the nervous system,Lesion of plantar nerve,19356,20,0.69 [0.09-5.27],0.7193988120722788
BTD,Biotinidase,Chapter VI Diseases of the nervous system,Lesion of ulnar nerve,19419,83,0.78 [0.29-2.11],0.6175038572732181
BTD,Biotinidase,Chapter VI Diseases of the nervous system,Memory loss,20054,104,0.65 [0.27-1.57],0.3382007638358568
BTD,Biotinidase,Chapter VI Diseases of the nervous system,Migraine,19139,165,1.32 [0.64-2.75],0.4514908778608768
BTD,Biotinidase,Chapter VI Diseases of the nervous system,"Migraine, unspecified, drug-induced",20567,150,1.28 [0.59-2.75],0.528794610888086
BTD,Biotinidase,Chapter VI Diseases of the nervous system,Motor neuron disease,13888,142,0.59 [0.28-1.26],0.1714182165569591
BTD,Biotinidase,Chapter VI Diseases of the nervous system,MS-disease / Multiple Sclerosis,20484,59,2.03 [0.60-6.89],0.2553390106780987
BTD,Biotinidase,Chapter VI Diseases of the nervous system,"Nerve, nerve root and plexus disorders",20172,836,1.16 [0.84-1.60],0.3735201609998672
BTD,Biotinidase,Chapter VI Diseases of the nervous system,Neurological diseases,19445,3035,0.77 [0.66-0.92],0.0026672542335544
BTD,Biotinidase,Chapter VI Diseases of the nervous system,Other and unspecified degenerative diseases of nervous system,20302,187,0.61 [0.31-1.19],0.1454861380540036
BTD,Biotinidase,Chapter VI Diseases of the nervous system,"Other and unspecified nerve root and plexus disorders, also in other diseases",19656,320,1.00 [0.60-1.68],0.994018448828422
BTD,Biotinidase,Chapter VI Diseases of the nervous system,"Other and unspecified polyneuropathies, also in other diseases",20505,297,1.11 [0.65-1.92],0.699508647272409
BTD,Biotinidase,Chapter VI Diseases of the nervous system,Other degenerative diseases of the nervous system,16261,522,0.67 [0.45-0.99],0.0452502074243022
BTD,Biotinidase,Chapter VI Diseases of the nervous system,Other diseases of spinal cord,20109,65,0.82 [0.26-2.55],0.7339310308321765
BTD,Biotinidase,Chapter VI Diseases of the nervous system,Other disorders of nervous system,20172,128,1.05 [0.46-2.38],0.9121343779641484
BTD,Biotinidase,Chapter VI Diseases of the nervous system,Other extrapyramidal and movement disorders in other diseases,20257,110,1.68 [0.68-4.18],0.2625442490230527
BTD,Biotinidase,Chapter VI Diseases of the nervous system,Other facial nerve disorders,19423,87,0.71 [0.27-1.89],0.4965355807415695
BTD,Biotinidase,Chapter VI Diseases of the nervous system,Other headache syndromes,19007,33,1.22 [0.24-6.32],0.8090269889299931
BTD,Biotinidase,Chapter VI Diseases of the nervous system,Other neurological diseases,20487,443,0.70 [0.46-1.08],0.1095461470131257
BTD,Biotinidase,Chapter VI Diseases of the nervous system,Other sleep disorders,19570,596,0.90 [0.62-1.32],0.5983466317194643
BTD,Biotinidase,Chapter VI Diseases of the nervous system,Parkinson's disease,20566,277,0.55 [0.32-0.94],0.0289770452075987
BTD,Biotinidase,Chapter VI Diseases of the nervous system,Postviral fatigue syndrome,20067,23,2.44 [0.33-17.90],0.3795132554847007
BTD,Biotinidase,Chapter VI Diseases of the nervous system,Restless leg syndrome,20585,35,2.01 [0.39-10.23],0.4013006045027583
BTD,Biotinidase,Chapter VI Diseases of the nervous system,Sleep apnoea,20331,538,0.95 [0.64-1.42],0.8093290274068814
BTD,Biotinidase,Chapter VI Diseases of the nervous system,Small fibre neuropathy,20257,49,0.34 [0.10-1.17],0.086093008381907
BTD,Biotinidase,Chapter VI Diseases of the nervous system,Systemic atrophies primarily affecting the central nervous system,20568,163,0.71 [0.35-1.46],0.352637260019816
BTD,Biotinidase,Chapter VI Diseases of the nervous system,Trigeminal neuralgia,19364,28,0.57 [0.10-3.20],0.5259142228373586
BTD,Biotinidase,Chapter VI Diseases of the nervous system,Unspecific neurodegenerative disorder,20587,256,0.64 [0.36-1.14],0.1268830730785946
BTD,Biotinidase,Chapter VI Diseases of the nervous system,Vascular dementia (undefined),20165,119,0.83 [0.35-1.96],0.6747551735482269
BTD,Biotinidase,"Chapter VII Diseases of the eye, adnexa, ear and mastoid process",Amblyopia ex anopsia,20129,72,1.39 [0.46-4.25],0.5591485768805282
BTD,Biotinidase,"Chapter VII Diseases of the eye, adnexa, ear and mastoid process",Astigmatism,20291,252,1.09 [0.60-1.97],0.7874101932075279
BTD,Biotinidase,"Chapter VII Diseases of the eye, adnexa, ear and mastoid process",Background diabetic retinopathy,20433,251,2.18 [1.19-3.99],0.011870132855498
BTD,Biotinidase,"Chapter VII Diseases of the eye, adnexa, ear and mastoid process",Blepharochalasis,19824,40,0.53 [0.13-2.17],0.3765827118143031
BTD,Biotinidase,"Chapter VII Diseases of the eye, adnexa, ear and mastoid process",Chalazion,19839,55,1.98 [0.55-7.15],0.294754708126916
BTD,Biotinidase,"Chapter VII Diseases of the eye, adnexa, ear and mastoid process","Conjunctivitis (acute, non atopic)",20510,36,1.13 [0.24-5.44],0.8755103882678059
BTD,Biotinidase,"Chapter VII Diseases of the eye, adnexa, ear and mastoid process",Corneal degeneration,20396,105,0.64 [0.26-1.55],0.3208594394946952
BTD,Biotinidase,"Chapter VII Diseases of the eye, adnexa, ear and mastoid process","Diabetic nephropathy, excluding more controls",2126,59,0.76 [0.24-2.39],0.6325323867464585
BTD,Biotinidase,"Chapter VII Diseases of the eye, adnexa, ear and mastoid process",Diabetic neuropathy,2590,109,2.84 [1.15-7.01],0.0237666834010761
BTD,Biotinidase,"Chapter VII Diseases of the eye, adnexa, ear and mastoid process",Diplopia,20140,83,2.23 [0.79-6.36],0.1319975370334914
BTD,Biotinidase,"Chapter VII Diseases of the eye, adnexa, ear and mastoid process",Disorders of choroid and retina,20394,855,1.07 [0.77-1.48],0.6866997394042307
BTD,Biotinidase,"Chapter VII Diseases of the eye, adnexa, ear and mastoid process","Disorders of eyelid, lacrimal system and orbit",20318,534,0.99 [0.66-1.49],0.9739907127362696
BTD,Biotinidase,"Chapter VII Diseases of the eye, adnexa, ear and mastoid process",Disorders of lacrimal system,19902,118,0.96 [0.41-2.29],0.9341242345650664
BTD,Biotinidase,"Chapter VII Diseases of the eye, adnexa, ear and mastoid process","Disorders of ocular muscles, binocular movement, accommodation and refraction",20524,485,1.40 [0.91-2.16],0.125451979136124
BTD,Biotinidase,"Chapter VII Diseases of the eye, adnexa, ear and mastoid process",Disorders of optic nerve and visual pathways,20584,55,2.56 [0.70-9.36],0.155265055509916
BTD,Biotinidase,"Chapter VII Diseases of the eye, adnexa, ear and mastoid process",Disorders of refraction and accommodation,20469,430,1.27 [0.80-2.00],0.3139538466515687
BTD,Biotinidase,"Chapter VII Diseases of the eye, adnexa, ear and mastoid process","Disorders of sclera, cornea, iris and ciliary body",20554,263,0.68 [0.39-1.20],0.185573564480103
BTD,Biotinidase,"Chapter VII Diseases of the eye, adnexa, ear and mastoid process",Disorders of vitreous body,20510,132,1.28 [0.56-2.93],0.5579960326015414
BTD,Biotinidase,"Chapter VII Diseases of the eye, adnexa, ear and mastoid process",Ectropion of eyelid,19852,68,1.99 [0.61-6.46],0.2515958513750207
BTD,Biotinidase,"Chapter VII Diseases of the eye, adnexa, ear and mastoid process",Entropion and trichiasis of eyelid,19859,75,0.54 [0.19-1.51],0.2377661826851343
BTD,Biotinidase,"Chapter VII Diseases of the eye, adnexa, ear and mastoid process",Epiphora,19819,35,2.03 [0.38-10.73],0.4035580737909165
BTD,Biotinidase,"Chapter VII Diseases of the eye, adnexa, ear and mastoid process",Glaucoma,20506,580,1.47 [0.99-2.19],0.0573514950429695
BTD,Biotinidase,"Chapter VII Diseases of the eye, adnexa, ear and mastoid process",Glaucoma suspect,20094,168,1.31 [0.63-2.73],0.4766384012694953
BTD,Biotinidase,"Chapter VII Diseases of the eye, adnexa, ear and mastoid process",Hypermetropia,20063,24,1.20 [0.17-8.35],0.8504912203980857
BTD,Biotinidase,"Chapter VII Diseases of the eye, adnexa, ear and mastoid process",Iridocyclitis,20372,81,0.56 [0.21-1.55],0.2662354778263119
BTD,Biotinidase,"Chapter VII Diseases of the eye, adnexa, ear and mastoid process",Keratitis,20478,187,0.70 [0.36-1.38],0.3093119503340449
BTD,Biotinidase,"Chapter VII Diseases of the eye, adnexa, ear and mastoid process",Myopia,20189,150,1.96 [0.89-4.29],0.0932508114413868
BTD,Biotinidase,"Chapter VII Diseases of the eye, adnexa, ear and mastoid process",Other and unspecified disorders of vitreous body,20448,70,1.26 [0.40-3.94],0.6873790244628362
BTD,Biotinidase,"Chapter VII Diseases of the eye, adnexa, ear and mastoid process",Other and unspecified glaucoma,20304,378,1.47 [0.90-2.40],0.1258737257193056
BTD,Biotinidase,"Chapter VII Diseases of the eye, adnexa, ear and mastoid process",Other and unspecified visual disturbances,20157,100,0.97 [0.38-2.46],0.952073409185475
BTD,Biotinidase,"Chapter VII Diseases of the eye, adnexa, ear and mastoid process",Other cataract,19428,1516,1.07 [0.84-1.36],0.594403040420764
BTD,Biotinidase,"Chapter VII Diseases of the eye, adnexa, ear and mastoid process",Other disorders of cornea,20453,162,0.72 [0.35-1.49],0.3787989882982169
BTD,Biotinidase,"Chapter VII Diseases of the eye, adnexa, ear and mastoid process",Other disorders of eye and adnexa,20570,119,1.61 [0.67-3.86],0.2876770395336164
BTD,Biotinidase,"Chapter VII Diseases of the eye, adnexa, ear and mastoid process",Other disorders of eyelid,20154,370,1.17 [0.72-1.91],0.526016289628823
BTD,Biotinidase,"Chapter VII Diseases of the eye, adnexa, ear and mastoid process",Other disorders of iris and ciliary body,20349,58,0.48 [0.15-1.56],0.222899127214211
BTD,Biotinidase,"Chapter VII Diseases of the eye, adnexa, ear and mastoid process",Other disorders of optic [2nd] nerve and visual pathways,20575,46,5.98 [1.49-24.02],0.0116722081101059
BTD,Biotinidase,"Chapter VII Diseases of the eye, adnexa, ear and mastoid process",Other inflammation of eyelid,19846,62,1.42 [0.42-4.83],0.5765677086444796
BTD,Biotinidase,"Chapter VII Diseases of the eye, adnexa, ear and mastoid process",Other specified and unspecified  disorders of eyelid,19914,130,1.84 [0.80-4.24],0.1546377251977287
BTD,Biotinidase,"Chapter VII Diseases of the eye, adnexa, ear and mastoid process",Other specified and unspecified retinal disorders,19645,106,1.13 [0.45-2.85],0.7922977943979608
BTD,Biotinidase,"Chapter VII Diseases of the eye, adnexa, ear and mastoid process",Other strabismus,20079,40,1.76 [0.39-7.90],0.458210828418839
BTD,Biotinidase,"Chapter VII Diseases of the eye, adnexa, ear and mastoid process","Other, unspecified and serous retinal detachments",19596,57,0.67 [0.20-2.26],0.5204614782796457
BTD,Biotinidase,"Chapter VII Diseases of the eye, adnexa, ear and mastoid process",Primary angle-closure glaucoma,19969,43,0.72 [0.18-2.94],0.6498281106555228
BTD,Biotinidase,"Chapter VII Diseases of the eye, adnexa, ear and mastoid process","Primary open-angle glaucoma, strict",20095,169,1.50 [0.71-3.14],0.2871363332171949
BTD,Biotinidase,"Chapter VII Diseases of the eye, adnexa, ear and mastoid process",Ptosis of eyelid,19881,97,0.75 [0.29-1.93],0.5525781185107512
BTD,Biotinidase,"Chapter VII Diseases of the eye, adnexa, ear and mastoid process",Retinal detachment with retinal break,19647,108,1.49 [0.60-3.71],0.3942476504010616
BTD,Biotinidase,"Chapter VII Diseases of the eye, adnexa, ear and mastoid process",Retinal vascular occlusion,19616,77,1.07 [0.37-3.14],0.901180464392466
BTD,Biotinidase,"Chapter VII Diseases of the eye, adnexa, ear and mastoid process",Senile cataract,19148,1236,1.15 [0.88-1.51],0.3122105771220705
BTD,Biotinidase,"Chapter VII Diseases of the eye, adnexa, ear and mastoid process",Stenosis and insufficiency of lacrimal passages,19832,48,0.56 [0.15-2.11],0.3945906461844128
BTD,Biotinidase,"Chapter VII Diseases of the eye, adnexa, ear and mastoid process",Visual disturbances,20381,324,1.35 [0.80-2.29],0.2580879637836519
BTD,Biotinidase,"Chapter VII Diseases of the eye, adnexa, ear and mastoid process",Visual field defects,20117,60,1.39 [0.41-4.78],0.5975303790874342
BTD,Biotinidase,"Chapter VII Diseases of the eye, adnexa, ear and mastoid process",Visual impairment including blindness (binocular or monocular),20185,128,0.76 [0.34-1.70],0.4985161494795191
BTD,Biotinidase,Chapter VIII Diseases of the ear and mastoid process,Benign paroxysmal vertigo,20426,52,1.50 [0.40-5.65],0.5487489532379036
BTD,Biotinidase,Chapter VIII Diseases of the ear and mastoid process,Diseases of external ear,20550,109,0.57 [0.24-1.34],0.196793612081376
BTD,Biotinidase,Chapter VIII Diseases of the ear and mastoid process,Diseases of middle ear and mastoid,20469,97,1.09 [0.42-2.82],0.8630364435417582
BTD,Biotinidase,Chapter VIII Diseases of the ear and mastoid process,Labyrinthitis,20420,46,1.47 [0.36-5.92],0.590661025244038
BTD,Biotinidase,Chapter VIII Diseases of the ear and mastoid process,Mnire disease,20420,46,0.61 [0.29-1.29],0.1969370327686624
BTD,Biotinidase,Chapter VIII Diseases of the ear and mastoid process,Other disorders of ear,20500,801,1.21 [0.86-1.69],0.2700908730597936
BTD,Biotinidase,Chapter VIII Diseases of the ear and mastoid process,Other specified/unspecified hearing loss,20291,592,1.15 [0.78-1.69],0.4824035192532944
BTD,Biotinidase,Chapter VIII Diseases of the ear and mastoid process,Sensorineural hearing loss,19812,113,1.17 [0.48-2.85],0.7357621632854525
BTD,Biotinidase,Chapter VIII Diseases of the ear and mastoid process,Tinnitus,19770,71,1.02 [0.33-3.10],0.974667542727458
BTD,Biotinidase,Chapter X Diseases of the respiratory system,Acute pharyngitis,20396,49,2.05 [0.53-8.00],0.2992789928209208
BTD,Biotinidase,Chapter X Diseases of the respiratory system,Acute upper respiratory infections,20510,163,0.70 [0.34-1.44],0.3334882508716374
BTD,Biotinidase,Chapter X Diseases of the respiratory system,Acute upper respiratory infections of multiple and unspecified sites,20401,54,0.93 [0.26-3.31],0.9126675084057372
BTD,Biotinidase,Chapter X Diseases of the respiratory system,All influenza,18653,84,0.67 [0.24-1.82],0.4288202273718974
BTD,Biotinidase,Chapter X Diseases of the respiratory system,All influenza (not pneumonia),18650,81,0.66 [0.24-1.83],0.4266863758517975
BTD,Biotinidase,Chapter X Diseases of the respiratory system,Allergic asthma (mode),13504,89,1.37 [0.50-3.78],0.5421395122485568
BTD,Biotinidase,Chapter X Diseases of the respiratory system,Allergic rhinitis,20497,238,0.86 [0.47-1.56],0.6152515919132755
BTD,Biotinidase,Chapter X Diseases of the respiratory system,"Asthma, excluding more controls",14352,1236,0.76 [0.58-0.98],0.0357012979275417
BTD,Biotinidase,Chapter X Diseases of the respiratory system,"Asthma, unspecified (mode)",14626,1211,0.75 [0.58-0.98],0.0331011390210639
BTD,Biotinidase,Chapter X Diseases of the respiratory system,Bacterial pneumonia (organism specified),20248,126,0.78 [0.34-1.78],0.5584480522324176
BTD,Biotinidase,Chapter X Diseases of the respiratory system,"Bacterial pneumonia, not elsewhere classified",18645,76,1.12 [0.38-3.31],0.8383556432173258
BTD,Biotinidase,Chapter X Diseases of the respiratory system,Bronchiectasis,17881,249,0.69 [0.38-1.23],0.2035232596521617
BTD,Biotinidase,Chapter X Diseases of the respiratory system,"Bronchitis, not specified as acute or chronic",17670,38,1.24 [0.27-5.69],0.7787089390086745
BTD,Biotinidase,Chapter X Diseases of the respiratory system,Chronic lower respiratory diseases,19842,2210,0.79 [0.65-0.96],0.0170454609654343
BTD,Biotinidase,Chapter X Diseases of the respiratory system,"Chronic rhinitis, nasopharyngitis and pharyngitis",19322,70,1.42 [0.46-4.36],0.5417731204331433
BTD,Biotinidase,Chapter X Diseases of the respiratory system,Chronic sinusitis,19388,136,1.09 [0.49-2.42],0.8325638476933267
BTD,Biotinidase,Chapter X Diseases of the respiratory system,"COPD, hospital admissions 1, only main diagnosis",20398,1130,0.60 [0.46-0.79],0.0002415297723671
BTD,Biotinidase,Chapter X Diseases of the respiratory system,Deviated nasal septum,19380,128,0.90 [0.40-2.01],0.7923976213862108
BTD,Biotinidase,Chapter X Diseases of the respiratory system,Diseases of the respiratory system,18834,4522,0.86 [0.75-0.99],0.0354363669960276
BTD,Biotinidase,Chapter X Diseases of the respiratory system,"Diseases of vocal cords and larynx+other diseases of upper respiratory tract, no elsewhere classified",19599,347,0.78 [0.48-1.28],0.3293757085813302
BTD,Biotinidase,Chapter X Diseases of the respiratory system,Early onset COPD,19547,279,0.42 [0.25-0.70],0.0009175368710599
BTD,Biotinidase,Chapter X Diseases of the respiratory system,Emphysema,17949,317,0.60 [0.36-0.99],0.0467589895196015
BTD,Biotinidase,Chapter X Diseases of the respiratory system,Idiopathic pulmonary fibrosis,19767,306,0.37 [0.23-0.62],0.0001141518608675
BTD,Biotinidase,Chapter X Diseases of the respiratory system,Influenza and pneumonia,20371,1802,0.74 [0.60-0.92],0.0072580283696964
BTD,Biotinidase,Chapter X Diseases of the respiratory system,Interstitial lung disease,19789,328,0.39 [0.24-0.63],0.0001171081195045
BTD,Biotinidase,Chapter X Diseases of the respiratory system,Later onset COPD,19627,851,0.73 [0.53-0.99],0.0458307084197977
BTD,Biotinidase,Chapter X Diseases of the respiratory system,Lung diseases due to external agents,20569,339,0.59 [0.36-0.97],0.0370801515155092
BTD,Biotinidase,Chapter X Diseases of the respiratory system,Nasal polyp,19385,133,0.80 [0.36-1.77],0.5782134717511251
BTD,Biotinidase,Chapter X Diseases of the respiratory system,Other acute lower respiratory infections,20348,833,0.73 [0.53-1.01],0.0560707170715481
BTD,Biotinidase,Chapter X Diseases of the respiratory system,Other diseases of pleura,20342,1888,0.75 [0.61-0.93],0.0088778563043668
BTD,Biotinidase,Chapter X Diseases of the respiratory system,Other diseases of upper respiratory tract,20021,769,0.79 [0.57-1.10],0.1711960291901569
BTD,Biotinidase,Chapter X Diseases of the respiratory system,Other pleural conditions,18507,53,0.89 [0.25-3.19],0.8537548469115195
BTD,Biotinidase,Chapter X Diseases of the respiratory system,Other respiratory diseases principally affecting the interstitium,20490,402,0.45 [0.29-0.70],0.0003869373801509
BTD,Biotinidase,Chapter X Diseases of the respiratory system,Other respiratory disorders and diseases,20477,1202,0.77 [0.59-1.00],0.0502919099936838
BTD,Biotinidase,Chapter X Diseases of the respiratory system,Pleural effusion,19403,949,0.76 [0.57-1.03],0.0776874764718289
BTD,Biotinidase,Chapter X Diseases of the respiratory system,Pleural plaque,18688,234,0.57 [0.32-1.04],0.0681595073614473
BTD,Biotinidase,Chapter X Diseases of the respiratory system,"Pneumonia, organism unspecified",20155,1586,0.75 [0.59-0.94],0.0129290541836656
BTD,Biotinidase,Chapter X Diseases of the respiratory system,Pneumonitis due to solids and liquids,20481,251,0.64 [0.36-1.13],0.1226556788138247
BTD,Biotinidase,Chapter X Diseases of the respiratory system,Pneumothorax,18574,120,1.23 [0.52-2.93],0.6410889810203434
BTD,Biotinidase,Chapter X Diseases of the respiratory system,Pollen allergy,20573,206,0.85 [0.44-1.61],0.6116869629100627
BTD,Biotinidase,Chapter X Diseases of the respiratory system,Pulmonary oedema,20148,60,0.49 [0.15-1.56],0.225391367148406
BTD,Biotinidase,Chapter X Diseases of the respiratory system,Respiratory insufficiency,13464,49,0.59 [0.16-2.23],0.4382715047993338
BTD,Biotinidase,Chapter X Diseases of the respiratory system,Unspecified acute lower respiratory infection,20331,816,0.73 [0.53-1.01],0.0595651087905855
BTD,Biotinidase,Chapter X Diseases of the respiratory system,Vasomotor and allergic rhinitis,19491,239,0.82 [0.45-1.48],0.504674813996201
BTD,Biotinidase,Chapter X Diseases of the respiratory system,Viral pneumonia,18799,230,0.67 [0.36-1.22],0.1908838566341439
BTD,Biotinidase,Chapter X Diseases of the respiratory system,"Viral pneumonia (unknown virus, not influenza)",20265,195,0.86 [0.44-1.68],0.6534926360611266
BTD,Biotinidase,Chapter X Diseases of the respiratory system,Vocal cord dysfunction,9025,101,0.81 [0.32-2.06],0.6532733406913134
BTD,Biotinidase,Chapter XI Diseases of the digestive system,Abscess of anal and rectal regions,14421,74,1.60 [0.54-4.73],0.3985345109747126
BTD,Biotinidase,Chapter XI Diseases of the digestive system,Acute appendicitis,20473,126,1.20 [0.52-2.76],0.6665021269286224
BTD,Biotinidase,Chapter XI Diseases of the digestive system,Acute gastritis,15586,73,0.87 [0.29-2.59],0.8055406582206603
BTD,Biotinidase,Chapter XI Diseases of the digestive system,Acute pancreatitis,19419,179,0.65 [0.33-1.28],0.2082642738463011
BTD,Biotinidase,Chapter XI Diseases of the digestive system,Acute peritonitis,20266,79,0.75 [0.27-2.09],0.5798133819998958
BTD,Biotinidase,Chapter XI Diseases of the digestive system,Alcoholic liver disease,19805,98,0.92 [0.37-2.33],0.8685857449507294
BTD,Biotinidase,Chapter XI Diseases of the digestive system,Barrett oesophagus,15956,443,1.06 [0.68-1.66],0.7893432396196686
BTD,Biotinidase,Chapter XI Diseases of the digestive system,"Cholangitis (primary sclerosing, PSC)",19346,106,0.54 [0.23-1.30],0.1704169950694498
BTD,Biotinidase,Chapter XI Diseases of the digestive system,"Cholangitis (primary sclerosing, PSC), with reimbursement 202",20234,106,0.56 [0.24-1.33],0.1895394243391919
BTD,Biotinidase,Chapter XI Diseases of the digestive system,Cholecystitis,19426,186,0.55 [0.29-1.07],0.0788740033976393
BTD,Biotinidase,Chapter XI Diseases of the digestive system,Cholelithiasis,19931,691,0.60 [0.43-0.85],0.003974942281245
BTD,Biotinidase,Chapter XI Diseases of the digestive system,Chronic gastritis,15733,220,0.72 [0.39-1.35],0.3087252572311727
BTD,Biotinidase,Chapter XI Diseases of the digestive system,Chronic pancreatitis,19289,49,0.63 [0.17-2.28],0.4767541210669161
BTD,Biotinidase,Chapter XI Diseases of the digestive system,"Cirrhosis of liver, NAS",20405,121,0.34 [0.15-0.74],0.0068126899641145
BTD,Biotinidase,Chapter XI Diseases of the digestive system,Coeliac disease,19169,78,0.56 [0.20-1.54],0.2608522604462145
BTD,Biotinidase,Chapter XI Diseases of the digestive system,Collagenous colitis,19343,42,1.08 [0.26-4.50],0.9206778341292532
BTD,Biotinidase,Chapter XI Diseases of the digestive system,Colonic or urogenital fistula,20435,193,0.96 [0.49-1.88],0.915843606724675
BTD,Biotinidase,Chapter XI Diseases of the digestive system,Constipation,20445,1326,0.77 [0.60-0.99],0.0424430391692162
BTD,Biotinidase,Chapter XI Diseases of the digestive system,Crohn disease,19381,80,0.63 [0.23-1.73],0.3663728132433608
BTD,Biotinidase,Chapter XI Diseases of the digestive system,"Crohn disease (strict definition, all UC cases excluded)",20288,59,0.69 [0.21-2.25],0.5334453667466523
BTD,Biotinidase,Chapter XI Diseases of the digestive system,Crohn's disease NAS,19367,66,0.56 [0.19-1.68],0.3026631951948889
BTD,Biotinidase,Chapter XI Diseases of the digestive system,Dental caries,20035,191,0.74 [0.39-1.43],0.3731793457264514
BTD,Biotinidase,Chapter XI Diseases of the digestive system,Diaphragmatic hernia,17454,1671,0.94 [0.75-1.18],0.5961022790528612
BTD,Biotinidase,Chapter XI Diseases of the digestive system,Diseases of appendix,20499,152,1.15 [0.54-2.45],0.718822491783965
BTD,Biotinidase,Chapter XI Diseases of the digestive system,Diseases of liver,20463,756,1.32 [0.93-1.85],0.1159955534644789
BTD,Biotinidase,Chapter XI Diseases of the digestive system,"Diseases of oesophagus, stomach and duodenum",18855,3342,0.93 [0.79-1.09],0.3921211633655774
BTD,Biotinidase,Chapter XI Diseases of the digestive system,"Diseases of oral cavity, salivary glands and jaws",20275,431,0.94 [0.61-1.47],0.7981646049584183
BTD,Biotinidase,Chapter XI Diseases of the digestive system,Diseases of peritoneum,20544,357,1.24 [0.76-2.04],0.3941255167276388
BTD,Biotinidase,Chapter XI Diseases of the digestive system,Diseases of pulp and periapical tissues,19936,92,0.90 [0.34-2.34],0.8218839782168395
BTD,Biotinidase,Chapter XI Diseases of the digestive system,Diseases of salivary glands,19820,53,0.38 [0.11-1.24],0.1075416922464648
BTD,Biotinidase,Chapter XI Diseases of the digestive system,Diseases of the digestive system,20314,1223,0.95 [0.73-1.23],0.6843836691631565
BTD,Biotinidase,Chapter XI Diseases of the digestive system,Diseases of tongue,19831,97,0.59 [0.24-1.46],0.2496466220868095
BTD,Biotinidase,Chapter XI Diseases of the digestive system,"Disorders of gallbladder, biliary tract and pancreas",20285,1045,0.73 [0.55-0.97],0.0283551326092191
BTD,Biotinidase,Chapter XI Diseases of the digestive system,Diverticular disease of intestine,16989,2642,1.04 [0.87-1.24],0.6967941804357825
BTD,Biotinidase,Chapter XI Diseases of the digestive system,Duodenal ulcer,15735,222,1.12 [0.60-2.11],0.7175132779990059
BTD,Biotinidase,Chapter XI Diseases of the digestive system,"Duodenal ulcer - Unspecified as acute or chronic, without haemorrhage or perforation, drug-induced",20480,171,1.05 [0.52-2.14],0.8898178369717729
BTD,Biotinidase,Chapter XI Diseases of the digestive system,Embedded and impacted teeth,20525,37,0.96 [0.21-4.47],0.9631786204659984
BTD,Biotinidase,Chapter XI Diseases of the digestive system,Fibrosis and cirrhosis of liver,19847,140,0.34 [0.16-0.70],0.0037240976138162
BTD,Biotinidase,Chapter XI Diseases of the digestive system,Fissure and fistula of anal and rectal regions,14502,155,0.87 [0.42-1.82],0.7114536426404761
BTD,Biotinidase,Chapter XI Diseases of the digestive system,Functional dyspepsia,15869,356,1.39 [0.84-2.30],0.1963816414613695
BTD,Biotinidase,Chapter XI Diseases of the digestive system,Gastric ulcer,15827,314,1.06 [0.62-1.80],0.8310749699773876
BTD,Biotinidase,Chapter XI Diseases of the digestive system,Gastro-oesophageal reflux disease,17358,1845,1.02 [0.82-1.27],0.8252539954382951
BTD,Biotinidase,Chapter XI Diseases of the digestive system,Gastroduodenal ulcer,16016,503,1.13 [0.74-1.71],0.5797824898333783
BTD,Biotinidase,Chapter XI Diseases of the digestive system,Gastrointestinal diseases,15751,6883,0.94 [0.84-1.05],0.3041881345901344
BTD,Biotinidase,Chapter XI Diseases of the digestive system,GI-bleeding,20103,1012,1.04 [0.78-1.40],0.7897828774329188
BTD,Biotinidase,Chapter XI Diseases of the digestive system,Gingivitis and periodontal diseases,19889,45,0.61 [0.16-2.33],0.4716527692189459
BTD,Biotinidase,Chapter XI Diseases of the digestive system,Haemorrhoids and perianal venous thrombosis,15161,1050,0.77 [0.58-1.02],0.0675855856014654
BTD,Biotinidase,Chapter XI Diseases of the digestive system,"Hepatic failure, not elsewhere classified",19780,73,0.85 [0.29-2.50],0.7690189463742385
BTD,Biotinidase,Chapter XI Diseases of the digestive system,Hernia,18811,3028,0.88 [0.74-1.04],0.1225386852511095
BTD,Biotinidase,Chapter XI Diseases of the digestive system,Impacted teeth,20528,36,1.06 [0.22-5.06],0.9391737616670311
BTD,Biotinidase,Chapter XI Diseases of the digestive system,Impaction of intestines,14385,38,0.60 [0.14-2.53],0.48487225021895
BTD,Biotinidase,Chapter XI Diseases of the digestive system,Inguinal hernia,17187,1404,0.80 [0.63-1.03],0.0788173261221328
BTD,Biotinidase,Chapter XI Diseases of the digestive system,"Inguinal hernia, bilateral",15950,167,0.51 [0.26-1.03],0.0619583879775161
BTD,Biotinidase,Chapter XI Diseases of the digestive system,Intestinal adhesions without obstruction,14426,79,0.68 [0.25-1.89],0.4621583844540505
BTD,Biotinidase,Chapter XI Diseases of the digestive system,Intestinal malabsorption,19182,91,0.57 [0.22-1.47],0.2474478724306247
BTD,Biotinidase,Chapter XI Diseases of the digestive system,Irritable bowel syndrome,14592,245,0.87 [0.49-1.57],0.6494040978727584
BTD,Biotinidase,Chapter XI Diseases of the digestive system,Nonalcoholic fatty liver disease,20549,321,2.25 [1.33-3.81],0.0026012988737924
BTD,Biotinidase,Chapter XI Diseases of the digestive system,Noninfectious colitis NAS,19880,579,0.88 [0.60-1.29],0.5033902508040589
BTD,Biotinidase,Chapter XI Diseases of the digestive system,Noninfective enteritis and colitis,20062,761,0.98 [0.70-1.38],0.9152452315211838
BTD,Biotinidase,Chapter XI Diseases of the digestive system,Oesophageal obstruction,15695,182,0.70 [0.36-1.38],0.3086440019830468
BTD,Biotinidase,Chapter XI Diseases of the digestive system,Oesophagitis,16053,540,1.26 [0.84-1.88],0.2724686321717518
BTD,Biotinidase,Chapter XI Diseases of the digestive system,Oral lichen ruber planus,20538,96,0.45 [0.18-1.10],0.0800651482809374
BTD,Biotinidase,Chapter XI Diseases of the digestive system,Other and unspecified abdominal hernia,15845,62,2.13 [0.62-7.34],0.2298752927863545
BTD,Biotinidase,Chapter XI Diseases of the digestive system,Other diseases of anus and rectum,15595,1248,1.12 [0.86-1.46],0.3904629896372902
BTD,Biotinidase,Chapter XI Diseases of the digestive system,Other diseases of biliary tract,19464,224,0.62 [0.34-1.13],0.1167958068602016
BTD,Biotinidase,Chapter XI Diseases of the digestive system,Other diseases of gallbladder,19343,103,0.64 [0.26-1.55],0.3215270008482851
BTD,Biotinidase,Chapter XI Diseases of the digestive system,Other diseases of intestine,15982,1635,1.17 [0.93-1.47],0.1850923033764583
BTD,Biotinidase,Chapter XI Diseases of the digestive system,Other diseases of intestines,19023,4676,1.02 [0.89-1.17],0.7507493101164042
BTD,Biotinidase,Chapter XI Diseases of the digestive system,Other diseases of lip and oral mucosa,19802,157,0.43 [0.21-0.86],0.0174609059693848
BTD,Biotinidase,Chapter XI Diseases of the digestive system,Other diseases of liver,20312,605,1.26 [0.86-1.85],0.2355565208340321
BTD,Biotinidase,Chapter XI Diseases of the digestive system,Other diseases of oesophagus,16134,621,0.94 [0.65-1.37],0.7470835239785829
BTD,Biotinidase,Chapter XI Diseases of the digestive system,Other diseases of pancreas,19358,118,1.15 [0.48-2.73],0.757866269776549
BTD,Biotinidase,Chapter XI Diseases of the digestive system,Other diseases of peritoneum,20488,301,1.57 [0.91-2.70],0.1072374499578792
BTD,Biotinidase,Chapter XI Diseases of the digestive system,Other diseases of stomach and duodenum,16192,679,1.18 [0.82-1.69],0.3770424456638057
BTD,Biotinidase,Chapter XI Diseases of the digestive system,Other diseases of the digestive system,20112,1021,1.03 [0.77-1.38],0.8415477964904746
BTD,Biotinidase,Chapter XI Diseases of the digestive system,Other disorders of teeth and supporting structures,19992,148,1.41 [0.65-3.06],0.3842819948070365
BTD,Biotinidase,Chapter XI Diseases of the digestive system,Other functional intestinal disorders,15704,1357,0.78 [0.61-1.01],0.0557215648166009
BTD,Biotinidase,Chapter XI Diseases of the digestive system,Other gastritis (incl. Duodenitis),17122,1609,0.93 [0.74-1.18],0.567798218694037
BTD,Biotinidase,Chapter XI Diseases of the digestive system,Other inflammatory liver diseases,19789,82,0.92 [0.33-2.56],0.8736683309505556
BTD,Biotinidase,Chapter XI Diseases of the digestive system,Other noninfective gastroenteritis and colitis,19966,665,0.91 [0.64-1.31],0.622552401629811
BTD,Biotinidase,Chapter XI Diseases of the digestive system,"Other or unspecified ileus, impaction or obstruction",14647,300,0.68 [0.40-1.15],0.1507409390730849
BTD,Biotinidase,Chapter XI Diseases of the digestive system,Palatinal maxillary canine,20516,45,0.89 [0.22-3.58],0.8746971144584669
BTD,Biotinidase,Chapter XI Diseases of the digestive system,Paralytic ileus and intestinal obstruction,14754,407,0.67 [0.43-1.04],0.0757029425172863
BTD,Biotinidase,Chapter XI Diseases of the digestive system,"Postprocedural disorders of digestive system, not elsewhere classified",19237,146,0.64 [0.30-1.35],0.2389580408897997
BTD,Biotinidase,Chapter XI Diseases of the digestive system,Recurring oral aphthae,20573,36,0.73 [0.34-1.58],0.4262259479322183
BTD,Biotinidase,Chapter XI Diseases of the digestive system,Stomatitis and related lesions,19850,87,0.48 [0.19-1.25],0.1312666970332945
BTD,Biotinidase,Chapter XI Diseases of the digestive system,Toxic colitis,19340,39,0.71 [0.16-3.10],0.6491822873918704
BTD,Biotinidase,Chapter XI Diseases of the digestive system,Ulcer of oesophagus,15776,263,1.27 [0.71-2.27],0.4270466158478729
BTD,Biotinidase,Chapter XI Diseases of the digestive system,Ulcerative colitis,19428,127,0.78 [0.34-1.75],0.5426154214564717
BTD,Biotinidase,Chapter XI Diseases of the digestive system,"Ulcerative colitis, NAS",19406,105,0.53 [0.22-1.27],0.1518464586837509
BTD,Biotinidase,Chapter XI Diseases of the digestive system,Umbilical hernia,16096,313,1.13 [0.66-1.91],0.6581168057599796
BTD,Biotinidase,Chapter XI Diseases of the digestive system,Vascular disorders of the intestines,14484,137,0.87 [0.40-1.90],0.7278193697344495
BTD,Biotinidase,Chapter XI Diseases of the digestive system,Ventral hernia,16005,222,0.54 [0.30-0.98],0.0427131526765141
BTD,Biotinidase,Chapter XI Diseases of the digestive system,Volvulus,14408,61,0.48 [0.16-1.49],0.2033342384233273
BTD,Biotinidase,Chapter XII Diseases of the skin and subcutaneous tissue,Actinic keratosis,20530,274,0.54 [0.32-0.93],0.0272428396972838
BTD,Biotinidase,Chapter XII Diseases of the skin and subcutaneous tissue,Arthropathic psoriasis,20317,62,0.93 [0.29-3.03],0.9106533371565554
BTD,Biotinidase,Chapter XII Diseases of the skin and subcutaneous tissue,Atrophic disorders of skin,18905,81,1.00 [0.35-2.81],0.9959580751281571
BTD,Biotinidase,Chapter XII Diseases of the skin and subcutaneous tissue,Cellulitis,19949,653,0.71 [0.50-1.02],0.0627617321081737
BTD,Biotinidase,Chapter XII Diseases of the skin and subcutaneous tissue,"Cutaneous abscess, furuncle and carbuncle",19471,175,0.80 [0.40-1.58],0.5119327576459868
BTD,Biotinidase,Chapter XII Diseases of the skin and subcutaneous tissue,Decubitus ulcer and pressure area,19203,379,0.74 [0.46-1.18],0.204205244330726
BTD,Biotinidase,Chapter XII Diseases of the skin and subcutaneous tissue,Dermatitis,20332,235,1.60 [0.86-2.97],0.1370809781946239
BTD,Biotinidase,Chapter XII Diseases of the skin and subcutaneous tissue,Dermatitis and eczema,20504,407,1.20 [0.75-1.91],0.4449751209911693
BTD,Biotinidase,Chapter XII Diseases of the skin and subcutaneous tissue,Dermatitis due to substances taken internally,20137,40,1.01 [0.23-4.41],0.985486878433476
BTD,Biotinidase,Chapter XII Diseases of the skin and subcutaneous tissue,Diseases of the skin and subcutaneous tissue,19298,2706,0.75 [0.63-0.90],0.0014068331833282
BTD,Biotinidase,Chapter XII Diseases of the skin and subcutaneous tissue,Disorders of skin appendages,20192,344,0.77 [0.47-1.26],0.3022067898845007
BTD,Biotinidase,Chapter XII Diseases of the skin and subcutaneous tissue,Follicular cysts of skin and subcutaneous tissue,20091,243,0.72 [0.40-1.29],0.2724024956578629
BTD,Biotinidase,Chapter XII Diseases of the skin and subcutaneous tissue,Infections of the skin and subcutaneous tissue,20183,887,0.71 [0.52-0.96],0.0243367255785962
BTD,Biotinidase,Chapter XII Diseases of the skin and subcutaneous tissue,"Lichen planus, including avohilmo",20576,26,3.00 [0.48-18.92],0.2423430725608291
BTD,Biotinidase,Chapter XII Diseases of the skin and subcutaneous tissue,Lupus erythematosus,18847,23,0.58 [0.09-3.87],0.5775732379343533
BTD,Biotinidase,Chapter XII Diseases of the skin and subcutaneous tissue,Nail disorders,19901,53,1.00 [0.28-3.61],0.9989824060455602
BTD,Biotinidase,Chapter XII Diseases of the skin and subcutaneous tissue,Other and unspecified dermatitis,20328,231,1.66 [0.89-3.10],0.1119366048364906
BTD,Biotinidase,Chapter XII Diseases of the skin and subcutaneous tissue,Other and unspecified disorders of skin and subcutaneous tissue,19237,413,0.67 [0.43-1.05],0.0787725926100033
BTD,Biotinidase,Chapter XII Diseases of the skin and subcutaneous tissue,Other and unspecified epidermal thickening,18891,67,0.64 [0.21-1.94],0.4310251235267551
BTD,Biotinidase,Chapter XII Diseases of the skin and subcutaneous tissue,Other and unspecified erythematous conditions,20528,70,0.51 [0.18-1.46],0.2109763379457164
BTD,Biotinidase,Chapter XII Diseases of the skin and subcutaneous tissue,Other and unspecified local infections of skin and subcutaneous tissue,19466,170,0.59 [0.30-1.17],0.1311187012832051
BTD,Biotinidase,Chapter XII Diseases of the skin and subcutaneous tissue,Other and unspecified psoriasis,20437,182,1.45 [0.72-2.91],0.2999894566636328
BTD,Biotinidase,Chapter XII Diseases of the skin and subcutaneous tissue,Other contact dermatitis,20156,59,0.93 [0.28-3.07],0.9003193637008858
BTD,Biotinidase,Chapter XII Diseases of the skin and subcutaneous tissue,Other disorders of pigmentation,18878,54,0.52 [0.15-1.76],0.295018830239967
BTD,Biotinidase,Chapter XII Diseases of the skin and subcutaneous tissue,Other disorders of skin and subcutaneous tissue,20191,1367,0.73 [0.57-0.93],0.0109110301493498
BTD,Biotinidase,Chapter XII Diseases of the skin and subcutaneous tissue,"Other disorders of skin and subcutaneous tissue, not elsewhere classified",19273,449,0.71 [0.46-1.10],0.1280898146952407
BTD,Biotinidase,Chapter XII Diseases of the skin and subcutaneous tissue,Other epidermal thickening,18894,70,0.74 [0.25-2.22],0.5924110722570377
BTD,Biotinidase,Chapter XII Diseases of the skin and subcutaneous tissue,Papulosquamous disorders,20509,254,1.23 [0.68-2.22],0.4843822190027341
BTD,Biotinidase,Chapter XII Diseases of the skin and subcutaneous tissue,Pruritus,20143,46,0.33 [0.09-1.15],0.0807619887066115
BTD,Biotinidase,Chapter XII Diseases of the skin and subcutaneous tissue,Psoriasis,20477,222,1.07 [0.58-2.01],0.8214296001176118
BTD,Biotinidase,Chapter XII Diseases of the skin and subcutaneous tissue,Radiation-related disorders of the skin and subcutaneous tissue,20546,290,0.60 [0.35-1.03],0.0619318658392535
BTD,Biotinidase,Chapter XII Diseases of the skin and subcutaneous tissue,Scar conditions and fibrosis of skin,18901,77,0.94 [0.33-2.71],0.909376226480336
BTD,Biotinidase,Chapter XII Diseases of the skin and subcutaneous tissue,Seborrhoeic keratosis,19049,225,0.92 [0.50-1.72],0.8038341579734478
BTD,Biotinidase,Chapter XII Diseases of the skin and subcutaneous tissue,Skin changes due to chronic exposure to nonionizing radiation,20540,284,0.57 [0.34-0.98],0.0424786941418596
BTD,Biotinidase,Chapter XII Diseases of the skin and subcutaneous tissue,"Ulcer of lower limb, not elsewhere classified",19037,213,0.61 [0.33-1.13],0.1143297907301928
BTD,Biotinidase,Chapter XII Diseases of the skin and subcutaneous tissue,Urticaria and erythema,20563,105,0.91 [0.37-2.24],0.8443749577516908
BTD,Biotinidase,Chapter XIII Diseases of the musculoskeletal system and connective tissue,Adhesive capsulitis of shoulder,17755,73,0.56 [0.20-1.60],0.2782330610724915
BTD,Biotinidase,Chapter XIII Diseases of the musculoskeletal system and connective tissue,Arthropathies,18767,4093,1.03 [0.89-1.19],0.6933073073251392
BTD,Biotinidase,Chapter XIII Diseases of the musculoskeletal system and connective tissue,Arthrosis,17557,2883,0.93 [0.78-1.10],0.3941092599414758
BTD,Biotinidase,Chapter XIII Diseases of the musculoskeletal system and connective tissue,Bursitis of shoulder,17747,65,1.34 [0.42-4.26],0.6245164265624366
BTD,Biotinidase,Chapter XIII Diseases of the musculoskeletal system and connective tissue,Cervical disc disorders,18099,121,1.84 [0.77-4.37],0.1672514319785871
BTD,Biotinidase,Chapter XIII Diseases of the musculoskeletal system and connective tissue,Cervicalgia,18101,123,0.48 [0.22-1.06],0.0678513417110816
BTD,Biotinidase,Chapter XIII Diseases of the musculoskeletal system and connective tissue,Chondropathies,20407,57,1.05 [0.31-3.58],0.9341562228401756
BTD,Biotinidase,Chapter XIII Diseases of the musculoskeletal system and connective tissue,"Collapsed vertebra, not elsewhere classified",18044,66,0.55 [0.18-1.64],0.2849689681680901
BTD,Biotinidase,Chapter XIII Diseases of the musculoskeletal system and connective tissue,Coxarthrosis,15423,749,0.77 [0.55-1.08],0.1319527716940917
BTD,Biotinidase,Chapter XIII Diseases of the musculoskeletal system and connective tissue,"Coxarthrosis, primary",20478,128,0.60 [0.27-1.34],0.2148667041751367
BTD,Biotinidase,Chapter XIII Diseases of the musculoskeletal system and connective tissue,Deforming dorsopathies,18204,226,0.67 [0.36-1.22],0.1864070305617659
BTD,Biotinidase,Chapter XIII Diseases of the musculoskeletal system and connective tissue,Diseases of the musculoskeletal system and connective tissue,17510,5365,1.00 [0.88-1.13],0.9686038133947612
BTD,Biotinidase,Chapter XIII Diseases of the musculoskeletal system and connective tissue,Disorders of continuity of bone,19689,85,1.10 [0.40-3.05],0.8472746149922217
BTD,Biotinidase,Chapter XIII Diseases of the musculoskeletal system and connective tissue,Disorders of muscles,17825,143,0.78 [0.36-1.68],0.5206980851723142
BTD,Biotinidase,Chapter XIII Diseases of the musculoskeletal system and connective tissue,Disorders of synovium and tendon,18073,391,1.55 [0.96-2.49],0.0730321677627027
BTD,Biotinidase,Chapter XIII Diseases of the musculoskeletal system and connective tissue,Dorsopathies,19867,1889,1.02 [0.82-1.26],0.8770772372096755
BTD,Biotinidase,Chapter XIII Diseases of the musculoskeletal system and connective tissue,Fibroblastic disorders,18004,322,1.18 [0.70-1.99],0.5385496934155032
BTD,Biotinidase,Chapter XIII Diseases of the musculoskeletal system and connective tissue,Fibromyalgia,17730,48,4.15 [1.12-15.31],0.0326506056628976
BTD,Biotinidase,Chapter XIII Diseases of the musculoskeletal system and connective tissue,Ganglion,17769,87,3.04 [1.10-8.42],0.0326860021745274
BTD,Biotinidase,Chapter XIII Diseases of the musculoskeletal system and connective tissue,Giant cell arteritis,20306,28,1.89 [0.31-11.53],0.4912347698220933
BTD,Biotinidase,Chapter XIII Diseases of the musculoskeletal system and connective tissue,Gonarthrosis,15917,1243,1.03 [0.79-1.35],0.8036128856453132
BTD,Biotinidase,Chapter XIII Diseases of the musculoskeletal system and connective tissue,Gout,15496,822,1.72 [1.23-2.40],0.0014250891203689
BTD,Biotinidase,Chapter XIII Diseases of the musculoskeletal system and connective tissue,"Gout, unspecified",20466,810,1.82 [1.30-2.55],0.0004825155326864
BTD,Biotinidase,Chapter XIII Diseases of the musculoskeletal system and connective tissue,Hallux rigidus,14712,38,0.61 [0.26-1.43],0.2520880996253942
BTD,Biotinidase,Chapter XIII Diseases of the musculoskeletal system and connective tissue,Hallux valgus (acquired),14743,69,1.01 [0.33-3.12],0.9840784584846456
BTD,Biotinidase,Chapter XIII Diseases of the musculoskeletal system and connective tissue,Impingement syndrome of shoulder,17908,226,1.16 [0.62-2.15],0.6406913238674956
BTD,Biotinidase,Chapter XIII Diseases of the musculoskeletal system and connective tissue,Internal derangement of knee,15212,538,1.06 [0.71-1.58],0.7831860495988868
BTD,Biotinidase,Chapter XIII Diseases of the musculoskeletal system and connective tissue,Kyphosis,18014,36,0.40 [0.09-1.74],0.2244549408687181
BTD,Biotinidase,Chapter XIII Diseases of the musculoskeletal system and connective tissue,Low back pain,18425,447,0.71 [0.46-1.09],0.1178024217075821
BTD,Biotinidase,Chapter XIII Diseases of the musculoskeletal system and connective tissue,Lumbar disc prolapse,18199,221,1.03 [0.55-1.91],0.9376651670479098
BTD,Biotinidase,Chapter XIII Diseases of the musculoskeletal system and connective tissue,Meniscus derangement,15176,502,1.11 [0.73-1.69],0.6105571550508155
BTD,Biotinidase,Chapter XIII Diseases of the musculoskeletal system and connective tissue,Myalgia,17738,56,0.94 [0.27-3.23],0.9200715827238708
BTD,Biotinidase,Chapter XIII Diseases of the musculoskeletal system and connective tissue,"Neuralgia and neuritis, unspecified",17724,42,3.04 [0.72-12.87],0.1299944023605979
BTD,Biotinidase,Chapter XIII Diseases of the musculoskeletal system and connective tissue,Osteomyelitis,19682,78,1.80 [0.61-5.32],0.2856913028483569
BTD,Biotinidase,Chapter XIII Diseases of the musculoskeletal system and connective tissue,Osteopathies and chondropathies,20336,732,0.83 [0.59-1.17],0.2839340162058397
BTD,Biotinidase,Chapter XIII Diseases of the musculoskeletal system and connective tissue,Osteoporosis,19943,339,0.76 [0.46-1.25],0.2735488243464658
BTD,Biotinidase,Chapter XIII Diseases of the musculoskeletal system and connective tissue,"Other (seronegative) rheumatoid arthritis, wide",20518,256,0.81 [0.46-1.44],0.4743497692691228
BTD,Biotinidase,Chapter XIII Diseases of the musculoskeletal system and connective tissue,Other arthrosis,16278,1604,0.96 [0.76-1.21],0.7082346502248347
BTD,Biotinidase,Chapter XIII Diseases of the musculoskeletal system and connective tissue,Other articular cartilage disorders,14720,46,0.63 [0.28-1.45],0.2769848672220379
BTD,Biotinidase,Chapter XIII Diseases of the musculoskeletal system and connective tissue,Other bursopathies,17748,66,1.07 [0.34-3.35],0.906820017794039
BTD,Biotinidase,Chapter XIII Diseases of the musculoskeletal system and connective tissue,Other crystal arthropathies,14723,49,0.86 [0.23-3.20],0.82749079292774
BTD,Biotinidase,Chapter XIII Diseases of the musculoskeletal system and connective tissue,Other deformities of toe(s),14712,38,0.42 [0.10-1.73],0.2306359345568234
BTD,Biotinidase,Chapter XIII Diseases of the musculoskeletal system and connective tissue,Other disorders of bone,19763,159,1.65 [0.78-3.49],0.1924422575916442
BTD,Biotinidase,Chapter XIII Diseases of the musculoskeletal system and connective tissue,Other disorders of bone density and structure,19742,138,0.67 [0.31-1.47],0.3222332799911085
BTD,Biotinidase,Chapter XIII Diseases of the musculoskeletal system and connective tissue,Other disorders of the musculoskeletal system and connective tissue,20557,75,1.32 [0.44-3.91],0.6177343108164526
BTD,Biotinidase,Chapter XIII Diseases of the musculoskeletal system and connective tissue,"Other dorsopathies, not elsewhere classified",19269,1291,1.00 [0.77-1.30],0.983263712013738
BTD,Biotinidase,Chapter XIII Diseases of the musculoskeletal system and connective tissue,Other enthesopathies,17739,57,0.74 [0.22-2.44],0.6156745366112153
BTD,Biotinidase,Chapter XIII Diseases of the musculoskeletal system and connective tissue,Other hammer toe(s) (acquired),14710,36,0.85 [0.18-3.87],0.8287295991543928
BTD,Biotinidase,Chapter XIII Diseases of the musculoskeletal system and connective tissue,Other intervertebral disc disorders,18506,528,1.20 [0.80-1.80],0.3845237603578813
BTD,Biotinidase,Chapter XIII Diseases of the musculoskeletal system and connective tissue,Other joint disorders,16137,1463,0.81 [0.63-1.02],0.0771441543622729
BTD,Biotinidase,Chapter XIII Diseases of the musculoskeletal system and connective tissue,Other necrotizing vasculopathies,20325,47,0.62 [0.17-2.32],0.4794857995333172
BTD,Biotinidase,Chapter XIII Diseases of the musculoskeletal system and connective tissue,Other psoriatic arthropathies,20572,56,0.88 [0.26-3.02],0.8419162321131769
BTD,Biotinidase,Chapter XIII Diseases of the musculoskeletal system and connective tissue,Other shoulder lesions,17754,72,1.42 [0.47-4.32],0.532425741557425
BTD,Biotinidase,Chapter XIII Diseases of the musculoskeletal system and connective tissue,"Other soft tissue disorders, not elsewhere classified",18519,837,0.94 [0.69-1.30],0.7240176242463683
BTD,Biotinidase,Chapter XIII Diseases of the musculoskeletal system and connective tissue,Other specified disorders of muscle,17761,79,0.51 [0.19-1.38],0.1829007371528517
BTD,Biotinidase,Chapter XIII Diseases of the musculoskeletal system and connective tissue,Other specified/unspecified arthritis,15717,1043,0.93 [0.70-1.24],0.6200280971017551
BTD,Biotinidase,Chapter XIII Diseases of the musculoskeletal system and connective tissue,Other specified/unspecified disorders of  bone/cartilage,19676,72,1.90 [0.62-5.81],0.2589108072452473
BTD,Biotinidase,Chapter XIII Diseases of the musculoskeletal system and connective tissue,Other specified/unspecified disorders of synovium and tendon +Other specified/unspecified bursopathies,17720,38,0.97 [0.22-4.35],0.969874300828842
BTD,Biotinidase,Chapter XIII Diseases of the musculoskeletal system and connective tissue,Other specified/unspecified inflammatory spondylopathies,18074,96,1.03 [0.40-2.68],0.9519298701029556
BTD,Biotinidase,Chapter XIII Diseases of the musculoskeletal system and connective tissue,Other specified/unspecified soft tissue disorders,18105,423,0.83 [0.53-1.29],0.3994903506087007
BTD,Biotinidase,Chapter XIII Diseases of the musculoskeletal system and connective tissue,Other systemic involvement of connective tissue,20445,167,1.11 [0.54-2.30],0.7755398183732753
BTD,Biotinidase,Chapter XIII Diseases of the musculoskeletal system and connective tissue,Other/unspecified dorsalgia,18387,409,1.55 [0.97-2.48],0.0691598552328553
BTD,Biotinidase,Chapter XIII Diseases of the musculoskeletal system and connective tissue,Other/unspecified rheumatoid arthritis,20526,252,0.80 [0.45-1.43],0.4571871656833428
BTD,Biotinidase,Chapter XIII Diseases of the musculoskeletal system and connective tissue,Other/unspecified seropositive rheumatoid arthritis,20573,34,2.06 [0.40-10.71],0.3877972300059188
BTD,Biotinidase,Chapter XIII Diseases of the musculoskeletal system and connective tissue,Other/unspecified synovitis and tenosynovitis,17814,132,1.17 [0.52-2.63],0.7025280776509989
BTD,Biotinidase,Chapter XIII Diseases of the musculoskeletal system and connective tissue,Pain in joint,16886,491,0.81 [0.53-1.22],0.3118717449178553
BTD,Biotinidase,Chapter XIII Diseases of the musculoskeletal system and connective tissue,Pain in limb,18089,407,1.02 [0.64-1.62],0.934687379182508
BTD,Biotinidase,Chapter XIII Diseases of the musculoskeletal system and connective tissue,Palmar fascial fibromatosis [Dupuytren],17973,291,1.46 [0.84-2.55],0.1835925817541521
BTD,Biotinidase,Chapter XIII Diseases of the musculoskeletal system and connective tissue,"Polyarthritis, unspecified",14700,26,0.33 [0.06-1.66],0.1767520281623046
BTD,Biotinidase,Chapter XIII Diseases of the musculoskeletal system and connective tissue,Polyarthropathies,16621,1947,1.19 [0.96-1.47],0.1143738762966673
BTD,Biotinidase,Chapter XIII Diseases of the musculoskeletal system and connective tissue,Polyarthrosis,15051,377,1.12 [0.69-1.81],0.6516278218299993
BTD,Biotinidase,Chapter XIII Diseases of the musculoskeletal system and connective tissue,Polymyalgia rheumatica,20417,139,0.90 [0.41-1.98],0.7956707115461762
BTD,Biotinidase,Chapter XIII Diseases of the musculoskeletal system and connective tissue,"Postprocedural musculoskeletal disorders, not elsewhere classified",20520,38,1.56 [0.33-7.27],0.5710532143783483
BTD,Biotinidase,Chapter XIII Diseases of the musculoskeletal system and connective tissue,"Primary gonarthrosis, bilateral",18884,37,3.68 [0.75-18.00],0.1076072073888388
BTD,Biotinidase,Chapter XIII Diseases of the musculoskeletal system and connective tissue,Psoriatic arthropathies,14732,58,0.82 [0.25-2.75],0.7527406109169665
BTD,Biotinidase,Chapter XIII Diseases of the musculoskeletal system and connective tissue,Radiculopathy,18056,78,1.17 [0.40-3.39],0.7707959450403423
BTD,Biotinidase,Chapter XIII Diseases of the musculoskeletal system and connective tissue,Rheumatoid arthritis,14937,263,0.82 [0.46-1.44],0.4851538027547835
BTD,Biotinidase,Chapter XIII Diseases of the musculoskeletal system and connective tissue,Rotator cuff syndrome,17931,249,1.16 [0.64-2.10],0.6162067583905728
BTD,Biotinidase,Chapter XIII Diseases of the musculoskeletal system and connective tissue,Sciatica+with lumbago,18162,184,1.15 [0.57-2.29],0.6992964732935818
BTD,Biotinidase,Chapter XIII Diseases of the musculoskeletal system and connective tissue,Scoliosis,18050,72,0.37 [0.19-0.74],0.0051418258478358
BTD,Biotinidase,Chapter XIII Diseases of the musculoskeletal system and connective tissue,Seronegative rheumatoid arthritis,16366,27,1.79 [0.29-11.14],0.5315625230866367
BTD,Biotinidase,Chapter XIII Diseases of the musculoskeletal system and connective tissue,"Seropositive rheumatoid arthritis, wide",20574,35,1.67 [0.33-8.37],0.5320165931324962
BTD,Biotinidase,Chapter XIII Diseases of the musculoskeletal system and connective tissue,Shoulder lesions,18138,456,1.05 [0.68-1.61],0.8392084201306025
BTD,Biotinidase,Chapter XIII Diseases of the musculoskeletal system and connective tissue,Sicca syndrome [Sjgren],20295,17,0.56 [0.06-5.05],0.6063109774128974
BTD,Biotinidase,Chapter XIII Diseases of the musculoskeletal system and connective tissue,Soft tissue disorders,19653,1971,0.99 [0.80-1.22],0.8998294584483316
BTD,Biotinidase,Chapter XIII Diseases of the musculoskeletal system and connective tissue,"Soft tissue disorders related to use, overuse and pressure",17775,93,1.50 [0.57-3.96],0.4141249819987509
BTD,Biotinidase,Chapter XIII Diseases of the musculoskeletal system and connective tissue,Spinal stenosis,18397,419,1.32 [0.83-2.11],0.2342514547294045
BTD,Biotinidase,Chapter XIII Diseases of the musculoskeletal system and connective tissue,Spondyloarthritis,19659,171,0.85 [0.42-1.72],0.6438723639459106
BTD,Biotinidase,Chapter XIII Diseases of the musculoskeletal system and connective tissue,Spondylolisthesis/Spondylolysis,18096,118,1.86 [0.77-4.48],0.1681700570142975
BTD,Biotinidase,Chapter XIII Diseases of the musculoskeletal system and connective tissue,Spondylopathies,19089,1111,1.13 [0.85-1.49],0.4067672307424838
BTD,Biotinidase,Chapter XIII Diseases of the musculoskeletal system and connective tissue,Spondylosis,18666,688,1.30 [0.90-1.86],0.1576058581422311
BTD,Biotinidase,Chapter XIII Diseases of the musculoskeletal system and connective tissue,Synovial cyst of popliteal space [Baker],17714,32,1.11 [0.21-5.77],0.9029748538722993
BTD,Biotinidase,Chapter XIII Diseases of the musculoskeletal system and connective tissue,Systemic lupus erythematosus,20316,38,0.79 [0.18-3.50],0.7533612257008006
BTD,Biotinidase,Chapter XIII Diseases of the musculoskeletal system and connective tissue,Trigger finger,17793,111,1.59 [0.65-3.87],0.3118190311395029
BTD,Biotinidase,Chapter XIII Diseases of the musculoskeletal system and connective tissue,Trochanteric bursitis,17701,19,0.76 [0.32-1.82],0.5417474030451634
BTD,Biotinidase,Chapter XIII Diseases of the musculoskeletal system and connective tissue,Wrist or foot drop (acquired),14725,51,0.47 [0.21-1.06],0.0693728363897143
BTD,Biotinidase,Chapter XIV Diseases of the genitourinary system,Acute renal failure,19824,1550,0.72 [0.57-0.90],0.0051478545175163
BTD,Biotinidase,Chapter XIV Diseases of the genitourinary system,Calculus of kidney and ureter,20180,341,1.36 [0.82-2.26],0.240089805612025
BTD,Biotinidase,Chapter XIV Diseases of the genitourinary system,Calculus of lower urinary tract,19963,124,1.72 [0.73-4.05],0.2170140057804392
BTD,Biotinidase,Chapter XIV Diseases of the genitourinary system,Chronic kidney disease,19433,1159,0.66 [0.51-0.87],0.002696784947948
BTD,Biotinidase,Chapter XIV Diseases of the genitourinary system,Chronic nephritic syndrome,20380,49,0.49 [0.23-1.01],0.0520807636685219
BTD,Biotinidase,Chapter XIV Diseases of the genitourinary system,Cyst of kidney,20372,303,0.76 [0.45-1.29],0.3147371610125906
BTD,Biotinidase,Chapter XIV Diseases of the genitourinary system,Cystitis,18166,178,1.14 [0.56-2.30],0.723612901402255
BTD,Biotinidase,Chapter XIV Diseases of the genitourinary system,Dialysis,18340,66,0.30 [0.10-0.89],0.0292296312457968
BTD,Biotinidase,Chapter XIV Diseases of the genitourinary system,Diseases of male genital organs,19499,2854,0.87 [0.74-1.04],0.1288649188803911
BTD,Biotinidase,Chapter XIV Diseases of the genitourinary system,Genitourinary diseases,18607,4776,0.83 [0.73-0.95],0.0073191487088745
BTD,Biotinidase,Chapter XIV Diseases of the genitourinary system,Glomerular disorders in diseases classified elsewhere,20405,74,0.65 [0.22-1.87],0.4217959441522685
BTD,Biotinidase,Chapter XIV Diseases of the genitourinary system,Hydrocele,16821,176,1.14 [0.56-2.31],0.7166117532445491
BTD,Biotinidase,Chapter XIV Diseases of the genitourinary system,Hydronephrosis,18344,301,0.98 [0.57-1.68],0.9334013148059178
BTD,Biotinidase,Chapter XIV Diseases of the genitourinary system,Hyperplasia of prostate,18886,2241,0.86 [0.71-1.05],0.1333770507965736
BTD,Biotinidase,Chapter XIV Diseases of the genitourinary system,Inflammatory diseases of prostate (prostatitis),16844,199,0.61 [0.32-1.16],0.1338099227584282
BTD,Biotinidase,Chapter XIV Diseases of the genitourinary system,Neuromuscular dysfunction of bladder,18051,63,0.76 [0.24-2.40],0.6356916592528681
BTD,Biotinidase,Chapter XIV Diseases of the genitourinary system,Orchitis and epididymitis,16745,100,2.07 [0.80-5.38],0.1348947007348622
BTD,Biotinidase,Chapter XIV Diseases of the genitourinary system,"Other chronic cystitis, drug-induced",20579,55,1.78 [0.49-6.46],0.3810255549426296
BTD,Biotinidase,Chapter XIV Diseases of the genitourinary system,"Other cystitis, drug-induced",20577,46,2.65 [0.64-10.98],0.1778406728033774
BTD,Biotinidase,Chapter XIV Diseases of the genitourinary system,Other diseases of urinary system,19877,1889,0.85 [0.68-1.05],0.1289818280527112
BTD,Biotinidase,Chapter XIV Diseases of the genitourinary system,Other disorders of  bladder,18814,826,0.92 [0.67-1.28],0.636567231205889
BTD,Biotinidase,Chapter XIV Diseases of the genitourinary system,Other disorders of kidney and ureter,20526,457,0.74 [0.48-1.14],0.1721097607182245
BTD,Biotinidase,Chapter XIV Diseases of the genitourinary system,Other disorders of male genital organs,16912,267,0.48 [0.28-0.82],0.0073843654183061
BTD,Biotinidase,Chapter XIV Diseases of the genitourinary system,Other disorders of penis,16888,243,0.60 [0.34-1.06],0.0788091169782065
BTD,Biotinidase,Chapter XIV Diseases of the genitourinary system,Other disorders of prostate,16842,197,1.47 [0.75-2.89],0.2641745828264122
BTD,Biotinidase,Chapter XIV Diseases of the genitourinary system,Other disorders of the genitourinary system,20575,41,0.52 [0.13-2.08],0.35520138881164
BTD,Biotinidase,Chapter XIV Diseases of the genitourinary system,Other disorders of urethra and urinary system,19249,1261,0.74 [0.57-0.96],0.0231086152745096
BTD,Biotinidase,Chapter XIV Diseases of the genitourinary system,Other obstructive and reflux uropathy,18380,337,1.05 [0.63-1.76],0.850334375597676
BTD,Biotinidase,Chapter XIV Diseases of the genitourinary system,Other specified disorders of kidney and ureter,20220,151,0.99 [0.46-2.11],0.9696972316017232
BTD,Biotinidase,Chapter XIV Diseases of the genitourinary system,Recurrent and persistent haematuria,20387,56,0.61 [0.30-1.25],0.1789531094429406
BTD,Biotinidase,Chapter XIV Diseases of the genitourinary system,"Redundant prepuce, phimosis and paraphimosis",16876,231,1.40 [0.75-2.59],0.2860206416248859
BTD,Biotinidase,Chapter XIV Diseases of the genitourinary system,Renal tubulo-interstitial diseases,20366,2323,0.75 [0.62-0.91],0.0029807486750903
BTD,Biotinidase,Chapter XIV Diseases of the genitourinary system,"Tubulo-interstitial nephritis, not specified as acute or chronic",18099,56,0.57 [0.27-1.20],0.1377070894948426
BTD,Biotinidase,Chapter XIV Diseases of the genitourinary system,Unspecified kidney failure,18394,120,1.03 [0.44-2.45],0.9390508469490167
BTD,Biotinidase,Chapter XIV Diseases of the genitourinary system,Unspecified renal colic,19904,65,1.08 [0.34-3.39],0.9017032960502056
BTD,Biotinidase,Chapter XIV Diseases of the genitourinary system,Urethral stricture,18241,253,0.93 [0.52-1.67],0.8087090701140416
BTD,Biotinidase,Chapter XIV Diseases of the genitourinary system,Urolithiasis,20285,446,1.19 [0.76-1.85],0.4456053142831641
