Protein,Protein_definition,Disease_category,Disease,NB_individual,NB_case,HR[95%CI],P_value
TAX1BP1,Tax1-binding protein 1,Chapter I Certain infectious and parasitic diseases,"Bacterial infection, other or unspecified",19548,137,1.14 [0.88-1.48],0.3112533093969515
TAX1BP1,Tax1-binding protein 1,Chapter I Certain infectious and parasitic diseases,"Bacterial intestinal infections, IBD co-morbidities",20392,154,1.18 [0.93-1.51],0.1675090762363389
TAX1BP1,Tax1-binding protein 1,Chapter I Certain infectious and parasitic diseases,"Bacterial, viral and other infectious agents",20178,1169,1.13 [1.03-1.23],0.0080141566543511
TAX1BP1,Tax1-binding protein 1,Chapter I Certain infectious and parasitic diseases,Candidiasis,20402,309,1.15 [0.96-1.36],0.1218865449098225
TAX1BP1,Tax1-binding protein 1,Chapter I Certain infectious and parasitic diseases,Certain infectious and parasitic diseases,19796,2893,1.15 [1.09-1.22],8.726604648846831e-07
TAX1BP1,Tax1-binding protein 1,Chapter I Certain infectious and parasitic diseases,Condition for Implicit Sepsis (Organ dysfunction codes),19792,2930,1.12 [1.06-1.18],0.0001351453121432
TAX1BP1,Tax1-binding protein 1,Chapter I Certain infectious and parasitic diseases,Diarrhoea and gastroenteritis of presumed infectious origin,20221,877,1.10 [0.99-1.22],0.0696285785598306
TAX1BP1,Tax1-binding protein 1,Chapter I Certain infectious and parasitic diseases,Enterocolitis due to Clostridium difficile,20345,68,0.97 [0.66-1.43],0.8786041196352476
TAX1BP1,Tax1-binding protein 1,Chapter I Certain infectious and parasitic diseases,Explicit Sepsis,18512,909,1.16 [1.05-1.28],0.0043194239176603
TAX1BP1,Tax1-binding protein 1,Chapter I Certain infectious and parasitic diseases,Implicit bacterial Sepsis,17846,997,1.18 [1.07-1.30],0.0006434868693403
TAX1BP1,Tax1-binding protein 1,Chapter I Certain infectious and parasitic diseases,Implicit fungal Sepsis,17667,205,1.18 [0.96-1.46],0.1222385028659557
TAX1BP1,Tax1-binding protein 1,Chapter I Certain infectious and parasitic diseases,Implicit Sepsis,14358,1904,1.11 [1.03-1.19],0.0037864693596807
TAX1BP1,Tax1-binding protein 1,Chapter I Certain infectious and parasitic diseases,Implicit viral Sepsis,17607,336,1.42 [1.22-1.66],9.287051428339265e-06
TAX1BP1,Tax1-binding protein 1,Chapter I Certain infectious and parasitic diseases,Intestinal infectious diseases,20393,1049,1.13 [1.03-1.24],0.0083985667529613
TAX1BP1,Tax1-binding protein 1,Chapter I Certain infectious and parasitic diseases,Mycoses,20479,386,1.12 [0.96-1.30],0.1676508218564352
TAX1BP1,Tax1-binding protein 1,Chapter I Certain infectious and parasitic diseases,Other bacterial agents as the cause of diseases classified to other chapters,19742,733,1.13 [1.01-1.27],0.0311176070601066
TAX1BP1,Tax1-binding protein 1,Chapter I Certain infectious and parasitic diseases,Other bacterial diseases,20413,1002,1.12 [1.02-1.24],0.0175609743250783
TAX1BP1,Tax1-binding protein 1,Chapter I Certain infectious and parasitic diseases,Other bacterial intestinal infections,19500,156,1.17 [0.92-1.48],0.2082480994442844
TAX1BP1,Tax1-binding protein 1,Chapter I Certain infectious and parasitic diseases,Other infectious diseases,20513,42,1.42 [0.92-2.18],0.113441460374216
TAX1BP1,Tax1-binding protein 1,Chapter I Certain infectious and parasitic diseases,Other septicaemia,20285,874,1.12 [1.02-1.25],0.0247876307846135
TAX1BP1,Tax1-binding protein 1,Chapter I Certain infectious and parasitic diseases,Other specified/unspecified bacterial intestinal infections,20331,54,1.23 [0.82-1.83],0.3185700899442214
TAX1BP1,Tax1-binding protein 1,Chapter I Certain infectious and parasitic diseases,Other viral diseases,20452,101,1.45 [1.11-1.90],0.0073000226662299
TAX1BP1,Tax1-binding protein 1,Chapter I Certain infectious and parasitic diseases,"Other viral diseases, not elsewhere classified",20437,86,1.60 [1.20-2.12],0.0012441528939352
TAX1BP1,Tax1-binding protein 1,Chapter I Certain infectious and parasitic diseases,Streptococcus and staphylococcus as the cause of diseases classified to other chapters,19411,402,1.23 [1.06-1.42],0.0064485900546141
TAX1BP1,Tax1-binding protein 1,Chapter I Certain infectious and parasitic diseases,Viral agents as the cause of diseases classified to other chapters,19248,239,1.11 [0.91-1.35],0.2968040094601488
TAX1BP1,Tax1-binding protein 1,Chapter I Certain infectious and parasitic diseases,Viral and other specified intestinal infections,19414,70,1.51 [1.09-2.10],0.0135709405305012
TAX1BP1,Tax1-binding protein 1,Chapter I Certain infectious and parasitic diseases,Viral hepatitis,20494,59,0.96 [0.64-1.45],0.8444377879461317
TAX1BP1,Tax1-binding protein 1,Chapter I Certain infectious and parasitic diseases,Viral infections characterized by skin and mucous membrane lesions,20463,127,1.19 [0.91-1.55],0.1991965859514703
TAX1BP1,Tax1-binding protein 1,Chapter I Certain infectious and parasitic diseases,Viral warts,20383,47,1.21 [0.79-1.86],0.3801837009914176
TAX1BP1,Tax1-binding protein 1,Chapter I Certain infectious and parasitic diseases,Zoster [herpes zoster],20382,46,1.18 [0.76-1.83],0.4578746156224486
TAX1BP1,Tax1-binding protein 1,Chapter II Neoplasms,Benign lipomatous neoplasm,20246,302,0.99 [0.83-1.19],0.926173431209102
TAX1BP1,Tax1-binding protein 1,Chapter II Neoplasms,Benign lipomatous neoplasm of skin and subcutaneous tissue of limbs,20454,43,0.98 [0.61-1.58],0.9372836295849656
TAX1BP1,Tax1-binding protein 1,Chapter II Neoplasms,Benign lipomatous neoplasm of skin and subcutaneous tissue of trunk,20418,50,1.01 [0.65-1.56],0.9598101085866172
TAX1BP1,Tax1-binding protein 1,Chapter II Neoplasms,Benign lipomatous neoplasm of spermatic cord,20474,108,1.01 [0.75-1.36],0.945356172183329
TAX1BP1,Tax1-binding protein 1,Chapter II Neoplasms,"Benign neoplasm of colon, rectum, anus and anal canal",20191,1410,1.03 [0.95-1.12],0.4541585287676488
TAX1BP1,Tax1-binding protein 1,Chapter II Neoplasms,Benign neoplasm of meninges,20512,27,0.85 [0.46-1.59],0.6191420308367648
TAX1BP1,Tax1-binding protein 1,Chapter II Neoplasms,Benign neoplasm of other and ill-defined parts of digestive system,20460,60,1.17 [0.79-1.73],0.4358683542588416
TAX1BP1,Tax1-binding protein 1,Chapter II Neoplasms,Benign neoplasm of other and unspecified endocrine glands,20499,66,1.20 [0.84-1.72],0.3224056505791983
TAX1BP1,Tax1-binding protein 1,Chapter II Neoplasms,Benign neoplasm: Ascending colon,20490,390,0.97 [0.83-1.14],0.6978029280962773
TAX1BP1,Tax1-binding protein 1,Chapter II Neoplasms,Benign neoplasm: Caecum,20493,293,1.19 [1.00-1.42],0.0439197172468514
TAX1BP1,Tax1-binding protein 1,Chapter II Neoplasms,"Benign neoplasm: Colon, unspecified",20401,66,1.43 [1.01-2.02],0.0425589462611891
TAX1BP1,Tax1-binding protein 1,Chapter II Neoplasms,Benign neoplasm: Descending colon,20486,246,0.96 [0.78-1.17],0.6734099702030777
TAX1BP1,Tax1-binding protein 1,Chapter II Neoplasms,Benign neoplasm: Rectum,20448,362,0.93 [0.79-1.10],0.3809608816440312
TAX1BP1,Tax1-binding protein 1,Chapter II Neoplasms,Benign neoplasm: Sigmoid colon,20408,633,0.99 [0.87-1.12],0.8331000109633373
TAX1BP1,Tax1-binding protein 1,Chapter II Neoplasms,Benign neoplasm: Transverse colon,20476,477,1.07 [0.93-1.23],0.3642960288961598
TAX1BP1,Tax1-binding protein 1,Chapter II Neoplasms,"Chronic lymphocytic leukaemia and small lyphocytis leukaemia, excluding all cancers (controls excluding all cancers)",15980,64,2.53 [1.94-3.28],4.464741416514124e-12
TAX1BP1,Tax1-binding protein 1,Chapter II Neoplasms,"Diffuse large B-cell lymphoma, excluding all cancers (controls excluding all cancers)",15978,62,0.84 [0.55-1.27],0.4063579770839646
TAX1BP1,Tax1-binding protein 1,Chapter II Neoplasms,"Haemangioma and lymphangioma, any site",20484,80,0.99 [0.70-1.40],0.9478969698075664
TAX1BP1,Tax1-binding protein 1,Chapter II Neoplasms,"Haemangioma, any site",20484,77,1.02 [0.72-1.45],0.9207433403649076
TAX1BP1,Tax1-binding protein 1,Chapter II Neoplasms,Lung cancer and mesothelioma,13671,307,1.22 [1.02-1.45],0.0261556528176128
TAX1BP1,Tax1-binding protein 1,Chapter II Neoplasms,Lymphoid leukaemia,15974,58,2.73 [2.12-3.53],1.2952640416196626e-14
TAX1BP1,Tax1-binding protein 1,Chapter II Neoplasms,"Malignant melanoma of skin, excluding all cancers (controls excluding all cancers)",16084,168,1.19 [0.95-1.49],0.1373589823998886
TAX1BP1,Tax1-binding protein 1,Chapter II Neoplasms,"Malignant neoplasm of bladder, excluding all cancers (controls excluding all cancers)",16161,245,1.07 [0.88-1.31],0.4777110110322278
TAX1BP1,Tax1-binding protein 1,Chapter II Neoplasms,"Malignant neoplasm of intrahepatic ducts, biliary tract and gallbladder, excluding all cancers (controls excluding all cancers)",15997,81,1.06 [0.74-1.50],0.7608231358393363
TAX1BP1,Tax1-binding protein 1,Chapter II Neoplasms,"Malignant neoplasm of kidney, except renal pelvis, excluding all cancers (controls excluding all cancers)",16031,115,1.10 [0.83-1.47],0.5011244277489448
TAX1BP1,Tax1-binding protein 1,Chapter II Neoplasms,"Malignant neoplasm of oesophagus, excluding all cancers (controls excluding all cancers)",16044,128,0.99 [0.75-1.31],0.9683069460723178
TAX1BP1,Tax1-binding protein 1,Chapter II Neoplasms,"Malignant neoplasm of pancreas, excluding all cancers (controls excluding all cancers)",15983,67,0.82 [0.54-1.23],0.3347873173289593
TAX1BP1,Tax1-binding protein 1,Chapter II Neoplasms,"Malignant neoplasm of prostate, excluding all cancers (controls excluding all cancers)",17098,1182,0.97 [0.88-1.06],0.4957682920832829
TAX1BP1,Tax1-binding protein 1,Chapter II Neoplasms,"Malignant neoplasm of rectum, excluding all cancers (controls excluding all cancers)",16045,129,0.89 [0.67-1.19],0.4418112216201226
TAX1BP1,Tax1-binding protein 1,Chapter II Neoplasms,"Malignant neoplasm of stomach, excluding all cancers (controls excluding all cancers)",16010,94,1.23 [0.90-1.67],0.1945312276718678
TAX1BP1,Tax1-binding protein 1,Chapter II Neoplasms,Malignant neoplasms of independent (primary) multiple sites,16023,107,1.39 [1.05-1.82],0.0193632583997616
TAX1BP1,Tax1-binding protein 1,Chapter II Neoplasms,Melanocytic naevi,20410,149,0.92 [0.71-1.19],0.5309117300757473
TAX1BP1,Tax1-binding protein 1,Chapter II Neoplasms,Melanocytic naevi of trunk,20486,86,1.20 [0.88-1.64],0.2452318984581455
TAX1BP1,Tax1-binding protein 1,Chapter II Neoplasms,Melanoma in situ,15944,63,1.52 [1.07-2.14],0.0188488342242087
TAX1BP1,Tax1-binding protein 1,Chapter II Neoplasms,"Non-follicular lymphoma, hilmo, excluding all cancers",16005,89,1.03 [0.74-1.43],0.8653237521013315
TAX1BP1,Tax1-binding protein 1,Chapter II Neoplasms,"Non-Hodgkin lymphoma, all, excluding all cancers (controls excluding all cancers)",16058,142,1.08 [0.84-1.40],0.554098800219275
TAX1BP1,Tax1-binding protein 1,Chapter II Neoplasms,"Non-small cell lung cancer, excluding all cancers (controls excluding all cancers)",16113,197,1.11 [0.89-1.39],0.3573948735194318
TAX1BP1,Tax1-binding protein 1,Chapter II Neoplasms,"Other and unspecified types of non-Hodgkin lymphoma, hilmo, excluding all cancers",16004,88,0.84 [0.59-1.19],0.3369830192862402
TAX1BP1,Tax1-binding protein 1,Chapter II Neoplasms,Other benign neoplasms of skin,20400,124,1.01 [0.77-1.33],0.9383847623990323
TAX1BP1,Tax1-binding protein 1,Chapter II Neoplasms,"Other malignant neoplasms of skin (=non-melanoma skin cancer), excluding all cancers (controls excluding all cancers)",16939,1023,1.01 [0.91-1.11],0.887679357040601
TAX1BP1,Tax1-binding protein 1,Chapter II Neoplasms,"Squamous cell neoplasms and carcinomas of the skin, excluding all cancers (controls excluding all cancers)",17001,1085,1.02 [0.93-1.13],0.6184571486708796
TAX1BP1,Tax1-binding protein 1,Chapter III Diseases of the blood and blood-forming organs and certain disorders involving the immune mechanism,Agranulocytosis,20282,258,1.20 [1.00-1.44],0.0564289488936531
TAX1BP1,Tax1-binding protein 1,Chapter III Diseases of the blood and blood-forming organs and certain disorders involving the immune mechanism,Anaemia in chronic diseases classified elsewhere,19061,67,1.14 [0.78-1.66],0.4862092076385057
TAX1BP1,Tax1-binding protein 1,Chapter III Diseases of the blood and blood-forming organs and certain disorders involving the immune mechanism,Diseases of spleen,20081,57,1.31 [0.90-1.91],0.1564267186411314
TAX1BP1,Tax1-binding protein 1,Chapter III Diseases of the blood and blood-forming organs and certain disorders involving the immune mechanism,Diseases of the blood and blood-forming organs and certain disorders involving the immune mechanism,20067,2321,1.10 [1.03-1.17],0.0038695211432284
TAX1BP1,Tax1-binding protein 1,Chapter III Diseases of the blood and blood-forming organs and certain disorders involving the immune mechanism,Folate deficiency anaemia,19468,53,1.54 [1.06-2.25],0.0246054735747866
TAX1BP1,Tax1-binding protein 1,Chapter III Diseases of the blood and blood-forming organs and certain disorders involving the immune mechanism,Idiopathic thrombocytopenic purpura,20154,42,0.67 [0.39-1.15],0.144781009401344
TAX1BP1,Tax1-binding protein 1,Chapter III Diseases of the blood and blood-forming organs and certain disorders involving the immune mechanism,Other anaemias,20218,1224,1.07 [0.98-1.17],0.1209012941868402
TAX1BP1,Tax1-binding protein 1,Chapter III Diseases of the blood and blood-forming organs and certain disorders involving the immune mechanism,Other and unspecified anaemias,20216,1222,1.07 [0.98-1.17],0.1244003446681876
TAX1BP1,Tax1-binding protein 1,Chapter III Diseases of the blood and blood-forming organs and certain disorders involving the immune mechanism,Other and unspecified aplastic anaemias,19075,81,1.00 [0.70-1.42],0.997323835816466
TAX1BP1,Tax1-binding protein 1,Chapter III Diseases of the blood and blood-forming organs and certain disorders involving the immune mechanism,Other and unspecified iron deficiency,20323,908,1.24 [1.13-1.37],1.4732006230474472e-05
TAX1BP1,Tax1-binding protein 1,Chapter III Diseases of the blood and blood-forming organs and certain disorders involving the immune mechanism,Other coagulation defects,20208,96,1.08 [0.80-1.47],0.6134544453516784
TAX1BP1,Tax1-binding protein 1,Chapter III Diseases of the blood and blood-forming organs and certain disorders involving the immune mechanism,Other diseases of blood and blood-forming organs,20086,62,1.18 [0.82-1.72],0.3758885611871325
TAX1BP1,Tax1-binding protein 1,Chapter III Diseases of the blood and blood-forming organs and certain disorders involving the immune mechanism,Other disorders of white blood cells,20080,56,1.41 [0.97-2.05],0.0694810726656096
TAX1BP1,Tax1-binding protein 1,Chapter III Diseases of the blood and blood-forming organs and certain disorders involving the immune mechanism,Purpura and other haemorrhagic conditions,20368,256,0.84 [0.68-1.03],0.0915647135586073
TAX1BP1,Tax1-binding protein 1,Chapter III Diseases of the blood and blood-forming organs and certain disorders involving the immune mechanism,Sarcoidosis,20431,40,0.81 [0.48-1.36],0.4178022108167869
TAX1BP1,Tax1-binding protein 1,Chapter III Diseases of the blood and blood-forming organs and certain disorders involving the immune mechanism,"Thrombocytopenia, unspecified",20320,208,0.83 [0.66-1.05],0.114104569582896
TAX1BP1,Tax1-binding protein 1,Chapter III Diseases of the blood and blood-forming organs and certain disorders involving the immune mechanism,Vitamin B12 deficiency anaemia,19477,62,0.75 [0.49-1.15],0.1814896472954418
TAX1BP1,Tax1-binding protein 1,"Chapter IV Endocrine, nutritional and metabolic diseases",Acidosis,15181,308,1.29 [1.09-1.53],0.002674766658969
TAX1BP1,Tax1-binding protein 1,"Chapter IV Endocrine, nutritional and metabolic diseases",Acute alcohol intoxication,18744,136,1.42 [1.11-1.81],0.0052743047312616
TAX1BP1,Tax1-binding protein 1,"Chapter IV Endocrine, nutritional and metabolic diseases",Alcohol dependence,18772,164,1.25 [0.99-1.58],0.0660546534621057
TAX1BP1,Tax1-binding protein 1,"Chapter IV Endocrine, nutritional and metabolic diseases",Alkalosis,14925,52,1.50 [1.02-2.21],0.0374454869734077
TAX1BP1,Tax1-binding protein 1,"Chapter IV Endocrine, nutritional and metabolic diseases",Bipolar affective disorders,19361,54,0.82 [0.52-1.28],0.3814627351000874
TAX1BP1,Tax1-binding protein 1,"Chapter IV Endocrine, nutritional and metabolic diseases",Deficiency of other B group vitamins,18707,186,0.96 [0.76-1.21],0.7058181477757963
TAX1BP1,Tax1-binding protein 1,"Chapter IV Endocrine, nutritional and metabolic diseases","Delirium, not induced by alcohol and other psychoactive substances",20121,491,1.10 [0.96-1.26],0.1786547373753843
TAX1BP1,Tax1-binding protein 1,"Chapter IV Endocrine, nutritional and metabolic diseases",Dementia in Alzheimer disease,19829,199,0.85 [0.67-1.08],0.1879697338679341
TAX1BP1,Tax1-binding protein 1,"Chapter IV Endocrine, nutritional and metabolic diseases",Dementia in other diseases classified elsewhere,19748,118,1.05 [0.79-1.40],0.7171169960025761
TAX1BP1,Tax1-binding protein 1,"Chapter IV Endocrine, nutritional and metabolic diseases",Depression,20256,949,1.18 [1.07-1.30],0.0005787718304832
TAX1BP1,Tax1-binding protein 1,"Chapter IV Endocrine, nutritional and metabolic diseases",Depression or dysthymia,17589,916,1.18 [1.07-1.30],0.0008899356630459
TAX1BP1,Tax1-binding protein 1,"Chapter IV Endocrine, nutritional and metabolic diseases","Disorder of lipoprotein metabolism, unspecified",14936,63,1.04 [0.71-1.53],0.8332952186933725
TAX1BP1,Tax1-binding protein 1,"Chapter IV Endocrine, nutritional and metabolic diseases","Disorder of thyroid, unspecified",19798,35,1.04 [0.62-1.74],0.8950220872070471
TAX1BP1,Tax1-binding protein 1,"Chapter IV Endocrine, nutritional and metabolic diseases",Disorders of calcium metabolism,15099,226,1.19 [0.97-1.45],0.0955930520268681
TAX1BP1,Tax1-binding protein 1,"Chapter IV Endocrine, nutritional and metabolic diseases",Disorders of iron metabolism,14935,62,1.38 [0.97-1.96],0.0718618045026873
TAX1BP1,Tax1-binding protein 1,"Chapter IV Endocrine, nutritional and metabolic diseases",Disorders of lipoprotein metabolism and other lipidaemias,18171,3298,1.08 [1.02-1.14],0.0043951496207937
TAX1BP1,Tax1-binding protein 1,"Chapter IV Endocrine, nutritional and metabolic diseases",Disorders of magnesium metabolism,15031,158,1.05 [0.82-1.35],0.6749811937078669
TAX1BP1,Tax1-binding protein 1,"Chapter IV Endocrine, nutritional and metabolic diseases",Disorders of mineral metabolism,15349,476,1.13 [0.99-1.30],0.0802123505611885
TAX1BP1,Tax1-binding protein 1,"Chapter IV Endocrine, nutritional and metabolic diseases",Disorders of other endocrine glands,20466,228,1.15 [0.95-1.40],0.1581526396453801
TAX1BP1,Tax1-binding protein 1,"Chapter IV Endocrine, nutritional and metabolic diseases",Disorders of parathyroid gland,20309,71,1.04 [0.72-1.50],0.8323443125711054
TAX1BP1,Tax1-binding protein 1,"Chapter IV Endocrine, nutritional and metabolic diseases",Disorders of phosphorus metabolism and phosphatases,15005,132,1.38 [1.08-1.76],0.0099733150543411
TAX1BP1,Tax1-binding protein 1,"Chapter IV Endocrine, nutritional and metabolic diseases","Disorders of plasma-protein metabolism, not elsewhere classified",14927,54,1.06 [0.70-1.61],0.7885576862696204
TAX1BP1,Tax1-binding protein 1,"Chapter IV Endocrine, nutritional and metabolic diseases",Disorders of the thyroid gland,20360,597,1.08 [0.96-1.23],0.1977062051766984
TAX1BP1,Tax1-binding protein 1,"Chapter IV Endocrine, nutritional and metabolic diseases",Fluid overload,15126,253,1.33 [1.10-1.60],0.0027442289179031
TAX1BP1,Tax1-binding protein 1,"Chapter IV Endocrine, nutritional and metabolic diseases",Hyperkalaemia,15166,293,1.03 [0.86-1.24],0.7354420005279643
TAX1BP1,Tax1-binding protein 1,"Chapter IV Endocrine, nutritional and metabolic diseases","Hyperlipidaemia, other/unspecified",15493,620,1.17 [1.03-1.32],0.0122683035453783
TAX1BP1,Tax1-binding protein 1,"Chapter IV Endocrine, nutritional and metabolic diseases",Hyperosmolality and hypernatraemia,14988,115,1.00 [0.75-1.35],0.9746172193726989
TAX1BP1,Tax1-binding protein 1,"Chapter IV Endocrine, nutritional and metabolic diseases",Hyperparathyroidism,20303,65,1.12 [0.77-1.62],0.5610407643890283
TAX1BP1,Tax1-binding protein 1,"Chapter IV Endocrine, nutritional and metabolic diseases",Hypo-osmolality and hyponatraemia,15366,493,1.20 [1.05-1.37],0.0077647905847211
TAX1BP1,Tax1-binding protein 1,"Chapter IV Endocrine, nutritional and metabolic diseases",Hypokalaemia,15217,344,1.22 [1.04-1.43],0.015025132569997
TAX1BP1,Tax1-binding protein 1,"Chapter IV Endocrine, nutritional and metabolic diseases",Iron deficiency,18570,49,1.25 [0.82-1.89],0.2956739276191117
TAX1BP1,Tax1-binding protein 1,"Chapter IV Endocrine, nutritional and metabolic diseases",Metabolic disorders,19320,4447,1.07 [1.02-1.12],0.0040882994789196
TAX1BP1,Tax1-binding protein 1,"Chapter IV Endocrine, nutritional and metabolic diseases",Nontoxic multinodular goitre,19774,11,1.09 [0.44-2.72],0.8527838757794131
TAX1BP1,Tax1-binding protein 1,"Chapter IV Endocrine, nutritional and metabolic diseases",Nontoxic single thyroid nodule,19784,21,1.15 [0.60-2.20],0.6711947959921722
TAX1BP1,Tax1-binding protein 1,"Chapter IV Endocrine, nutritional and metabolic diseases",Obesity,20372,1513,0.96 [0.89-1.04],0.3543955475519968
TAX1BP1,Tax1-binding protein 1,"Chapter IV Endocrine, nutritional and metabolic diseases","Obesity, other/unspecified",20369,1509,0.96 [0.89-1.04],0.3591686071569882
TAX1BP1,Tax1-binding protein 1,"Chapter IV Endocrine, nutritional and metabolic diseases",Other and/or unspecified nontoxic goitre,19775,12,1.51 [0.67-3.39],0.318200321960385
TAX1BP1,Tax1-binding protein 1,"Chapter IV Endocrine, nutritional and metabolic diseases",Other anxiety disorders,20283,688,1.13 [1.01-1.27],0.0322749166050103
TAX1BP1,Tax1-binding protein 1,"Chapter IV Endocrine, nutritional and metabolic diseases","Other disorders of fluid, electrolyte and acid-base balance",16239,1366,1.17 [1.08-1.27],0.0001412158658999
TAX1BP1,Tax1-binding protein 1,"Chapter IV Endocrine, nutritional and metabolic diseases",Other disorders of glucose regulation and pancreatic internal secretion,20504,202,1.00 [0.81-1.25],0.9688526924961268
TAX1BP1,Tax1-binding protein 1,"Chapter IV Endocrine, nutritional and metabolic diseases",Other mental disorders due to brain damage and dysfunction and to physical disease,19716,86,0.71 [0.49-1.04],0.0802708419835621
TAX1BP1,Tax1-binding protein 1,"Chapter IV Endocrine, nutritional and metabolic diseases",Panic disorder,19660,65,1.61 [1.16-2.23],0.0045173998133969
TAX1BP1,Tax1-binding protein 1,"Chapter IV Endocrine, nutritional and metabolic diseases",Phobic anxiety disorders,19669,74,1.33 [0.96-1.86],0.0875139944253128
TAX1BP1,Tax1-binding protein 1,"Chapter IV Endocrine, nutritional and metabolic diseases","Postprocedural endocrine and metabolic disorders, not elsewhere classified",14932,59,1.05 [0.70-1.57],0.812406731728245
TAX1BP1,Tax1-binding protein 1,"Chapter IV Endocrine, nutritional and metabolic diseases",Type 1 diabetes without complications,18124,145,1.26 [0.98-1.61],0.0671170309238253
TAX1BP1,Tax1-binding protein 1,"Chapter IV Endocrine, nutritional and metabolic diseases",Type 2 diabetes with neurological complications,2160,104,1.26 [0.95-1.67],0.1053603130782095
TAX1BP1,Tax1-binding protein 1,"Chapter IV Endocrine, nutritional and metabolic diseases",Type 2 diabetes with ophthalmic complications,2300,272,0.92 [0.76-1.12],0.4038410027657897
TAX1BP1,Tax1-binding protein 1,"Chapter IV Endocrine, nutritional and metabolic diseases",Type 2 diabetes with peripheral circulatory complications,18060,81,1.52 [1.12-2.08],0.0075188925184582
TAX1BP1,Tax1-binding protein 1,"Chapter IV Endocrine, nutritional and metabolic diseases",Type 2 diabetes with renal complications,2116,60,1.44 [1.00-2.09],0.0512467830667311
TAX1BP1,Tax1-binding protein 1,"Chapter IV Endocrine, nutritional and metabolic diseases",Type 2 diabetes without complications,19860,1881,1.20 [1.12-1.28],3.3268704922485176e-07
TAX1BP1,Tax1-binding protein 1,"Chapter IV Endocrine, nutritional and metabolic diseases",Unspecified dementia,19904,274,0.78 [0.64-0.96],0.0183281681587576
TAX1BP1,Tax1-binding protein 1,"Chapter IV Endocrine, nutritional and metabolic diseases",Vitamin D deficiency,18723,202,1.06 [0.86-1.32],0.5830349599865742
TAX1BP1,Tax1-binding protein 1,"Chapter IV Endocrine, nutritional and metabolic diseases",Volume depletion,15521,648,1.13 [1.00-1.27],0.0508994049095075
TAX1BP1,Tax1-binding protein 1,Chapter IX Diseases of the circulatory system,"!Phlebitis/thrombophlebitis venae iliacae [externae/internae/communis], drug-induced",20404,210,0.88 [0.70-1.10],0.2604936442275492
TAX1BP1,Tax1-binding protein 1,Chapter IX Diseases of the circulatory system,Abdominal aortic aneurysm (AAA),19486,234,0.98 [0.80-1.21],0.881509236383425
TAX1BP1,Tax1-binding protein 1,Chapter IX Diseases of the circulatory system,Angina pectoris,18045,1266,1.01 [0.93-1.11],0.7531526380956046
TAX1BP1,Tax1-binding protein 1,Chapter IX Diseases of the circulatory system,Aortic aneurysm,19584,332,0.95 [0.80-1.13],0.5406005229059158
TAX1BP1,Tax1-binding protein 1,Chapter IX Diseases of the circulatory system,Arterial embolism and thrombosis of lower extremity artery,19321,69,1.38 [0.98-1.95],0.0666133348190264
TAX1BP1,Tax1-binding protein 1,Chapter IX Diseases of the circulatory system,"Atherosclerosis, excluding cerebral and coronary sclerosis",19447,195,1.38 [1.12-1.69],0.0021871406257987
TAX1BP1,Tax1-binding protein 1,Chapter IX Diseases of the circulatory system,Atrial fibrillation and flutter,12011,1948,0.97 [0.91-1.05],0.4795939397044351
TAX1BP1,Tax1-binding protein 1,Chapter IX Diseases of the circulatory system,AV-block,16555,512,0.96 [0.84-1.11],0.6038129381260642
TAX1BP1,Tax1-binding protein 1,Chapter IX Diseases of the circulatory system,"Bradycardia, unspecified, drug-induced",20453,440,0.95 [0.82-1.11],0.5324919173298686
TAX1BP1,Tax1-binding protein 1,Chapter IX Diseases of the circulatory system,Cardiac arrest,10277,214,1.16 [0.94-1.42],0.1671002566832544
TAX1BP1,Tax1-binding protein 1,Chapter IX Diseases of the circulatory system,Cardiomyopathy,16219,176,1.09 [0.87-1.38],0.4473788830930989
TAX1BP1,Tax1-binding protein 1,Chapter IX Diseases of the circulatory system,"Cardiomyopathy, other and unspecified",16136,93,0.93 [0.67-1.30],0.6777516615162194
TAX1BP1,Tax1-binding protein 1,Chapter IX Diseases of the circulatory system,Cerebral atherosclerosis,20513,50,0.78 [0.48-1.27],0.3111489887217474
TAX1BP1,Tax1-binding protein 1,Chapter IX Diseases of the circulatory system,Conduction disorders,17189,1146,1.00 [0.91-1.09],0.9476502082962168
TAX1BP1,Tax1-binding protein 1,Chapter IX Diseases of the circulatory system,Coronary atherosclerosis,19007,2249,1.06 [0.99-1.13],0.097229736131926
TAX1BP1,Tax1-binding protein 1,Chapter IX Diseases of the circulatory system,Death due to cardiac causes,17363,6723,1.04 [1.01-1.08],0.0243825098195594
TAX1BP1,Tax1-binding protein 1,Chapter IX Diseases of the circulatory system,DVT of lower extremities,19459,231,0.87 [0.70-1.08],0.2083277592468771
TAX1BP1,Tax1-binding protein 1,Chapter IX Diseases of the circulatory system,Endocarditis,16115,72,0.89 [0.60-1.30],0.5302353293978909
TAX1BP1,Tax1-binding protein 1,Chapter IX Diseases of the circulatory system,"Heart failure, strict",20244,1126,1.13 [1.03-1.24],0.0094282463075875
TAX1BP1,Tax1-binding protein 1,Chapter IX Diseases of the circulatory system,Hypertension,18382,5842,1.07 [1.03-1.11],0.0009181597759162
TAX1BP1,Tax1-binding protein 1,Chapter IX Diseases of the circulatory system,"Hypertension, essential",18386,5846,1.07 [1.03-1.11],0.0007895463032632
TAX1BP1,Tax1-binding protein 1,Chapter IX Diseases of the circulatory system,"Hypertension, portal",20311,98,1.29 [0.96-1.73],0.0906462990656065
TAX1BP1,Tax1-binding protein 1,Chapter IX Diseases of the circulatory system,"Hypertension, Pulmonary Arterial",12714,174,1.35 [1.09-1.68],0.0064697571398524
TAX1BP1,Tax1-binding protein 1,Chapter IX Diseases of the circulatory system,Hypertensive Renal Disease,12644,104,1.48 [1.13-1.94],0.0048787072856589
TAX1BP1,Tax1-binding protein 1,Chapter IX Diseases of the circulatory system,Hypotension,20388,1018,1.22 [1.11-1.34],2.135765289188128e-05
TAX1BP1,Tax1-binding protein 1,Chapter IX Diseases of the circulatory system,Intracerebral haemorrhage,19614,96,0.65 [0.46-0.94],0.0214106314547431
TAX1BP1,Tax1-binding protein 1,Chapter IX Diseases of the circulatory system,"Ischaemic heart disease, wide definition",19130,2351,1.05 [0.99-1.12],0.1174118728062647
TAX1BP1,Tax1-binding protein 1,Chapter IX Diseases of the circulatory system,"Ischaemic Stroke, excluding all haemorrhages",20160,555,1.06 [0.93-1.21],0.3899093774543646
TAX1BP1,Tax1-binding protein 1,Chapter IX Diseases of the circulatory system,Left bundle-branch block,16390,347,1.12 [0.95-1.32],0.1727176994582009
TAX1BP1,Tax1-binding protein 1,Chapter IX Diseases of the circulatory system,Major coronary heart disease event,19914,911,1.02 [0.92-1.13],0.7051140778215395
TAX1BP1,Tax1-binding protein 1,Chapter IX Diseases of the circulatory system,"Myocardial infarction, strict",17570,791,1.08 [0.97-1.21],0.1441590026895944
TAX1BP1,Tax1-binding protein 1,Chapter IX Diseases of the circulatory system,"Myocardial infarction, with ST-elevation",20376,195,1.15 [0.93-1.42],0.2085202161484738
TAX1BP1,Tax1-binding protein 1,Chapter IX Diseases of the circulatory system,"Myocardial infarction, without ST-elevation",20469,321,1.03 [0.86-1.22],0.7603575871419845
TAX1BP1,Tax1-binding protein 1,Chapter IX Diseases of the circulatory system,Oesophageal varices,19284,56,1.12 [0.74-1.68],0.5996876488562646
TAX1BP1,Tax1-binding protein 1,Chapter IX Diseases of the circulatory system,Other aneurysm,19330,78,1.32 [0.96-1.83],0.0917259500938131
TAX1BP1,Tax1-binding protein 1,Chapter IX Diseases of the circulatory system,Other arrhythmias,16452,409,1.06 [0.91-1.24],0.4387287438796133
TAX1BP1,Tax1-binding protein 1,Chapter IX Diseases of the circulatory system,Other arterial embolism and thrombosis,19364,112,1.31 [1.00-1.73],0.0511950932347861
TAX1BP1,Tax1-binding protein 1,Chapter IX Diseases of the circulatory system,Other diseases of arteries and capillaries,19485,233,1.12 [0.92-1.37],0.2499834159401503
TAX1BP1,Tax1-binding protein 1,Chapter IX Diseases of the circulatory system,Other diseases of pericardium,16202,159,0.95 [0.74-1.23],0.70431727063698
TAX1BP1,Tax1-binding protein 1,Chapter IX Diseases of the circulatory system,Other disorders of veins,19304,76,0.86 [0.59-1.24],0.4083388545807408
TAX1BP1,Tax1-binding protein 1,Chapter IX Diseases of the circulatory system,Other embolism and thrombosis,19270,42,1.50 [0.97-2.30],0.0655866870582324
TAX1BP1,Tax1-binding protein 1,Chapter IX Diseases of the circulatory system,Other intracranial haemorrhages,19191,78,1.12 [0.80-1.58],0.5149519270826028
TAX1BP1,Tax1-binding protein 1,Chapter IX Diseases of the circulatory system,Other noninfective disorders of lymphatic vessels and lymph nodes,19316,88,0.89 [0.63-1.25],0.4905829519726729
TAX1BP1,Tax1-binding protein 1,Chapter IX Diseases of the circulatory system,Other or ill-defined heart diseases,17097,1054,1.06 [0.96-1.16],0.2597879856004441
TAX1BP1,Tax1-binding protein 1,Chapter IX Diseases of the circulatory system,Other other unspecified disorders of the circulatory system,19425,55,1.19 [0.79-1.80],0.3987883814981111
TAX1BP1,Tax1-binding protein 1,Chapter IX Diseases of the circulatory system,Other peripheral vascular diseases,19724,472,1.20 [1.04-1.37],0.0099317534440361
TAX1BP1,Tax1-binding protein 1,Chapter IX Diseases of the circulatory system,Other pulmonary heart/vessel disease,19957,320,1.31 [1.11-1.54],0.0014292882149765
TAX1BP1,Tax1-binding protein 1,Chapter IX Diseases of the circulatory system,"Other specified cerebrovascular diseases, other cerebrovascular disorders in diseases classified elsewhere",19664,551,1.09 [0.95-1.24],0.2200988176434749
TAX1BP1,Tax1-binding protein 1,Chapter IX Diseases of the circulatory system,Paroxysmal tachycardia,10376,313,1.04 [0.88-1.24],0.6416182201270824
TAX1BP1,Tax1-binding protein 1,Chapter IX Diseases of the circulatory system,Peripheral artery disease,19644,435,1.22 [1.06-1.41],0.0057147481890215
TAX1BP1,Tax1-binding protein 1,Chapter IX Diseases of the circulatory system,Phlebitis and thrombophlebitis (not including DVT),19525,297,0.87 [0.72-1.05],0.1375386089760343
TAX1BP1,Tax1-binding protein 1,Chapter IX Diseases of the circulatory system,Pulmonary embolism,20059,422,1.00 [0.86-1.17],0.9888576753068232
TAX1BP1,Tax1-binding protein 1,Chapter IX Diseases of the circulatory system,Rheumatic valve diseases,20458,601,1.02 [0.90-1.16],0.7248543148027431
TAX1BP1,Tax1-binding protein 1,Chapter IX Diseases of the circulatory system,Right bundle-branch block,16446,403,0.97 [0.83-1.14],0.7126046334307372
TAX1BP1,Tax1-binding protein 1,Chapter IX Diseases of the circulatory system,Secondary right heart disease,19956,319,1.30 [1.10-1.53],0.0020156159922586
TAX1BP1,Tax1-binding protein 1,Chapter IX Diseases of the circulatory system,Sequelae of cerebrovascular disease,19299,186,1.10 [0.88-1.38],0.3956142517989841
TAX1BP1,Tax1-binding protein 1,Chapter IX Diseases of the circulatory system,"Stroke, excluding SAH",20147,629,1.01 [0.89-1.14],0.9132702175097844
TAX1BP1,Tax1-binding protein 1,Chapter IX Diseases of the circulatory system,"Stroke, including SAH",20136,653,1.04 [0.92-1.18],0.5109596060832794
TAX1BP1,Tax1-binding protein 1,Chapter IX Diseases of the circulatory system,Subarachnoid haemorrhage,19599,38,1.38 [0.87-2.17],0.1688681461525418
TAX1BP1,Tax1-binding protein 1,Chapter IX Diseases of the circulatory system,Thoracic aortic aneurysm,19349,98,0.71 [0.51-1.01],0.0557693633213604
TAX1BP1,Tax1-binding protein 1,Chapter IX Diseases of the circulatory system,Transient ischemic attack,19807,202,1.08 [0.87-1.34],0.4625604417966852
TAX1BP1,Tax1-binding protein 1,Chapter IX Diseases of the circulatory system,Unstable angina pectoris,19266,263,0.99 [0.82-1.20],0.9424525411209
TAX1BP1,Tax1-binding protein 1,Chapter IX Diseases of the circulatory system,Varicose veins,19553,325,0.89 [0.74-1.06],0.189230714122185
TAX1BP1,Tax1-binding protein 1,Chapter IX Diseases of the circulatory system,Vascular diseases of the intestine,19268,62,0.89 [0.60-1.34],0.584112373677689
TAX1BP1,Tax1-binding protein 1,Chapter IX Diseases of the circulatory system,Venous thromboembolism,20301,658,0.94 [0.83-1.07],0.3453259037460822
TAX1BP1,Tax1-binding protein 1,Chapter V Mental and behavioural disorders,"Alcohol use disorder, ICD-based",20335,426,1.20 [1.04-1.38],0.013091602709057
TAX1BP1,Tax1-binding protein 1,Chapter V Mental and behavioural disorders,"Anxiety disorders, excluding more controls",17678,831,1.18 [1.06-1.30],0.0020417868645723
TAX1BP1,Tax1-binding protein 1,Chapter V Mental and behavioural disorders,Any mental disorder,19915,3068,1.09 [1.03-1.16],0.0014742679320624
TAX1BP1,Tax1-binding protein 1,Chapter V Mental and behavioural disorders,"Mental and behavioural disorders due to alcohol, excluding acute intoxication",20281,495,1.21 [1.06-1.38],0.0056887993286985
TAX1BP1,Tax1-binding protein 1,Chapter V Mental and behavioural disorders,"Mood disorders, excluding more controls",17829,982,1.17 [1.06-1.28],0.0012764133096886
TAX1BP1,Tax1-binding protein 1,Chapter V Mental and behavioural disorders,"Schizophrenia or delusion, excluding more controls",16910,63,1.24 [0.85-1.79],0.2608261224763376
TAX1BP1,Tax1-binding protein 1,Chapter V Mental and behavioural disorders,Smoking dependency,19942,1322,1.14 [1.05-1.24],0.0015359556876975
TAX1BP1,Tax1-binding protein 1,Chapter V Mental and behavioural disorders,"Substance abuse, excluding more controls",18446,1599,1.14 [1.06-1.23],0.0005961926834385
TAX1BP1,Tax1-binding protein 1,Chapter V Mental and behavioural disorders,Vascular dementia,20124,124,0.90 [0.68-1.21],0.5015783676485104
TAX1BP1,Tax1-binding protein 1,Chapter VI Diseases of the nervous system,Alzheimer disease,20513,249,0.89 [0.72-1.10],0.2677478932900757
TAX1BP1,Tax1-binding protein 1,Chapter VI Diseases of the nervous system,"AlzheimerÕs disease (Atypical or mixed), excluding more controls",13745,50,1.05 [0.67-1.65],0.8199905381728978
TAX1BP1,Tax1-binding protein 1,Chapter VI Diseases of the nervous system,Bell's palsy,19341,68,1.10 [0.76-1.59],0.6158208456458532
TAX1BP1,Tax1-binding protein 1,Chapter VI Diseases of the nervous system,Carpal tunnel syndrome,19566,293,1.16 [0.97-1.38],0.0983396446496716
TAX1BP1,Tax1-binding protein 1,Chapter VI Diseases of the nervous system,Cerebral cysts,20173,199,1.12 [0.90-1.39],0.31278281754527
TAX1BP1,Tax1-binding protein 1,Chapter VI Diseases of the nervous system,Cerebral palsy and other paralytic syndromes,20438,291,1.01 [0.84-1.22],0.886677647279927
TAX1BP1,Tax1-binding protein 1,Chapter VI Diseases of the nervous system,Circumscribed brain atrophy,20100,55,1.13 [0.76-1.70],0.5405816389978657
TAX1BP1,Tax1-binding protein 1,Chapter VI Diseases of the nervous system,Diseases of the myoneural junction and muscle,20497,68,0.89 [0.61-1.32],0.5722356368319291
TAX1BP1,Tax1-binding protein 1,Chapter VI Diseases of the nervous system,"Disorders of brain, other and unspecified",20051,77,1.21 [0.86-1.69],0.2709272985353606
TAX1BP1,Tax1-binding protein 1,Chapter VI Diseases of the nervous system,Epilepsy,19142,235,1.08 [0.88-1.31],0.4617155072552852
TAX1BP1,Tax1-binding protein 1,Chapter VI Diseases of the nervous system,Episodal and paroxysmal disorders,20060,1153,1.08 [0.99-1.18],0.074971300086053
TAX1BP1,Tax1-binding protein 1,Chapter VI Diseases of the nervous system,Extrapyramidal and movement disorders,20481,405,0.94 [0.80-1.10],0.4314760522531695
TAX1BP1,Tax1-binding protein 1,Chapter VI Diseases of the nervous system,Falls/tendency to fall,20041,1821,1.05 [0.98-1.13],0.1526928561883336
TAX1BP1,Tax1-binding protein 1,Chapter VI Diseases of the nervous system,Generalized epilepsy,20190,51,1.23 [0.82-1.85],0.3193045044740305
TAX1BP1,Tax1-binding protein 1,Chapter VI Diseases of the nervous system,Hemiplegia,20374,227,1.04 [0.85-1.28],0.7064870904814775
TAX1BP1,Tax1-binding protein 1,Chapter VI Diseases of the nervous system,Hydrocephalus,20021,47,0.98 [0.62-1.54],0.923981085719224
TAX1BP1,Tax1-binding protein 1,Chapter VI Diseases of the nervous system,Inflammatory diseases of the central nervous system,20497,53,1.31 [0.88-1.95],0.1763492342234537
TAX1BP1,Tax1-binding protein 1,Chapter VI Diseases of the nervous system,Lesion of plantar nerve,19293,20,0.58 [0.26-1.31],0.1914752917569823
TAX1BP1,Tax1-binding protein 1,Chapter VI Diseases of the nervous system,Lesion of ulnar nerve,19353,80,1.14 [0.81-1.59],0.4489797626719781
TAX1BP1,Tax1-binding protein 1,Chapter VI Diseases of the nervous system,Memory loss,19986,105,0.97 [0.71-1.32],0.8524674676192443
TAX1BP1,Tax1-binding protein 1,Chapter VI Diseases of the nervous system,Migraine,19071,164,1.27 [1.02-1.59],0.034873177598477
TAX1BP1,Tax1-binding protein 1,Chapter VI Diseases of the nervous system,"Migraine, unspecified, drug-induced",20493,149,1.27 [1.01-1.61],0.041219690356231
TAX1BP1,Tax1-binding protein 1,Chapter VI Diseases of the nervous system,Motor neuron disease,13848,141,1.15 [0.89-1.48],0.2778091525136379
TAX1BP1,Tax1-binding protein 1,Chapter VI Diseases of the nervous system,MS-disease / Multiple Sclerosis,20411,59,0.69 [0.44-1.07],0.0984437242257282
TAX1BP1,Tax1-binding protein 1,Chapter VI Diseases of the nervous system,"Nerve, nerve root and plexus disorders",20099,826,1.09 [0.98-1.21],0.1089640243403003
TAX1BP1,Tax1-binding protein 1,Chapter VI Diseases of the nervous system,Neurological diseases,19378,3020,1.06 [1.00-1.12],0.0442245260577626
TAX1BP1,Tax1-binding protein 1,Chapter VI Diseases of the nervous system,Other and unspecified degenerative diseases of nervous system,20233,188,1.09 [0.87-1.36],0.4653933415150267
TAX1BP1,Tax1-binding protein 1,Chapter VI Diseases of the nervous system,"Other and unspecified nerve root and plexus disorders, also in other diseases",19588,315,1.06 [0.89-1.26],0.4901309487376021
TAX1BP1,Tax1-binding protein 1,Chapter VI Diseases of the nervous system,"Other and unspecified polyneuropathies, also in other diseases",20434,298,1.21 [1.02-1.43],0.03054567106746
TAX1BP1,Tax1-binding protein 1,Chapter VI Diseases of the nervous system,Other degenerative diseases of the nervous system,16205,518,1.02 [0.89-1.17],0.7817186085861089
TAX1BP1,Tax1-binding protein 1,Chapter VI Diseases of the nervous system,Other diseases of spinal cord,20038,64,0.90 [0.61-1.34],0.620972618003153
TAX1BP1,Tax1-binding protein 1,Chapter VI Diseases of the nervous system,Other disorders of nervous system,20103,129,1.03 [0.78-1.35],0.8333763773593262
TAX1BP1,Tax1-binding protein 1,Chapter VI Diseases of the nervous system,Other extrapyramidal and movement disorders in other diseases,20188,112,1.05 [0.78-1.40],0.7654309854753485
TAX1BP1,Tax1-binding protein 1,Chapter VI Diseases of the nervous system,Other facial nerve disorders,19358,85,1.14 [0.82-1.57],0.4314873704861214
TAX1BP1,Tax1-binding protein 1,Chapter VI Diseases of the nervous system,Other headache syndromes,18941,34,0.84 [0.48-1.47],0.5315020381257756
TAX1BP1,Tax1-binding protein 1,Chapter VI Diseases of the nervous system,Other neurological diseases,20414,440,1.10 [0.95-1.27],0.2024966874745153
TAX1BP1,Tax1-binding protein 1,Chapter VI Diseases of the nervous system,Other sleep disorders,19504,597,1.06 [0.93-1.20],0.3840436706770492
TAX1BP1,Tax1-binding protein 1,Chapter VI Diseases of the nervous system,Parkinson's disease,20492,274,0.86 [0.70-1.05],0.1286779658307999
TAX1BP1,Tax1-binding protein 1,Chapter VI Diseases of the nervous system,Postviral fatigue syndrome,19997,23,1.07 [0.56-2.01],0.8426939397655188
TAX1BP1,Tax1-binding protein 1,Chapter VI Diseases of the nervous system,Restless leg syndrome,20512,36,1.17 [0.71-1.94],0.5295751183133246
TAX1BP1,Tax1-binding protein 1,Chapter VI Diseases of the nervous system,Sleep apnoea,20261,539,1.05 [0.92-1.20],0.4670628696772338
TAX1BP1,Tax1-binding protein 1,Chapter VI Diseases of the nervous system,Small fibre neuropathy,20185,49,1.15 [0.76-1.74],0.5110301224370855
TAX1BP1,Tax1-binding protein 1,Chapter VI Diseases of the nervous system,Systemic atrophies primarily affecting the central nervous system,20496,162,1.06 [0.84-1.35],0.6224705293611271
TAX1BP1,Tax1-binding protein 1,Chapter VI Diseases of the nervous system,Trigeminal neuralgia,19302,29,0.75 [0.40-1.40],0.3637533452646366
TAX1BP1,Tax1-binding protein 1,Chapter VI Diseases of the nervous system,Unspecific neurodegenerative disorder,20513,252,0.89 [0.72-1.09],0.2641056951767138
TAX1BP1,Tax1-binding protein 1,Chapter VI Diseases of the nervous system,Vascular dementia (undefined),20097,120,0.89 [0.66-1.20],0.4548491717612464
TAX1BP1,Tax1-binding protein 1,"Chapter VII Diseases of the eye, adnexa, ear and mastoid process",Amblyopia ex anopsia,20059,73,0.93 [0.64-1.35],0.6987116630097542
TAX1BP1,Tax1-binding protein 1,"Chapter VII Diseases of the eye, adnexa, ear and mastoid process",Astigmatism,20221,251,0.95 [0.78-1.16],0.6204794491913614
TAX1BP1,Tax1-binding protein 1,"Chapter VII Diseases of the eye, adnexa, ear and mastoid process",Background diabetic retinopathy,20358,253,1.00 [0.83-1.22],0.97002222386191
TAX1BP1,Tax1-binding protein 1,"Chapter VII Diseases of the eye, adnexa, ear and mastoid process",Blepharochalasis,19756,39,0.59 [0.33-1.04],0.0701782315073783
TAX1BP1,Tax1-binding protein 1,"Chapter VII Diseases of the eye, adnexa, ear and mastoid process",Chalazion,19772,55,1.53 [1.06-2.21],0.0232838794249282
TAX1BP1,Tax1-binding protein 1,"Chapter VII Diseases of the eye, adnexa, ear and mastoid process","Conjunctivitis (acute, non atopic)",20435,34,0.84 [0.48-1.47],0.5458164046416047
TAX1BP1,Tax1-binding protein 1,"Chapter VII Diseases of the eye, adnexa, ear and mastoid process",Corneal degeneration,20324,104,1.16 [0.87-1.56],0.3112135646366356
TAX1BP1,Tax1-binding protein 1,"Chapter VII Diseases of the eye, adnexa, ear and mastoid process","Diabetic nephropathy, excluding more controls",2116,60,1.45 [1.01-2.10],0.045595775364928
TAX1BP1,Tax1-binding protein 1,"Chapter VII Diseases of the eye, adnexa, ear and mastoid process",Diabetic neuropathy,2582,109,1.28 [0.97-1.67],0.0765158929314216
TAX1BP1,Tax1-binding protein 1,"Chapter VII Diseases of the eye, adnexa, ear and mastoid process",Diplopia,20068,82,1.26 [0.91-1.73],0.1615002268836179
TAX1BP1,Tax1-binding protein 1,"Chapter VII Diseases of the eye, adnexa, ear and mastoid process",Disorders of choroid and retina,20325,856,1.14 [1.03-1.26],0.0131620434401868
TAX1BP1,Tax1-binding protein 1,"Chapter VII Diseases of the eye, adnexa, ear and mastoid process","Disorders of eyelid, lacrimal system and orbit",20246,529,1.03 [0.90-1.18],0.687603029818281
TAX1BP1,Tax1-binding protein 1,"Chapter VII Diseases of the eye, adnexa, ear and mastoid process",Disorders of lacrimal system,19834,117,1.05 [0.78-1.40],0.7577641755878577
TAX1BP1,Tax1-binding protein 1,"Chapter VII Diseases of the eye, adnexa, ear and mastoid process","Disorders of ocular muscles, binocular movement, accommodation and refraction",20451,481,0.99 [0.86-1.14],0.8801816851778071
TAX1BP1,Tax1-binding protein 1,"Chapter VII Diseases of the eye, adnexa, ear and mastoid process",Disorders of optic nerve and visual pathways,20511,56,1.37 [0.94-1.99],0.1050032099385982
TAX1BP1,Tax1-binding protein 1,"Chapter VII Diseases of the eye, adnexa, ear and mastoid process",Disorders of refraction and accommodation,20396,426,0.98 [0.84-1.14],0.773725834464835
TAX1BP1,Tax1-binding protein 1,"Chapter VII Diseases of the eye, adnexa, ear and mastoid process","Disorders of sclera, cornea, iris and ciliary body",20481,261,1.18 [0.98-1.42],0.0752927984546142
TAX1BP1,Tax1-binding protein 1,"Chapter VII Diseases of the eye, adnexa, ear and mastoid process",Disorders of vitreous body,20438,131,1.03 [0.79-1.35],0.8132093501448384
TAX1BP1,Tax1-binding protein 1,"Chapter VII Diseases of the eye, adnexa, ear and mastoid process",Ectropion of eyelid,19783,66,1.26 [0.87-1.83],0.225160124790449
TAX1BP1,Tax1-binding protein 1,"Chapter VII Diseases of the eye, adnexa, ear and mastoid process",Entropion and trichiasis of eyelid,19791,74,1.02 [0.71-1.48],0.8994274783920926
TAX1BP1,Tax1-binding protein 1,"Chapter VII Diseases of the eye, adnexa, ear and mastoid process",Epiphora,19751,34,0.89 [0.51-1.57],0.6947757194552813
TAX1BP1,Tax1-binding protein 1,"Chapter VII Diseases of the eye, adnexa, ear and mastoid process",Glaucoma,20433,583,1.08 [0.95-1.22],0.2427725515155865
TAX1BP1,Tax1-binding protein 1,"Chapter VII Diseases of the eye, adnexa, ear and mastoid process",Glaucoma suspect,20018,168,0.89 [0.70-1.15],0.3849600562821014
TAX1BP1,Tax1-binding protein 1,"Chapter VII Diseases of the eye, adnexa, ear and mastoid process",Hypermetropia,19994,24,0.96 [0.50-1.84],0.9133940472572756
TAX1BP1,Tax1-binding protein 1,"Chapter VII Diseases of the eye, adnexa, ear and mastoid process",Iridocyclitis,20300,80,1.26 [0.91-1.74],0.1636553079599249
TAX1BP1,Tax1-binding protein 1,"Chapter VII Diseases of the eye, adnexa, ear and mastoid process",Keratitis,20405,185,1.18 [0.95-1.47],0.1333000113765018
TAX1BP1,Tax1-binding protein 1,"Chapter VII Diseases of the eye, adnexa, ear and mastoid process",Myopia,20117,147,1.04 [0.80-1.34],0.7738013418336803
TAX1BP1,Tax1-binding protein 1,"Chapter VII Diseases of the eye, adnexa, ear and mastoid process",Other and unspecified disorders of vitreous body,20376,69,1.05 [0.73-1.52],0.798174577279885
TAX1BP1,Tax1-binding protein 1,"Chapter VII Diseases of the eye, adnexa, ear and mastoid process",Other and unspecified glaucoma,20229,379,1.17 [1.00-1.36],0.052310920869271
TAX1BP1,Tax1-binding protein 1,"Chapter VII Diseases of the eye, adnexa, ear and mastoid process",Other and unspecified visual disturbances,20086,100,1.19 [0.88-1.60],0.2499393769047487
TAX1BP1,Tax1-binding protein 1,"Chapter VII Diseases of the eye, adnexa, ear and mastoid process",Other cataract,19361,1516,1.11 [1.03-1.20],0.0101035693670289
TAX1BP1,Tax1-binding protein 1,"Chapter VII Diseases of the eye, adnexa, ear and mastoid process",Other disorders of cornea,20382,162,1.16 [0.92-1.47],0.2041755720372011
TAX1BP1,Tax1-binding protein 1,"Chapter VII Diseases of the eye, adnexa, ear and mastoid process",Other disorders of eye and adnexa,20497,122,1.05 [0.79-1.38],0.7383536632763072
TAX1BP1,Tax1-binding protein 1,"Chapter VII Diseases of the eye, adnexa, ear and mastoid process",Other disorders of eyelid,20082,365,0.98 [0.83-1.16],0.8501314546631528
TAX1BP1,Tax1-binding protein 1,"Chapter VII Diseases of the eye, adnexa, ear and mastoid process",Other disorders of iris and ciliary body,20277,57,1.47 [1.02-2.13],0.0384339090741274
TAX1BP1,Tax1-binding protein 1,"Chapter VII Diseases of the eye, adnexa, ear and mastoid process",Other disorders of optic [2nd] nerve and visual pathways,20501,46,1.49 [0.99-2.23],0.0555695482884431
TAX1BP1,Tax1-binding protein 1,"Chapter VII Diseases of the eye, adnexa, ear and mastoid process",Other inflammation of eyelid,19779,62,0.99 [0.66-1.49],0.9568359647043118
TAX1BP1,Tax1-binding protein 1,"Chapter VII Diseases of the eye, adnexa, ear and mastoid process",Other specified and unspecified  disorders of eyelid,19846,129,0.84 [0.63-1.13],0.2461648999165972
TAX1BP1,Tax1-binding protein 1,"Chapter VII Diseases of the eye, adnexa, ear and mastoid process",Other specified and unspecified retinal disorders,19575,106,1.17 [0.88-1.57],0.2868872998116203
TAX1BP1,Tax1-binding protein 1,"Chapter VII Diseases of the eye, adnexa, ear and mastoid process",Other strabismus,20010,40,0.87 [0.52-1.44],0.5775016560422421
TAX1BP1,Tax1-binding protein 1,"Chapter VII Diseases of the eye, adnexa, ear and mastoid process","Other, unspecified and serous retinal detachments",19526,57,0.99 [0.65-1.52],0.9681959153226164
TAX1BP1,Tax1-binding protein 1,"Chapter VII Diseases of the eye, adnexa, ear and mastoid process",Primary angle-closure glaucoma,19894,44,0.97 [0.60-1.56],0.8883461430482258
TAX1BP1,Tax1-binding protein 1,"Chapter VII Diseases of the eye, adnexa, ear and mastoid process","Primary open-angle glaucoma, strict",20022,172,1.22 [0.98-1.53],0.0815912747656003
TAX1BP1,Tax1-binding protein 1,"Chapter VII Diseases of the eye, adnexa, ear and mastoid process",Ptosis of eyelid,19813,96,0.95 [0.68-1.32],0.7450900529685031
TAX1BP1,Tax1-binding protein 1,"Chapter VII Diseases of the eye, adnexa, ear and mastoid process",Retinal detachment with retinal break,19575,106,1.42 [1.09-1.85],0.0101188228221543
TAX1BP1,Tax1-binding protein 1,"Chapter VII Diseases of the eye, adnexa, ear and mastoid process",Retinal vascular occlusion,19547,78,1.20 [0.86-1.68],0.2776492461659001
TAX1BP1,Tax1-binding protein 1,"Chapter VII Diseases of the eye, adnexa, ear and mastoid process",Senile cataract,19076,1231,1.10 [1.01-1.20],0.0355709500601043
TAX1BP1,Tax1-binding protein 1,"Chapter VII Diseases of the eye, adnexa, ear and mastoid process",Stenosis and insufficiency of lacrimal passages,19765,48,0.73 [0.44-1.21],0.2283982885937131
TAX1BP1,Tax1-binding protein 1,"Chapter VII Diseases of the eye, adnexa, ear and mastoid process",Visual disturbances,20307,321,1.05 [0.88-1.25],0.576936609672494
TAX1BP1,Tax1-binding protein 1,"Chapter VII Diseases of the eye, adnexa, ear and mastoid process",Visual field defects,20044,58,0.88 [0.58-1.35],0.5695074200902592
TAX1BP1,Tax1-binding protein 1,"Chapter VII Diseases of the eye, adnexa, ear and mastoid process",Visual impairment including blindness (binocular or monocular),20115,129,0.79 [0.59-1.06],0.117616640731598
TAX1BP1,Tax1-binding protein 1,Chapter VIII Diseases of the ear and mastoid process,Benign paroxysmal vertigo,20353,50,1.06 [0.69-1.63],0.8046190207040881
TAX1BP1,Tax1-binding protein 1,Chapter VIII Diseases of the ear and mastoid process,Diseases of external ear,20477,107,1.20 [0.90-1.60],0.2056168030719245
TAX1BP1,Tax1-binding protein 1,Chapter VIII Diseases of the ear and mastoid process,Diseases of middle ear and mastoid,20397,99,1.28 [0.95-1.71],0.1028597954031168
TAX1BP1,Tax1-binding protein 1,Chapter VIII Diseases of the ear and mastoid process,Labyrinthitis,20349,46,0.93 [0.59-1.49],0.7674481632393086
TAX1BP1,Tax1-binding protein 1,Chapter VIII Diseases of the ear and mastoid process,Mnire disease,20350,47,0.92 [0.58-1.46],0.71634014964326
TAX1BP1,Tax1-binding protein 1,Chapter VIII Diseases of the ear and mastoid process,Other disorders of ear,20427,801,1.16 [1.05-1.29],0.0051883530352422
TAX1BP1,Tax1-binding protein 1,Chapter VIII Diseases of the ear and mastoid process,Other specified/unspecified hearing loss,20219,593,1.20 [1.07-1.36],0.002809585818753
TAX1BP1,Tax1-binding protein 1,Chapter VIII Diseases of the ear and mastoid process,Sensorineural hearing loss,19740,114,0.86 [0.63-1.16],0.318473562755965
TAX1BP1,Tax1-binding protein 1,Chapter VIII Diseases of the ear and mastoid process,Tinnitus,19696,70,1.00 [0.68-1.45],0.9902617365533426
TAX1BP1,Tax1-binding protein 1,Chapter X Diseases of the respiratory system,Acute pharyngitis,20327,47,0.97 [0.62-1.54],0.9087643134488812
TAX1BP1,Tax1-binding protein 1,Chapter X Diseases of the respiratory system,Acute upper respiratory infections,20439,159,1.05 [0.82-1.33],0.7211530031500726
TAX1BP1,Tax1-binding protein 1,Chapter X Diseases of the respiratory system,Acute upper respiratory infections of multiple and unspecified sites,20334,54,0.86 [0.55-1.33],0.493104707818227
TAX1BP1,Tax1-binding protein 1,Chapter X Diseases of the respiratory system,All influenza,18588,86,1.46 [1.08-1.98],0.0136450736718256
TAX1BP1,Tax1-binding protein 1,Chapter X Diseases of the respiratory system,All influenza (not pneumonia),18585,83,1.50 [1.11-2.03],0.0090166561617427
TAX1BP1,Tax1-binding protein 1,Chapter X Diseases of the respiratory system,Allergic asthma (mode),13456,92,1.08 [0.78-1.48],0.6531717463087932
TAX1BP1,Tax1-binding protein 1,Chapter X Diseases of the respiratory system,Allergic rhinitis,20424,240,0.96 [0.79-1.18],0.7203613710788631
TAX1BP1,Tax1-binding protein 1,Chapter X Diseases of the respiratory system,"Asthma, excluding more controls",14307,1240,1.08 [0.99-1.17],0.0903015317533002
TAX1BP1,Tax1-binding protein 1,Chapter X Diseases of the respiratory system,"Asthma, unspecified (mode)",14579,1215,1.09 [1.00-1.19],0.0596755992280268
TAX1BP1,Tax1-binding protein 1,Chapter X Diseases of the respiratory system,Bacterial pneumonia (organism specified),20176,124,1.36 [1.05-1.75],0.0183243527256426
TAX1BP1,Tax1-binding protein 1,Chapter X Diseases of the respiratory system,"Bacterial pneumonia, not elsewhere classified",18578,76,1.50 [1.09-2.06],0.0132786300880594
TAX1BP1,Tax1-binding protein 1,Chapter X Diseases of the respiratory system,Bronchiectasis,17811,252,1.18 [0.97-1.42],0.0931456338841613
TAX1BP1,Tax1-binding protein 1,Chapter X Diseases of the respiratory system,"Bronchitis, not specified as acute or chronic",17596,37,1.67 [1.07-2.60],0.0245529157678758
TAX1BP1,Tax1-binding protein 1,Chapter X Diseases of the respiratory system,Chronic lower respiratory diseases,19774,2215,1.09 [1.02-1.16],0.0107617056093071
TAX1BP1,Tax1-binding protein 1,Chapter X Diseases of the respiratory system,"Chronic rhinitis, nasopharyngitis and pharyngitis",19254,69,0.85 [0.58-1.26],0.4277709552511411
TAX1BP1,Tax1-binding protein 1,Chapter X Diseases of the respiratory system,Chronic sinusitis,19318,133,1.25 [0.97-1.61],0.0784170763069972
TAX1BP1,Tax1-binding protein 1,Chapter X Diseases of the respiratory system,"COPD, hospital admissions 1, only main diagnosis",20325,1129,1.11 [1.02-1.22],0.0197100805732971
TAX1BP1,Tax1-binding protein 1,Chapter X Diseases of the respiratory system,Deviated nasal septum,19312,127,0.93 [0.71-1.23],0.6090228864929471
TAX1BP1,Tax1-binding protein 1,Chapter X Diseases of the respiratory system,Diseases of the respiratory system,18768,4513,1.06 [1.01-1.11],0.0158212452244705
TAX1BP1,Tax1-binding protein 1,Chapter X Diseases of the respiratory system,"Diseases of vocal cords and larynx+other diseases of upper respiratory tract, no elsewhere classified",19531,346,0.97 [0.82-1.15],0.7596387066744591
TAX1BP1,Tax1-binding protein 1,Chapter X Diseases of the respiratory system,Early onset COPD,19476,280,1.18 [0.99-1.40],0.0711924966317
TAX1BP1,Tax1-binding protein 1,Chapter X Diseases of the respiratory system,Emphysema,17873,314,1.16 [0.97-1.37],0.0973531778717563
TAX1BP1,Tax1-binding protein 1,Chapter X Diseases of the respiratory system,Idiopathic pulmonary fibrosis,19695,307,1.26 [1.06-1.49],0.0074968245189314
TAX1BP1,Tax1-binding protein 1,Chapter X Diseases of the respiratory system,Influenza and pneumonia,20297,1795,1.14 [1.06-1.23],0.0002573985111173
TAX1BP1,Tax1-binding protein 1,Chapter X Diseases of the respiratory system,Interstitial lung disease,19717,329,1.30 [1.11-1.53],0.0011693158252242
TAX1BP1,Tax1-binding protein 1,Chapter X Diseases of the respiratory system,Later onset COPD,19562,849,1.09 [0.98-1.22],0.0999930926931753
TAX1BP1,Tax1-binding protein 1,Chapter X Diseases of the respiratory system,Lung diseases due to external agents,20496,338,1.08 [0.92-1.28],0.3446010746242856
TAX1BP1,Tax1-binding protein 1,Chapter X Diseases of the respiratory system,Nasal polyp,19315,130,0.90 [0.68-1.19],0.4455864414049449
TAX1BP1,Tax1-binding protein 1,Chapter X Diseases of the respiratory system,Other acute lower respiratory infections,20276,834,1.20 [1.08-1.33],0.0004681760051225
TAX1BP1,Tax1-binding protein 1,Chapter X Diseases of the respiratory system,Other diseases of pleura,20268,1884,1.18 [1.10-1.26],4.0211088137127e-06
TAX1BP1,Tax1-binding protein 1,Chapter X Diseases of the respiratory system,Other diseases of upper respiratory tract,19951,766,0.99 [0.89-1.11],0.8654012279212631
TAX1BP1,Tax1-binding protein 1,Chapter X Diseases of the respiratory system,Other pleural conditions,18437,53,1.32 [0.89-1.96],0.1614995804184941
TAX1BP1,Tax1-binding protein 1,Chapter X Diseases of the respiratory system,Other respiratory diseases principally affecting the interstitium,20417,402,1.33 [1.15-1.53],0.0001152074506261
TAX1BP1,Tax1-binding protein 1,Chapter X Diseases of the respiratory system,Other respiratory disorders and diseases,20403,1196,1.22 [1.12-1.33],4.4860803239700924e-06
TAX1BP1,Tax1-binding protein 1,Chapter X Diseases of the respiratory system,Pleural effusion,19332,948,1.12 [1.02-1.24],0.0208058326554889
TAX1BP1,Tax1-binding protein 1,Chapter X Diseases of the respiratory system,Pleural plaque,18616,232,1.15 [0.94-1.40],0.1735708609416597
TAX1BP1,Tax1-binding protein 1,Chapter X Diseases of the respiratory system,"Pneumonia, organism unspecified",20079,1577,1.15 [1.06-1.24],0.000361046690449
TAX1BP1,Tax1-binding protein 1,Chapter X Diseases of the respiratory system,Pneumonitis due to solids and liquids,20406,248,1.13 [0.93-1.37],0.2134603544548972
TAX1BP1,Tax1-binding protein 1,Chapter X Diseases of the respiratory system,Pneumothorax,18504,120,0.85 [0.63-1.15],0.2841862520589995
TAX1BP1,Tax1-binding protein 1,Chapter X Diseases of the respiratory system,Pollen allergy,20499,208,1.03 [0.83-1.27],0.7820294354038047
TAX1BP1,Tax1-binding protein 1,Chapter X Diseases of the respiratory system,Pulmonary oedema,20074,59,1.06 [0.71-1.60],0.7642570838100536
TAX1BP1,Tax1-binding protein 1,Chapter X Diseases of the respiratory system,Respiratory insufficiency,13415,51,1.81 [1.26-2.61],0.0014676961221323
TAX1BP1,Tax1-binding protein 1,Chapter X Diseases of the respiratory system,Unspecified acute lower respiratory infection,20259,817,1.20 [1.08-1.33],0.0008028478442421
TAX1BP1,Tax1-binding protein 1,Chapter X Diseases of the respiratory system,Vasomotor and allergic rhinitis,19426,241,0.97 [0.79-1.18],0.7535800265006515
TAX1BP1,Tax1-binding protein 1,Chapter X Diseases of the respiratory system,Viral pneumonia,18732,230,1.13 [0.92-1.38],0.2383498054222136
TAX1BP1,Tax1-binding protein 1,Chapter X Diseases of the respiratory system,"Viral pneumonia (unknown virus, not influenza)",20195,196,1.02 [0.82-1.28],0.8473545000136974
TAX1BP1,Tax1-binding protein 1,Chapter X Diseases of the respiratory system,Vocal cord dysfunction,8993,100,0.92 [0.67-1.27],0.614766501886505
TAX1BP1,Tax1-binding protein 1,Chapter XI Diseases of the digestive system,Abscess of anal and rectal regions,14373,75,1.01 [0.71-1.45],0.9483953365495572
TAX1BP1,Tax1-binding protein 1,Chapter XI Diseases of the digestive system,Acute appendicitis,20400,125,1.10 [0.84-1.44],0.4791664925966757
TAX1BP1,Tax1-binding protein 1,Chapter XI Diseases of the digestive system,Acute gastritis,15532,73,1.09 [0.77-1.56],0.6253259950331708
TAX1BP1,Tax1-binding protein 1,Chapter XI Diseases of the digestive system,Acute pancreatitis,19354,177,0.97 [0.76-1.23],0.7848222198868338
TAX1BP1,Tax1-binding protein 1,Chapter XI Diseases of the digestive system,Acute peritonitis,20198,79,1.21 [0.87-1.69],0.2629357177631917
TAX1BP1,Tax1-binding protein 1,Chapter XI Diseases of the digestive system,Alcoholic liver disease,19736,97,1.55 [1.17-2.04],0.0022431827719917
TAX1BP1,Tax1-binding protein 1,Chapter XI Diseases of the digestive system,Barrett oesophagus,15905,446,0.98 [0.85-1.14],0.7987169846986751
TAX1BP1,Tax1-binding protein 1,Chapter XI Diseases of the digestive system,"Cholangitis (primary sclerosing, PSC)",19281,104,1.11 [0.82-1.50],0.4840999857251331
TAX1BP1,Tax1-binding protein 1,Chapter XI Diseases of the digestive system,"Cholangitis (primary sclerosing, PSC), with reimbursement 202",20162,104,1.10 [0.82-1.49],0.5139076164694772
TAX1BP1,Tax1-binding protein 1,Chapter XI Diseases of the digestive system,Cholecystitis,19364,187,1.11 [0.89-1.39],0.3555645600600847
TAX1BP1,Tax1-binding protein 1,Chapter XI Diseases of the digestive system,Cholelithiasis,19863,686,1.09 [0.97-1.22],0.1595134866712697
TAX1BP1,Tax1-binding protein 1,Chapter XI Diseases of the digestive system,Chronic gastritis,15680,221,0.84 [0.67-1.04],0.1057402330611748
TAX1BP1,Tax1-binding protein 1,Chapter XI Diseases of the digestive system,Chronic pancreatitis,19224,47,0.86 [0.53-1.40],0.5487381654408161
TAX1BP1,Tax1-binding protein 1,Chapter XI Diseases of the digestive system,"Cirrhosis of liver, NAS",20334,121,1.15 [0.87-1.51],0.3315301284101072
TAX1BP1,Tax1-binding protein 1,Chapter XI Diseases of the digestive system,Coeliac disease,19102,77,1.40 [1.02-1.92],0.0354547546567342
TAX1BP1,Tax1-binding protein 1,Chapter XI Diseases of the digestive system,Collagenous colitis,19270,42,1.20 [0.76-1.88],0.4287855697252892
TAX1BP1,Tax1-binding protein 1,Chapter XI Diseases of the digestive system,Colonic or urogenital fistula,20363,190,0.99 [0.79-1.24],0.9298930541387868
TAX1BP1,Tax1-binding protein 1,Chapter XI Diseases of the digestive system,Constipation,20371,1321,1.06 [0.97-1.15],0.1916129678567475
TAX1BP1,Tax1-binding protein 1,Chapter XI Diseases of the digestive system,Crohn disease,19307,79,1.12 [0.80-1.57],0.5046377466068898
TAX1BP1,Tax1-binding protein 1,Chapter XI Diseases of the digestive system,"Crohn disease (strict definition, all UC cases excluded)",20216,58,1.00 [0.66-1.50],0.9851460477308932
TAX1BP1,Tax1-binding protein 1,Chapter XI Diseases of the digestive system,Crohn's disease NAS,19294,66,1.44 [1.03-2.01],0.0352912394656907
TAX1BP1,Tax1-binding protein 1,Chapter XI Diseases of the digestive system,Dental caries,19967,191,1.15 [0.93-1.42],0.212865236830804
TAX1BP1,Tax1-binding protein 1,Chapter XI Diseases of the digestive system,Diaphragmatic hernia,17391,1660,1.07 [0.99-1.15],0.0863233953256271
TAX1BP1,Tax1-binding protein 1,Chapter XI Diseases of the digestive system,Diseases of appendix,20426,151,1.11 [0.87-1.42],0.4067484420555487
TAX1BP1,Tax1-binding protein 1,Chapter XI Diseases of the digestive system,Diseases of liver,20392,753,1.13 [1.01-1.26],0.0347014956134835
TAX1BP1,Tax1-binding protein 1,Chapter XI Diseases of the digestive system,"Diseases of oesophagus, stomach and duodenum",18788,3329,1.08 [1.02-1.13],0.0061908479609685
TAX1BP1,Tax1-binding protein 1,Chapter XI Diseases of the digestive system,"Diseases of oral cavity, salivary glands and jaws",20203,427,1.10 [0.95-1.27],0.2115084278015752
TAX1BP1,Tax1-binding protein 1,Chapter XI Diseases of the digestive system,Diseases of peritoneum,20471,352,1.08 [0.92-1.27],0.344879567022063
TAX1BP1,Tax1-binding protein 1,Chapter XI Diseases of the digestive system,Diseases of pulp and periapical tissues,19866,90,1.20 [0.89-1.64],0.2361422823623779
TAX1BP1,Tax1-binding protein 1,Chapter XI Diseases of the digestive system,Diseases of salivary glands,19752,50,1.07 [0.69-1.64],0.7636187778654772
TAX1BP1,Tax1-binding protein 1,Chapter XI Diseases of the digestive system,Diseases of the digestive system,20241,1216,1.11 [1.02-1.21],0.0151882918851821
TAX1BP1,Tax1-binding protein 1,Chapter XI Diseases of the digestive system,Diseases of tongue,19763,98,1.24 [0.93-1.67],0.1489798108971907
TAX1BP1,Tax1-binding protein 1,Chapter XI Diseases of the digestive system,"Disorders of gallbladder, biliary tract and pancreas",20212,1035,1.05 [0.96-1.16],0.2790077375010218
TAX1BP1,Tax1-binding protein 1,Chapter XI Diseases of the digestive system,Diverticular disease of intestine,16923,2625,1.05 [0.99-1.11],0.1097540898821012
TAX1BP1,Tax1-binding protein 1,Chapter XI Diseases of the digestive system,Duodenal ulcer,15677,218,1.02 [0.83-1.26],0.8314638678711832
TAX1BP1,Tax1-binding protein 1,Chapter XI Diseases of the digestive system,"Duodenal ulcer - Unspecified as acute or chronic, without haemorrhage or perforation, drug-induced",20407,168,1.07 [0.85-1.35],0.5604301601194903
TAX1BP1,Tax1-binding protein 1,Chapter XI Diseases of the digestive system,Embedded and impacted teeth,20453,36,1.33 [0.83-2.12],0.2308223290188483
TAX1BP1,Tax1-binding protein 1,Chapter XI Diseases of the digestive system,Fibrosis and cirrhosis of liver,19779,140,1.21 [0.94-1.56],0.1354334851968505
TAX1BP1,Tax1-binding protein 1,Chapter XI Diseases of the digestive system,Fissure and fistula of anal and rectal regions,14451,153,0.99 [0.77-1.27],0.9278703122729776
TAX1BP1,Tax1-binding protein 1,Chapter XI Diseases of the digestive system,Functional dyspepsia,15812,353,1.04 [0.89-1.23],0.602446287704195
TAX1BP1,Tax1-binding protein 1,Chapter XI Diseases of the digestive system,Gastric ulcer,15774,315,1.11 [0.94-1.32],0.2236157889103684
TAX1BP1,Tax1-binding protein 1,Chapter XI Diseases of the digestive system,Gastro-oesophageal reflux disease,17305,1846,1.10 [1.02-1.17],0.010355760354364
TAX1BP1,Tax1-binding protein 1,Chapter XI Diseases of the digestive system,Gastroduodenal ulcer,15960,501,1.11 [0.97-1.27],0.1393243399081106
TAX1BP1,Tax1-binding protein 1,Chapter XI Diseases of the digestive system,Gastrointestinal diseases,15699,6856,1.04 [1.00-1.08],0.0438795695415262
TAX1BP1,Tax1-binding protein 1,Chapter XI Diseases of the digestive system,GI-bleeding,20031,1006,1.08 [0.98-1.19],0.1154367114250771
TAX1BP1,Tax1-binding protein 1,Chapter XI Diseases of the digestive system,Gingivitis and periodontal diseases,19821,45,1.09 [0.69-1.71],0.7166383442738363
TAX1BP1,Tax1-binding protein 1,Chapter XI Diseases of the digestive system,Haemorrhoids and perianal venous thrombosis,15106,1042,0.93 [0.84-1.02],0.132754922282951
TAX1BP1,Tax1-binding protein 1,Chapter XI Diseases of the digestive system,"Hepatic failure, not elsewhere classified",19710,71,1.50 [1.08-2.08],0.0161168221632157
TAX1BP1,Tax1-binding protein 1,Chapter XI Diseases of the digestive system,Hernia,18745,3014,1.05 [0.99-1.11],0.0749628891380223
TAX1BP1,Tax1-binding protein 1,Chapter XI Diseases of the digestive system,Impacted teeth,20456,35,1.36 [0.85-2.17],0.2051944732614815
TAX1BP1,Tax1-binding protein 1,Chapter XI Diseases of the digestive system,Impaction of intestines,14336,38,0.73 [0.42-1.28],0.2732580614829495
TAX1BP1,Tax1-binding protein 1,Chapter XI Diseases of the digestive system,Inguinal hernia,17130,1399,1.02 [0.94-1.11],0.5676963266595378
TAX1BP1,Tax1-binding protein 1,Chapter XI Diseases of the digestive system,"Inguinal hernia, bilateral",15897,166,1.04 [0.82-1.32],0.7658844862744225
TAX1BP1,Tax1-binding protein 1,Chapter XI Diseases of the digestive system,Intestinal adhesions without obstruction,14375,77,0.93 [0.64-1.33],0.6758399969700193
TAX1BP1,Tax1-binding protein 1,Chapter XI Diseases of the digestive system,Intestinal malabsorption,19114,89,1.46 [1.10-1.95],0.0094678669512857
TAX1BP1,Tax1-binding protein 1,Chapter XI Diseases of the digestive system,Irritable bowel syndrome,14540,242,0.95 [0.77-1.16],0.6017697108597252
TAX1BP1,Tax1-binding protein 1,Chapter XI Diseases of the digestive system,Nonalcoholic fatty liver disease,20476,320,1.19 [1.01-1.40],0.0430321709002439
TAX1BP1,Tax1-binding protein 1,Chapter XI Diseases of the digestive system,Noninfectious colitis NAS,19807,579,1.10 [0.97-1.25],0.1199438165905341
TAX1BP1,Tax1-binding protein 1,Chapter XI Diseases of the digestive system,Noninfective enteritis and colitis,19990,762,1.04 [0.93-1.16],0.5423997614644025
TAX1BP1,Tax1-binding protein 1,Chapter XI Diseases of the digestive system,Oesophageal obstruction,15640,181,1.16 [0.93-1.45],0.1827186493410743
TAX1BP1,Tax1-binding protein 1,Chapter XI Diseases of the digestive system,Oesophagitis,15998,539,1.14 [1.00-1.30],0.0457246249852729
TAX1BP1,Tax1-binding protein 1,Chapter XI Diseases of the digestive system,Oral lichen ruber planus,20465,94,1.06 [0.78-1.44],0.7252430896236628
TAX1BP1,Tax1-binding protein 1,Chapter XI Diseases of the digestive system,Other and unspecified abdominal hernia,15794,63,0.99 [0.67-1.48],0.9795588564695104
TAX1BP1,Tax1-binding protein 1,Chapter XI Diseases of the digestive system,Other diseases of anus and rectum,15546,1248,1.05 [0.97-1.15],0.2418965060227322
TAX1BP1,Tax1-binding protein 1,Chapter XI Diseases of the digestive system,Other diseases of biliary tract,19397,220,1.03 [0.84-1.27],0.7676162081252437
TAX1BP1,Tax1-binding protein 1,Chapter XI Diseases of the digestive system,Other diseases of gallbladder,19279,102,0.97 [0.71-1.32],0.8399337603495407
TAX1BP1,Tax1-binding protein 1,Chapter XI Diseases of the digestive system,Other diseases of intestine,15934,1636,1.05 [0.98-1.14],0.1699488733563846
TAX1BP1,Tax1-binding protein 1,Chapter XI Diseases of the digestive system,Other diseases of intestines,18959,4661,1.03 [0.98-1.08],0.2175355773674431
TAX1BP1,Tax1-binding protein 1,Chapter XI Diseases of the digestive system,Other diseases of lip and oral mucosa,19734,155,1.17 [0.93-1.49],0.1803733461468507
TAX1BP1,Tax1-binding protein 1,Chapter XI Diseases of the digestive system,Other diseases of liver,20240,601,1.06 [0.93-1.20],0.3866700212478484
TAX1BP1,Tax1-binding protein 1,Chapter XI Diseases of the digestive system,Other diseases of oesophagus,16084,625,1.02 [0.90-1.15],0.7818994899651124
TAX1BP1,Tax1-binding protein 1,Chapter XI Diseases of the digestive system,Other diseases of pancreas,19295,118,1.00 [0.75-1.34],0.9887433644763352
TAX1BP1,Tax1-binding protein 1,Chapter XI Diseases of the digestive system,Other diseases of peritoneum,20416,297,1.07 [0.90-1.28],0.43361263836011
TAX1BP1,Tax1-binding protein 1,Chapter XI Diseases of the digestive system,Other diseases of stomach and duodenum,16133,674,1.08 [0.96-1.21],0.2030893224028301
TAX1BP1,Tax1-binding protein 1,Chapter XI Diseases of the digestive system,Other diseases of the digestive system,20040,1015,1.07 [0.97-1.18],0.1580688096326694
TAX1BP1,Tax1-binding protein 1,Chapter XI Diseases of the digestive system,Other disorders of teeth and supporting structures,19922,146,1.05 [0.82-1.36],0.6784318170823077
TAX1BP1,Tax1-binding protein 1,Chapter XI Diseases of the digestive system,Other functional intestinal disorders,15651,1353,1.06 [0.97-1.15],0.1933772868688381
TAX1BP1,Tax1-binding protein 1,Chapter XI Diseases of the digestive system,Other gastritis (incl. Duodenitis),17054,1595,1.07 [1.00-1.16],0.0636426694879693
TAX1BP1,Tax1-binding protein 1,Chapter XI Diseases of the digestive system,Other inflammatory liver diseases,19721,82,0.92 [0.65-1.30],0.6361257210309267
TAX1BP1,Tax1-binding protein 1,Chapter XI Diseases of the digestive system,Other noninfective gastroenteritis and colitis,19894,666,1.07 [0.95-1.20],0.2671595754330914
TAX1BP1,Tax1-binding protein 1,Chapter XI Diseases of the digestive system,"Other or unspecified ileus, impaction or obstruction",14596,298,1.02 [0.85-1.23],0.8096941876849173
TAX1BP1,Tax1-binding protein 1,Chapter XI Diseases of the digestive system,Palatinal maxillary canine,20444,43,1.32 [0.86-2.02],0.2079207858776607
TAX1BP1,Tax1-binding protein 1,Chapter XI Diseases of the digestive system,Paralytic ileus and intestinal obstruction,14704,406,1.01 [0.87-1.18],0.8648207859008659
TAX1BP1,Tax1-binding protein 1,Chapter XI Diseases of the digestive system,"Postprocedural disorders of digestive system, not elsewhere classified",19171,146,1.26 [0.99-1.60],0.058736743494597
TAX1BP1,Tax1-binding protein 1,Chapter XI Diseases of the digestive system,Recurring oral aphthae,20501,36,0.96 [0.57-1.62],0.8817788837007455
TAX1BP1,Tax1-binding protein 1,Chapter XI Diseases of the digestive system,Stomatitis and related lesions,19782,86,1.13 [0.82-1.56],0.4542316617061924
TAX1BP1,Tax1-binding protein 1,Chapter XI Diseases of the digestive system,Toxic colitis,19268,40,0.83 [0.49-1.41],0.4956632654461015
TAX1BP1,Tax1-binding protein 1,Chapter XI Diseases of the digestive system,Ulcer of oesophagus,15722,263,1.12 [0.93-1.35],0.2329277916299325
TAX1BP1,Tax1-binding protein 1,Chapter XI Diseases of the digestive system,Ulcerative colitis,19355,127,0.92 [0.70-1.22],0.5680283205269396
TAX1BP1,Tax1-binding protein 1,Chapter XI Diseases of the digestive system,"Ulcerative colitis, NAS",19333,105,0.87 [0.63-1.19],0.372706837547946
TAX1BP1,Tax1-binding protein 1,Chapter XI Diseases of the digestive system,Umbilical hernia,16045,314,0.93 [0.77-1.11],0.4011433332039681
TAX1BP1,Tax1-binding protein 1,Chapter XI Diseases of the digestive system,Vascular disorders of the intestines,14434,136,0.91 [0.69-1.20],0.5044484359300347
TAX1BP1,Tax1-binding protein 1,Chapter XI Diseases of the digestive system,Ventral hernia,15954,223,1.10 [0.90-1.35],0.3364927645197777
TAX1BP1,Tax1-binding protein 1,Chapter XI Diseases of the digestive system,Volvulus,14360,62,0.86 [0.57-1.31],0.4882838559894003
TAX1BP1,Tax1-binding protein 1,Chapter XII Diseases of the skin and subcutaneous tissue,Actinic keratosis,20457,273,0.92 [0.76-1.12],0.3948379867784777
TAX1BP1,Tax1-binding protein 1,Chapter XII Diseases of the skin and subcutaneous tissue,Arthropathic psoriasis,20246,61,1.61 [1.15-2.26],0.0055218341878515
TAX1BP1,Tax1-binding protein 1,Chapter XII Diseases of the skin and subcutaneous tissue,Atrophic disorders of skin,18835,80,1.00 [0.71-1.42],0.9944640532228848
TAX1BP1,Tax1-binding protein 1,Chapter XII Diseases of the skin and subcutaneous tissue,Cellulitis,19881,649,1.03 [0.92-1.17],0.5879255177677678
TAX1BP1,Tax1-binding protein 1,Chapter XII Diseases of the skin and subcutaneous tissue,"Cutaneous abscess, furuncle and carbuncle",19408,176,1.23 [0.99-1.53],0.0569873065962103
TAX1BP1,Tax1-binding protein 1,Chapter XII Diseases of the skin and subcutaneous tissue,Decubitus ulcer and pressure area,19133,378,1.13 [0.96-1.32],0.1346727143870407
TAX1BP1,Tax1-binding protein 1,Chapter XII Diseases of the skin and subcutaneous tissue,Dermatitis,20260,229,1.02 [0.83-1.25],0.8244117033418934
TAX1BP1,Tax1-binding protein 1,Chapter XII Diseases of the skin and subcutaneous tissue,Dermatitis and eczema,20429,398,1.10 [0.94-1.28],0.2391521035805328
TAX1BP1,Tax1-binding protein 1,Chapter XII Diseases of the skin and subcutaneous tissue,Dermatitis due to substances taken internally,20071,40,1.34 [0.86-2.10],0.198813909256507
TAX1BP1,Tax1-binding protein 1,Chapter XII Diseases of the skin and subcutaneous tissue,Diseases of the skin and subcutaneous tissue,19229,2696,1.04 [0.98-1.10],0.2018592302992012
TAX1BP1,Tax1-binding protein 1,Chapter XII Diseases of the skin and subcutaneous tissue,Disorders of skin appendages,20117,347,1.02 [0.86-1.20],0.8487137491719339
TAX1BP1,Tax1-binding protein 1,Chapter XII Diseases of the skin and subcutaneous tissue,Follicular cysts of skin and subcutaneous tissue,20017,247,1.03 [0.85-1.26],0.7331202597474971
TAX1BP1,Tax1-binding protein 1,Chapter XII Diseases of the skin and subcutaneous tissue,Infections of the skin and subcutaneous tissue,20114,882,1.07 [0.96-1.18],0.2289557364744411
TAX1BP1,Tax1-binding protein 1,Chapter XII Diseases of the skin and subcutaneous tissue,"Lichen planus, including avohilmo",20503,25,1.13 [0.63-2.02],0.6770811851490508
TAX1BP1,Tax1-binding protein 1,Chapter XII Diseases of the skin and subcutaneous tissue,Lupus erythematosus,18778,23,1.25 [0.68-2.31],0.4759073031389546
TAX1BP1,Tax1-binding protein 1,Chapter XII Diseases of the skin and subcutaneous tissue,Nail disorders,19822,52,1.01 [0.66-1.55],0.968403081130902
TAX1BP1,Tax1-binding protein 1,Chapter XII Diseases of the skin and subcutaneous tissue,Other and unspecified dermatitis,20256,225,1.02 [0.83-1.26],0.8310847129381518
TAX1BP1,Tax1-binding protein 1,Chapter XII Diseases of the skin and subcutaneous tissue,Other and unspecified disorders of skin and subcutaneous tissue,19171,416,1.04 [0.89-1.21],0.6339368039596155
TAX1BP1,Tax1-binding protein 1,Chapter XII Diseases of the skin and subcutaneous tissue,Other and unspecified epidermal thickening,18821,66,1.11 [0.76-1.61],0.587681489935332
TAX1BP1,Tax1-binding protein 1,Chapter XII Diseases of the skin and subcutaneous tissue,Other and unspecified erythematous conditions,20455,70,1.37 [0.98-1.92],0.0657373193760323
TAX1BP1,Tax1-binding protein 1,Chapter XII Diseases of the skin and subcutaneous tissue,Other and unspecified local infections of skin and subcutaneous tissue,19402,170,1.15 [0.91-1.44],0.2349134108486789
TAX1BP1,Tax1-binding protein 1,Chapter XII Diseases of the skin and subcutaneous tissue,Other and unspecified psoriasis,20366,181,0.95 [0.75-1.20],0.643944850851438
TAX1BP1,Tax1-binding protein 1,Chapter XII Diseases of the skin and subcutaneous tissue,Other contact dermatitis,20088,57,1.08 [0.72-1.63],0.7073438346540999
TAX1BP1,Tax1-binding protein 1,Chapter XII Diseases of the skin and subcutaneous tissue,Other disorders of pigmentation,18809,54,0.78 [0.50-1.23],0.2844499554081734
TAX1BP1,Tax1-binding protein 1,Chapter XII Diseases of the skin and subcutaneous tissue,Other disorders of skin and subcutaneous tissue,20120,1365,1.06 [0.97-1.15],0.1835749436467758
TAX1BP1,Tax1-binding protein 1,Chapter XII Diseases of the skin and subcutaneous tissue,"Other disorders of skin and subcutaneous tissue, not elsewhere classified",19207,452,1.06 [0.91-1.22],0.4646497988856338
TAX1BP1,Tax1-binding protein 1,Chapter XII Diseases of the skin and subcutaneous tissue,Other epidermal thickening,18824,69,1.17 [0.82-1.68],0.3812382191358587
TAX1BP1,Tax1-binding protein 1,Chapter XII Diseases of the skin and subcutaneous tissue,Papulosquamous disorders,20436,251,1.03 [0.85-1.25],0.7612277003889236
TAX1BP1,Tax1-binding protein 1,Chapter XII Diseases of the skin and subcutaneous tissue,Pruritus,20077,46,1.54 [1.02-2.30],0.0377580036748179
TAX1BP1,Tax1-binding protein 1,Chapter XII Diseases of the skin and subcutaneous tissue,Psoriasis,20405,220,1.04 [0.84-1.27],0.7311878804249443
TAX1BP1,Tax1-binding protein 1,Chapter XII Diseases of the skin and subcutaneous tissue,Radiation-related disorders of the skin and subcutaneous tissue,20473,289,0.91 [0.75-1.10],0.3172411774197894
TAX1BP1,Tax1-binding protein 1,Chapter XII Diseases of the skin and subcutaneous tissue,Scar conditions and fibrosis of skin,18831,76,1.04 [0.73-1.48],0.8102868814736431
TAX1BP1,Tax1-binding protein 1,Chapter XII Diseases of the skin and subcutaneous tissue,Seborrhoeic keratosis,18981,226,0.80 [0.64-1.00],0.0460699991542102
TAX1BP1,Tax1-binding protein 1,Chapter XII Diseases of the skin and subcutaneous tissue,Skin changes due to chronic exposure to nonionizing radiation,20467,283,0.91 [0.75-1.10],0.3323300378672846
TAX1BP1,Tax1-binding protein 1,Chapter XII Diseases of the skin and subcutaneous tissue,"Ulcer of lower limb, not elsewhere classified",18966,211,1.21 [0.99-1.49],0.0673103376705177
TAX1BP1,Tax1-binding protein 1,Chapter XII Diseases of the skin and subcutaneous tissue,Urticaria and erythema,20490,105,1.36 [1.04-1.79],0.0264150637055582
TAX1BP1,Tax1-binding protein 1,Chapter XIII Diseases of the musculoskeletal system and connective tissue,Adhesive capsulitis of shoulder,17697,71,0.84 [0.57-1.23],0.3641532871400559
TAX1BP1,Tax1-binding protein 1,Chapter XIII Diseases of the musculoskeletal system and connective tissue,Arthropathies,18705,4082,1.05 [1.00-1.11],0.0358816978753657
TAX1BP1,Tax1-binding protein 1,Chapter XIII Diseases of the musculoskeletal system and connective tissue,Arthrosis,17502,2879,1.03 [0.97-1.09],0.3535984996023527
TAX1BP1,Tax1-binding protein 1,Chapter XIII Diseases of the musculoskeletal system and connective tissue,Bursitis of shoulder,17690,64,1.23 [0.85-1.76],0.2719502541510881
TAX1BP1,Tax1-binding protein 1,Chapter XIII Diseases of the musculoskeletal system and connective tissue,Cervical disc disorders,18048,122,1.00 [0.76-1.33],0.9840658482552668
TAX1BP1,Tax1-binding protein 1,Chapter XIII Diseases of the musculoskeletal system and connective tissue,Cervicalgia,18046,120,1.04 [0.78-1.38],0.8022586976207723
TAX1BP1,Tax1-binding protein 1,Chapter XIII Diseases of the musculoskeletal system and connective tissue,Chondropathies,20334,56,0.88 [0.58-1.34],0.5469882346580011
TAX1BP1,Tax1-binding protein 1,Chapter XIII Diseases of the musculoskeletal system and connective tissue,"Collapsed vertebra, not elsewhere classified",17992,66,0.88 [0.59-1.31],0.5246240240484743
TAX1BP1,Tax1-binding protein 1,Chapter XIII Diseases of the musculoskeletal system and connective tissue,Coxarthrosis,15362,739,1.07 [0.95-1.20],0.2445267310205411
TAX1BP1,Tax1-binding protein 1,Chapter XIII Diseases of the musculoskeletal system and connective tissue,"Coxarthrosis, primary",20407,128,0.93 [0.70-1.24],0.6094283606262629
TAX1BP1,Tax1-binding protein 1,Chapter XIII Diseases of the musculoskeletal system and connective tissue,Deforming dorsopathies,18149,223,1.16 [0.95-1.42],0.1435334756072524
TAX1BP1,Tax1-binding protein 1,Chapter XIII Diseases of the musculoskeletal system and connective tissue,Diseases of the musculoskeletal system and connective tissue,17447,5336,1.06 [1.02-1.11],0.0076246228470897
TAX1BP1,Tax1-binding protein 1,Chapter XIII Diseases of the musculoskeletal system and connective tissue,Disorders of continuity of bone,19620,85,0.91 [0.64-1.28],0.5823274502408636
TAX1BP1,Tax1-binding protein 1,Chapter XIII Diseases of the musculoskeletal system and connective tissue,Disorders of muscles,17768,142,1.00 [0.77-1.30],0.994555685051195
TAX1BP1,Tax1-binding protein 1,Chapter XIII Diseases of the musculoskeletal system and connective tissue,Disorders of synovium and tendon,18014,388,1.18 [1.02-1.37],0.027332168310016
TAX1BP1,Tax1-binding protein 1,Chapter XIII Diseases of the musculoskeletal system and connective tissue,Dorsopathies,19799,1873,1.07 [0.99-1.14],0.0800968825290087
TAX1BP1,Tax1-binding protein 1,Chapter XIII Diseases of the musculoskeletal system and connective tissue,Fibroblastic disorders,17946,320,0.97 [0.81-1.16],0.7254028584282086
TAX1BP1,Tax1-binding protein 1,Chapter XIII Diseases of the musculoskeletal system and connective tissue,Fibromyalgia,17674,48,1.37 [0.92-2.05],0.126501685849208
TAX1BP1,Tax1-binding protein 1,Chapter XIII Diseases of the musculoskeletal system and connective tissue,Ganglion,17712,86,1.08 [0.78-1.50],0.6382382463603755
TAX1BP1,Tax1-binding protein 1,Chapter XIII Diseases of the musculoskeletal system and connective tissue,Giant cell arteritis,20233,27,1.19 [0.66-2.13],0.5643839858690373
TAX1BP1,Tax1-binding protein 1,Chapter XIII Diseases of the musculoskeletal system and connective tissue,Gonarthrosis,15868,1245,1.00 [0.92-1.10],0.9657139309814524
TAX1BP1,Tax1-binding protein 1,Chapter XIII Diseases of the musculoskeletal system and connective tissue,Gout,15444,821,1.05 [0.94-1.17],0.3880395287194974
TAX1BP1,Tax1-binding protein 1,Chapter XIII Diseases of the musculoskeletal system and connective tissue,"Gout, unspecified",20393,808,1.06 [0.96-1.19],0.2536897652740942
TAX1BP1,Tax1-binding protein 1,Chapter XIII Diseases of the musculoskeletal system and connective tissue,Hallux rigidus,14659,36,0.76 [0.44-1.33],0.3439559879347936
TAX1BP1,Tax1-binding protein 1,Chapter XIII Diseases of the musculoskeletal system and connective tissue,Hallux valgus (acquired),14692,69,0.83 [0.56-1.23],0.3483901068905505
TAX1BP1,Tax1-binding protein 1,Chapter XIII Diseases of the musculoskeletal system and connective tissue,Impingement syndrome of shoulder,17850,224,1.24 [1.02-1.51],0.0279624567846793
TAX1BP1,Tax1-binding protein 1,Chapter XIII Diseases of the musculoskeletal system and connective tissue,Internal derangement of knee,15166,543,1.03 [0.91-1.18],0.6300950790053003
TAX1BP1,Tax1-binding protein 1,Chapter XIII Diseases of the musculoskeletal system and connective tissue,Kyphosis,17960,34,1.55 [0.98-2.45],0.0583149695852222
TAX1BP1,Tax1-binding protein 1,Chapter XIII Diseases of the musculoskeletal system and connective tissue,Low back pain,18367,441,1.06 [0.91-1.22],0.4487178084816068
TAX1BP1,Tax1-binding protein 1,Chapter XIII Diseases of the musculoskeletal system and connective tissue,Lumbar disc prolapse,18145,219,0.99 [0.80-1.22],0.942047814024074
TAX1BP1,Tax1-binding protein 1,Chapter XIII Diseases of the musculoskeletal system and connective tissue,Meniscus derangement,15130,507,1.00 [0.87-1.15],0.994315117825804
TAX1BP1,Tax1-binding protein 1,Chapter XIII Diseases of the musculoskeletal system and connective tissue,Myalgia,17682,56,1.01 [0.67-1.53],0.9580464113344822
TAX1BP1,Tax1-binding protein 1,Chapter XIII Diseases of the musculoskeletal system and connective tissue,"Neuralgia and neuritis, unspecified",17668,42,1.03 [0.64-1.65],0.9004383079710315
TAX1BP1,Tax1-binding protein 1,Chapter XIII Diseases of the musculoskeletal system and connective tissue,Osteomyelitis,19614,79,1.32 [0.96-1.82],0.0914554039359395
TAX1BP1,Tax1-binding protein 1,Chapter XIII Diseases of the musculoskeletal system and connective tissue,Osteopathies and chondropathies,20266,731,1.01 [0.90-1.13],0.8537303255672626
TAX1BP1,Tax1-binding protein 1,Chapter XIII Diseases of the musculoskeletal system and connective tissue,Osteoporosis,19872,337,1.00 [0.85-1.19],0.9668797461418464
TAX1BP1,Tax1-binding protein 1,Chapter XIII Diseases of the musculoskeletal system and connective tissue,"Other (seronegative) rheumatoid arthritis, wide",20446,255,1.24 [1.03-1.49],0.0210204100062961
TAX1BP1,Tax1-binding protein 1,Chapter XIII Diseases of the musculoskeletal system and connective tissue,Other arthrosis,16229,1606,1.09 [1.01-1.17],0.0326869266925104
TAX1BP1,Tax1-binding protein 1,Chapter XIII Diseases of the musculoskeletal system and connective tissue,Other articular cartilage disorders,14668,45,0.83 [0.51-1.36],0.464562145844698
TAX1BP1,Tax1-binding protein 1,Chapter XIII Diseases of the musculoskeletal system and connective tissue,Other bursopathies,17693,67,0.97 [0.66-1.41],0.8575536253164209
TAX1BP1,Tax1-binding protein 1,Chapter XIII Diseases of the musculoskeletal system and connective tissue,Other crystal arthropathies,14672,49,0.87 [0.54-1.40],0.5723843979603456
TAX1BP1,Tax1-binding protein 1,Chapter XIII Diseases of the musculoskeletal system and connective tissue,Other deformities of toe(s),14661,38,1.03 [0.63-1.69],0.9034756629389284
TAX1BP1,Tax1-binding protein 1,Chapter XIII Diseases of the musculoskeletal system and connective tissue,Other disorders of bone,19693,158,0.93 [0.73-1.20],0.5894170647645061
TAX1BP1,Tax1-binding protein 1,Chapter XIII Diseases of the musculoskeletal system and connective tissue,Other disorders of bone density and structure,19671,136,0.97 [0.74-1.27],0.8190868945106302
TAX1BP1,Tax1-binding protein 1,Chapter XIII Diseases of the musculoskeletal system and connective tissue,Other disorders of the musculoskeletal system and connective tissue,20484,74,1.05 [0.74-1.51],0.7734600447802731
TAX1BP1,Tax1-binding protein 1,Chapter XIII Diseases of the musculoskeletal system and connective tissue,"Other dorsopathies, not elsewhere classified",19202,1276,1.09 [1.00-1.19],0.0489920753851119
TAX1BP1,Tax1-binding protein 1,Chapter XIII Diseases of the musculoskeletal system and connective tissue,Other enthesopathies,17683,57,1.21 [0.83-1.78],0.3165656682186202
TAX1BP1,Tax1-binding protein 1,Chapter XIII Diseases of the musculoskeletal system and connective tissue,Other hammer toe(s) (acquired),14657,34,1.34 [0.82-2.18],0.2444767089603564
TAX1BP1,Tax1-binding protein 1,Chapter XIII Diseases of the musculoskeletal system and connective tissue,Other intervertebral disc disorders,18446,520,1.08 [0.95-1.24],0.2449631642876915
TAX1BP1,Tax1-binding protein 1,Chapter XIII Diseases of the musculoskeletal system and connective tissue,Other joint disorders,16082,1459,1.07 [0.99-1.16],0.0821378615062212
TAX1BP1,Tax1-binding protein 1,Chapter XIII Diseases of the musculoskeletal system and connective tissue,Other necrotizing vasculopathies,20251,45,1.43 [0.94-2.17],0.0974184781956106
TAX1BP1,Tax1-binding protein 1,Chapter XIII Diseases of the musculoskeletal system and connective tissue,Other psoriatic arthropathies,20499,55,1.65 [1.16-2.35],0.0050573053487324
TAX1BP1,Tax1-binding protein 1,Chapter XIII Diseases of the musculoskeletal system and connective tissue,Other shoulder lesions,17697,71,1.20 [0.84-1.71],0.3255631293476539
TAX1BP1,Tax1-binding protein 1,Chapter XIII Diseases of the musculoskeletal system and connective tissue,"Other soft tissue disorders, not elsewhere classified",18456,830,1.16 [1.05-1.29],0.0043300688685303
TAX1BP1,Tax1-binding protein 1,Chapter XIII Diseases of the musculoskeletal system and connective tissue,Other specified disorders of muscle,17705,79,1.10 [0.78-1.55],0.5868741630909231
TAX1BP1,Tax1-binding protein 1,Chapter XIII Diseases of the musculoskeletal system and connective tissue,Other specified/unspecified arthritis,15663,1040,1.12 [1.02-1.24],0.0141673170025768
TAX1BP1,Tax1-binding protein 1,Chapter XIII Diseases of the musculoskeletal system and connective tissue,Other specified/unspecified disorders of  bone/cartilage,19607,72,0.90 [0.62-1.30],0.5605500687693146
TAX1BP1,Tax1-binding protein 1,Chapter XIII Diseases of the musculoskeletal system and connective tissue,Other specified/unspecified disorders of synovium and tendon +Other specified/unspecified bursopathies,17664,38,1.56 [1.02-2.40],0.0414217592789335
TAX1BP1,Tax1-binding protein 1,Chapter XIII Diseases of the musculoskeletal system and connective tissue,Other specified/unspecified inflammatory spondylopathies,18023,97,1.00 [0.73-1.38],0.9916143178123576
TAX1BP1,Tax1-binding protein 1,Chapter XIII Diseases of the musculoskeletal system and connective tissue,Other specified/unspecified soft tissue disorders,18048,422,1.09 [0.94-1.27],0.2377538050860419
TAX1BP1,Tax1-binding protein 1,Chapter XIII Diseases of the musculoskeletal system and connective tissue,Other systemic involvement of connective tissue,20372,166,1.12 [0.88-1.41],0.3605709339068706
TAX1BP1,Tax1-binding protein 1,Chapter XIII Diseases of the musculoskeletal system and connective tissue,Other/unspecified dorsalgia,18333,407,1.08 [0.93-1.26],0.306117472711058
TAX1BP1,Tax1-binding protein 1,Chapter XIII Diseases of the musculoskeletal system and connective tissue,Other/unspecified rheumatoid arthritis,20454,252,1.19 [0.98-1.43],0.0756473149933535
TAX1BP1,Tax1-binding protein 1,Chapter XIII Diseases of the musculoskeletal system and connective tissue,Other/unspecified seropositive rheumatoid arthritis,20501,34,1.89 [1.23-2.90],0.0035215547544778
TAX1BP1,Tax1-binding protein 1,Chapter XIII Diseases of the musculoskeletal system and connective tissue,Other/unspecified synovitis and tenosynovitis,17757,131,1.17 [0.91-1.52],0.2287939921012265
TAX1BP1,Tax1-binding protein 1,Chapter XIII Diseases of the musculoskeletal system and connective tissue,Pain in joint,16841,484,1.23 [1.08-1.41],0.0022989076079801
TAX1BP1,Tax1-binding protein 1,Chapter XIII Diseases of the musculoskeletal system and connective tissue,Pain in limb,18027,401,1.20 [1.03-1.39],0.0168018761906194
TAX1BP1,Tax1-binding protein 1,Chapter XIII Diseases of the musculoskeletal system and connective tissue,Palmar fascial fibromatosis [Dupuytren],17916,290,0.95 [0.79-1.15],0.6293815754388858
TAX1BP1,Tax1-binding protein 1,Chapter XIII Diseases of the musculoskeletal system and connective tissue,"Polyarthritis, unspecified",14649,26,0.94 [0.51-1.74],0.8361575412282314
TAX1BP1,Tax1-binding protein 1,Chapter XIII Diseases of the musculoskeletal system and connective tissue,Polyarthropathies,16561,1938,1.10 [1.03-1.18],0.0077747035088248
TAX1BP1,Tax1-binding protein 1,Chapter XIII Diseases of the musculoskeletal system and connective tissue,Polyarthrosis,15001,378,1.01 [0.86-1.19],0.8986166418728512
TAX1BP1,Tax1-binding protein 1,Chapter XIII Diseases of the musculoskeletal system and connective tissue,Polymyalgia rheumatica,20344,138,1.09 [0.84-1.42],0.5113090648426115
TAX1BP1,Tax1-binding protein 1,Chapter XIII Diseases of the musculoskeletal system and connective tissue,"Postprocedural musculoskeletal disorders, not elsewhere classified",20448,38,0.78 [0.45-1.35],0.371406684608683
TAX1BP1,Tax1-binding protein 1,Chapter XIII Diseases of the musculoskeletal system and connective tissue,"Primary gonarthrosis, bilateral",18811,37,1.44 [0.91-2.30],0.1210871937615904
TAX1BP1,Tax1-binding protein 1,Chapter XIII Diseases of the musculoskeletal system and connective tissue,Psoriatic arthropathies,14680,57,1.70 [1.20-2.40],0.0029172789986045
TAX1BP1,Tax1-binding protein 1,Chapter XIII Diseases of the musculoskeletal system and connective tissue,Radiculopathy,18004,78,1.26 [0.91-1.75],0.1560544153244732
TAX1BP1,Tax1-binding protein 1,Chapter XIII Diseases of the musculoskeletal system and connective tissue,Rheumatoid arthritis,14885,262,1.29 [1.08-1.55],0.0055519577626264
TAX1BP1,Tax1-binding protein 1,Chapter XIII Diseases of the musculoskeletal system and connective tissue,Rotator cuff syndrome,17874,248,1.21 [1.00-1.45],0.0460315598684989
TAX1BP1,Tax1-binding protein 1,Chapter XIII Diseases of the musculoskeletal system and connective tissue,Sciatica+with lumbago,18110,184,1.52 [1.24-1.85],4.496808177712938e-05
TAX1BP1,Tax1-binding protein 1,Chapter XIII Diseases of the musculoskeletal system and connective tissue,Scoliosis,17997,71,1.20 [0.84-1.70],0.3181498319119383
TAX1BP1,Tax1-binding protein 1,Chapter XIII Diseases of the musculoskeletal system and connective tissue,Seronegative rheumatoid arthritis,16309,26,1.65 [0.96-2.83],0.0698248655553524
TAX1BP1,Tax1-binding protein 1,Chapter XIII Diseases of the musculoskeletal system and connective tissue,"Seropositive rheumatoid arthritis, wide",20502,35,1.94 [1.27-2.94],0.0019569254476695
TAX1BP1,Tax1-binding protein 1,Chapter XIII Diseases of the musculoskeletal system and connective tissue,Shoulder lesions,18077,451,1.16 [1.01-1.33],0.0375474427998578
TAX1BP1,Tax1-binding protein 1,Chapter XIII Diseases of the musculoskeletal system and connective tissue,Sicca syndrome [Sjgren],20223,17,1.31 [0.66-2.62],0.4375943170879176
TAX1BP1,Tax1-binding protein 1,Chapter XIII Diseases of the musculoskeletal system and connective tissue,Soft tissue disorders,19579,1953,1.09 [1.02-1.17],0.014270859588027
TAX1BP1,Tax1-binding protein 1,Chapter XIII Diseases of the musculoskeletal system and connective tissue,"Soft tissue disorders related to use, overuse and pressure",17717,91,1.36 [1.01-1.83],0.0456228389096972
TAX1BP1,Tax1-binding protein 1,Chapter XIII Diseases of the musculoskeletal system and connective tissue,Spinal stenosis,18343,417,1.09 [0.93-1.26],0.2828372676379496
TAX1BP1,Tax1-binding protein 1,Chapter XIII Diseases of the musculoskeletal system and connective tissue,Spondyloarthritis,19589,171,1.09 [0.86-1.37],0.4851520433770447
TAX1BP1,Tax1-binding protein 1,Chapter XIII Diseases of the musculoskeletal system and connective tissue,Spondylolisthesis/Spondylolysis,18043,117,1.11 [0.84-1.46],0.4674657258590178
TAX1BP1,Tax1-binding protein 1,Chapter XIII Diseases of the musculoskeletal system and connective tissue,Spondylopathies,19030,1104,1.08 [0.98-1.18],0.1242505380376774
TAX1BP1,Tax1-binding protein 1,Chapter XIII Diseases of the musculoskeletal system and connective tissue,Spondylosis,18609,683,1.09 [0.97-1.23],0.1390697685716155
TAX1BP1,Tax1-binding protein 1,Chapter XIII Diseases of the musculoskeletal system and connective tissue,Synovial cyst of popliteal space [Baker],17659,33,0.94 [0.54-1.62],0.8172801648935865
TAX1BP1,Tax1-binding protein 1,Chapter XIII Diseases of the musculoskeletal system and connective tissue,Systemic lupus erythematosus,20243,37,1.49 [0.95-2.34],0.080621650280185
TAX1BP1,Tax1-binding protein 1,Chapter XIII Diseases of the musculoskeletal system and connective tissue,Trigger finger,17736,110,1.43 [1.10-1.87],0.0077407211865882
TAX1BP1,Tax1-binding protein 1,Chapter XIII Diseases of the musculoskeletal system and connective tissue,Trochanteric bursitis,17645,19,1.64 [0.87-3.09],0.1297180027762678
TAX1BP1,Tax1-binding protein 1,Chapter XIII Diseases of the musculoskeletal system and connective tissue,Wrist or foot drop (acquired),14675,52,0.75 [0.47-1.20],0.236290775029146
TAX1BP1,Tax1-binding protein 1,Chapter XIV Diseases of the genitourinary system,Acute renal failure,19749,1537,1.11 [1.03-1.20],0.0087621335953524
TAX1BP1,Tax1-binding protein 1,Chapter XIV Diseases of the genitourinary system,Calculus of kidney and ureter,20113,338,0.98 [0.82-1.16],0.7702101017557736
TAX1BP1,Tax1-binding protein 1,Chapter XIV Diseases of the genitourinary system,Calculus of lower urinary tract,19897,122,0.97 [0.73-1.29],0.8321246604251096
TAX1BP1,Tax1-binding protein 1,Chapter XIV Diseases of the genitourinary system,Chronic kidney disease,19370,1158,1.07 [0.98-1.17],0.1491464158054211
TAX1BP1,Tax1-binding protein 1,Chapter XIV Diseases of the genitourinary system,Chronic nephritic syndrome,20306,49,1.01 [0.64-1.58],0.9792752220559728
TAX1BP1,Tax1-binding protein 1,Chapter XIV Diseases of the genitourinary system,Cyst of kidney,20304,299,1.03 [0.86-1.24],0.7311155153783502
TAX1BP1,Tax1-binding protein 1,Chapter XIV Diseases of the genitourinary system,Cystitis,18101,178,1.04 [0.82-1.32],0.7330173504820735
TAX1BP1,Tax1-binding protein 1,Chapter XIV Diseases of the genitourinary system,Dialysis,18280,68,1.54 [1.11-2.15],0.0108448058311313
TAX1BP1,Tax1-binding protein 1,Chapter XIV Diseases of the genitourinary system,Diseases of male genital organs,19432,2837,1.07 [1.01-1.13],0.0203989829152587
TAX1BP1,Tax1-binding protein 1,Chapter XIV Diseases of the genitourinary system,Genitourinary diseases,18547,4754,1.05 [1.00-1.10],0.0379011409480095
TAX1BP1,Tax1-binding protein 1,Chapter XIV Diseases of the genitourinary system,Glomerular disorders in diseases classified elsewhere,20332,75,1.72 [1.27-2.34],0.000458757010312
TAX1BP1,Tax1-binding protein 1,Chapter XIV Diseases of the genitourinary system,Hydrocele,16770,175,1.08 [0.86-1.36],0.5297267001805956
TAX1BP1,Tax1-binding protein 1,Chapter XIV Diseases of the genitourinary system,Hydronephrosis,18278,293,1.12 [0.94-1.33],0.2177468171248718
TAX1BP1,Tax1-binding protein 1,Chapter XIV Diseases of the genitourinary system,Hyperplasia of prostate,18824,2229,1.06 [0.99-1.13],0.0819087198695944
TAX1BP1,Tax1-binding protein 1,Chapter XIV Diseases of the genitourinary system,Inflammatory diseases of prostate (prostatitis),16794,199,0.83 [0.66-1.05],0.1238565783625617
TAX1BP1,Tax1-binding protein 1,Chapter XIV Diseases of the genitourinary system,Neuromuscular dysfunction of bladder,17985,62,0.92 [0.60-1.39],0.6843392317662667
TAX1BP1,Tax1-binding protein 1,Chapter XIV Diseases of the genitourinary system,Orchitis and epididymitis,16694,99,0.92 [0.67-1.27],0.6106022136909954
TAX1BP1,Tax1-binding protein 1,Chapter XIV Diseases of the genitourinary system,"Other chronic cystitis, drug-induced",20506,54,1.09 [0.72-1.65],0.68295895916039
TAX1BP1,Tax1-binding protein 1,Chapter XIV Diseases of the genitourinary system,"Other cystitis, drug-induced",20507,46,0.67 [0.40-1.13],0.1324551167685115
TAX1BP1,Tax1-binding protein 1,Chapter XIV Diseases of the genitourinary system,Other diseases of urinary system,19808,1885,1.01 [0.94-1.09],0.697160262790499
TAX1BP1,Tax1-binding protein 1,Chapter XIV Diseases of the genitourinary system,Other disorders of  bladder,18747,824,0.99 [0.88-1.10],0.7937672877942507
TAX1BP1,Tax1-binding protein 1,Chapter XIV Diseases of the genitourinary system,Other disorders of kidney and ureter,20455,450,1.08 [0.93-1.24],0.3208992512723296
TAX1BP1,Tax1-binding protein 1,Chapter XIV Diseases of the genitourinary system,Other disorders of male genital organs,16860,265,0.96 [0.79-1.17],0.6918422360631594
TAX1BP1,Tax1-binding protein 1,Chapter XIV Diseases of the genitourinary system,Other disorders of penis,16838,243,1.24 [1.02-1.49],0.0265663317489645
TAX1BP1,Tax1-binding protein 1,Chapter XIV Diseases of the genitourinary system,Other disorders of prostate,16789,194,1.08 [0.86-1.34],0.5136388832930977
TAX1BP1,Tax1-binding protein 1,Chapter XIV Diseases of the genitourinary system,Other disorders of the genitourinary system,20501,41,0.99 [0.61-1.61],0.9786045426504532
TAX1BP1,Tax1-binding protein 1,Chapter XIV Diseases of the genitourinary system,Other disorders of urethra and urinary system,19182,1259,1.04 [0.96-1.14],0.3370364983768239
TAX1BP1,Tax1-binding protein 1,Chapter XIV Diseases of the genitourinary system,Other obstructive and reflux uropathy,18314,329,1.12 [0.94-1.32],0.197618652690786
TAX1BP1,Tax1-binding protein 1,Chapter XIV Diseases of the genitourinary system,Other specified disorders of kidney and ureter,20153,148,1.03 [0.79-1.33],0.8453841910566642
TAX1BP1,Tax1-binding protein 1,Chapter XIV Diseases of the genitourinary system,Recurrent and persistent haematuria,20313,56,0.90 [0.58-1.40],0.6338515801160953
TAX1BP1,Tax1-binding protein 1,Chapter XIV Diseases of the genitourinary system,"Redundant prepuce, phimosis and paraphimosis",16821,226,1.11 [0.91-1.36],0.2947656593564217
TAX1BP1,Tax1-binding protein 1,Chapter XIV Diseases of the genitourinary system,Renal tubulo-interstitial diseases,20294,2309,1.09 [1.02-1.16],0.0067859644074225
TAX1BP1,Tax1-binding protein 1,Chapter XIV Diseases of the genitourinary system,"Tubulo-interstitial nephritis, not specified as acute or chronic",18040,55,1.14 [0.77-1.70],0.5174470172287486
TAX1BP1,Tax1-binding protein 1,Chapter XIV Diseases of the genitourinary system,Unspecified kidney failure,18331,119,1.17 [0.89-1.55],0.2664322578010938
TAX1BP1,Tax1-binding protein 1,Chapter XIV Diseases of the genitourinary system,Unspecified renal colic,19838,63,1.15 [0.80-1.67],0.4517458526815642
TAX1BP1,Tax1-binding protein 1,Chapter XIV Diseases of the genitourinary system,Urethral stricture,18176,253,1.01 [0.83-1.23],0.936986223609527
TAX1BP1,Tax1-binding protein 1,Chapter XIV Diseases of the genitourinary system,Urolithiasis,20216,441,0.99 [0.85-1.14],0.8643488550093268
