Protein,Protein_definition,Disease_category,Disease,NB_individual,NB_case,HR[95%CI],P_value
CHGB,Secretogranin-1,Chapter I Certain infectious and parasitic diseases,"Bacterial infection, other or unspecified",22696,175,1.80 [1.33-2.44],0.0001314437471535
CHGB,Secretogranin-1,Chapter I Certain infectious and parasitic diseases,"Bacterial intestinal infections, IBD co-morbidities",23738,189,1.47 [1.09-1.97],0.01033752750428
CHGB,Secretogranin-1,Chapter I Certain infectious and parasitic diseases,"Bacterial, viral and other infectious agents",23491,1411,1.30 [1.16-1.45],2.917315078791965e-06
CHGB,Secretogranin-1,Chapter I Certain infectious and parasitic diseases,Certain infectious and parasitic diseases,23058,3469,1.25 [1.17-1.35],5.529549587148493e-10
CHGB,Secretogranin-1,Chapter I Certain infectious and parasitic diseases,Condition for Implicit Sepsis (Organ dysfunction codes),23012,3494,1.51 [1.40-1.62],3.852382440183643e-30
CHGB,Secretogranin-1,Chapter I Certain infectious and parasitic diseases,Diarrhoea and gastroenteritis of presumed infectious origin,23536,1041,1.41 [1.24-1.60],1.6721202683264905e-07
CHGB,Secretogranin-1,Chapter I Certain infectious and parasitic diseases,Enterocolitis due to Clostridium difficile,23672,80,1.96 [1.28-3.00],0.001967572526609
CHGB,Secretogranin-1,Chapter I Certain infectious and parasitic diseases,Explicit Sepsis,21526,1127,1.57 [1.38-1.78],1.986327056707016e-12
CHGB,Secretogranin-1,Chapter I Certain infectious and parasitic diseases,Implicit bacterial Sepsis,20771,1244,1.83 [1.63-2.06],1.6624000690095787e-24
CHGB,Secretogranin-1,Chapter I Certain infectious and parasitic diseases,Implicit fungal Sepsis,20483,251,1.67 [1.28-2.19],0.0001570332527624
CHGB,Secretogranin-1,Chapter I Certain infectious and parasitic diseases,Implicit Sepsis,16719,2277,1.44 [1.32-1.57],1.9527075792517554e-16
CHGB,Secretogranin-1,Chapter I Certain infectious and parasitic diseases,Implicit viral Sepsis,20416,405,1.84 [1.50-2.27],5.665009299545025e-09
CHGB,Secretogranin-1,Chapter I Certain infectious and parasitic diseases,Intestinal infectious diseases,23740,1245,1.34 [1.19-1.50],1.1928476759285102e-06
CHGB,Secretogranin-1,Chapter I Certain infectious and parasitic diseases,Mycoses,23840,470,1.27 [1.05-1.53],0.0130139995285668
CHGB,Secretogranin-1,Chapter I Certain infectious and parasitic diseases,Other bacterial agents as the cause of diseases classified to other chapters,22973,893,1.39 [1.21-1.59],3.2232581262753065e-06
CHGB,Secretogranin-1,Chapter I Certain infectious and parasitic diseases,Other bacterial diseases,23761,1240,1.44 [1.29-1.62],5.816101743355176e-10
CHGB,Secretogranin-1,Chapter I Certain infectious and parasitic diseases,Other bacterial intestinal infections,22686,191,1.45 [1.08-1.95],0.0132171590806106
CHGB,Secretogranin-1,Chapter I Certain infectious and parasitic diseases,Other septicaemia,23607,1086,1.42 [1.25-1.61],3.2998117693108045e-08
CHGB,Secretogranin-1,Chapter I Certain infectious and parasitic diseases,Other viral diseases,23816,120,1.50 [1.04-2.17],0.0310837037491181
CHGB,Secretogranin-1,Chapter I Certain infectious and parasitic diseases,"Other viral diseases, not elsewhere classified",23797,101,1.56 [1.04-2.33],0.0301817884808192
CHGB,Secretogranin-1,Chapter I Certain infectious and parasitic diseases,Streptococcus and staphylococcus as the cause of diseases classified to other chapters,22574,494,1.42 [1.18-1.71],0.000200699217508
CHGB,Secretogranin-1,Chapter I Certain infectious and parasitic diseases,Viral and other specified intestinal infections,22584,89,1.68 [1.09-2.57],0.0176169337325815
CHGB,Secretogranin-1,Chapter I Certain infectious and parasitic diseases,Viral hepatitis,23859,68,1.69 [1.04-2.73],0.0345382825023511
CHGB,Secretogranin-1,Chapter II Neoplasms,Benign lipomatous neoplasm of skin and subcutaneous tissue of trunk,23771,55,0.55 [0.31-0.99],0.0473598499196019
CHGB,Secretogranin-1,Chapter II Neoplasms,Benign neoplasm of meninges,23878,31,0.41 [0.19-0.89],0.0236317434715854
CHGB,Secretogranin-1,Chapter II Neoplasms,Benign neoplasm of other and ill-defined parts of digestive system,23815,63,2.47 [1.54-3.96],0.000171980618942
CHGB,Secretogranin-1,Chapter II Neoplasms,Benign neoplasm of other and unspecified endocrine glands,23863,75,3.08 [2.04-4.65],8.96694312227172e-08
CHGB,Secretogranin-1,Chapter II Neoplasms,"Diffuse large B-cell lymphoma, excluding all cancers (controls excluding all cancers)",18547,71,1.69 [1.05-2.74],0.0321834805385575
CHGB,Secretogranin-1,Chapter II Neoplasms,Lung cancer and mesothelioma,15894,343,1.32 [1.05-1.65],0.0163895220718813
CHGB,Secretogranin-1,Chapter II Neoplasms,"Malignant neoplasm of pancreas, excluding all cancers (controls excluding all cancers)",18558,82,1.79 [1.15-2.80],0.0100554075795617
CHGB,Secretogranin-1,Chapter III Diseases of the blood and blood-forming organs and certain disorders involving the immune mechanism,Anaemia in chronic diseases classified elsewhere,22140,119,8.73 [6.84-11.16],2.5678855992483358e-67
CHGB,Secretogranin-1,Chapter III Diseases of the blood and blood-forming organs and certain disorders involving the immune mechanism,Diseases of the blood and blood-forming organs and certain disorders involving the immune mechanism,23318,2790,1.38 [1.28-1.50],2.671866649782205e-15
CHGB,Secretogranin-1,Chapter III Diseases of the blood and blood-forming organs and certain disorders involving the immune mechanism,Folate deficiency anaemia,22601,60,2.24 [1.36-3.70],0.0016424605546143
CHGB,Secretogranin-1,Chapter III Diseases of the blood and blood-forming organs and certain disorders involving the immune mechanism,Other anaemias,23499,1478,1.68 [1.51-1.87],2.5476586403627098e-21
CHGB,Secretogranin-1,Chapter III Diseases of the blood and blood-forming organs and certain disorders involving the immune mechanism,Other and unspecified anaemias,23497,1476,1.68 [1.51-1.86],3.379526545147175e-21
CHGB,Secretogranin-1,Chapter III Diseases of the blood and blood-forming organs and certain disorders involving the immune mechanism,Other and unspecified aplastic anaemias,22126,105,1.74 [1.16-2.62],0.007677681016451
CHGB,Secretogranin-1,Chapter III Diseases of the blood and blood-forming organs and certain disorders involving the immune mechanism,Other and unspecified iron deficiency,23641,1100,1.33 [1.17-1.50],9.975154124539532e-06
CHGB,Secretogranin-1,Chapter III Diseases of the blood and blood-forming organs and certain disorders involving the immune mechanism,Other coagulation defects,23503,106,2.09 [1.44-3.05],0.0001217765171209
CHGB,Secretogranin-1,Chapter III Diseases of the blood and blood-forming organs and certain disorders involving the immune mechanism,Other diseases of blood and blood-forming organs,23369,76,2.08 [1.34-3.22],0.0011289698786096
CHGB,Secretogranin-1,Chapter III Diseases of the blood and blood-forming organs and certain disorders involving the immune mechanism,Purpura and other haemorrhagic conditions,23713,316,1.67 [1.34-2.09],6.223513197771822e-06
CHGB,Secretogranin-1,Chapter III Diseases of the blood and blood-forming organs and certain disorders involving the immune mechanism,"Thrombocytopenia, unspecified",23653,256,1.62 [1.27-2.08],0.0001251986477122
CHGB,Secretogranin-1,"Chapter IV Endocrine, nutritional and metabolic diseases",Acidosis,17597,373,2.43 [1.98-2.97],6.852818778743018e-18
CHGB,Secretogranin-1,"Chapter IV Endocrine, nutritional and metabolic diseases",Dementia in other diseases classified elsewhere,22926,168,0.64 [0.46-0.89],0.008362971387413
CHGB,Secretogranin-1,"Chapter IV Endocrine, nutritional and metabolic diseases","Disorder of lipoprotein metabolism, unspecified",17299,75,2.05 [1.28-3.29],0.002738181454059
CHGB,Secretogranin-1,"Chapter IV Endocrine, nutritional and metabolic diseases",Disorders of calcium metabolism,17501,277,2.57 [2.03-3.25],5.041962616049445e-15
CHGB,Secretogranin-1,"Chapter IV Endocrine, nutritional and metabolic diseases",Disorders of lipoprotein metabolism and other lipidaemias,21108,3884,1.11 [1.04-1.19],0.0022183340165561
CHGB,Secretogranin-1,"Chapter IV Endocrine, nutritional and metabolic diseases",Disorders of magnesium metabolism,17410,186,1.38 [1.01-1.89],0.0454782468186456
CHGB,Secretogranin-1,"Chapter IV Endocrine, nutritional and metabolic diseases",Disorders of mineral metabolism,17795,571,1.69 [1.42-2.02],3.749484584385895e-09
CHGB,Secretogranin-1,"Chapter IV Endocrine, nutritional and metabolic diseases",Disorders of other endocrine glands,23819,278,2.79 [2.24-3.48],7.442704333526576e-20
CHGB,Secretogranin-1,"Chapter IV Endocrine, nutritional and metabolic diseases",Disorders of parathyroid gland,23632,91,7.42 [5.61-9.82],1.0664145448153904e-44
CHGB,Secretogranin-1,"Chapter IV Endocrine, nutritional and metabolic diseases",Disorders of phosphorus metabolism and phosphatases,17377,153,1.47 [1.04-2.08],0.0304479299016039
CHGB,Secretogranin-1,"Chapter IV Endocrine, nutritional and metabolic diseases","Disorders of plasma-protein metabolism, not elsewhere classified",17289,65,2.67 [1.66-4.28],4.746200877096281e-05
CHGB,Secretogranin-1,"Chapter IV Endocrine, nutritional and metabolic diseases",Disorders of the thyroid gland,23699,738,1.32 [1.14-1.54],0.0002856575630078
CHGB,Secretogranin-1,"Chapter IV Endocrine, nutritional and metabolic diseases",Fluid overload,17530,306,2.80 [2.27-3.46],9.415943765152589e-22
CHGB,Secretogranin-1,"Chapter IV Endocrine, nutritional and metabolic diseases",Hyperkalaemia,17604,380,3.20 [2.66-3.84],9.735758793196736e-36
CHGB,Secretogranin-1,"Chapter IV Endocrine, nutritional and metabolic diseases",Hyperosmolality and hypernatraemia,17369,145,1.76 [1.25-2.48],0.0011897544282604
CHGB,Secretogranin-1,"Chapter IV Endocrine, nutritional and metabolic diseases",Hyperparathyroidism,23625,84,7.68 [5.77-10.21],1.336498104705491e-44
CHGB,Secretogranin-1,"Chapter IV Endocrine, nutritional and metabolic diseases",Hypo-osmolality and hyponatraemia,17789,565,1.63 [1.37-1.95],5.495773396994682e-08
CHGB,Secretogranin-1,"Chapter IV Endocrine, nutritional and metabolic diseases",Hypokalaemia,17614,390,1.31 [1.05-1.62],0.0156244137342635
CHGB,Secretogranin-1,"Chapter IV Endocrine, nutritional and metabolic diseases",Iron deficiency,21585,67,1.83 [1.12-3.00],0.0163937928751374
CHGB,Secretogranin-1,"Chapter IV Endocrine, nutritional and metabolic diseases",Metabolic disorders,22433,5209,1.17 [1.10-1.24],1.6551171701525113e-07
CHGB,Secretogranin-1,"Chapter IV Endocrine, nutritional and metabolic diseases",Nontoxic multinodular goitre,22980,19,2.64 [1.14-6.12],0.0238444853972637
CHGB,Secretogranin-1,"Chapter IV Endocrine, nutritional and metabolic diseases",Other and/or unspecified nontoxic goitre,22983,22,3.08 [1.46-6.49],0.0031514391713772
CHGB,Secretogranin-1,"Chapter IV Endocrine, nutritional and metabolic diseases","Other disorders of fluid, electrolyte and acid-base balance",18838,1614,1.75 [1.58-1.94],7.972766070991556e-28
CHGB,Secretogranin-1,"Chapter IV Endocrine, nutritional and metabolic diseases",Other disorders of glucose regulation and pancreatic internal secretion,23867,261,2.73 [2.19-3.39],2.9517659784614657e-19
CHGB,Secretogranin-1,"Chapter IV Endocrine, nutritional and metabolic diseases","Postprocedural endocrine and metabolic disorders, not elsewhere classified",17290,66,2.75 [1.71-4.41],2.710149496339789e-05
CHGB,Secretogranin-1,"Chapter IV Endocrine, nutritional and metabolic diseases",Type 1 diabetes without complications,21094,167,1.45 [1.05-1.99],0.0227806115661258
CHGB,Secretogranin-1,"Chapter IV Endocrine, nutritional and metabolic diseases",Type 2 diabetes with neurological complications,2505,123,2.89 [2.10-3.97],5.7001238652561817e-11
CHGB,Secretogranin-1,"Chapter IV Endocrine, nutritional and metabolic diseases",Type 2 diabetes with ophthalmic complications,2666,317,1.55 [1.25-1.92],5.7193071385443387e-05
CHGB,Secretogranin-1,"Chapter IV Endocrine, nutritional and metabolic diseases",Type 2 diabetes with peripheral circulatory complications,21028,101,2.35 [1.62-3.42],7.2639627898184e-06
CHGB,Secretogranin-1,"Chapter IV Endocrine, nutritional and metabolic diseases",Type 2 diabetes with renal complications,2462,82,6.65 [4.67-9.48],1.027444887622906e-25
CHGB,Secretogranin-1,"Chapter IV Endocrine, nutritional and metabolic diseases",Vitamin D deficiency,21759,241,1.53 [1.18-1.99],0.0013263190880856
CHGB,Secretogranin-1,"Chapter IV Endocrine, nutritional and metabolic diseases",Volume depletion,18025,801,1.66 [1.43-1.92],1.3949814494300275e-11
CHGB,Secretogranin-1,Chapter IX Diseases of the circulatory system,"!Phlebitis/thrombophlebitis venae iliacae [externae/internae/communis], drug-induced",23752,251,1.55 [1.20-2.00],0.0007963903019867
CHGB,Secretogranin-1,Chapter IX Diseases of the circulatory system,Angina pectoris,20958,1504,1.25 [1.12-1.39],5.835037069293491e-05
CHGB,Secretogranin-1,Chapter IX Diseases of the circulatory system,Arterial embolism and thrombosis of lower extremity artery,22463,84,2.51 [1.65-3.82],1.6651450531895364e-05
CHGB,Secretogranin-1,Chapter IX Diseases of the circulatory system,"Atherosclerosis, excluding cerebral and coronary sclerosis",22625,246,1.79 [1.38-2.31],9.574568850474688e-06
CHGB,Secretogranin-1,Chapter IX Diseases of the circulatory system,Atrial fibrillation and flutter,13983,2315,1.27 [1.17-1.39],5.26718916259876e-08
CHGB,Secretogranin-1,Chapter IX Diseases of the circulatory system,"Bradycardia, unspecified, drug-induced",23803,540,1.22 [1.02-1.46],0.0292512180620998
CHGB,Secretogranin-1,Chapter IX Diseases of the circulatory system,Cardiac arrest,11920,252,2.13 [1.62-2.78],3.7783713288142544e-08
CHGB,Secretogranin-1,Chapter IX Diseases of the circulatory system,"Cardiomyopathy, other and unspecified",18694,109,1.74 [1.16-2.61],0.0072449125646956
CHGB,Secretogranin-1,Chapter IX Diseases of the circulatory system,Conduction disorders,19946,1361,1.20 [1.07-1.35],0.0018886002308155
CHGB,Secretogranin-1,Chapter IX Diseases of the circulatory system,Coronary atherosclerosis,22060,2629,1.21 [1.12-1.32],3.195054136963285e-06
CHGB,Secretogranin-1,Chapter IX Diseases of the circulatory system,Death due to cardiac causes,20111,7774,1.09 [1.03-1.14],0.0011507987412873
CHGB,Secretogranin-1,Chapter IX Diseases of the circulatory system,DVT of lower extremities,22641,275,1.59 [1.25-2.04],0.0002131610076223
CHGB,Secretogranin-1,Chapter IX Diseases of the circulatory system,"Heart failure, strict",23567,1327,1.64 [1.48-1.83],2.371695265971276e-19
CHGB,Secretogranin-1,Chapter IX Diseases of the circulatory system,Hypertension,21315,6779,1.14 [1.08-1.20],1.8100145229494045e-06
CHGB,Secretogranin-1,Chapter IX Diseases of the circulatory system,"Hypertension, essential",21338,6802,1.15 [1.09-1.22],1.791921622488162e-07
CHGB,Secretogranin-1,Chapter IX Diseases of the circulatory system,"Hypertension, Pulmonary Arterial",14721,185,2.22 [1.65-2.99],1.6470792009882616e-07
CHGB,Secretogranin-1,Chapter IX Diseases of the circulatory system,Hypertensive Renal Disease,14705,169,11.15 [9.30-13.36],3.861309949169439e-150
CHGB,Secretogranin-1,Chapter IX Diseases of the circulatory system,Hypotension,23732,1242,1.54 [1.37-1.73],1.7436278103241814e-13
CHGB,Secretogranin-1,Chapter IX Diseases of the circulatory system,"Ischaemic heart disease, wide definition",22200,2746,1.20 [1.10-1.30],1.0667752860255398e-05
CHGB,Secretogranin-1,Chapter IX Diseases of the circulatory system,"Ischaemic Stroke, excluding all haemorrhages",23445,656,1.21 [1.03-1.42],0.0211382504233646
CHGB,Secretogranin-1,Chapter IX Diseases of the circulatory system,Left bundle-branch block,19003,418,1.48 [1.21-1.82],0.0001549007682829
CHGB,Secretogranin-1,Chapter IX Diseases of the circulatory system,Major coronary heart disease event,23143,1066,1.28 [1.13-1.45],0.0001488556678279
CHGB,Secretogranin-1,Chapter IX Diseases of the circulatory system,"Myocardial infarction, strict",20380,926,1.38 [1.21-1.58],3.55153258675297e-06
CHGB,Secretogranin-1,Chapter IX Diseases of the circulatory system,"Myocardial infarction, with ST-elevation",23718,223,1.42 [1.08-1.87],0.0125126958943683
CHGB,Secretogranin-1,Chapter IX Diseases of the circulatory system,"Myocardial infarction, without ST-elevation",23826,376,1.33 [1.08-1.65],0.0083937464257898
CHGB,Secretogranin-1,Chapter IX Diseases of the circulatory system,Other arrhythmias,19071,486,1.28 [1.06-1.56],0.0117707454896504
CHGB,Secretogranin-1,Chapter IX Diseases of the circulatory system,Other arterial embolism and thrombosis,22513,134,2.09 [1.48-2.96],2.584530441007888e-05
CHGB,Secretogranin-1,Chapter IX Diseases of the circulatory system,Other diseases of arteries and capillaries,22662,283,1.58 [1.24-2.01],0.0002106411086737
CHGB,Secretogranin-1,Chapter IX Diseases of the circulatory system,Other diseases of pericardium,18782,197,1.57 [1.17-2.12],0.0030191867507445
CHGB,Secretogranin-1,Chapter IX Diseases of the circulatory system,Other embolism and thrombosis,22417,51,2.03 [1.16-3.55],0.0125561350269252
CHGB,Secretogranin-1,Chapter IX Diseases of the circulatory system,Other noninfective disorders of lymphatic vessels and lymph nodes,22474,108,1.52 [1.04-2.24],0.0309325695859303
CHGB,Secretogranin-1,Chapter IX Diseases of the circulatory system,Other or ill-defined heart diseases,19839,1254,1.44 [1.28-1.62],8.666720590945446e-10
CHGB,Secretogranin-1,Chapter IX Diseases of the circulatory system,Other other unspecified disorders of the circulatory system,22556,66,2.11 [1.31-3.40],0.0022284527718816
CHGB,Secretogranin-1,Chapter IX Diseases of the circulatory system,Other peripheral vascular diseases,22948,569,1.75 [1.48-2.07],9.667689512325064e-11
CHGB,Secretogranin-1,Chapter IX Diseases of the circulatory system,Other pulmonary heart/vessel disease,23231,363,1.59 [1.29-1.95],1.1518091040783011e-05
CHGB,Secretogranin-1,Chapter IX Diseases of the circulatory system,Paroxysmal tachycardia,12044,376,1.82 [1.45-2.28],2.1475005781872e-07
CHGB,Secretogranin-1,Chapter IX Diseases of the circulatory system,Peripheral artery disease,22857,527,1.89 [1.59-2.24],5.58575543033983e-13
CHGB,Secretogranin-1,Chapter IX Diseases of the circulatory system,Phlebitis and thrombophlebitis (not including DVT),22722,356,1.35 [1.08-1.68],0.0082005833834599
CHGB,Secretogranin-1,Chapter IX Diseases of the circulatory system,Pulmonary embolism,23368,500,1.34 [1.11-1.61],0.0021755222855116
CHGB,Secretogranin-1,Chapter IX Diseases of the circulatory system,Rheumatic valve diseases,23815,715,1.23 [1.06-1.43],0.0078839057903483
CHGB,Secretogranin-1,Chapter IX Diseases of the circulatory system,Right bundle-branch block,19053,468,1.28 [1.05-1.56],0.0127433571719782
CHGB,Secretogranin-1,Chapter IX Diseases of the circulatory system,Secondary right heart disease,23229,361,1.55 [1.26-1.91],2.8967515746691247e-05
CHGB,Secretogranin-1,Chapter IX Diseases of the circulatory system,"Stroke, excluding SAH",23429,745,1.24 [1.07-1.45],0.005030381904862
CHGB,Secretogranin-1,Chapter IX Diseases of the circulatory system,"Stroke, including SAH",23413,775,1.25 [1.07-1.45],0.003747379759715
CHGB,Secretogranin-1,Chapter IX Diseases of the circulatory system,Transient ischemic attack,23040,251,1.48 [1.15-1.92],0.002661844925424
CHGB,Secretogranin-1,Chapter IX Diseases of the circulatory system,Venous thromboembolism,23639,785,1.26 [1.09-1.46],0.002243457091489
CHGB,Secretogranin-1,Chapter VI Diseases of the nervous system,"Disorders of brain, other and unspecified",23327,94,0.62 [0.40-0.97],0.0361435811807854
CHGB,Secretogranin-1,Chapter VI Diseases of the nervous system,Extrapyramidal and movement disorders,23843,688,0.81 [0.69-0.95],0.0103504582572591
CHGB,Secretogranin-1,Chapter VI Diseases of the nervous system,Falls/tendency to fall,23327,2211,1.13 [1.03-1.23],0.0076683084898806
CHGB,Secretogranin-1,Chapter VI Diseases of the nervous system,"Other and unspecified polyneuropathies, also in other diseases",23784,353,1.76 [1.42-2.17],1.3455533372991822e-07
CHGB,Secretogranin-1,Chapter VI Diseases of the nervous system,Parkinson's disease,23856,538,0.73 [0.61-0.88],0.000866817159438
CHGB,Secretogranin-1,Chapter VI Diseases of the nervous system,Small fibre neuropathy,23489,58,2.03 [1.22-3.38],0.0061879221334841
CHGB,Secretogranin-1,"Chapter VII Diseases of the eye, adnexa, ear and mastoid process",Background diabetic retinopathy,23681,292,1.59 [1.26-2.00],9.623555599082807e-05
CHGB,Secretogranin-1,"Chapter VII Diseases of the eye, adnexa, ear and mastoid process","Diabetic nephropathy, excluding more controls",2466,84,6.99 [4.94-9.88],3.937801799748194e-28
CHGB,Secretogranin-1,"Chapter VII Diseases of the eye, adnexa, ear and mastoid process",Diabetic neuropathy,3000,131,2.66 [1.97-3.61],2.427217824165425e-10
CHGB,Secretogranin-1,"Chapter VII Diseases of the eye, adnexa, ear and mastoid process",Other cataract,22504,1799,1.12 [1.01-1.23],0.0274486250981955
CHGB,Secretogranin-1,"Chapter VII Diseases of the eye, adnexa, ear and mastoid process","Other, unspecified and serous retinal detachments",22703,65,0.46 [0.27-0.80],0.0054652719679063
CHGB,Secretogranin-1,"Chapter VII Diseases of the eye, adnexa, ear and mastoid process",Retinal vascular occlusion,22733,95,1.57 [1.04-2.39],0.0335067080675927
CHGB,Secretogranin-1,"Chapter VII Diseases of the eye, adnexa, ear and mastoid process",Senile cataract,22180,1475,1.21 [1.09-1.35],0.000492456939643
CHGB,Secretogranin-1,"Chapter VII Diseases of the eye, adnexa, ear and mastoid process",Visual disturbances,23631,391,1.25 [1.01-1.54],0.0371397420648485
CHGB,Secretogranin-1,Chapter X Diseases of the respiratory system,Acute pharyngitis,23665,61,2.13 [1.29-3.52],0.003017502263074
CHGB,Secretogranin-1,Chapter X Diseases of the respiratory system,Acute upper respiratory infections,23794,190,1.35 [1.00-1.82],0.0492486215152642
CHGB,Secretogranin-1,Chapter X Diseases of the respiratory system,All influenza,21585,107,1.90 [1.28-2.81],0.0013408914336407
CHGB,Secretogranin-1,Chapter X Diseases of the respiratory system,All influenza (not pneumonia),21582,104,1.91 [1.28-2.84],0.0014592095846023
CHGB,Secretogranin-1,Chapter X Diseases of the respiratory system,Bacterial pneumonia (organism specified),23494,151,1.63 [1.18-2.25],0.0032570766078778
CHGB,Secretogranin-1,Chapter X Diseases of the respiratory system,"Bacterial pneumonia, not elsewhere classified",21574,96,1.66 [1.10-2.52],0.0166644570746771
CHGB,Secretogranin-1,Chapter X Diseases of the respiratory system,"Bronchitis, not specified as acute or chronic",20506,44,2.32 [1.32-4.10],0.0035910359869271
CHGB,Secretogranin-1,Chapter X Diseases of the respiratory system,Chronic lower respiratory diseases,23031,2569,1.17 [1.07-1.27],0.0002502865207834
CHGB,Secretogranin-1,Chapter X Diseases of the respiratory system,"Chronic rhinitis, nasopharyngitis and pharyngitis",22430,78,0.57 [0.35-0.93],0.0251401231662792
CHGB,Secretogranin-1,Chapter X Diseases of the respiratory system,"COPD, hospital admissions 1, only main diagnosis",23653,1306,1.26 [1.12-1.41],6.972605204931366e-05
CHGB,Secretogranin-1,Chapter X Diseases of the respiratory system,Diseases of the respiratory system,21866,5290,1.16 [1.10-1.23],3.555438135816208e-07
CHGB,Secretogranin-1,Chapter X Diseases of the respiratory system,Emphysema,20807,345,1.36 [1.09-1.70],0.0060763890324696
CHGB,Secretogranin-1,Chapter X Diseases of the respiratory system,Influenza and pneumonia,23629,2151,1.35 [1.24-1.48],3.24629568250332e-11
CHGB,Secretogranin-1,Chapter X Diseases of the respiratory system,Later onset COPD,22805,999,1.25 [1.10-1.42],0.0007014271236063
CHGB,Secretogranin-1,Chapter X Diseases of the respiratory system,Lung diseases due to external agents,23860,427,1.33 [1.09-1.62],0.004641178319251
CHGB,Secretogranin-1,Chapter X Diseases of the respiratory system,Other acute lower respiratory infections,23608,1004,1.28 [1.13-1.46],0.0001581609472851
CHGB,Secretogranin-1,Chapter X Diseases of the respiratory system,Other diseases of pleura,23597,2203,1.41 [1.29-1.54],1.4576757477041998e-14
CHGB,Secretogranin-1,Chapter X Diseases of the respiratory system,Other diseases of upper respiratory tract,23224,872,0.85 [0.74-0.99],0.0323243280179654
CHGB,Secretogranin-1,Chapter X Diseases of the respiratory system,Other pleural conditions,21460,66,1.76 [1.07-2.89],0.0264246341290428
CHGB,Secretogranin-1,Chapter X Diseases of the respiratory system,Other respiratory diseases principally affecting the interstitium,23783,447,1.24 [1.02-1.50],0.0304122071976744
CHGB,Secretogranin-1,Chapter X Diseases of the respiratory system,Other respiratory disorders and diseases,23754,1396,1.37 [1.23-1.53],1.3451610428279724e-08
CHGB,Secretogranin-1,Chapter X Diseases of the respiratory system,Pleural effusion,22518,1124,1.56 [1.38-1.76],6.127410757811099e-13
CHGB,Secretogranin-1,Chapter X Diseases of the respiratory system,Pleural plaque,21657,263,1.35 [1.05-1.74],0.020227574479415
CHGB,Secretogranin-1,Chapter X Diseases of the respiratory system,"Pneumonia, organism unspecified",23366,1888,1.37 [1.25-1.51],6.906015619634258e-11
CHGB,Secretogranin-1,Chapter X Diseases of the respiratory system,Pneumonitis due to solids and liquids,23760,327,1.34 [1.07-1.68],0.0112054283530024
CHGB,Secretogranin-1,Chapter X Diseases of the respiratory system,Pneumothorax,21536,142,1.45 [1.02-2.05],0.0386800161927503
CHGB,Secretogranin-1,Chapter X Diseases of the respiratory system,Pulmonary oedema,23403,67,2.63 [1.69-4.07],1.6010896708121264e-05
CHGB,Secretogranin-1,Chapter X Diseases of the respiratory system,Unspecified acute lower respiratory infection,23590,986,1.28 [1.12-1.46],0.0001987213769083
CHGB,Secretogranin-1,Chapter X Diseases of the respiratory system,Viral pneumonia,21757,279,1.37 [1.07-1.76],0.0140225068941833
CHGB,Secretogranin-1,Chapter XI Diseases of the digestive system,Acute pancreatitis,22525,204,1.45 [1.08-1.93],0.0123037210665851
CHGB,Secretogranin-1,Chapter XI Diseases of the digestive system,Acute peritonitis,23516,100,2.19 [1.50-3.20],4.569598866097861e-05
CHGB,Secretogranin-1,Chapter XI Diseases of the digestive system,Barrett oesophagus,18462,530,1.22 [1.02-1.47],0.0338566749557357
CHGB,Secretogranin-1,Chapter XI Diseases of the digestive system,Cholelithiasis,23106,785,1.27 [1.10-1.48],0.0013697669574517
CHGB,Secretogranin-1,Chapter XI Diseases of the digestive system,Coeliac disease,22241,92,0.59 [0.37-0.93],0.0231121932222213
CHGB,Secretogranin-1,Chapter XI Diseases of the digestive system,Collagenous colitis,22439,49,2.05 [1.17-3.59],0.0119507422075021
CHGB,Secretogranin-1,Chapter XI Diseases of the digestive system,Constipation,23714,1597,1.15 [1.03-1.27],0.0100885541724552
CHGB,Secretogranin-1,Chapter XI Diseases of the digestive system,Crohn disease,22480,90,1.69 [1.10-2.60],0.0174880715210108
CHGB,Secretogranin-1,Chapter XI Diseases of the digestive system,Crohn's disease NAS,22466,76,1.90 [1.20-3.03],0.0064898282135376
CHGB,Secretogranin-1,Chapter XI Diseases of the digestive system,Dental caries,23226,225,1.47 [1.12-1.93],0.0058910203927728
CHGB,Secretogranin-1,Chapter XI Diseases of the digestive system,Diaphragmatic hernia,20214,1944,1.15 [1.04-1.26],0.0057381488623498
CHGB,Secretogranin-1,Chapter XI Diseases of the digestive system,Diseases of liver,23739,866,1.30 [1.13-1.49],0.0002779360866508
CHGB,Secretogranin-1,Chapter XI Diseases of the digestive system,"Diseases of oesophagus, stomach and duodenum",21881,3949,1.11 [1.03-1.18],0.0034810575917008
CHGB,Secretogranin-1,Chapter XI Diseases of the digestive system,Diseases of peritoneum,23828,412,1.26 [1.03-1.55],0.0263266525801489
CHGB,Secretogranin-1,Chapter XI Diseases of the digestive system,Diseases of the digestive system,23560,1411,1.14 [1.02-1.27],0.0221410639463717
CHGB,Secretogranin-1,Chapter XI Diseases of the digestive system,Diseases of tongue,22989,108,1.77 [1.20-2.60],0.0037414917884881
CHGB,Secretogranin-1,Chapter XI Diseases of the digestive system,"Disorders of gallbladder, biliary tract and pancreas",23512,1191,1.32 [1.17-1.48],6.591604907061444e-06
CHGB,Secretogranin-1,Chapter XI Diseases of the digestive system,Diverticular disease of intestine,19659,3055,1.09 [1.01-1.18],0.0278554287359098
CHGB,Secretogranin-1,Chapter XI Diseases of the digestive system,Duodenal ulcer,18200,268,1.62 [1.26-2.08],0.0001654340429395
CHGB,Secretogranin-1,Chapter XI Diseases of the digestive system,Fibrosis and cirrhosis of liver,23030,157,1.41 [1.03-1.94],0.0341735962448036
CHGB,Secretogranin-1,Chapter XI Diseases of the digestive system,Gastric ulcer,18300,368,1.30 [1.04-1.61],0.0192848583820484
CHGB,Secretogranin-1,Chapter XI Diseases of the digestive system,Gastroduodenal ulcer,18533,601,1.36 [1.15-1.61],0.0003614974029819
CHGB,Secretogranin-1,Chapter XI Diseases of the digestive system,GI-bleeding,23322,1173,1.25 [1.11-1.41],0.0002702439186009
CHGB,Secretogranin-1,Chapter XI Diseases of the digestive system,Intestinal malabsorption,22254,105,0.64 [0.42-0.98],0.0380051580233943
CHGB,Secretogranin-1,Chapter XI Diseases of the digestive system,Noninfectious colitis NAS,23071,681,1.21 [1.03-1.42],0.0214647955797595
CHGB,Secretogranin-1,Chapter XI Diseases of the digestive system,Noninfective enteritis and colitis,23280,890,1.23 [1.07-1.41],0.0038345587604929
CHGB,Secretogranin-1,Chapter XI Diseases of the digestive system,Oesophagitis,18564,632,1.38 [1.17-1.63],0.0001422345439373
CHGB,Secretogranin-1,Chapter XI Diseases of the digestive system,Other diseases of anus and rectum,18031,1427,1.12 [1.00-1.26],0.0422458103739759
CHGB,Secretogranin-1,Chapter XI Diseases of the digestive system,Other diseases of gallbladder,22445,124,1.71 [1.19-2.47],0.0040554194110456
CHGB,Secretogranin-1,Chapter XI Diseases of the digestive system,Other diseases of intestine,18469,1865,1.12 [1.02-1.24],0.0202447894090116
CHGB,Secretogranin-1,Chapter XI Diseases of the digestive system,Other diseases of intestines,22075,5471,1.06 [1.00-1.13],0.0332912004991619
CHGB,Secretogranin-1,Chapter XI Diseases of the digestive system,Other diseases of liver,23564,691,1.28 [1.09-1.50],0.0020042315005942
CHGB,Secretogranin-1,Chapter XI Diseases of the digestive system,Other diseases of oesophagus,18672,740,1.24 [1.06-1.45],0.0063460091194233
CHGB,Secretogranin-1,Chapter XI Diseases of the digestive system,Other diseases of pancreas,22464,143,1.66 [1.19-2.33],0.0032209157322028
CHGB,Secretogranin-1,Chapter XI Diseases of the digestive system,Other diseases of stomach and duodenum,18734,802,1.27 [1.09-1.47],0.0016502234355453
CHGB,Secretogranin-1,Chapter XI Diseases of the digestive system,Other diseases of the digestive system,23334,1185,1.26 [1.12-1.42],0.0001851809932094
CHGB,Secretogranin-1,Chapter XI Diseases of the digestive system,Other functional intestinal disorders,18239,1635,1.17 [1.06-1.30],0.0024478204790648
CHGB,Secretogranin-1,Chapter XI Diseases of the digestive system,Other gastritis (incl. Duodenitis),19808,1876,1.15 [1.04-1.27],0.0049777071646951
CHGB,Secretogranin-1,Chapter XI Diseases of the digestive system,Other noninfective gastroenteritis and colitis,23170,780,1.28 [1.10-1.49],0.0010748712475898
CHGB,Secretogranin-1,Chapter XI Diseases of the digestive system,Paralytic ileus and intestinal obstruction,17082,478,1.30 [1.07-1.57],0.0077728682264693
CHGB,Secretogranin-1,Chapter XI Diseases of the digestive system,Recurring oral aphthae,23864,42,1.97 [1.08-3.60],0.0266888501392531
CHGB,Secretogranin-1,Chapter XI Diseases of the digestive system,Stomatitis and related lesions,23009,106,1.55 [1.04-2.32],0.0321357074138713
CHGB,Secretogranin-1,Chapter XI Diseases of the digestive system,Toxic colitis,22436,46,1.79 [1.00-3.19],0.048205615209379
CHGB,Secretogranin-1,Chapter XI Diseases of the digestive system,Ulcer of oesophagus,18232,300,1.46 [1.15-1.86],0.002028765971198
CHGB,Secretogranin-1,Chapter XI Diseases of the digestive system,Vascular disorders of the intestines,16763,159,1.51 [1.09-2.09],0.0134338623614766
CHGB,Secretogranin-1,Chapter XII Diseases of the skin and subcutaneous tissue,Cellulitis,23142,762,1.23 [1.06-1.42],0.0073710634275224
CHGB,Secretogranin-1,Chapter XII Diseases of the skin and subcutaneous tissue,Decubitus ulcer and pressure area,22253,472,1.36 [1.13-1.64],0.0012668296028643
CHGB,Secretogranin-1,Chapter XII Diseases of the skin and subcutaneous tissue,Dermatitis and eczema,23789,474,1.23 [1.02-1.49],0.033231070874246
CHGB,Secretogranin-1,Chapter XII Diseases of the skin and subcutaneous tissue,Diseases of the skin and subcutaneous tissue,22393,3188,1.11 [1.03-1.20],0.0058910960968726
CHGB,Secretogranin-1,Chapter XII Diseases of the skin and subcutaneous tissue,Infections of the skin and subcutaneous tissue,23415,1035,1.21 [1.07-1.38],0.0035077438417681
CHGB,Secretogranin-1,Chapter XII Diseases of the skin and subcutaneous tissue,Other and unspecified local infections of skin and subcutaneous tissue,22600,220,1.44 [1.10-1.90],0.0086309894581557
CHGB,Secretogranin-1,Chapter XII Diseases of the skin and subcutaneous tissue,Other contact dermatitis,23386,71,1.88 [1.18-2.98],0.0077080502680336
CHGB,Secretogranin-1,Chapter XII Diseases of the skin and subcutaneous tissue,Other disorders of skin and subcutaneous tissue,23424,1643,1.21 [1.09-1.34],0.0003235907168303
CHGB,Secretogranin-1,Chapter XII Diseases of the skin and subcutaneous tissue,"Ulcer of lower limb, not elsewhere classified",22054,273,1.55 [1.22-1.97],0.0002847110603018
CHGB,Secretogranin-1,Chapter XIII Diseases of the musculoskeletal system and connective tissue,Adhesive capsulitis of shoulder,20612,92,0.57 [0.37-0.90],0.0158356054627791
CHGB,Secretogranin-1,Chapter XIII Diseases of the musculoskeletal system and connective tissue,Disorders of synovium and tendon,20958,438,0.74 [0.60-0.91],0.0042495322533425
CHGB,Secretogranin-1,Chapter XIII Diseases of the musculoskeletal system and connective tissue,Ganglion,20614,94,0.59 [0.37-0.93],0.0222665772168457
CHGB,Secretogranin-1,Chapter XIII Diseases of the musculoskeletal system and connective tissue,Gonarthrosis,18459,1469,0.89 [0.79-0.99],0.0344387287486889
CHGB,Secretogranin-1,Chapter XIII Diseases of the musculoskeletal system and connective tissue,Gout,17968,978,1.80 [1.59-2.04],4.818011471939986e-20
CHGB,Secretogranin-1,Chapter XIII Diseases of the musculoskeletal system and connective tissue,"Gout, unspecified",23737,964,1.87 [1.65-2.12],2.2746527410241787e-22
CHGB,Secretogranin-1,Chapter XIII Diseases of the musculoskeletal system and connective tissue,Internal derangement of knee,17624,634,0.78 [0.66-0.93],0.0060222693676131
CHGB,Secretogranin-1,Chapter XIII Diseases of the musculoskeletal system and connective tissue,Kyphosis,20855,42,2.44 [1.35-4.38],0.0029933989408895
CHGB,Secretogranin-1,Chapter XIII Diseases of the musculoskeletal system and connective tissue,Meniscus derangement,17582,592,0.76 [0.64-0.91],0.003308606139481
CHGB,Secretogranin-1,Chapter XIII Diseases of the musculoskeletal system and connective tissue,"Other dorsopathies, not elsewhere classified",22344,1531,1.18 [1.06-1.31],0.0030734458471108
CHGB,Secretogranin-1,Chapter XIII Diseases of the musculoskeletal system and connective tissue,Other/unspecified dorsalgia,21297,484,1.26 [1.04-1.52],0.0178253852085685
CHGB,Secretogranin-1,Chapter XIII Diseases of the musculoskeletal system and connective tissue,Polyarthropathies,19256,2266,1.17 [1.07-1.27],0.0006849981257025
CHGB,Secretogranin-1,Chapter XIII Diseases of the musculoskeletal system and connective tissue,Sciatica+with lumbago,21029,216,1.38 [1.04-1.82],0.0250601242273919
CHGB,Secretogranin-1,Chapter XIII Diseases of the musculoskeletal system and connective tissue,Shoulder lesions,21053,533,0.81 [0.67-0.97],0.0242909207754946
CHGB,Secretogranin-1,Chapter XIII Diseases of the musculoskeletal system and connective tissue,Systemic lupus erythematosus,23565,38,2.23 [1.20-4.17],0.0117614223375717
CHGB,Secretogranin-1,Chapter XIII Diseases of the musculoskeletal system and connective tissue,Trochanteric bursitis,20542,22,2.34 [1.05-5.19],0.0372417216976249
CHGB,Secretogranin-1,Chapter XIV Diseases of the genitourinary system,Acute renal failure,22875,1877,2.21 [2.01-2.43],1.5143237689166736e-61
CHGB,Secretogranin-1,Chapter XIV Diseases of the genitourinary system,Chronic kidney disease,22540,1542,4.20 [3.83-4.61],2.7505830610577893e-203
CHGB,Secretogranin-1,Chapter XIV Diseases of the genitourinary system,Chronic nephritic syndrome,23626,85,7.95 [6.22-10.16],9.462685534414396e-62
CHGB,Secretogranin-1,Chapter XIV Diseases of the genitourinary system,Cyst of kidney,23599,358,1.38 [1.11-1.72],0.0035096417810594
CHGB,Secretogranin-1,Chapter XIV Diseases of the genitourinary system,Dialysis,21100,102,20.15 [15.83-25.64],8.471143524156901e-132
CHGB,Secretogranin-1,Chapter XIV Diseases of the genitourinary system,Genitourinary diseases,21510,5603,1.22 [1.15-1.30],1.9574343957912085e-11
CHGB,Secretogranin-1,Chapter XIV Diseases of the genitourinary system,Glomerular disorders in diseases classified elsewhere,23644,103,6.38 [4.83-8.44],1.3173880057203244e-38
CHGB,Secretogranin-1,Chapter XIV Diseases of the genitourinary system,Hydronephrosis,21107,372,1.73 [1.37-2.17],2.977193565684029e-06
CHGB,Secretogranin-1,Chapter XIV Diseases of the genitourinary system,Other disorders of kidney and ureter,23805,564,1.85 [1.56-2.18],6.35769139790383e-13
CHGB,Secretogranin-1,Chapter XIV Diseases of the genitourinary system,Other disorders of male genital organs,19574,309,1.31 [1.03-1.67],0.0277945089547149
CHGB,Secretogranin-1,Chapter XIV Diseases of the genitourinary system,Other disorders of prostate,19500,235,0.69 [0.52-0.91],0.0091543008424205
CHGB,Secretogranin-1,Chapter XIV Diseases of the genitourinary system,Other disorders of urethra and urinary system,22322,1537,1.18 [1.06-1.32],0.0018777848280013
CHGB,Secretogranin-1,Chapter XIV Diseases of the genitourinary system,Other obstructive and reflux uropathy,21152,417,1.96 [1.58-2.43],6.422245434216136e-10
CHGB,Secretogranin-1,Chapter XIV Diseases of the genitourinary system,Other specified disorders of kidney and ureter,23432,191,2.78 [2.12-3.64],1.191351764770241e-13
CHGB,Secretogranin-1,Chapter XIV Diseases of the genitourinary system,Recurrent and persistent haematuria,23601,60,3.71 [2.37-5.81],1.0667043377312462e-08
CHGB,Secretogranin-1,Chapter XIV Diseases of the genitourinary system,Renal tubulo-interstitial diseases,23575,2840,2.30 [2.13-2.49],2.2394838859941643e-97
CHGB,Secretogranin-1,Chapter XIV Diseases of the genitourinary system,"Tubulo-interstitial nephritis, not specified as acute or chronic",20809,74,3.63 [2.25-5.83],1.0818312735870777e-07
CHGB,Secretogranin-1,Chapter XIV Diseases of the genitourinary system,Unspecified kidney failure,21156,158,5.81 [4.41-7.65],4.002932666834918e-36
CHGB,Secretogranin-1,Chapter XIV Diseases of the genitourinary system,Urethral stricture,21078,293,1.38 [1.08-1.77],0.0100549086231079
