Protein,Protein_definition,Disease_category,Disease,NB_individual,NB_case,HR[95%CI],P_value
SERPINA11,Serpin A11,Chapter I Certain infectious and parasitic diseases,"Bacterial intestinal infections, IBD co-morbidities",23884,191,1.57 [1.15-2.14],0.0047859293834372
SERPINA11,Serpin A11,Chapter I Certain infectious and parasitic diseases,"Bacterial, viral and other infectious agents",23635,1418,1.42 [1.27-1.60],1.2889988400927214e-09
SERPINA11,Serpin A11,Chapter I Certain infectious and parasitic diseases,Candidiasis,23897,381,1.74 [1.39-2.17],9.994066694673903e-07
SERPINA11,Serpin A11,Chapter I Certain infectious and parasitic diseases,Certain infectious and parasitic diseases,23196,3495,1.33 [1.24-1.43],9.46263637229124e-15
SERPINA11,Serpin A11,Chapter I Certain infectious and parasitic diseases,Condition for Implicit Sepsis (Organ dysfunction codes),23162,3516,1.39 [1.29-1.49],1.3672087230315237e-18
SERPINA11,Serpin A11,Chapter I Certain infectious and parasitic diseases,Diarrhoea and gastroenteritis of presumed infectious origin,23679,1056,1.20 [1.05-1.37],0.0066296461814112
SERPINA11,Serpin A11,Chapter I Certain infectious and parasitic diseases,Explicit Sepsis,21656,1124,1.37 [1.21-1.56],1.4682353130574734e-06
SERPINA11,Serpin A11,Chapter I Certain infectious and parasitic diseases,Implicit bacterial Sepsis,20894,1246,1.49 [1.32-1.68],1.8861499984525475e-10
SERPINA11,Serpin A11,Chapter I Certain infectious and parasitic diseases,Implicit fungal Sepsis,20616,253,1.90 [1.44-2.50],4.701321309892655e-06
SERPINA11,Serpin A11,Chapter I Certain infectious and parasitic diseases,Implicit Sepsis,16804,2286,1.44 [1.31-1.57],3.3199951806178288e-15
SERPINA11,Serpin A11,Chapter I Certain infectious and parasitic diseases,Implicit viral Sepsis,20545,407,1.43 [1.15-1.77],0.0010683523813841
SERPINA11,Serpin A11,Chapter I Certain infectious and parasitic diseases,Intestinal infectious diseases,23887,1264,1.21 [1.08-1.37],0.001665800801437
SERPINA11,Serpin A11,Chapter I Certain infectious and parasitic diseases,Mycoses,23989,473,1.72 [1.41-2.10],8.115988784638144e-08
SERPINA11,Serpin A11,Chapter I Certain infectious and parasitic diseases,Other bacterial agents as the cause of diseases classified to other chapters,23112,895,1.51 [1.31-1.75],1.977863091800176e-08
SERPINA11,Serpin A11,Chapter I Certain infectious and parasitic diseases,Other bacterial diseases,23908,1238,1.34 [1.19-1.52],2.5354716997878834e-06
SERPINA11,Serpin A11,Chapter I Certain infectious and parasitic diseases,Other bacterial intestinal infections,22816,193,1.56 [1.14-2.13],0.0048957437827695
SERPINA11,Serpin A11,Chapter I Certain infectious and parasitic diseases,Other septicaemia,23752,1082,1.31 [1.15-1.49],5.864644947908852e-05
SERPINA11,Serpin A11,Chapter I Certain infectious and parasitic diseases,Streptococcus and staphylococcus as the cause of diseases classified to other chapters,22716,499,1.46 [1.20-1.77],0.0001204277692816
SERPINA11,Serpin A11,Chapter I Certain infectious and parasitic diseases,Viral agents as the cause of diseases classified to other chapters,22507,290,1.39 [1.08-1.79],0.0104772246270151
SERPINA11,Serpin A11,Chapter I Certain infectious and parasitic diseases,Viral hepatitis,24009,70,1.91 [1.14-3.20],0.0134039529372264
SERPINA11,Serpin A11,Chapter II Neoplasms,Benign neoplasm: Rectum,23954,423,0.80 [0.65-0.98],0.0352158848475747
SERPINA11,Serpin A11,Chapter II Neoplasms,Lung cancer and mesothelioma,15997,349,1.63 [1.29-2.06],3.5103523532599474e-05
SERPINA11,Serpin A11,Chapter II Neoplasms,"Malignant neoplasm of stomach, excluding all cancers (controls excluding all cancers)",18697,106,1.74 [1.14-2.66],0.0104112679123417
SERPINA11,Serpin A11,Chapter III Diseases of the blood and blood-forming organs and certain disorders involving the immune mechanism,Anaemia in chronic diseases classified elsewhere,22285,118,2.20 [1.47-3.29],0.0001200762894085
SERPINA11,Serpin A11,Chapter III Diseases of the blood and blood-forming organs and certain disorders involving the immune mechanism,Diseases of the blood and blood-forming organs and certain disorders involving the immune mechanism,23465,2801,1.35 [1.25-1.47],3.0582142386833106e-13
SERPINA11,Serpin A11,Chapter III Diseases of the blood and blood-forming organs and certain disorders involving the immune mechanism,Folate deficiency anaemia,22739,63,1.96 [1.13-3.40],0.0160128836915598
SERPINA11,Serpin A11,Chapter III Diseases of the blood and blood-forming organs and certain disorders involving the immune mechanism,Other anaemias,23648,1481,1.47 [1.31-1.64],2.102470763390396e-11
SERPINA11,Serpin A11,Chapter III Diseases of the blood and blood-forming organs and certain disorders involving the immune mechanism,Other and unspecified anaemias,23646,1479,1.46 [1.31-1.64],2.782155295265051e-11
SERPINA11,Serpin A11,Chapter III Diseases of the blood and blood-forming organs and certain disorders involving the immune mechanism,Other and unspecified iron deficiency,23787,1111,1.40 [1.23-1.60],2.719326806871012e-07
SERPINA11,Serpin A11,Chapter III Diseases of the blood and blood-forming organs and certain disorders involving the immune mechanism,Sarcoidosis,23930,49,2.06 [1.11-3.83],0.0216566938004951
SERPINA11,Serpin A11,Chapter III Diseases of the blood and blood-forming organs and certain disorders involving the immune mechanism,"Thrombocytopenia, unspecified",23803,255,1.33 [1.02-1.75],0.0355802948001652
SERPINA11,Serpin A11,"Chapter IV Endocrine, nutritional and metabolic diseases",Acidosis,17704,380,1.58 [1.26-1.98],6.391504025603225e-05
SERPINA11,Serpin A11,"Chapter IV Endocrine, nutritional and metabolic diseases",Acute alcohol intoxication,21972,164,1.41 [1.01-1.96],0.0460679286355898
SERPINA11,Serpin A11,"Chapter IV Endocrine, nutritional and metabolic diseases",Alcohol dependence,22001,193,1.45 [1.07-1.98],0.0178690699478112
SERPINA11,Serpin A11,"Chapter IV Endocrine, nutritional and metabolic diseases",Deficiency of other B group vitamins,21863,227,1.65 [1.24-2.20],0.0006728583918506
SERPINA11,Serpin A11,"Chapter IV Endocrine, nutritional and metabolic diseases","Delirium, not induced by alcohol and other psychoactive substances",23518,621,1.34 [1.13-1.59],0.0009437660783473
SERPINA11,Serpin A11,"Chapter IV Endocrine, nutritional and metabolic diseases",Dementia in other diseases classified elsewhere,23068,171,1.49 [1.07-2.08],0.0183130155962723
SERPINA11,Serpin A11,"Chapter IV Endocrine, nutritional and metabolic diseases",Depression,23722,1151,1.20 [1.06-1.36],0.0037846836110073
SERPINA11,Serpin A11,"Chapter IV Endocrine, nutritional and metabolic diseases",Depression or dysthymia,20560,1109,1.27 [1.12-1.44],0.0002529205221934
SERPINA11,Serpin A11,"Chapter IV Endocrine, nutritional and metabolic diseases","Disorder of thyroid, unspecified",23145,39,2.12 [1.05-4.26],0.036054844827778
SERPINA11,Serpin A11,"Chapter IV Endocrine, nutritional and metabolic diseases",Disorders of calcium metabolism,17598,274,1.57 [1.21-2.05],0.0007911166733394
SERPINA11,Serpin A11,"Chapter IV Endocrine, nutritional and metabolic diseases",Disorders of iron metabolism,17400,76,0.44 [0.27-0.71],0.0007020742118639
SERPINA11,Serpin A11,"Chapter IV Endocrine, nutritional and metabolic diseases",Disorders of magnesium metabolism,17512,188,1.87 [1.36-2.59],0.000127618942604
SERPINA11,Serpin A11,"Chapter IV Endocrine, nutritional and metabolic diseases",Disorders of mineral metabolism,17897,573,1.36 [1.14-1.64],0.0008292799375308
SERPINA11,Serpin A11,"Chapter IV Endocrine, nutritional and metabolic diseases",Disorders of other endocrine glands,23971,281,1.99 [1.54-2.58],1.9438136359303725e-07
SERPINA11,Serpin A11,"Chapter IV Endocrine, nutritional and metabolic diseases",Disorders of parathyroid gland,23782,92,1.73 [1.10-2.72],0.0166164667289633
SERPINA11,Serpin A11,"Chapter IV Endocrine, nutritional and metabolic diseases",Disorders of phosphorus metabolism and phosphatases,17478,154,1.66 [1.16-2.36],0.0051826669230286
SERPINA11,Serpin A11,"Chapter IV Endocrine, nutritional and metabolic diseases",Disorders of the thyroid gland,23851,745,1.52 [1.30-1.78],2.349256354858121e-07
SERPINA11,Serpin A11,"Chapter IV Endocrine, nutritional and metabolic diseases",Fluid overload,17634,310,1.57 [1.22-2.01],0.0004262152801445
SERPINA11,Serpin A11,"Chapter IV Endocrine, nutritional and metabolic diseases",Hyperkalaemia,17710,386,1.53 [1.22-1.91],0.0001910186784641
SERPINA11,Serpin A11,"Chapter IV Endocrine, nutritional and metabolic diseases",Hyperparathyroidism,23775,85,1.90 [1.19-3.04],0.0074778700804854
SERPINA11,Serpin A11,"Chapter IV Endocrine, nutritional and metabolic diseases",Hypo-osmolality and hyponatraemia,17898,574,1.51 [1.26-1.82],8.71943322847572e-06
SERPINA11,Serpin A11,"Chapter IV Endocrine, nutritional and metabolic diseases",Hypokalaemia,17718,394,1.65 [1.32-2.06],8.834557846913637e-06
SERPINA11,Serpin A11,"Chapter IV Endocrine, nutritional and metabolic diseases",Metabolic disorders,22573,5249,1.13 [1.07-1.20],3.2577745493451296e-05
SERPINA11,Serpin A11,"Chapter IV Endocrine, nutritional and metabolic diseases",Other anxiety disorders,23753,806,1.25 [1.07-1.45],0.0039170212661684
SERPINA11,Serpin A11,"Chapter IV Endocrine, nutritional and metabolic diseases","Other disorders of fluid, electrolyte and acid-base balance",18959,1635,1.52 [1.36-1.69],2.4899300889464573e-14
SERPINA11,Serpin A11,"Chapter IV Endocrine, nutritional and metabolic diseases",Other mental disorders due to brain damage and dysfunction and to physical disease,23006,109,1.80 [1.19-2.73],0.005149846297272
SERPINA11,Serpin A11,"Chapter IV Endocrine, nutritional and metabolic diseases","Postprocedural endocrine and metabolic disorders, not elsewhere classified",17388,64,1.95 [1.12-3.39],0.017957972254955
SERPINA11,Serpin A11,"Chapter IV Endocrine, nutritional and metabolic diseases",Type 2 diabetes with peripheral circulatory complications,21140,101,2.02 [1.33-3.08],0.0009910035098676
SERPINA11,Serpin A11,"Chapter IV Endocrine, nutritional and metabolic diseases",Type 2 diabetes without complications,23232,2193,1.18 [1.07-1.29],0.0004174547784056
SERPINA11,Serpin A11,"Chapter IV Endocrine, nutritional and metabolic diseases",Unspecified dementia,23261,364,1.29 [1.03-1.61],0.0287163181444822
SERPINA11,Serpin A11,"Chapter IV Endocrine, nutritional and metabolic diseases",Volume depletion,18133,809,1.48 [1.27-1.73],6.272518317242116e-07
SERPINA11,Serpin A11,Chapter IX Diseases of the circulatory system,"!Phlebitis/thrombophlebitis venae iliacae [externae/internae/communis], drug-induced",23902,254,1.48 [1.13-1.94],0.0044545156460314
SERPINA11,Serpin A11,Chapter IX Diseases of the circulatory system,Abdominal aortic aneurysm (AAA),22784,275,1.34 [1.03-1.74],0.0283126854123249
SERPINA11,Serpin A11,Chapter IX Diseases of the circulatory system,Angina pectoris,21084,1509,1.20 [1.07-1.34],0.0012828529817225
SERPINA11,Serpin A11,Chapter IX Diseases of the circulatory system,Aortic aneurysm,22893,384,1.46 [1.17-1.83],0.0007858242371011
SERPINA11,Serpin A11,Chapter IX Diseases of the circulatory system,Arterial embolism and thrombosis of lower extremity artery,22593,84,2.65 [1.64-4.29],6.613152234866704e-05
SERPINA11,Serpin A11,Chapter IX Diseases of the circulatory system,"Atherosclerosis, excluding cerebral and coronary sclerosis",22759,250,1.56 [1.19-2.05],0.0013536800023577
SERPINA11,Serpin A11,Chapter IX Diseases of the circulatory system,Atrial fibrillation and flutter,14055,2340,1.35 [1.24-1.48],4.736875381395234e-11
SERPINA11,Serpin A11,Chapter IX Diseases of the circulatory system,AV-block,19321,629,1.49 [1.26-1.78],6.130300872666117e-06
SERPINA11,Serpin A11,Chapter IX Diseases of the circulatory system,Cardiac arrest,11970,255,1.75 [1.33-2.30],6.5717053098914e-05
SERPINA11,Serpin A11,Chapter IX Diseases of the circulatory system,Cardiomyopathy,18896,204,1.48 [1.09-2.00],0.0112128759655694
SERPINA11,Serpin A11,Chapter IX Diseases of the circulatory system,"Cardiomyopathy, other and unspecified",18804,112,1.73 [1.15-2.61],0.0083475880771219
SERPINA11,Serpin A11,Chapter IX Diseases of the circulatory system,Cerebral atherosclerosis,24030,69,1.82 [1.08-3.06],0.0235052777432919
SERPINA11,Serpin A11,Chapter IX Diseases of the circulatory system,Conduction disorders,20073,1381,1.40 [1.25-1.57],1.5890283779228244e-08
SERPINA11,Serpin A11,Chapter IX Diseases of the circulatory system,Coronary atherosclerosis,22196,2645,1.15 [1.06-1.25],0.0009231702925684
SERPINA11,Serpin A11,Chapter IX Diseases of the circulatory system,Death due to cardiac causes,20227,7842,1.14 [1.08-1.19],2.969438542682417e-07
SERPINA11,Serpin A11,Chapter IX Diseases of the circulatory system,DVT of lower extremities,22787,278,1.50 [1.16-1.95],0.0020664448035224
SERPINA11,Serpin A11,Chapter IX Diseases of the circulatory system,Endocarditis,18779,87,2.22 [1.38-3.56],0.0009914430813158
SERPINA11,Serpin A11,Chapter IX Diseases of the circulatory system,"Heart failure, strict",23714,1339,1.47 [1.31-1.66],1.358028544567398e-10
SERPINA11,Serpin A11,Chapter IX Diseases of the circulatory system,Hypertension,21443,6840,1.12 [1.06-1.18],1.9137882484856017e-05
SERPINA11,Serpin A11,Chapter IX Diseases of the circulatory system,"Hypertension, essential",21466,6863,1.12 [1.06-1.18],2.3280853558802808e-05
SERPINA11,Serpin A11,Chapter IX Diseases of the circulatory system,"Hypertension, portal",23799,114,2.12 [1.41-3.19],0.0002871619742464
SERPINA11,Serpin A11,Chapter IX Diseases of the circulatory system,"Hypertension, Pulmonary Arterial",14789,186,2.18 [1.58-3.02],2.5912380848544635e-06
SERPINA11,Serpin A11,Chapter IX Diseases of the circulatory system,Hypertensive Renal Disease,14775,172,1.53 [1.10-2.14],0.0115918019406383
SERPINA11,Serpin A11,Chapter IX Diseases of the circulatory system,Hypotension,23882,1243,1.46 [1.30-1.66],1.0568101363689468e-09
SERPINA11,Serpin A11,Chapter IX Diseases of the circulatory system,"Ischaemic heart disease, wide definition",22340,2765,1.14 [1.05-1.24],0.0018367049077576
SERPINA11,Serpin A11,Chapter IX Diseases of the circulatory system,"Ischaemic Stroke, excluding all haemorrhages",23591,657,1.28 [1.08-1.51],0.0041514090782908
SERPINA11,Serpin A11,Chapter IX Diseases of the circulatory system,Left bundle-branch block,19118,426,1.53 [1.24-1.89],7.779555260561053e-05
SERPINA11,Serpin A11,Chapter IX Diseases of the circulatory system,Major coronary heart disease event,23289,1068,1.23 [1.08-1.40],0.0019084213460797
SERPINA11,Serpin A11,Chapter IX Diseases of the circulatory system,"Myocardial infarction, strict",20501,926,1.18 [1.03-1.36],0.0186889246949072
SERPINA11,Serpin A11,Chapter IX Diseases of the circulatory system,Oesophageal varices,22580,71,2.68 [1.60-4.50],0.0001876823249249
SERPINA11,Serpin A11,Chapter IX Diseases of the circulatory system,Other arrhythmias,19180,488,1.60 [1.32-1.96],2.7931829345685488e-06
SERPINA11,Serpin A11,Chapter IX Diseases of the circulatory system,Other arterial embolism and thrombosis,22645,136,2.23 [1.53-3.25],2.676942062921626e-05
SERPINA11,Serpin A11,Chapter IX Diseases of the circulatory system,Other diseases of pericardium,18891,199,1.40 [1.03-1.90],0.0335412632480655
SERPINA11,Serpin A11,Chapter IX Diseases of the circulatory system,Other or ill-defined heart diseases,19954,1262,1.50 [1.33-1.70],6.585277425480736e-11
SERPINA11,Serpin A11,Chapter IX Diseases of the circulatory system,Other other unspecified disorders of the circulatory system,22706,67,2.66 [1.55-4.57],0.0003727514154575
SERPINA11,Serpin A11,Chapter IX Diseases of the circulatory system,Other peripheral vascular diseases,23092,583,1.39 [1.16-1.66],0.0003277292307645
SERPINA11,Serpin A11,Chapter IX Diseases of the circulatory system,Other pulmonary heart/vessel disease,23375,367,1.83 [1.46-2.29],1.6597168163431585e-07
SERPINA11,Serpin A11,Chapter IX Diseases of the circulatory system,"Other specified cerebrovascular diseases, other cerebrovascular disorders in diseases classified elsewhere",23008,679,1.39 [1.18-1.64],0.0001083382213811
SERPINA11,Serpin A11,Chapter IX Diseases of the circulatory system,Paroxysmal tachycardia,12097,382,1.49 [1.19-1.86],0.000520310270092
SERPINA11,Serpin A11,Chapter IX Diseases of the circulatory system,Peripheral artery disease,22997,536,1.50 [1.25-1.81],1.944799688809345e-05
SERPINA11,Serpin A11,Chapter IX Diseases of the circulatory system,Phlebitis and thrombophlebitis (not including DVT),22869,360,1.40 [1.12-1.76],0.0035367261547858
SERPINA11,Serpin A11,Chapter IX Diseases of the circulatory system,Rheumatic valve diseases,23968,723,1.47 [1.25-1.72],3.1272080532948303e-06
SERPINA11,Serpin A11,Chapter IX Diseases of the circulatory system,Right bundle-branch block,19169,477,1.36 [1.12-1.66],0.0021817127444049
SERPINA11,Serpin A11,Chapter IX Diseases of the circulatory system,Secondary right heart disease,23373,365,1.82 [1.45-2.28],2.2681056511249454e-07
SERPINA11,Serpin A11,Chapter IX Diseases of the circulatory system,Sequelae of cerebrovascular disease,22554,225,1.83 [1.37-2.44],4.138673956804935e-05
SERPINA11,Serpin A11,Chapter IX Diseases of the circulatory system,"Stroke, excluding SAH",23575,747,1.27 [1.09-1.49],0.0027109406405371
SERPINA11,Serpin A11,Chapter IX Diseases of the circulatory system,"Stroke, including SAH",23559,777,1.28 [1.10-1.49],0.0016569373797827
SERPINA11,Serpin A11,Chapter IX Diseases of the circulatory system,Thoracic aortic aneurysm,22623,115,1.79 [1.19-2.69],0.0050492306410763
SERPINA11,Serpin A11,Chapter IX Diseases of the circulatory system,Unstable angina pectoris,22540,319,1.42 [1.11-1.80],0.0045430439536392
SERPINA11,Serpin A11,Chapter IX Diseases of the circulatory system,Varicose veins,22892,383,1.28 [1.03-1.59],0.0274670076744203
SERPINA11,Serpin A11,Chapter IX Diseases of the circulatory system,Vascular diseases of the intestine,22527,75,1.73 [1.04-2.86],0.0338939064767653
SERPINA11,Serpin A11,Chapter IX Diseases of the circulatory system,Venous thromboembolism,23785,792,1.22 [1.05-1.42],0.0099028341489185
SERPINA11,Serpin A11,Chapter V Mental and behavioural disorders,"Alcohol use disorder, ICD-based",23829,502,1.22 [1.01-1.47],0.0416935874325332
SERPINA11,Serpin A11,Chapter V Mental and behavioural disorders,"Anxiety disorders, excluding more controls",20652,978,1.25 [1.09-1.43],0.0014213435511666
SERPINA11,Serpin A11,Chapter V Mental and behavioural disorders,Any mental disorder,23337,3663,1.24 [1.15-1.33],4.580983969496322e-09
SERPINA11,Serpin A11,Chapter V Mental and behavioural disorders,"Mental and behavioural disorders due to alcohol, excluding acute intoxication",23768,594,1.21 [1.02-1.44],0.0323185878989706
SERPINA11,Serpin A11,Chapter V Mental and behavioural disorders,"Mood disorders, excluding more controls",20862,1188,1.28 [1.13-1.45],0.0001107113734115
SERPINA11,Serpin A11,Chapter V Mental and behavioural disorders,Smoking dependency,23380,1538,1.29 [1.16-1.44],4.984146580572366e-06
SERPINA11,Serpin A11,Chapter V Mental and behavioural disorders,"Substance abuse, excluding more controls",21556,1882,1.25 [1.13-1.38],1.189666685141015e-05
SERPINA11,Serpin A11,Chapter VI Diseases of the nervous system,Bell's palsy,22639,78,1.87 [1.15-3.05],0.0116778054644864
SERPINA11,Serpin A11,Chapter VI Diseases of the nervous system,Carpal tunnel syndrome,22908,347,1.29 [1.02-1.62],0.0317552846102595
SERPINA11,Serpin A11,Chapter VI Diseases of the nervous system,Cerebral cysts,23624,238,1.50 [1.14-1.99],0.0042785282587804
SERPINA11,Serpin A11,Chapter VI Diseases of the nervous system,Cerebral palsy and other paralytic syndromes,23941,365,1.47 [1.17-1.84],0.0008677475358649
SERPINA11,Serpin A11,Chapter VI Diseases of the nervous system,"Disorders of brain, other and unspecified",23479,93,1.67 [1.07-2.63],0.0248113029943504
SERPINA11,Serpin A11,Chapter VI Diseases of the nervous system,Epilepsy,22390,288,1.51 [1.17-1.95],0.0014769494782916
SERPINA11,Serpin A11,Chapter VI Diseases of the nervous system,Episodal and paroxysmal disorders,23484,1382,1.19 [1.06-1.33],0.0034812618352701
SERPINA11,Serpin A11,Chapter VI Diseases of the nervous system,Falls/tendency to fall,23477,2223,1.34 [1.22-1.47],3.8771535435237116e-10
SERPINA11,Serpin A11,Chapter VI Diseases of the nervous system,Hemiplegia,23858,282,1.35 [1.05-1.75],0.0196189240995467
SERPINA11,Serpin A11,Chapter VI Diseases of the nervous system,Neurological diseases,22698,3719,1.22 [1.14-1.31],1.7006672607913623e-08
SERPINA11,Serpin A11,Chapter VI Diseases of the nervous system,Other and unspecified degenerative diseases of nervous system,23696,243,1.61 [1.22-2.13],0.0008451343723994
SERPINA11,Serpin A11,Chapter VI Diseases of the nervous system,Other degenerative diseases of the nervous system,18827,629,1.43 [1.20-1.69],5.908728332690844e-05
SERPINA11,Serpin A11,Chapter VI Diseases of the nervous system,Other diseases of spinal cord,23466,80,1.75 [1.08-2.85],0.0234478443007096
SERPINA11,Serpin A11,Chapter VI Diseases of the nervous system,Other extrapyramidal and movement disorders in other diseases,23444,143,1.64 [1.14-2.35],0.0075171820888251
SERPINA11,Serpin A11,Chapter VI Diseases of the nervous system,Other facial nerve disorders,22658,97,1.69 [1.09-2.61],0.0185914746514416
SERPINA11,Serpin A11,Chapter VI Diseases of the nervous system,Other neurological diseases,23909,523,1.33 [1.10-1.60],0.0029442961945444
SERPINA11,Serpin A11,Chapter VI Diseases of the nervous system,Other sleep disorders,22813,711,1.18 [1.01-1.38],0.0401070649918594
SERPINA11,Serpin A11,Chapter VI Diseases of the nervous system,Restless leg syndrome,24028,52,2.17 [1.18-3.98],0.0124303088775396
SERPINA11,Serpin A11,"Chapter VII Diseases of the eye, adnexa, ear and mastoid process",Chalazion,23162,62,1.79 [1.03-3.09],0.0377129893806322
SERPINA11,Serpin A11,"Chapter VII Diseases of the eye, adnexa, ear and mastoid process",Disorders of vitreous body,23938,149,1.71 [1.19-2.44],0.0033297577752321
SERPINA11,Serpin A11,"Chapter VII Diseases of the eye, adnexa, ear and mastoid process",Other cataract,22648,1812,1.16 [1.05-1.28],0.0042740046632761
SERPINA11,Serpin A11,"Chapter VII Diseases of the eye, adnexa, ear and mastoid process",Other disorders of optic [2nd] nerve and visual pathways,24014,55,2.17 [1.20-3.93],0.0100594936654827
SERPINA11,Serpin A11,"Chapter VII Diseases of the eye, adnexa, ear and mastoid process",Retinal vascular occlusion,22868,95,1.84 [1.17-2.88],0.0080963179574867
SERPINA11,Serpin A11,"Chapter VII Diseases of the eye, adnexa, ear and mastoid process",Senile cataract,22316,1480,1.20 [1.08-1.34],0.001171510819943
SERPINA11,Serpin A11,Chapter VIII Diseases of the ear and mastoid process,Other disorders of ear,23934,984,1.16 [1.01-1.33],0.0299366520526547
SERPINA11,Serpin A11,Chapter VIII Diseases of the ear and mastoid process,Other specified/unspecified hearing loss,23680,730,1.28 [1.09-1.50],0.0027747319116327
SERPINA11,Serpin A11,Chapter X Diseases of the respiratory system,"Asthma, excluding more controls",16748,1448,1.21 [1.08-1.36],0.0008645025061401
SERPINA11,Serpin A11,Chapter X Diseases of the respiratory system,"Asthma, unspecified (mode)",17069,1421,1.21 [1.08-1.35],0.0011606389593065
SERPINA11,Serpin A11,Chapter X Diseases of the respiratory system,Bacterial pneumonia (organism specified),23635,152,1.86 [1.31-2.64],0.0005753266300473
SERPINA11,Serpin A11,Chapter X Diseases of the respiratory system,"Bacterial pneumonia, not elsewhere classified",21707,96,1.70 [1.10-2.65],0.0177394375476449
SERPINA11,Serpin A11,Chapter X Diseases of the respiratory system,Bronchiectasis,20887,296,1.29 [1.01-1.66],0.0447179126086016
SERPINA11,Serpin A11,Chapter X Diseases of the respiratory system,Chronic lower respiratory diseases,23167,2576,1.29 [1.18-1.40],4.564411064878056e-09
SERPINA11,Serpin A11,Chapter X Diseases of the respiratory system,"COPD, hospital admissions 1, only main diagnosis",23803,1315,1.66 [1.47-1.87],7.754408153704065e-17
SERPINA11,Serpin A11,Chapter X Diseases of the respiratory system,Diseases of the respiratory system,21997,5321,1.26 [1.19-1.34],2.166023506013642e-14
SERPINA11,Serpin A11,Chapter X Diseases of the respiratory system,Early onset COPD,22796,308,1.94 [1.52-2.47],1.0495354075665297e-07
SERPINA11,Serpin A11,Chapter X Diseases of the respiratory system,Emphysema,20944,353,1.64 [1.30-2.07],2.825888233917608e-05
SERPINA11,Serpin A11,Chapter X Diseases of the respiratory system,Idiopathic pulmonary fibrosis,23089,345,1.99 [1.57-2.52],1.0188037572055794e-08
SERPINA11,Serpin A11,Chapter X Diseases of the respiratory system,Influenza and pneumonia,23778,2167,1.43 [1.31-1.57],2.4173693328555257e-14
SERPINA11,Serpin A11,Chapter X Diseases of the respiratory system,Interstitial lung disease,23118,374,1.86 [1.48-2.33],8.122586586188497e-08
SERPINA11,Serpin A11,Chapter X Diseases of the respiratory system,Later onset COPD,22949,1007,1.58 [1.38-1.82],4.6528886479098665e-11
SERPINA11,Serpin A11,Chapter X Diseases of the respiratory system,Lung diseases due to external agents,24011,433,1.48 [1.20-1.82],0.0002080948266954
SERPINA11,Serpin A11,Chapter X Diseases of the respiratory system,Other acute lower respiratory infections,23755,1015,1.55 [1.35-1.77],2.2838143129976247e-10
SERPINA11,Serpin A11,Chapter X Diseases of the respiratory system,Other diseases of pleura,23742,2217,1.45 [1.32-1.59],2.6256183154021457e-15
SERPINA11,Serpin A11,Chapter X Diseases of the respiratory system,Other respiratory diseases principally affecting the interstitium,23932,456,1.84 [1.50-2.26],4.4753126023970684e-09
SERPINA11,Serpin A11,Chapter X Diseases of the respiratory system,Other respiratory disorders and diseases,23903,1398,1.48 [1.32-1.66],2.360932321486514e-11
SERPINA11,Serpin A11,Chapter X Diseases of the respiratory system,Pleural effusion,22657,1132,1.47 [1.29-1.67],5.738608619507846e-09
SERPINA11,Serpin A11,Chapter X Diseases of the respiratory system,Pleural plaque,21794,269,1.41 [1.09-1.84],0.0101439766503428
SERPINA11,Serpin A11,Chapter X Diseases of the respiratory system,"Pneumonia, organism unspecified",23511,1900,1.45 [1.31-1.60],3.129943282853924e-13
SERPINA11,Serpin A11,Chapter X Diseases of the respiratory system,Pneumonitis due to solids and liquids,23910,332,1.46 [1.15-1.85],0.0019554215639994
SERPINA11,Serpin A11,Chapter X Diseases of the respiratory system,Pulmonary oedema,23544,68,2.20 [1.30-3.72],0.0034988123586046
SERPINA11,Serpin A11,Chapter X Diseases of the respiratory system,Respiratory insufficiency,15704,56,2.33 [1.30-4.18],0.0045669526193706
SERPINA11,Serpin A11,Chapter X Diseases of the respiratory system,Unspecified acute lower respiratory infection,23737,997,1.56 [1.36-1.79],1.9473340860635227e-10
SERPINA11,Serpin A11,Chapter X Diseases of the respiratory system,"Viral pneumonia (unknown virus, not influenza)",23653,241,1.38 [1.04-1.81],0.0236863449118715
SERPINA11,Serpin A11,Chapter XI Diseases of the digestive system,Alcoholic liver disease,23128,115,1.89 [1.26-2.82],0.0018715059412005
SERPINA11,Serpin A11,Chapter XI Diseases of the digestive system,Barrett oesophagus,18580,536,1.26 [1.05-1.52],0.0146170479044889
SERPINA11,Serpin A11,Chapter XI Diseases of the digestive system,Cholecystitis,22676,222,1.43 [1.08-1.91],0.0141592660657948
SERPINA11,Serpin A11,Chapter XI Diseases of the digestive system,Cholelithiasis,23245,791,1.19 [1.03-1.39],0.021423600238048
SERPINA11,Serpin A11,Chapter XI Diseases of the digestive system,"Cirrhosis of liver, NAS",23823,138,2.79 [1.92-4.05],7.49761413319123e-08
SERPINA11,Serpin A11,Chapter XI Diseases of the digestive system,Coeliac disease,22386,94,2.23 [1.42-3.52],0.0005301355581007
SERPINA11,Serpin A11,Chapter XI Diseases of the digestive system,Constipation,23862,1614,1.23 [1.11-1.37],0.0001248443260173
SERPINA11,Serpin A11,Chapter XI Diseases of the digestive system,Crohn disease,22622,93,2.05 [1.30-3.22],0.0018675194545721
SERPINA11,Serpin A11,Chapter XI Diseases of the digestive system,Crohn's disease NAS,22607,78,1.82 [1.12-2.98],0.0163062683753312
SERPINA11,Serpin A11,Chapter XI Diseases of the digestive system,Dental caries,23369,227,1.43 [1.08-1.90],0.013325656610518
SERPINA11,Serpin A11,Chapter XI Diseases of the digestive system,Diaphragmatic hernia,20343,1964,1.13 [1.03-1.25],0.0113619171977559
SERPINA11,Serpin A11,Chapter XI Diseases of the digestive system,Diseases of liver,23886,873,1.37 [1.18-1.58],2.2747060941196257e-05
SERPINA11,Serpin A11,Chapter XI Diseases of the digestive system,"Diseases of oesophagus, stomach and duodenum",22006,3962,1.13 [1.06-1.21],0.0003445118836645
SERPINA11,Serpin A11,Chapter XI Diseases of the digestive system,"Diseases of oral cavity, salivary glands and jaws",23661,519,1.30 [1.08-1.56],0.0063421497819803
SERPINA11,Serpin A11,Chapter XI Diseases of the digestive system,Diseases of peritoneum,23978,409,1.27 [1.03-1.57],0.0264863520974836
SERPINA11,Serpin A11,Chapter XI Diseases of the digestive system,Diseases of pulp and periapical tissues,23252,110,1.60 [1.06-2.40],0.0255083322130155
SERPINA11,Serpin A11,Chapter XI Diseases of the digestive system,Diseases of the digestive system,23707,1415,1.29 [1.15-1.45],1.055957556455885e-05
SERPINA11,Serpin A11,Chapter XI Diseases of the digestive system,Diseases of tongue,23130,109,1.63 [1.08-2.47],0.0196786881135935
SERPINA11,Serpin A11,Chapter XI Diseases of the digestive system,"Disorders of gallbladder, biliary tract and pancreas",23657,1203,1.23 [1.09-1.39],0.0010783619021056
SERPINA11,Serpin A11,Chapter XI Diseases of the digestive system,Duodenal ulcer,18312,268,1.39 [1.07-1.81],0.0144581274256377
SERPINA11,Serpin A11,Chapter XI Diseases of the digestive system,Fibrosis and cirrhosis of liver,23174,161,2.48 [1.76-3.49],2.216235075956688e-07
SERPINA11,Serpin A11,Chapter XI Diseases of the digestive system,Gastric ulcer,18413,369,1.29 [1.04-1.62],0.0236122547254561
SERPINA11,Serpin A11,Chapter XI Diseases of the digestive system,Gastro-oesophageal reflux disease,20219,2175,1.11 [1.01-1.22],0.0241085380264281
SERPINA11,Serpin A11,Chapter XI Diseases of the digestive system,Gastroduodenal ulcer,18647,603,1.36 [1.14-1.62],0.0005391498254912
SERPINA11,Serpin A11,Chapter XI Diseases of the digestive system,Gastrointestinal diseases,18362,8049,1.08 [1.03-1.13],0.001473274159599
SERPINA11,Serpin A11,Chapter XI Diseases of the digestive system,GI-bleeding,23469,1177,1.25 [1.11-1.42],0.0003657281917997
SERPINA11,Serpin A11,Chapter XI Diseases of the digestive system,"Hepatic failure, not elsewhere classified",23098,85,1.94 [1.21-3.10],0.0058803971445131
SERPINA11,Serpin A11,Chapter XI Diseases of the digestive system,Hernia,21950,3571,1.08 [1.01-1.16],0.0313074340543225
SERPINA11,Serpin A11,Chapter XI Diseases of the digestive system,Intestinal adhesions without obstruction,16786,88,1.65 [1.03-2.63],0.0367790181862176
SERPINA11,Serpin A11,Chapter XI Diseases of the digestive system,Intestinal malabsorption,22399,107,2.06 [1.35-3.15],0.0008553139731783
SERPINA11,Serpin A11,Chapter XI Diseases of the digestive system,Noninfectious colitis NAS,23217,688,1.27 [1.08-1.49],0.0041629993608341
SERPINA11,Serpin A11,Chapter XI Diseases of the digestive system,Noninfective enteritis and colitis,23425,896,1.29 [1.12-1.49],0.0005122557799925
SERPINA11,Serpin A11,Chapter XI Diseases of the digestive system,Oesophagitis,18679,635,1.45 [1.22-1.73],2.031515633009985e-05
SERPINA11,Serpin A11,Chapter XI Diseases of the digestive system,Other diseases of biliary tract,22716,262,1.46 [1.12-1.91],0.0053981528396121
SERPINA11,Serpin A11,Chapter XI Diseases of the digestive system,Other diseases of intestines,22203,5505,1.10 [1.04-1.16],0.0015461275635697
SERPINA11,Serpin A11,Chapter XI Diseases of the digestive system,Other diseases of liver,23713,700,1.27 [1.08-1.50],0.0033807614090127
SERPINA11,Serpin A11,Chapter XI Diseases of the digestive system,Other diseases of oesophagus,18790,746,1.32 [1.13-1.55],0.0005642525332418
SERPINA11,Serpin A11,Chapter XI Diseases of the digestive system,Other diseases of pancreas,22598,144,1.47 [1.02-2.10],0.0376220253792235
SERPINA11,Serpin A11,Chapter XI Diseases of the digestive system,Other diseases of peritoneum,23907,338,1.27 [1.01-1.60],0.0434116904692465
SERPINA11,Serpin A11,Chapter XI Diseases of the digestive system,Other diseases of stomach and duodenum,18854,810,1.25 [1.07-1.45],0.004535226039916
SERPINA11,Serpin A11,Chapter XI Diseases of the digestive system,Other diseases of the digestive system,23481,1189,1.26 [1.11-1.42],0.000275377215142
SERPINA11,Serpin A11,Chapter XI Diseases of the digestive system,Other disorders of teeth and supporting structures,23322,180,1.44 [1.05-1.98],0.0245018316344933
SERPINA11,Serpin A11,Chapter XI Diseases of the digestive system,Other functional intestinal disorders,18350,1652,1.26 [1.13-1.40],1.9733208420943365e-05
SERPINA11,Serpin A11,Chapter XI Diseases of the digestive system,Other gastritis (incl. Duodenitis),19930,1886,1.15 [1.04-1.27],0.0062910080936414
SERPINA11,Serpin A11,Chapter XI Diseases of the digestive system,Other inflammatory liver diseases,23111,98,1.95 [1.26-3.03],0.0027670681033406
SERPINA11,Serpin A11,Chapter XI Diseases of the digestive system,Other noninfective gastroenteritis and colitis,23316,787,1.32 [1.13-1.54],0.000376941417282
SERPINA11,Serpin A11,Chapter XI Diseases of the digestive system,"Other or unspecified ileus, impaction or obstruction",17054,356,1.71 [1.36-2.16],6.086565360099798e-06
SERPINA11,Serpin A11,Chapter XI Diseases of the digestive system,Paralytic ileus and intestinal obstruction,17179,481,1.68 [1.37-2.05],4.3237415066110934e-07
SERPINA11,Serpin A11,Chapter XI Diseases of the digestive system,"Postprocedural disorders of digestive system, not elsewhere classified",22454,162,1.69 [1.20-2.39],0.0025138192595788
SERPINA11,Serpin A11,Chapter XI Diseases of the digestive system,Ulcer of oesophagus,18344,300,1.33 [1.03-1.70],0.0260010952361879
SERPINA11,Serpin A11,Chapter XI Diseases of the digestive system,Vascular disorders of the intestines,16858,160,1.60 [1.13-2.27],0.0079307299815697
SERPINA11,Serpin A11,Chapter XI Diseases of the digestive system,Ventral hernia,18645,266,1.41 [1.09-1.84],0.0098603124958479
SERPINA11,Serpin A11,Chapter XI Diseases of the digestive system,Volvulus,16770,72,2.05 [1.21-3.45],0.0072674562254953
SERPINA11,Serpin A11,Chapter XII Diseases of the skin and subcutaneous tissue,Cellulitis,23279,767,1.39 [1.20-1.63],2.288690213847564e-05
SERPINA11,Serpin A11,Chapter XII Diseases of the skin and subcutaneous tissue,Decubitus ulcer and pressure area,22389,473,1.66 [1.36-2.03],6.458393850798234e-07
SERPINA11,Serpin A11,Chapter XII Diseases of the skin and subcutaneous tissue,Dermatitis,23730,274,1.38 [1.06-1.79],0.0154269386231332
SERPINA11,Serpin A11,Chapter XII Diseases of the skin and subcutaneous tissue,Dermatitis and eczema,23937,481,1.35 [1.11-1.64],0.0028940692774603
SERPINA11,Serpin A11,Chapter XII Diseases of the skin and subcutaneous tissue,Diseases of the skin and subcutaneous tissue,22523,3212,1.22 [1.13-1.32],2.2428996188889085e-07
SERPINA11,Serpin A11,Chapter XII Diseases of the skin and subcutaneous tissue,Infections of the skin and subcutaneous tissue,23558,1046,1.34 [1.17-1.52],1.6503830398906367e-05
SERPINA11,Serpin A11,Chapter XII Diseases of the skin and subcutaneous tissue,Other and unspecified dermatitis,23725,269,1.40 [1.07-1.82],0.0124225318097196
SERPINA11,Serpin A11,Chapter XII Diseases of the skin and subcutaneous tissue,Other and unspecified local infections of skin and subcutaneous tissue,22735,223,1.51 [1.13-2.01],0.004834732717207
SERPINA11,Serpin A11,Chapter XII Diseases of the skin and subcutaneous tissue,Other disorders of skin and subcutaneous tissue,23569,1653,1.30 [1.17-1.44],1.3772662860157546e-06
SERPINA11,Serpin A11,Chapter XII Diseases of the skin and subcutaneous tissue,"Ulcer of lower limb, not elsewhere classified",22186,270,1.99 [1.53-2.58],3.399560415716211e-07
SERPINA11,Serpin A11,Chapter XIII Diseases of the musculoskeletal system and connective tissue,Arthropathies,21916,4825,1.09 [1.02-1.16],0.0072568599530881
SERPINA11,Serpin A11,Chapter XIII Diseases of the musculoskeletal system and connective tissue,Arthrosis,20490,3399,1.13 [1.05-1.21],0.00144730513191
SERPINA11,Serpin A11,Chapter XIII Diseases of the musculoskeletal system and connective tissue,Cervicalgia,21082,148,1.69 [1.18-2.40],0.0039345685828165
SERPINA11,Serpin A11,Chapter XIII Diseases of the musculoskeletal system and connective tissue,Coxarthrosis,17964,873,1.17 [1.01-1.35],0.0340757832514222
SERPINA11,Serpin A11,Chapter XIII Diseases of the musculoskeletal system and connective tissue,Diseases of the musculoskeletal system and connective tissue,20432,6320,1.10 [1.04-1.16],0.0005575745724216
SERPINA11,Serpin A11,Chapter XIII Diseases of the musculoskeletal system and connective tissue,Dorsopathies,23193,2259,1.17 [1.07-1.28],0.0007313706262435
SERPINA11,Serpin A11,Chapter XIII Diseases of the musculoskeletal system and connective tissue,Ganglion,20752,97,0.57 [0.37-0.87],0.0095062918373058
SERPINA11,Serpin A11,Chapter XIII Diseases of the musculoskeletal system and connective tissue,Kyphosis,20978,44,2.29 [1.18-4.44],0.0139250058481404
SERPINA11,Serpin A11,Chapter XIII Diseases of the musculoskeletal system and connective tissue,Low back pain,21471,537,1.40 [1.17-1.69],0.0003448991992038
SERPINA11,Serpin A11,Chapter XIII Diseases of the musculoskeletal system and connective tissue,Osteopathies and chondropathies,23735,874,1.43 [1.24-1.65],1.6095913906839832e-06
SERPINA11,Serpin A11,Chapter XIII Diseases of the musculoskeletal system and connective tissue,Osteoporosis,23269,408,1.71 [1.38-2.13],1.096243738823034e-06
SERPINA11,Serpin A11,Chapter XIII Diseases of the musculoskeletal system and connective tissue,Other arthrosis,18995,1904,1.12 [1.02-1.24],0.0188175926946526
SERPINA11,Serpin A11,Chapter XIII Diseases of the musculoskeletal system and connective tissue,Other disorders of bone density and structure,23026,165,1.56 [1.11-2.19],0.0106825407123357
SERPINA11,Serpin A11,Chapter XIII Diseases of the musculoskeletal system and connective tissue,"Other dorsopathies, not elsewhere classified",22481,1547,1.16 [1.04-1.30],0.0060661480871409
SERPINA11,Serpin A11,Chapter XIII Diseases of the musculoskeletal system and connective tissue,Other hammer toe(s) (acquired),17131,40,2.23 [1.11-4.47],0.023957103204561
SERPINA11,Serpin A11,Chapter XIII Diseases of the musculoskeletal system and connective tissue,"Other soft tissue disorders, not elsewhere classified",21644,989,1.16 [1.01-1.33],0.0341976556396117
SERPINA11,Serpin A11,Chapter XIII Diseases of the musculoskeletal system and connective tissue,Other/unspecified dorsalgia,21421,487,1.24 [1.02-1.51],0.0280180186433417
SERPINA11,Serpin A11,Chapter XIII Diseases of the musculoskeletal system and connective tissue,Other/unspecified rheumatoid arthritis,23954,285,1.33 [1.03-1.72],0.0274278367631291
SERPINA11,Serpin A11,Chapter XIII Diseases of the musculoskeletal system and connective tissue,Pain in joint,19687,580,1.21 [1.01-1.44],0.036481681733426
SERPINA11,Serpin A11,Chapter XIII Diseases of the musculoskeletal system and connective tissue,Pain in limb,21135,480,1.25 [1.03-1.52],0.0253789695805606
SERPINA11,Serpin A11,Chapter XIII Diseases of the musculoskeletal system and connective tissue,Rheumatoid arthritis,17390,299,1.29 [1.00-1.65],0.0478586104440593
SERPINA11,Serpin A11,Chapter XIII Diseases of the musculoskeletal system and connective tissue,Scoliosis,21029,95,1.59 [1.02-2.49],0.0401410872777485
SERPINA11,Serpin A11,Chapter XIII Diseases of the musculoskeletal system and connective tissue,Seronegative rheumatoid arthritis,19062,31,2.62 [1.20-5.74],0.0160829364329703
SERPINA11,Serpin A11,Chapter XIII Diseases of the musculoskeletal system and connective tissue,Spondylopathies,22261,1327,1.16 [1.03-1.30],0.015985290667952
SERPINA11,Serpin A11,Chapter XIV Diseases of the genitourinary system,Acute renal failure,23007,1885,1.40 [1.27-1.55],2.4227635489003195e-11
SERPINA11,Serpin A11,Chapter XIV Diseases of the genitourinary system,Chronic kidney disease,22689,1567,1.21 [1.08-1.34],0.0006746531764908
SERPINA11,Serpin A11,Chapter XIV Diseases of the genitourinary system,Chronic nephritic syndrome,23771,85,1.88 [1.18-3.00],0.00825317460178
SERPINA11,Serpin A11,Chapter XIV Diseases of the genitourinary system,Dialysis,21228,106,1.57 [1.04-2.38],0.0337300199834458
SERPINA11,Serpin A11,Chapter XIV Diseases of the genitourinary system,Genitourinary diseases,21630,5629,1.14 [1.08-1.21],4.514767558852228e-06
SERPINA11,Serpin A11,Chapter XIV Diseases of the genitourinary system,Other diseases of urinary system,23183,2265,1.20 [1.10-1.31],7.790413288986826e-05
SERPINA11,Serpin A11,Chapter XIV Diseases of the genitourinary system,Other disorders of kidney and ureter,23954,567,1.22 [1.02-1.46],0.0309356062635841
SERPINA11,Serpin A11,Chapter XIV Diseases of the genitourinary system,Other disorders of male genital organs,19701,313,1.39 [1.09-1.77],0.0076646479453854
SERPINA11,Serpin A11,Chapter XIV Diseases of the genitourinary system,Other disorders of urethra and urinary system,22458,1540,1.37 [1.23-1.53],1.9066658220424573e-08
SERPINA11,Serpin A11,Chapter XIV Diseases of the genitourinary system,Renal tubulo-interstitial diseases,23723,2869,1.26 [1.16-1.36],2.0039787017010845e-08
