Disease_category,Disease,Protein,Protein_definition,NB_individual,NB_case,HR[95%CI],P_value
"Chapter IV Endocrine, nutritional and metabolic diseases",Type 1 diabetes without complications,ACE,Angiotensin-converting enzyme,40805,264,3.76 [2.67-5.29],4.0239045775707264e-14
"Chapter IV Endocrine, nutritional and metabolic diseases",Type 1 diabetes without complications,ACE2,Angiotensin-converting enzyme 2,46014,300,1.81 [1.56-2.10],6.9936623573187435e-15
"Chapter IV Endocrine, nutritional and metabolic diseases",Type 1 diabetes without complications,ACP5,Tartrate-resistant acid phosphatase type 5,47073,310,2.32 [1.90-2.84],3.2602227732910843e-16
"Chapter IV Endocrine, nutritional and metabolic diseases",Type 1 diabetes without complications,ACTA2,"Actin, aortic smooth muscle",46014,300,1.66 [1.41-1.95],5.350284964029473e-10
"Chapter IV Endocrine, nutritional and metabolic diseases",Type 1 diabetes without complications,ACVRL1,Serine/threonine-protein kinase receptor R3,46435,301,3.88 [2.88-5.22],4.001580402632583e-19
"Chapter IV Endocrine, nutritional and metabolic diseases",Type 1 diabetes without complications,ACY1,Aminoacylase-1,46869,300,1.59 [1.37-1.84],8.481993256410366e-10
"Chapter IV Endocrine, nutritional and metabolic diseases",Type 1 diabetes without complications,ACY3,N-acyl-aromatic-L-amino acid amidohydrolase,39436,255,2.00 [1.69-2.37],1.1952706998163353e-15
"Chapter IV Endocrine, nutritional and metabolic diseases",Type 1 diabetes without complications,ADA2,Adenosine deaminase 2,46611,304,3.66 [3.06-4.38],5.805218068814422e-46
"Chapter IV Endocrine, nutritional and metabolic diseases",Type 1 diabetes without complications,ADAM12,Disintegrin and metalloproteinase domain-containing protein 12,39603,260,1.88 [1.56-2.26],2.4287482961736407e-11
"Chapter IV Endocrine, nutritional and metabolic diseases",Type 1 diabetes without complications,ADAM9,Disintegrin and metalloproteinase domain-containing protein 9,40608,263,3.75 [2.97-4.74],1.5312679837207799e-28
"Chapter IV Endocrine, nutritional and metabolic diseases",Type 1 diabetes without complications,ADAMTSL2,ADAMTS-like protein 2,40772,263,4.16 [3.25-5.33],1.0934988562004984e-29
"Chapter IV Endocrine, nutritional and metabolic diseases",Type 1 diabetes without complications,ADGRB3,Adhesion G protein-coupled receptor B3,46435,301,2.95 [2.21-3.93],2.0844410650116285e-13
"Chapter IV Endocrine, nutritional and metabolic diseases",Type 1 diabetes without complications,ADGRD1,Adhesion G-protein coupled receptor D1,39887,263,2.33 [1.78-3.04],5.432455332234301e-10
"Chapter IV Endocrine, nutritional and metabolic diseases",Type 1 diabetes without complications,ADGRE2,Adhesion G protein-coupled receptor E2,47088,312,5.16 [3.86-6.88],6.78895481089114e-29
"Chapter IV Endocrine, nutritional and metabolic diseases",Type 1 diabetes without complications,ADGRE5,Adhesion G protein-coupled receptor E5,47216,309,3.39 [2.83-4.05],9.076167787626215e-41
"Chapter IV Endocrine, nutritional and metabolic diseases",Type 1 diabetes without complications,ADGRG1,Adhesion G-protein coupled receptor G1,46666,307,1.90 [1.74-2.07],7.149039945013403e-47
"Chapter IV Endocrine, nutritional and metabolic diseases",Type 1 diabetes without complications,AGR2,Anterior gradient protein 2 homolog,45430,293,1.60 [1.46-1.75],2.9185524762910834e-24
"Chapter IV Endocrine, nutritional and metabolic diseases",Type 1 diabetes without complications,AGR3,Anterior gradient protein 3,45716,298,1.57 [1.37-1.80],7.330523054166778e-11
"Chapter IV Endocrine, nutritional and metabolic diseases",Type 1 diabetes without complications,AGRN,Agrin,47088,312,2.74 [2.28-3.28],1.178181129793612e-27
"Chapter IV Endocrine, nutritional and metabolic diseases",Type 1 diabetes without complications,AKR1B10,Aldo-keto reductase family 1 member B10,39651,263,1.56 [1.37-1.77],2.7252647235717416e-11
"Chapter IV Endocrine, nutritional and metabolic diseases",Type 1 diabetes without complications,ALCAM,CD166 antigen,47449,310,6.22 [4.01-9.66],3.9375078392740244e-16
"Chapter IV Endocrine, nutritional and metabolic diseases",Type 1 diabetes without complications,AMBP,Protein AMBP,47212,312,6.87 [4.45-10.59],2.8568284403050426e-18
"Chapter IV Endocrine, nutritional and metabolic diseases",Type 1 diabetes without complications,AMIGO2,Amphoterin-induced protein 2,46666,307,3.76 [2.56-5.52],1.3084266031760072e-11
"Chapter IV Endocrine, nutritional and metabolic diseases",Type 1 diabetes without complications,ANGPT2,Angiopoietin-2,47281,312,3.12 [2.50-3.90],8.952373748105246e-24
"Chapter IV Endocrine, nutritional and metabolic diseases",Type 1 diabetes without complications,ANGPTL3,Angiopoietin-related protein 3,46911,305,0.45 [0.35-0.57],1.5008281930144495e-10
"Chapter IV Endocrine, nutritional and metabolic diseases",Type 1 diabetes without complications,ANGPTL4,Angiopoietin-related protein 4,47011,312,2.36 [1.90-2.94],8.843665989903446e-15
"Chapter IV Endocrine, nutritional and metabolic diseases",Type 1 diabetes without complications,ANGPTL7,Angiopoietin-related protein 7,47281,312,2.60 [2.12-3.19],2.947539161526507e-20
"Chapter IV Endocrine, nutritional and metabolic diseases",Type 1 diabetes without complications,ANXA10,Annexin A10,45810,296,1.41 [1.28-1.56],1.3462096016694795e-11
"Chapter IV Endocrine, nutritional and metabolic diseases",Type 1 diabetes without complications,AOC3,Membrane primary amine oxidase,47069,306,7.65 [6.08-9.62],1.3617090405362826e-67
"Chapter IV Endocrine, nutritional and metabolic diseases",Type 1 diabetes without complications,APOA4,Apolipoprotein A-IV,40837,263,2.57 [2.17-3.04],4.867965452977485e-28
"Chapter IV Endocrine, nutritional and metabolic diseases",Type 1 diabetes without complications,APOC1,Apolipoprotein C-I,40761,262,0.45 [0.36-0.57],1.6392694143520743e-11
"Chapter IV Endocrine, nutritional and metabolic diseases",Type 1 diabetes without complications,APOM,Apolipoprotein M,46990,305,0.41 [0.32-0.54],4.837233800153367e-11
"Chapter IV Endocrine, nutritional and metabolic diseases",Type 1 diabetes without complications,AREG,Amphiregulin,46666,307,2.76 [2.40-3.18],3.6630530775605546e-45
"Chapter IV Endocrine, nutritional and metabolic diseases",Type 1 diabetes without complications,ASGR1,Asialoglycoprotein receptor 1,46514,301,3.56 [2.74-4.61],1.2288660275734258e-21
"Chapter IV Endocrine, nutritional and metabolic diseases",Type 1 diabetes without complications,ATRAID,All-trans retinoic acid-induced differentiation factor,40608,263,1.81 [1.56-2.09],1.3758224707452244e-15
"Chapter IV Endocrine, nutritional and metabolic diseases",Type 1 diabetes without complications,B3GNT7,"UDP-GlcNAc:betaGal beta-1,3-N-acetylglucosaminyltransferase 7",39695,260,5.48 [4.10-7.32],1.096662860981642e-30
"Chapter IV Endocrine, nutritional and metabolic diseases",Type 1 diabetes without complications,B4GALT1,"Beta-1,4-galactosyltransferase 1",47088,312,4.04 [2.98-5.48],1.913306506179656e-19
"Chapter IV Endocrine, nutritional and metabolic diseases",Type 1 diabetes without complications,BAIAP2,Brain-specific angiogenesis inhibitor 1-associated protein 2,45793,298,1.54 [1.35-1.76],2.1706355686236392e-10
"Chapter IV Endocrine, nutritional and metabolic diseases",Type 1 diabetes without complications,BAMBI,BMP and activin membrane-bound inhibitor homolog,45793,298,2.28 [1.77-2.93],1.5042071689880526e-10
"Chapter IV Endocrine, nutritional and metabolic diseases",Type 1 diabetes without complications,BCAM,Basal cell adhesion molecule,46880,309,2.82 [2.08-3.82],2.029740690504635e-11
"Chapter IV Endocrine, nutritional and metabolic diseases",Type 1 diabetes without complications,BGLAP,Osteocalcin,40772,263,0.66 [0.58-0.74],1.0986357569278528e-11
"Chapter IV Endocrine, nutritional and metabolic diseases",Type 1 diabetes without complications,BMPER,BMP-binding endothelial regulator protein,39887,263,4.34 [3.29-5.73],3.390241031255099e-25
"Chapter IV Endocrine, nutritional and metabolic diseases",Type 1 diabetes without complications,BOC,Brother of CDO,46014,300,5.45 [3.70-8.04],1.1318486180185421e-17
"Chapter IV Endocrine, nutritional and metabolic diseases",Type 1 diabetes without complications,BTN2A1,Butyrophilin subfamily 2 member A1,47088,312,4.23 [3.22-5.56],3.794472136672069e-25
"Chapter IV Endocrine, nutritional and metabolic diseases",Type 1 diabetes without complications,C1QTNF1,Complement C1q tumor necrosis factor-related protein 1,47069,306,2.50 [2.11-2.97],1.3142230407527597e-25
"Chapter IV Endocrine, nutritional and metabolic diseases",Type 1 diabetes without complications,C2,Complement C2,46990,305,7.33 [4.61-11.67],3.924401284927554e-17
"Chapter IV Endocrine, nutritional and metabolic diseases",Type 1 diabetes without complications,C7,Complement component C7,39855,257,5.38 [4.00-7.23],5.591795348524774e-29
"Chapter IV Endocrine, nutritional and metabolic diseases",Type 1 diabetes without complications,CA12,Carbonic anhydrase 12,46666,307,3.28 [2.80-3.83],9.317214838231382e-50
"Chapter IV Endocrine, nutritional and metabolic diseases",Type 1 diabetes without complications,CA9,Carbonic anhydrase 9,47281,312,2.33 [1.99-2.74],2.2098873362073176e-25
"Chapter IV Endocrine, nutritional and metabolic diseases",Type 1 diabetes without complications,CALCA,Calcitonin,46438,300,1.50 [1.32-1.70],4.10369790004632e-10
"Chapter IV Endocrine, nutritional and metabolic diseases",Type 1 diabetes without complications,CBLIF,Cobalamin binding intrinsic factor,46796,300,1.58 [1.39-1.80],1.8703359920156044e-12
"Chapter IV Endocrine, nutritional and metabolic diseases",Type 1 diabetes without complications,CCL11,Eotaxin,47394,311,3.03 [2.34-3.92],3.699517433163248e-17
"Chapter IV Endocrine, nutritional and metabolic diseases",Type 1 diabetes without complications,CCL15,C-C motif chemokine 15,47449,310,2.55 [2.12-3.08],7.310885375704743e-23
"Chapter IV Endocrine, nutritional and metabolic diseases",Type 1 diabetes without complications,CCL20,C-C motif chemokine 20,47394,311,1.37 [1.26-1.48],3.857013456559172e-13
"Chapter IV Endocrine, nutritional and metabolic diseases",Type 1 diabetes without complications,CCL21,C-C motif chemokine 21,47088,312,1.77 [1.54-2.03],1.4175432977349306e-15
"Chapter IV Endocrine, nutritional and metabolic diseases",Type 1 diabetes without complications,CCL25,C-C motif chemokine 25,47394,311,1.99 [1.63-2.42],8.589254179912325e-12
"Chapter IV Endocrine, nutritional and metabolic diseases",Type 1 diabetes without complications,CCN3,CCN family member 3,47378,310,2.34 [1.86-2.95],5.473947688321243e-13
"Chapter IV Endocrine, nutritional and metabolic diseases",Type 1 diabetes without complications,CCN4,CCN family member 4,47281,312,2.37 [1.97-2.86],1.0944653044299629e-19
"Chapter IV Endocrine, nutritional and metabolic diseases",Type 1 diabetes without complications,CD109,CD109 antigen,46880,309,3.36 [2.50-4.53],1.4602971873480058e-15
"Chapter IV Endocrine, nutritional and metabolic diseases",Type 1 diabetes without complications,CD14,Monocyte differentiation antigen CD14,45912,301,2.22 [1.77-2.77],3.2084385871367094e-12
"Chapter IV Endocrine, nutritional and metabolic diseases",Type 1 diabetes without complications,CD160,CD160 antigen,47394,311,2.06 [1.71-2.47],1.575779626658476e-14
"Chapter IV Endocrine, nutritional and metabolic diseases",Type 1 diabetes without complications,CD164,Sialomucin core protein 24,46880,309,1.73 [1.48-2.01],1.790187544638585e-12
"Chapter IV Endocrine, nutritional and metabolic diseases",Type 1 diabetes without complications,CD207,C-type lectin domain family 4 member K,45862,304,3.09 [2.44-3.93],1.4801412600022596e-20
"Chapter IV Endocrine, nutritional and metabolic diseases",Type 1 diabetes without complications,CD27,CD27 antigen,47032,311,3.14 [2.67-3.68],1.3213040794486296e-44
"Chapter IV Endocrine, nutritional and metabolic diseases",Type 1 diabetes without complications,CD274,Programmed cell death 1 ligand 1,46514,301,2.38 [1.91-2.97],1.6726589974416967e-14
"Chapter IV Endocrine, nutritional and metabolic diseases",Type 1 diabetes without complications,CD276,CD276 antigen,46859,312,7.45 [5.84-9.51],1.9728012589121508e-58
"Chapter IV Endocrine, nutritional and metabolic diseases",Type 1 diabetes without complications,CD28,T-cell-specific surface glycoprotein CD28,45793,298,2.15 [1.81-2.54],1.1701646810167558e-18
"Chapter IV Endocrine, nutritional and metabolic diseases",Type 1 diabetes without complications,CD300C,CMRF35-like molecule 6,47299,310,2.26 [1.77-2.88],6.214652466051827e-11
"Chapter IV Endocrine, nutritional and metabolic diseases",Type 1 diabetes without complications,CD300E,CMRF35-like molecule 2,47130,311,2.12 [1.72-2.62],2.7406186331546297e-12
"Chapter IV Endocrine, nutritional and metabolic diseases",Type 1 diabetes without complications,CD302,CD302 antigen,46666,307,2.90 [2.29-3.68],2.044065185302316e-18
"Chapter IV Endocrine, nutritional and metabolic diseases",Type 1 diabetes without complications,CD46,Membrane cofactor protein,46606,303,2.78 [2.13-3.62],4.440137697357715e-14
"Chapter IV Endocrine, nutritional and metabolic diseases",Type 1 diabetes without complications,CD48,CD48 antigen,47011,312,3.08 [2.30-4.13],4.3577368031642854e-14
"Chapter IV Endocrine, nutritional and metabolic diseases",Type 1 diabetes without complications,CD5,T-cell surface glycoprotein CD5,47212,312,2.21 [1.92-2.55],1.4442246828185943e-27
"Chapter IV Endocrine, nutritional and metabolic diseases",Type 1 diabetes without complications,CD59,CD59 glycoprotein,45191,297,2.90 [2.11-3.98],6.26899218521344e-11
"Chapter IV Endocrine, nutritional and metabolic diseases",Type 1 diabetes without complications,CD7,T-cell antigen CD7,39532,260,2.10 [1.73-2.55],1.0485230931069145e-13
"Chapter IV Endocrine, nutritional and metabolic diseases",Type 1 diabetes without complications,CD74,HLA class II histocompatibility antigen gamma chain,47299,310,2.96 [2.32-3.78],2.2927104838187025e-18
"Chapter IV Endocrine, nutritional and metabolic diseases",Type 1 diabetes without complications,CD79B,B-cell antigen receptor complex-associated protein beta chain,47394,311,2.24 [1.91-2.63],1.4548617797165252e-22
"Chapter IV Endocrine, nutritional and metabolic diseases",Type 1 diabetes without complications,CD80,T-lymphocyte activation antigen CD80,40787,266,3.22 [2.53-4.09],1.864760834667053e-21
"Chapter IV Endocrine, nutritional and metabolic diseases",Type 1 diabetes without complications,CD83,CD83 antigen,46808,305,3.05 [2.43-3.84],1.5607146021494105e-21
"Chapter IV Endocrine, nutritional and metabolic diseases",Type 1 diabetes without complications,CDCP1,CUB domain-containing protein 1,46514,301,2.09 [1.80-2.43],8.280298246193669e-22
"Chapter IV Endocrine, nutritional and metabolic diseases",Type 1 diabetes without complications,CDH1,Cadherin-1,45337,300,2.49 [2.20-2.81],5.2085699241377165e-48
"Chapter IV Endocrine, nutritional and metabolic diseases",Type 1 diabetes without complications,CDH17,Cadherin-17,46869,300,2.19 [1.94-2.47],4.021211125931723e-36
"Chapter IV Endocrine, nutritional and metabolic diseases",Type 1 diabetes without complications,CDH2,Cadherin-2,46869,300,3.05 [2.31-4.03],3.0454968879985897e-15
"Chapter IV Endocrine, nutritional and metabolic diseases",Type 1 diabetes without complications,CDH6,Cadherin-6,46869,300,2.17 [1.71-2.74],1.0839031825206723e-10
"Chapter IV Endocrine, nutritional and metabolic diseases",Type 1 diabetes without complications,CDON,Cell adhesion molecule-related/down-regulated by oncogenes,46934,312,4.16 [2.85-6.06],1.3917421557448345e-13
"Chapter IV Endocrine, nutritional and metabolic diseases",Type 1 diabetes without complications,CELA3A,Chymotrypsin-like elastase family member 3A,47369,309,0.49 [0.42-0.57],3.524813656017737e-19
"Chapter IV Endocrine, nutritional and metabolic diseases",Type 1 diabetes without complications,CEMIP2,Cell surface hyaluronidase,39603,260,1.82 [1.56-2.13],6.053761823677613e-14
"Chapter IV Endocrine, nutritional and metabolic diseases",Type 1 diabetes without complications,CES2,Cocaine esterase,46666,307,1.66 [1.42-1.94],2.5715674255110305e-10
"Chapter IV Endocrine, nutritional and metabolic diseases",Type 1 diabetes without complications,CGREF1,Cell growth regulator with EF hand domain protein 1,46869,300,2.63 [2.10-3.28],1.2674913353083448e-17
"Chapter IV Endocrine, nutritional and metabolic diseases",Type 1 diabetes without complications,CHAD,Chondroadherin,39887,263,0.35 [0.28-0.43],1.4155720373471257e-22
"Chapter IV Endocrine, nutritional and metabolic diseases",Type 1 diabetes without complications,CHCHD10,"Coiled-coil-helix-coiled-coil-helix domain-containing protein 10, mitochondrial",40690,267,2.38 [2.04-2.78],6.821393054283646e-28
"Chapter IV Endocrine, nutritional and metabolic diseases",Type 1 diabetes without complications,CHGA,Chromogranin-A,40772,263,1.50 [1.37-1.65],6.78157148399309e-18
"Chapter IV Endocrine, nutritional and metabolic diseases",Type 1 diabetes without complications,CHI3L1,Chitinase-3-like protein 1,45860,296,1.56 [1.41-1.73],2.5977336825791347e-17
"Chapter IV Endocrine, nutritional and metabolic diseases",Type 1 diabetes without complications,CILP,Cartilage intermediate layer protein 1,40772,263,2.81 [2.34-3.37],8.888254710993446e-29
"Chapter IV Endocrine, nutritional and metabolic diseases",Type 1 diabetes without complications,CKAP4,Cytoskeleton-associated protein 4,47162,311,3.59 [2.91-4.43],1.1434917006422472e-32
"Chapter IV Endocrine, nutritional and metabolic diseases",Type 1 diabetes without complications,CLEC14A,C-type lectin domain family 14 member A,46880,309,2.93 [2.22-3.86],2.806480030938056e-14
"Chapter IV Endocrine, nutritional and metabolic diseases",Type 1 diabetes without complications,CLPS,Colipase,46802,308,0.64 [0.56-0.74],3.729100726514704e-10
"Chapter IV Endocrine, nutritional and metabolic diseases",Type 1 diabetes without complications,CLSTN2,Calsyntenin-2,47394,311,2.00 [1.64-2.43],5.551006177973995e-12
"Chapter IV Endocrine, nutritional and metabolic diseases",Type 1 diabetes without complications,CNTN2,Contactin-2,47281,312,2.37 [1.92-2.93],9.99027768375368e-16
"Chapter IV Endocrine, nutritional and metabolic diseases",Type 1 diabetes without complications,CNTN4,Contactin-4,46880,309,3.92 [2.62-5.87],3.2104256664473707e-11
"Chapter IV Endocrine, nutritional and metabolic diseases",Type 1 diabetes without complications,COL4A1,Collagen alpha-1(IV) chain,46869,300,2.74 [2.19-3.43],9.204080327828793e-19
"Chapter IV Endocrine, nutritional and metabolic diseases",Type 1 diabetes without complications,COL5A1,Collagen alpha-1(V) chain,39887,263,2.21 [1.77-2.76],2.179176363918936e-12
"Chapter IV Endocrine, nutritional and metabolic diseases",Type 1 diabetes without complications,COL6A3,Collagen alpha-3(VI) chain,47449,310,3.36 [2.72-4.14],1.2222386854396229e-29
"Chapter IV Endocrine, nutritional and metabolic diseases",Type 1 diabetes without complications,COLEC12,Collectin-12,46859,312,3.96 [2.90-5.41],4.757893377268735e-18
"Chapter IV Endocrine, nutritional and metabolic diseases",Type 1 diabetes without complications,CPA1,Carboxypeptidase A1,47449,310,0.49 [0.42-0.57],1.0190581293784828e-21
"Chapter IV Endocrine, nutritional and metabolic diseases",Type 1 diabetes without complications,CPA2,Carboxypeptidase A2,47143,309,1.91 [1.66-2.19],1.9738570881166284e-20
"Chapter IV Endocrine, nutritional and metabolic diseases",Type 1 diabetes without complications,CPB1,Carboxypeptidase B,47449,310,0.51 [0.43-0.60],7.125628386070954e-15
"Chapter IV Endocrine, nutritional and metabolic diseases",Type 1 diabetes without complications,CPM,Carboxypeptidase M,47075,309,2.65 [2.05-3.43],7.338030117924938e-14
"Chapter IV Endocrine, nutritional and metabolic diseases",Type 1 diabetes without complications,CR2,Complement receptor type 2,47069,306,2.11 [1.72-2.59],8.84642447907821e-13
"Chapter IV Endocrine, nutritional and metabolic diseases",Type 1 diabetes without complications,CRELD1,Protein disulfide isomerase CRELD1,39887,263,3.48 [2.58-4.70],4.2824001426283614e-16
"Chapter IV Endocrine, nutritional and metabolic diseases",Type 1 diabetes without complications,CRHBP,Corticotropin-releasing factor-binding protein,46859,312,3.72 [2.61-5.30],3.380796447925682e-13
"Chapter IV Endocrine, nutritional and metabolic diseases",Type 1 diabetes without complications,CRIP2,Cysteine-rich protein 2,46514,301,1.82 [1.50-2.21],8.669791327835982e-10
"Chapter IV Endocrine, nutritional and metabolic diseases",Type 1 diabetes without complications,CSF1,Macrophage colony-stimulating factor 1,47088,312,3.62 [2.62-5.01],7.525220745920396e-15
"Chapter IV Endocrine, nutritional and metabolic diseases",Type 1 diabetes without complications,CSF1R,Macrophage colony-stimulating factor 1 receptor,40805,264,2.53 [2.03-3.15],6.864509951572148e-17
"Chapter IV Endocrine, nutritional and metabolic diseases",Type 1 diabetes without complications,CST3,Cystatin-C,46999,305,2.89 [2.16-3.87],7.46298281095592e-13
"Chapter IV Endocrine, nutritional and metabolic diseases",Type 1 diabetes without complications,CTHRC1,Collagen triple helix repeat-containing protein 1,40772,263,3.38 [2.48-4.60],1.275486734109979e-14
"Chapter IV Endocrine, nutritional and metabolic diseases",Type 1 diabetes without complications,CTRB1,Chymotrypsinogen B,46880,309,0.43 [0.36-0.51],3.794404522051741e-23
"Chapter IV Endocrine, nutritional and metabolic diseases",Type 1 diabetes without complications,CTRC,Chymotrypsin-C,46857,312,0.47 [0.42-0.54],1.2557993811142694e-29
"Chapter IV Endocrine, nutritional and metabolic diseases",Type 1 diabetes without complications,CTRL,Chymotrypsin-like protease CTRL-1,40690,267,0.49 [0.42-0.57],9.194754978623828e-20
"Chapter IV Endocrine, nutritional and metabolic diseases",Type 1 diabetes without complications,CTSD,Cathepsin D,43808,291,2.09 [1.78-2.47],1.6837014027757736e-18
"Chapter IV Endocrine, nutritional and metabolic diseases",Type 1 diabetes without complications,CTSE,Cathepsin E,39887,263,2.14 [1.72-2.64],3.501755796050864e-12
"Chapter IV Endocrine, nutritional and metabolic diseases",Type 1 diabetes without complications,CTSO,Cathepsin O,47394,311,4.07 [3.19-5.20],2.965963756113112e-29
"Chapter IV Endocrine, nutritional and metabolic diseases",Type 1 diabetes without complications,CTSZ,Cathepsin Z,46917,305,3.91 [2.93-5.22],1.6016423892137128e-20
"Chapter IV Endocrine, nutritional and metabolic diseases",Type 1 diabetes without complications,CXCL8,Interleukin-8,46533,309,1.39 [1.26-1.53],4.295893594591087e-11
"Chapter IV Endocrine, nutritional and metabolic diseases",Type 1 diabetes without complications,DCBLD2,"Discoidin, CUB and LCCL domain-containing protein 2",47032,311,4.26 [3.57-5.07],9.773025638352701e-59
"Chapter IV Endocrine, nutritional and metabolic diseases",Type 1 diabetes without complications,DCN,Decorin,46014,300,5.17 [3.55-7.51],7.443369342701325e-18
"Chapter IV Endocrine, nutritional and metabolic diseases",Type 1 diabetes without complications,DDR1,Epithelial discoidin domain-containing receptor 1,47299,310,4.31 [3.13-5.95],4.835489292263385e-19
"Chapter IV Endocrine, nutritional and metabolic diseases",Type 1 diabetes without complications,DKK4,Dickkopf-related protein 4,46436,301,2.41 [2.09-2.77],1.2376909634865015e-34
"Chapter IV Endocrine, nutritional and metabolic diseases",Type 1 diabetes without complications,DLL1,Delta-like protein 1,47032,311,4.91 [3.82-6.31],1.1467444380171359e-35
"Chapter IV Endocrine, nutritional and metabolic diseases",Type 1 diabetes without complications,DMP1,Dentin matrix acidic phosphoprotein 1,39695,260,0.53 [0.47-0.61],2.181115833207087e-21
"Chapter IV Endocrine, nutritional and metabolic diseases",Type 1 diabetes without complications,DPP6,Dipeptidyl aminopeptidase-like protein 6,46666,307,5.76 [4.47-7.42],1.0370392310325136e-41
"Chapter IV Endocrine, nutritional and metabolic diseases",Type 1 diabetes without complications,DSC2,Desmocollin-2,46356,305,3.79 [3.14-4.57],6.723336783623865e-44
"Chapter IV Endocrine, nutritional and metabolic diseases",Type 1 diabetes without complications,DSCAM,Down syndrome cell adhesion molecule,40711,266,2.92 [2.15-3.95],5.182688332047496e-12
"Chapter IV Endocrine, nutritional and metabolic diseases",Type 1 diabetes without complications,DTNB,Dystrobrevin beta,40517,264,2.28 [1.89-2.76],1.4705883948008945e-17
"Chapter IV Endocrine, nutritional and metabolic diseases",Type 1 diabetes without complications,EBI3_IL27,Interleukin-27,47212,311,2.43 [1.84-3.21],3.2744824538746467e-10
"Chapter IV Endocrine, nutritional and metabolic diseases",Type 1 diabetes without complications,EDA2R,Tumor necrosis factor receptor superfamily member 27,47281,312,3.27 [2.73-3.93],5.781386910356717e-37
"Chapter IV Endocrine, nutritional and metabolic diseases",Type 1 diabetes without complications,EFCAB14,EF-hand calcium-binding domain-containing protein 14,40608,263,2.04 [1.64-2.54],1.1966269119110513e-10
"Chapter IV Endocrine, nutritional and metabolic diseases",Type 1 diabetes without complications,EFEMP1,EGF-containing fibulin-like extracellular matrix protein 1,46990,306,2.75 [2.06-3.69],1.1032777401486874e-11
"Chapter IV Endocrine, nutritional and metabolic diseases",Type 1 diabetes without complications,EFNA1,Ephrin-A1,46800,308,3.68 [2.82-4.79],4.987327155315005e-22
"Chapter IV Endocrine, nutritional and metabolic diseases",Type 1 diabetes without complications,EFNA4,Ephrin-A4,46435,301,4.39 [3.71-5.19],4.8808128505565424e-67
"Chapter IV Endocrine, nutritional and metabolic diseases",Type 1 diabetes without complications,ENTPD6,Ectonucleoside triphosphate diphosphohydrolase 6,46014,300,4.44 [2.87-6.88],2.2948494995617606e-11
"Chapter IV Endocrine, nutritional and metabolic diseases",Type 1 diabetes without complications,EPHA2,Ephrin type-A receptor 2,45195,301,2.97 [2.54-3.47],1.2838526224079516e-42
"Chapter IV Endocrine, nutritional and metabolic diseases",Type 1 diabetes without complications,EPHB4,Ephrin type-B receptor 4,47449,310,4.57 [3.42-6.10],1.1153688552192152e-24
"Chapter IV Endocrine, nutritional and metabolic diseases",Type 1 diabetes without complications,EPS8L2,Epidermal growth factor receptor kinase substrate 8-like protein 2,47202,312,2.76 [2.21-3.44],1.5979854252671647e-19
"Chapter IV Endocrine, nutritional and metabolic diseases",Type 1 diabetes without complications,ERBB4,Receptor tyrosine-protein kinase erbB-4,47032,311,4.52 [3.17-6.44],6.151754712308703e-17
"Chapter IV Endocrine, nutritional and metabolic diseases",Type 1 diabetes without complications,ESAM,Endothelial cell-selective adhesion molecule,47449,310,2.88 [2.22-3.75],2.709504003366682e-15
"Chapter IV Endocrine, nutritional and metabolic diseases",Type 1 diabetes without complications,FABP1,"Fatty acid-binding protein, liver",46859,312,1.74 [1.59-1.89],4.973927959600861e-35
"Chapter IV Endocrine, nutritional and metabolic diseases",Type 1 diabetes without complications,FABP2,"Fatty acid-binding protein, intestinal",46869,300,1.48 [1.32-1.67],1.698570098219751e-11
"Chapter IV Endocrine, nutritional and metabolic diseases",Type 1 diabetes without complications,FABP3,"Fatty acid-binding protein, heart",40787,266,1.90 [1.59-2.27],1.1597150495040234e-12
"Chapter IV Endocrine, nutritional and metabolic diseases",Type 1 diabetes without complications,FABP4,"Fatty acid-binding protein, adipocyte",47449,310,2.21 [1.88-2.59],7.705522993370715e-22
"Chapter IV Endocrine, nutritional and metabolic diseases",Type 1 diabetes without complications,FAM3B,Protein FAM3B,46666,307,3.35 [2.52-4.45],7.227749069589637e-17
"Chapter IV Endocrine, nutritional and metabolic diseases",Type 1 diabetes without complications,FAM3C,Protein FAM3C,46796,300,5.92 [4.54-7.71],2.1067961705060337e-39
"Chapter IV Endocrine, nutritional and metabolic diseases",Type 1 diabetes without complications,FAM3D,Protein FAM3D,40608,263,2.05 [1.79-2.35],2.497596272072894e-24
"Chapter IV Endocrine, nutritional and metabolic diseases",Type 1 diabetes without complications,FGF23,Fibroblast growth factor 23,47210,311,1.59 [1.42-1.77],1.792852680611303e-16
"Chapter IV Endocrine, nutritional and metabolic diseases",Type 1 diabetes without complications,FGF5,Fibroblast growth factor 5,46014,305,2.49 [2.04-3.04],4.41011339851251e-19
"Chapter IV Endocrine, nutritional and metabolic diseases",Type 1 diabetes without complications,FGFBP1,Fibroblast growth factor-binding protein 1,47032,311,0.39 [0.31-0.49],3.79571979368083e-17
"Chapter IV Endocrine, nutritional and metabolic diseases",Type 1 diabetes without complications,FGFR2,Fibroblast growth factor receptor 2,47032,311,5.67 [4.04-7.95],8.722518040390292e-24
"Chapter IV Endocrine, nutritional and metabolic diseases",Type 1 diabetes without complications,FGL1,Fibrinogen-like protein 1,40805,264,1.91 [1.61-2.25],5.2075686498982856e-14
"Chapter IV Endocrine, nutritional and metabolic diseases",Type 1 diabetes without complications,FLRT2,Leucine-rich repeat transmembrane protein FLRT2,46514,301,3.74 [2.91-4.83],1.956167398011268e-24
"Chapter IV Endocrine, nutritional and metabolic diseases",Type 1 diabetes without complications,FOLR1,Folate receptor alpha,46817,311,2.58 [2.00-3.34],5.829865849695371e-13
"Chapter IV Endocrine, nutritional and metabolic diseases",Type 1 diabetes without complications,FSTL1,Follistatin-related protein 1,39695,260,4.37 [3.07-6.22],2.7762125905933764e-16
"Chapter IV Endocrine, nutritional and metabolic diseases",Type 1 diabetes without complications,FSTL3,Follistatin-related protein 3,46781,312,2.84 [2.21-3.66],5.977596008529843e-16
"Chapter IV Endocrine, nutritional and metabolic diseases",Type 1 diabetes without complications,GALNT10,Polypeptide N-acetylgalactosaminyltransferase 10,46666,307,3.09 [2.23-4.29],1.209906981657464e-11
"Chapter IV Endocrine, nutritional and metabolic diseases",Type 1 diabetes without complications,GALNT3,Polypeptide N-acetylgalactosaminyltransferase 3,46014,305,2.05 [1.68-2.49],7.183623906267387e-13
"Chapter IV Endocrine, nutritional and metabolic diseases",Type 1 diabetes without complications,GCG,Pro-glucagon,45793,298,1.40 [1.29-1.52],4.1241122140120793e-16
"Chapter IV Endocrine, nutritional and metabolic diseases",Type 1 diabetes without complications,GCNT1,"Beta-1,3-galactosyl-O-glycosyl-glycoprotein beta-1,6-N-acetylglucosaminyltransferase",46666,307,2.47 [1.90-3.23],2.4693607997705526e-11
"Chapter IV Endocrine, nutritional and metabolic diseases",Type 1 diabetes without complications,GDF15,Growth/differentiation factor 15,47449,310,2.80 [2.58-3.05],5.596172179613994e-131
"Chapter IV Endocrine, nutritional and metabolic diseases",Type 1 diabetes without complications,GDF2,Growth/differentiation factor 2,46869,300,2.37 [1.80-3.10],4.6013719395616004e-10
"Chapter IV Endocrine, nutritional and metabolic diseases",Type 1 diabetes without complications,GFRA1,GDNF family receptor alpha-1,47212,311,8.16 [6.31-10.56],2.410007762898488e-57
"Chapter IV Endocrine, nutritional and metabolic diseases",Type 1 diabetes without complications,GFRA3,GDNF family receptor alpha-3,46368,301,2.80 [2.04-3.85],1.9112723927649117e-10
"Chapter IV Endocrine, nutritional and metabolic diseases",Type 1 diabetes without complications,GGT5,Glutathione hydrolase 5 proenzyme,46514,301,4.52 [3.53-5.77],2.1821533606853658e-33
"Chapter IV Endocrine, nutritional and metabolic diseases",Type 1 diabetes without complications,GIPC2,PDZ domain-containing protein GIPC2,40690,267,2.82 [2.10-3.80],7.480162296698478e-12
"Chapter IV Endocrine, nutritional and metabolic diseases",Type 1 diabetes without complications,GOLM2,Protein GOLM2,47299,310,3.70 [2.60-5.25],2.78906893467833e-13
"Chapter IV Endocrine, nutritional and metabolic diseases",Type 1 diabetes without complications,GPNMB,Transmembrane glycoprotein NMB,45595,292,7.12 [5.19-9.79],8.330135854636584e-34
"Chapter IV Endocrine, nutritional and metabolic diseases",Type 1 diabetes without complications,GPR37,Prosaposin receptor GPR37,46014,300,1.77 [1.52-2.06],1.347386298002325e-13
"Chapter IV Endocrine, nutritional and metabolic diseases",Type 1 diabetes without complications,GRPEL1,"GrpE protein homolog 1, mitochondrial",46666,307,1.57 [1.37-1.80],5.7373366911818246e-11
"Chapter IV Endocrine, nutritional and metabolic diseases",Type 1 diabetes without complications,GSN,Gelsolin,40648,263,0.39 [0.29-0.51],4.3135253285344986e-11
"Chapter IV Endocrine, nutritional and metabolic diseases",Type 1 diabetes without complications,HAVCR1,Hepatitis A virus cellular receptor 1,47212,312,2.66 [2.41-2.93],9.100595349767736e-85
"Chapter IV Endocrine, nutritional and metabolic diseases",Type 1 diabetes without complications,HAVCR2,Hepatitis A virus cellular receptor 2,46880,309,2.67 [2.12-3.38],1.1082031883186415e-16
"Chapter IV Endocrine, nutritional and metabolic diseases",Type 1 diabetes without complications,HEG1,Protein HEG homolog 1,39887,263,4.71 [3.17-7.00],1.5419200626837443e-14
"Chapter IV Endocrine, nutritional and metabolic diseases",Type 1 diabetes without complications,HEPH,Hephaestin,40787,266,6.93 [4.48-10.74],4.205282977290894e-18
"Chapter IV Endocrine, nutritional and metabolic diseases",Type 1 diabetes without complications,HGF,Hepatocyte growth factor,47394,311,2.32 [1.82-2.96],1.1718428161785839e-11
"Chapter IV Endocrine, nutritional and metabolic diseases",Type 1 diabetes without complications,HIP1R,Huntingtin-interacting protein 1-related protein,40612,267,1.71 [1.48-1.98],2.901752486597029e-13
"Chapter IV Endocrine, nutritional and metabolic diseases",Type 1 diabetes without complications,HLA-E,"HLA class I histocompatibility antigen, alpha chain E",46808,305,2.54 [1.91-3.38],1.286004487696927e-10
"Chapter IV Endocrine, nutritional and metabolic diseases",Type 1 diabetes without complications,HMCN2,Hemicentin-2,39814,262,2.02 [1.63-2.50],7.65360380629287e-11
"Chapter IV Endocrine, nutritional and metabolic diseases",Type 1 diabetes without complications,HSPB6,Heat shock protein beta-6,47281,312,2.59 [2.09-3.20],1.8055025996186764e-18
"Chapter IV Endocrine, nutritional and metabolic diseases",Type 1 diabetes without complications,HYAL1,Hyaluronidase-1,46629,303,3.59 [2.47-5.22],2.465909228800791e-11
"Chapter IV Endocrine, nutritional and metabolic diseases",Type 1 diabetes without complications,ICAM1,Intercellular adhesion molecule 1,46682,304,2.83 [2.07-3.87],6.885793986342846e-11
"Chapter IV Endocrine, nutritional and metabolic diseases",Type 1 diabetes without complications,IFNGR1,Interferon gamma receptor 1,47088,312,2.94 [2.17-3.97],2.098325659909647e-12
"Chapter IV Endocrine, nutritional and metabolic diseases",Type 1 diabetes without complications,IGF1R,Insulin-like growth factor 1 receptor,46666,307,2.63 [2.09-3.32],1.8347714524677519e-16
"Chapter IV Endocrine, nutritional and metabolic diseases",Type 1 diabetes without complications,IGFBP4,Insulin-like growth factor-binding protein 4,46278,302,2.27 [1.92-2.68],6.359401042270408e-22
"Chapter IV Endocrine, nutritional and metabolic diseases",Type 1 diabetes without complications,IGFBP7,Insulin-like growth factor-binding protein 7,47449,310,2.28 [1.88-2.75],2.255132562272659e-17
"Chapter IV Endocrine, nutritional and metabolic diseases",Type 1 diabetes without complications,IGFBPL1,Insulin-like growth factor-binding protein-like 1,46869,300,2.35 [1.83-3.02],3.2073477990849964e-11
"Chapter IV Endocrine, nutritional and metabolic diseases",Type 1 diabetes without complications,IGSF3,Immunoglobulin superfamily member 3,46666,307,2.59 [2.29-2.94],2.3261508000882324e-51
"Chapter IV Endocrine, nutritional and metabolic diseases",Type 1 diabetes without complications,IGSF8,Immunoglobulin superfamily member 8,46869,300,3.00 [2.33-3.86],1.2060271147899216e-17
"Chapter IV Endocrine, nutritional and metabolic diseases",Type 1 diabetes without complications,IL10RB,Interleukin-10 receptor subunit beta,47088,312,2.48 [2.00-3.07],1.5330842773209048e-16
"Chapter IV Endocrine, nutritional and metabolic diseases",Type 1 diabetes without complications,IL12A_IL12B,Interleukin-12,46666,307,1.54 [1.37-1.72],1.3208033169420464e-13
"Chapter IV Endocrine, nutritional and metabolic diseases",Type 1 diabetes without complications,IL12B,Interleukin-12 subunit beta,47394,311,1.81 [1.52-2.15],3.2298911984581224e-11
"Chapter IV Endocrine, nutritional and metabolic diseases",Type 1 diabetes without complications,IL12RB1,Interleukin-12 receptor subunit beta-1,46014,305,1.97 [1.62-2.39],7.551010809216317e-12
"Chapter IV Endocrine, nutritional and metabolic diseases",Type 1 diabetes without complications,IL17C,Interleukin-17C,46014,305,1.53 [1.38-1.69],2.0286699800024264e-16
"Chapter IV Endocrine, nutritional and metabolic diseases",Type 1 diabetes without complications,IL18BP,Interleukin-18-binding protein,47069,306,3.49 [2.73-4.47],2.178043671727832e-23
"Chapter IV Endocrine, nutritional and metabolic diseases",Type 1 diabetes without complications,IL18R1,Interleukin-18 receptor 1,47394,311,5.23 [4.04-6.77],2.9964207232177425e-36
"Chapter IV Endocrine, nutritional and metabolic diseases",Type 1 diabetes without complications,IL19,Interleukin-19,45685,289,1.47 [1.30-1.65],2.7738999795907366e-10
"Chapter IV Endocrine, nutritional and metabolic diseases",Type 1 diabetes without complications,IL1R1,Interleukin-1 receptor type 1,46800,308,7.16 [5.71-8.99],3.922551171964036e-65
"Chapter IV Endocrine, nutritional and metabolic diseases",Type 1 diabetes without complications,IL1RN,Interleukin-1 receptor antagonist protein,46780,309,1.79 [1.58-2.04],4.2201725287614353e-19
"Chapter IV Endocrine, nutritional and metabolic diseases",Type 1 diabetes without complications,IL2RA,Interleukin-2 receptor subunit alpha,46538,306,1.97 [1.61-2.40],2.0811848941316765e-11
"Chapter IV Endocrine, nutritional and metabolic diseases",Type 1 diabetes without complications,IL4R,Interleukin-4 receptor subunit alpha,46808,305,2.46 [2.00-3.02],8.443407350010062e-18
"Chapter IV Endocrine, nutritional and metabolic diseases",Type 1 diabetes without complications,IL6ST,Interleukin-6 receptor subunit beta,46869,300,4.25 [3.04-5.95],3.5691860446711727e-17
"Chapter IV Endocrine, nutritional and metabolic diseases",Type 1 diabetes without complications,IMMT,MICOS complex subunit MIC60,40592,264,1.77 [1.48-2.13],6.015056952321435e-10
"Chapter IV Endocrine, nutritional and metabolic diseases",Type 1 diabetes without complications,ITGA5,Integrin alpha-5,46880,309,3.56 [2.45-5.18],3.305720210129725e-11
"Chapter IV Endocrine, nutritional and metabolic diseases",Type 1 diabetes without complications,ITGB2,Integrin beta-2,46588,304,3.27 [2.50-4.27],3.0925110445010896e-18
"Chapter IV Endocrine, nutritional and metabolic diseases",Type 1 diabetes without complications,ITGB6,Integrin beta-6,46014,305,3.32 [2.39-4.60],8.304075970210944e-13
"Chapter IV Endocrine, nutritional and metabolic diseases",Type 1 diabetes without complications,ITGB7,Integrin beta-7,47281,312,1.99 [1.65-2.40],4.840624925585421e-13
"Chapter IV Endocrine, nutritional and metabolic diseases",Type 1 diabetes without complications,ITIH3,Inter-alpha-trypsin inhibitor heavy chain H3,47069,306,2.70 [2.07-3.52],1.8217083139806495e-13
"Chapter IV Endocrine, nutritional and metabolic diseases",Type 1 diabetes without complications,JAM2,Junctional adhesion molecule B,47299,310,3.20 [2.40-4.26],1.7790022553995426e-15
"Chapter IV Endocrine, nutritional and metabolic diseases",Type 1 diabetes without complications,KLK11,Kallikrein-11,46589,308,2.14 [1.79-2.56],3.318577492283263e-17
"Chapter IV Endocrine, nutritional and metabolic diseases",Type 1 diabetes without complications,KLK4,Kallikrein-4,47281,312,1.89 [1.70-2.10],2.350922378263589e-31
"Chapter IV Endocrine, nutritional and metabolic diseases",Type 1 diabetes without complications,KLRB1,Killer cell lectin-like receptor subfamily B member 1,47394,311,4.87 [3.95-6.01],1.8092875371161968e-49
"Chapter IV Endocrine, nutritional and metabolic diseases",Type 1 diabetes without complications,KLRD1,Natural killer cells antigen CD94,47394,311,1.90 [1.54-2.33],9.654979394294358e-10
"Chapter IV Endocrine, nutritional and metabolic diseases",Type 1 diabetes without complications,KLRK1,NKG2-D type II integral membrane protein,40690,267,1.87 [1.54-2.27],1.9861879152749606e-10
"Chapter IV Endocrine, nutritional and metabolic diseases",Type 1 diabetes without complications,KRT18,"Keratin, type I cytoskeletal 18",46666,307,1.45 [1.31-1.60],1.5839185851323817e-12
"Chapter IV Endocrine, nutritional and metabolic diseases",Type 1 diabetes without complications,KRT19,"Keratin, type I cytoskeletal 19",46733,304,1.89 [1.68-2.13],1.9912684525196764e-25
"Chapter IV Endocrine, nutritional and metabolic diseases",Type 1 diabetes without complications,KRT8,"Keratin, type II cytoskeletal 8",39468,258,1.45 [1.33-1.57],2.5830910720404826e-18
"Chapter IV Endocrine, nutritional and metabolic diseases",Type 1 diabetes without complications,LAG3,Lymphocyte activation gene 3 protein,46666,307,1.87 [1.58-2.22],6.630294799820685e-13
"Chapter IV Endocrine, nutritional and metabolic diseases",Type 1 diabetes without complications,LAIR1,Leukocyte-associated immunoglobulin-like receptor 1,46859,312,2.02 [1.72-2.36],4.56318434745941e-18
"Chapter IV Endocrine, nutritional and metabolic diseases",Type 1 diabetes without complications,LAMB1,Laminin subunit beta-1,39695,260,3.62 [2.43-5.39],2.2155017294039077e-10
"Chapter IV Endocrine, nutritional and metabolic diseases",Type 1 diabetes without complications,LAYN,Layilin,46438,300,3.83 [3.15-4.65],4.422006222080167e-41
"Chapter IV Endocrine, nutritional and metabolic diseases",Type 1 diabetes without complications,LCN15,Lipocalin-15,40711,266,1.67 [1.50-1.85],9.253080150320557e-22
"Chapter IV Endocrine, nutritional and metabolic diseases",Type 1 diabetes without complications,LEPR,Leptin receptor,46869,300,2.47 [2.00-3.04],4.1702597136596457e-17
"Chapter IV Endocrine, nutritional and metabolic diseases",Type 1 diabetes without complications,LGALS4,Galectin-4,46859,312,3.42 [2.98-3.91],6.723066013903304e-71
"Chapter IV Endocrine, nutritional and metabolic diseases",Type 1 diabetes without complications,LGALS9,Galectin-9,46856,312,2.53 [1.91-3.34],6.421747459566929e-11
"Chapter IV Endocrine, nutritional and metabolic diseases",Type 1 diabetes without complications,LGMN,Legumain,47088,312,2.46 [1.90-3.19],6.899884023700807e-12
"Chapter IV Endocrine, nutritional and metabolic diseases",Type 1 diabetes without complications,LIFR,Leukemia inhibitory factor receptor,46808,305,6.01 [4.77-7.57],1.2329972104220113e-52
"Chapter IV Endocrine, nutritional and metabolic diseases",Type 1 diabetes without complications,LPO,Lactoperoxidase,45321,291,2.18 [1.90-2.51],2.354366031405942e-28
"Chapter IV Endocrine, nutritional and metabolic diseases",Type 1 diabetes without complications,LRP11,Low-density lipoprotein receptor-related protein 11,46869,300,2.49 [1.93-3.22],2.590948831589597e-12
"Chapter IV Endocrine, nutritional and metabolic diseases",Type 1 diabetes without complications,LTBP2,Latent-transforming growth factor beta-binding protein 2,47449,310,2.69 [2.05-3.53],9.496685052098037e-13
"Chapter IV Endocrine, nutritional and metabolic diseases",Type 1 diabetes without complications,LTBR,Tumor necrosis factor receptor superfamily member 3,46627,311,2.86 [2.16-3.78],2.2188857658689578e-13
"Chapter IV Endocrine, nutritional and metabolic diseases",Type 1 diabetes without complications,LYPD3,Ly6/PLAUR domain-containing protein 3,46666,307,2.57 [2.03-3.27],9.047866537043834e-15
"Chapter IV Endocrine, nutritional and metabolic diseases",Type 1 diabetes without complications,LYPD8,Ly6/PLAUR domain-containing protein 8,45793,298,1.54 [1.34-1.76],6.64877677989954e-10
"Chapter IV Endocrine, nutritional and metabolic diseases",Type 1 diabetes without complications,MDK,Midkine,46887,311,1.68 [1.48-1.90],9.236790835457286e-16
"Chapter IV Endocrine, nutritional and metabolic diseases",Type 1 diabetes without complications,MFAP4,Microfibril-associated glycoprotein 4,39887,263,3.96 [2.80-5.60],6.445885468436417e-15
"Chapter IV Endocrine, nutritional and metabolic diseases",Type 1 diabetes without complications,MFGE8,Lactadherin,46880,309,2.39 [1.95-2.94],5.409035940267781e-17
"Chapter IV Endocrine, nutritional and metabolic diseases",Type 1 diabetes without complications,MMP10,Stromelysin-2,46780,312,1.70 [1.47-1.96],3.026632412654837e-13
"Chapter IV Endocrine, nutritional and metabolic diseases",Type 1 diabetes without complications,MMP12,Macrophage metalloelastase,46916,310,2.11 [1.79-2.48],5.221208750146282e-19
"Chapter IV Endocrine, nutritional and metabolic diseases",Type 1 diabetes without complications,MMP7,Matrilysin,45941,300,2.34 [1.89-2.90],8.472262039229856e-15
"Chapter IV Endocrine, nutritional and metabolic diseases",Type 1 diabetes without complications,MRC1,Macrophage mannose receptor 1,40805,264,4.01 [2.83-5.68],5.0581109404198455e-15
"Chapter IV Endocrine, nutritional and metabolic diseases",Type 1 diabetes without complications,MSR1,Macrophage scavenger receptor types I and II,47299,310,2.21 [1.81-2.69],4.8026672156954425e-15
"Chapter IV Endocrine, nutritional and metabolic diseases",Type 1 diabetes without complications,MUC13,Mucin-13,45810,296,3.39 [2.95-3.90],5.1677838064814345e-67
"Chapter IV Endocrine, nutritional and metabolic diseases",Type 1 diabetes without complications,MVK,Mevalonate kinase,46014,305,1.47 [1.31-1.65],2.103098392947872e-11
"Chapter IV Endocrine, nutritional and metabolic diseases",Type 1 diabetes without complications,NBL1,Neuroblastoma suppressor of tumorigenicity 1,47032,311,5.29 [3.90-7.18],9.418446713829822e-27
"Chapter IV Endocrine, nutritional and metabolic diseases",Type 1 diabetes without complications,NCAN,Neurocan core protein,47299,310,0.35 [0.27-0.45],2.753577385706025e-16
"Chapter IV Endocrine, nutritional and metabolic diseases",Type 1 diabetes without complications,NCR1,Natural cytotoxicity triggering receptor 1,46740,305,3.13 [2.47-3.96],4.593493997338404e-21
"Chapter IV Endocrine, nutritional and metabolic diseases",Type 1 diabetes without complications,NCR3LG1,Natural cytotoxicity triggering receptor 3 ligand 1,40608,263,3.92 [3.07-5.00],4.424239715875357e-28
"Chapter IV Endocrine, nutritional and metabolic diseases",Type 1 diabetes without complications,NCS1,Neuronal calcium sensor 1,47281,312,3.67 [2.65-5.08],4.158981651314361e-15
"Chapter IV Endocrine, nutritional and metabolic diseases",Type 1 diabetes without complications,NECTIN2,Nectin-2,46796,300,4.75 [3.70-6.10],1.8307501309983407e-34
"Chapter IV Endocrine, nutritional and metabolic diseases",Type 1 diabetes without complications,NECTIN4,Nectin-4,47032,311,2.74 [2.27-3.31],2.2144484856778928e-25
"Chapter IV Endocrine, nutritional and metabolic diseases",Type 1 diabetes without complications,NEFL,Neurofilament light polypeptide,45666,295,2.11 [1.85-2.41],7.38390190992558e-29
"Chapter IV Endocrine, nutritional and metabolic diseases",Type 1 diabetes without complications,NELL1,Protein kinase C-binding protein NELL1,47032,311,0.46 [0.36-0.58],3.5558394469677296e-11
"Chapter IV Endocrine, nutritional and metabolic diseases",Type 1 diabetes without complications,NFASC,Neurofascin,47394,311,12.88 [9.76-17.01],1.3125242791883046e-72
"Chapter IV Endocrine, nutritional and metabolic diseases",Type 1 diabetes without complications,NHLRC3,NHL repeat-containing protein 3,38930,255,4.62 [3.17-6.73],1.6129256842001764e-15
"Chapter IV Endocrine, nutritional and metabolic diseases",Type 1 diabetes without complications,NOS1,"Nitric oxide synthase, brain",45810,296,1.66 [1.42-1.95],1.706576682188993e-10
"Chapter IV Endocrine, nutritional and metabolic diseases",Type 1 diabetes without complications,NOTCH1,Neurogenic locus notch homolog protein 1,47449,310,8.29 [4.75-14.47],9.134297794041357e-14
"Chapter IV Endocrine, nutritional and metabolic diseases",Type 1 diabetes without complications,NPC2,NPC intracellular cholesterol transporter 2,40075,257,2.27 [1.83-2.81],7.176703732985348e-14
"Chapter IV Endocrine, nutritional and metabolic diseases",Type 1 diabetes without complications,NPDC1,Neural proliferation differentiation and control protein 1,46869,300,2.20 [1.73-2.80],1.3672629769594203e-10
"Chapter IV Endocrine, nutritional and metabolic diseases",Type 1 diabetes without complications,NRCAM,Neuronal cell adhesion molecule,46869,300,4.40 [3.44-5.62],2.4442325897056428e-32
"Chapter IV Endocrine, nutritional and metabolic diseases",Type 1 diabetes without complications,NRP1,Neuropilin-1,47147,306,5.34 [3.88-7.34],9.62349764343969e-25
"Chapter IV Endocrine, nutritional and metabolic diseases",Type 1 diabetes without complications,OCLN,Occludin,40711,266,2.16 [1.76-2.64],6.952632745012092e-14
"Chapter IV Endocrine, nutritional and metabolic diseases",Type 1 diabetes without complications,OGN,Mimecan,46880,309,2.10 [1.70-2.60],6.752196438845551e-12
"Chapter IV Endocrine, nutritional and metabolic diseases",Type 1 diabetes without complications,OLFM4,Olfactomedin-4,38405,253,1.41 [1.27-1.56],8.187457326510541e-11
"Chapter IV Endocrine, nutritional and metabolic diseases",Type 1 diabetes without complications,PALM2,Paralemmin-2,40690,267,2.49 [2.03-3.04],8.727057665426669e-19
"Chapter IV Endocrine, nutritional and metabolic diseases",Type 1 diabetes without complications,PCDH1,Protocadherin-1,47246,310,2.74 [2.02-3.72],8.750430024090199e-11
"Chapter IV Endocrine, nutritional and metabolic diseases",Type 1 diabetes without complications,PCDH17,Protocadherin-17,46869,300,3.21 [2.72-3.80],1.7037485267012502e-42
"Chapter IV Endocrine, nutritional and metabolic diseases",Type 1 diabetes without complications,PDCD1,Programmed cell death protein 1,47202,311,2.00 [1.67-2.39],2.205568786752145e-14
"Chapter IV Endocrine, nutritional and metabolic diseases",Type 1 diabetes without complications,PDCD1LG2,Programmed cell death 1 ligand 2,46666,307,2.97 [2.42-3.64],1.7885789269855424e-25
"Chapter IV Endocrine, nutritional and metabolic diseases",Type 1 diabetes without complications,PDGFRA,Platelet-derived growth factor receptor alpha,46869,300,3.66 [2.71-4.94],2.3490668097645386e-17
"Chapter IV Endocrine, nutritional and metabolic diseases",Type 1 diabetes without complications,PDZK1,Na(+)/H(+) exchange regulatory cofactor NHE-RF3,39603,260,1.87 [1.53-2.28],5.56853279680055e-10
"Chapter IV Endocrine, nutritional and metabolic diseases",Type 1 diabetes without complications,PGF,Placenta growth factor,47394,311,2.40 [1.93-2.97],1.854539224669972e-15
"Chapter IV Endocrine, nutritional and metabolic diseases",Type 1 diabetes without complications,PIGR,Polymeric immunoglobulin receptor,46274,303,4.56 [3.70-5.62],8.661868762542525e-46
"Chapter IV Endocrine, nutritional and metabolic diseases",Type 1 diabetes without complications,PIK3IP1,Phosphoinositide-3-kinase-interacting protein 1,46880,309,4.06 [3.20-5.16],1.196511359042706e-30
"Chapter IV Endocrine, nutritional and metabolic diseases",Type 1 diabetes without complications,PILRA,Paired immunoglobulin-like type 2 receptor alpha,46880,309,2.35 [1.86-2.97],6.498939931090136e-13
"Chapter IV Endocrine, nutritional and metabolic diseases",Type 1 diabetes without complications,PILRB,Paired immunoglobulin-like type 2 receptor beta,46869,300,1.99 [1.63-2.42],1.1309075891108604e-11
"Chapter IV Endocrine, nutritional and metabolic diseases",Type 1 diabetes without complications,PKD1,Polycystin-1,40787,266,10.30 [7.07-15.00],5.11107180398026e-34
"Chapter IV Endocrine, nutritional and metabolic diseases",Type 1 diabetes without complications,PLA2G10,Group 10 secretory phospholipase A2,46514,301,2.02 [1.70-2.39],4.3738804953603565e-16
"Chapter IV Endocrine, nutritional and metabolic diseases",Type 1 diabetes without complications,PLA2G15,Phospholipase A2 group XV,47032,311,4.07 [2.93-5.68],9.71949780075091e-17
"Chapter IV Endocrine, nutritional and metabolic diseases",Type 1 diabetes without complications,PLA2G1B,Phospholipase A2,47371,310,0.33 [0.27-0.40],4.2953396766818585e-31
"Chapter IV Endocrine, nutritional and metabolic diseases",Type 1 diabetes without complications,PLA2G7,Platelet-activating factor acetylhydrolase,46880,309,0.39 [0.33-0.47],1.2372884802161632e-24
"Chapter IV Endocrine, nutritional and metabolic diseases",Type 1 diabetes without complications,PLAUR,Urokinase plasminogen activator surface receptor,46547,312,5.64 [4.20-7.58],2.2582910422040943e-30
"Chapter IV Endocrine, nutritional and metabolic diseases",Type 1 diabetes without complications,PLXDC2,Plexin domain-containing protein 2,40690,267,2.21 [1.72-2.82],3.0097561720181416e-10
"Chapter IV Endocrine, nutritional and metabolic diseases",Type 1 diabetes without complications,PLXNB2,Plexin-B2,47220,310,20.37 [15.59-26.60],1.729993166231524e-108
"Chapter IV Endocrine, nutritional and metabolic diseases",Type 1 diabetes without complications,POF1B,Protein POF1B,39603,260,1.95 [1.70-2.25],1.3951568279286812e-20
"Chapter IV Endocrine, nutritional and metabolic diseases",Type 1 diabetes without complications,PON1,Serum paraoxonase/arylesterase 1,40805,264,0.40 [0.30-0.53],5.681308679584293e-10
"Chapter IV Endocrine, nutritional and metabolic diseases",Type 1 diabetes without complications,PRAP1,Proline-rich acidic protein 1,40772,263,4.31 [3.13-5.93],2.7708849705087243e-19
"Chapter IV Endocrine, nutritional and metabolic diseases",Type 1 diabetes without complications,PRCP,Lysosomal Pro-X carboxypeptidase,47152,310,3.48 [2.99-4.05],1.1986053186147962e-58
"Chapter IV Endocrine, nutritional and metabolic diseases",Type 1 diabetes without complications,PRSS8,Prostasin,46701,309,3.13 [2.53-3.87],8.926939012350577e-26
"Chapter IV Endocrine, nutritional and metabolic diseases",Type 1 diabetes without complications,PRTG,Protogenin,47281,312,2.72 [2.05-3.62],5.491504790019513e-12
"Chapter IV Endocrine, nutritional and metabolic diseases",Type 1 diabetes without complications,PSAP,Prosaposin,40382,261,2.37 [1.87-3.00],8.96962318204859e-13
"Chapter IV Endocrine, nutritional and metabolic diseases",Type 1 diabetes without complications,PSG1,Pregnancy-specific beta-1-glycoprotein 1,46514,301,1.50 [1.35-1.68],4.505557392408939e-13
"Chapter IV Endocrine, nutritional and metabolic diseases",Type 1 diabetes without complications,PTGDS,Prostaglandin-H2 D-isomerase,46534,304,2.85 [2.24-3.63],1.5786974996366182e-17
"Chapter IV Endocrine, nutritional and metabolic diseases",Type 1 diabetes without complications,PTK7,Inactive tyrosine-protein kinase 7,45810,296,2.62 [2.16-3.18],2.022138656961452e-22
"Chapter IV Endocrine, nutritional and metabolic diseases",Type 1 diabetes without complications,PTPRB,Receptor-type tyrosine-protein phosphatase beta,40787,266,2.86 [2.08-3.94],1.0759224284740208e-10
"Chapter IV Endocrine, nutritional and metabolic diseases",Type 1 diabetes without complications,PTPRK,Receptor-type tyrosine-protein phosphatase kappa,40608,263,2.58 [1.96-3.40],1.6066362681352467e-11
"Chapter IV Endocrine, nutritional and metabolic diseases",Type 1 diabetes without complications,PYY,Peptide YY,39436,255,1.71 [1.54-1.90],9.242495429591309e-24
"Chapter IV Endocrine, nutritional and metabolic diseases",Type 1 diabetes without complications,QPCT,Glutaminyl-peptide cyclotransferase,46918,308,3.23 [2.37-4.40],1.167359584392824e-13
"Chapter IV Endocrine, nutritional and metabolic diseases",Type 1 diabetes without complications,RBFOX3,RNA binding protein fox-1 homolog 3,40711,266,2.18 [1.89-2.53],1.911071654075716e-25
"Chapter IV Endocrine, nutritional and metabolic diseases",Type 1 diabetes without complications,RBP2,Retinol-binding protein 2,46666,307,1.68 [1.49-1.89],3.018424570492937e-17
"Chapter IV Endocrine, nutritional and metabolic diseases",Type 1 diabetes without complications,RBP5,Retinol-binding protein 5,46666,307,1.66 [1.42-1.94],1.0501313422391583e-10
"Chapter IV Endocrine, nutritional and metabolic diseases",Type 1 diabetes without complications,REG1A,Lithostathine-1-alpha,46605,304,2.64 [2.34-2.98],1.1893498714163436e-54
"Chapter IV Endocrine, nutritional and metabolic diseases",Type 1 diabetes without complications,REG1B,Lithostathine-1-beta,47449,310,1.99 [1.76-2.25],2.387969151481335e-28
"Chapter IV Endocrine, nutritional and metabolic diseases",Type 1 diabetes without complications,REG3A,Regenerating islet-derived protein 3-alpha,47449,310,1.75 [1.53-1.99],1.2278518627404283e-16
"Chapter IV Endocrine, nutritional and metabolic diseases",Type 1 diabetes without complications,REG4,Regenerating islet-derived protein 4,46934,312,3.99 [3.42-4.64],9.29284772031989e-71
"Chapter IV Endocrine, nutritional and metabolic diseases",Type 1 diabetes without complications,REN,Renin,46869,300,2.10 [1.92-2.28],2.6612939090255834e-64
"Chapter IV Endocrine, nutritional and metabolic diseases",Type 1 diabetes without complications,RET,Proto-oncogene tyrosine-protein kinase receptor Ret,46666,307,3.04 [2.36-3.90],3.28264952686244e-18
"Chapter IV Endocrine, nutritional and metabolic diseases",Type 1 diabetes without complications,RNASE1,Ribonuclease pancreatic,40805,264,2.86 [2.25-3.65],2.092515960694892e-17
"Chapter IV Endocrine, nutritional and metabolic diseases",Type 1 diabetes without complications,RNASE6,Ribonuclease K6,40518,261,2.13 [1.83-2.49],9.687175814987426e-22
"Chapter IV Endocrine, nutritional and metabolic diseases",Type 1 diabetes without complications,RNASET2,Ribonuclease T2,47220,310,4.13 [3.29-5.18],2.9719008770925122e-34
"Chapter IV Endocrine, nutritional and metabolic diseases",Type 1 diabetes without complications,RNF149,E3 ubiquitin-protein ligase RNF149,39695,260,2.50 [2.03-3.09],1.0355240038458886e-17
"Chapter IV Endocrine, nutritional and metabolic diseases",Type 1 diabetes without complications,ROBO1,Roundabout homolog 1,46934,312,5.71 [4.24-7.69],1.988389854541452e-30
"Chapter IV Endocrine, nutritional and metabolic diseases",Type 1 diabetes without complications,RTN4R,Reticulon-4 receptor,47281,312,2.51 [2.14-2.94],2.5087988726884343e-30
"Chapter IV Endocrine, nutritional and metabolic diseases",Type 1 diabetes without complications,SCARA5,Scavenger receptor class A member 5,47299,310,5.16 [3.99-6.67],8.255326237993833e-36
"Chapter IV Endocrine, nutritional and metabolic diseases",Type 1 diabetes without complications,SCARB2,Lysosome membrane protein 2,45625,294,3.16 [2.58-3.87],6.370827561644413e-29
"Chapter IV Endocrine, nutritional and metabolic diseases",Type 1 diabetes without complications,SCARF2,Scavenger receptor class F member 2,47299,310,2.89 [2.11-3.96],3.311016655538509e-11
"Chapter IV Endocrine, nutritional and metabolic diseases",Type 1 diabetes without complications,SCG2,Secretogranin-2,47065,311,4.34 [3.31-5.70],4.642130654152032e-26
"Chapter IV Endocrine, nutritional and metabolic diseases",Type 1 diabetes without complications,SCGN,Secretagogin,46014,305,2.48 [2.09-2.94],4.0055759543931454e-25
"Chapter IV Endocrine, nutritional and metabolic diseases",Type 1 diabetes without complications,SEL1L,Protein sel-1 homolog 1,39695,260,1.88 [1.59-2.22],1.6087089731362664e-13
"Chapter IV Endocrine, nutritional and metabolic diseases",Type 1 diabetes without complications,SELE,E-selectin,47449,310,2.26 [1.85-2.77],2.398290155171008e-15
"Chapter IV Endocrine, nutritional and metabolic diseases",Type 1 diabetes without complications,SEMA7A,Semaphorin-7A,47292,310,3.15 [2.63-3.77],6.669883881375456e-36
"Chapter IV Endocrine, nutritional and metabolic diseases",Type 1 diabetes without complications,SHISA5,Protein shisa-5,40772,263,2.44 [1.92-3.11],2.7876863628592813e-13
"Chapter IV Endocrine, nutritional and metabolic diseases",Type 1 diabetes without complications,SIGLEC1,Sialoadhesin,47088,312,2.30 [1.89-2.81],2.367389443991331e-16
"Chapter IV Endocrine, nutritional and metabolic diseases",Type 1 diabetes without complications,SIGLEC10,Sialic acid-binding Ig-like lectin 10,46808,305,2.38 [1.94-2.91],7.251696356049652e-17
"Chapter IV Endocrine, nutritional and metabolic diseases",Type 1 diabetes without complications,SIGLEC6,Sialic acid-binding Ig-like lectin 6,47281,312,3.03 [2.51-3.67],4.771150818122811e-30
"Chapter IV Endocrine, nutritional and metabolic diseases",Type 1 diabetes without complications,SIGLEC7,Sialic acid-binding Ig-like lectin 7,46869,300,4.32 [3.28-5.68],2.2784954199512547e-25
"Chapter IV Endocrine, nutritional and metabolic diseases",Type 1 diabetes without complications,SIRPB1,Signal-regulatory protein beta-1,46782,311,2.19 [1.79-2.68],1.3764899760325311e-14
"Chapter IV Endocrine, nutritional and metabolic diseases",Type 1 diabetes without complications,SIT1,Signaling threshold-regulating transmembrane adapter 1,46014,305,1.98 [1.67-2.35],6.003840097969695e-15
"Chapter IV Endocrine, nutritional and metabolic diseases",Type 1 diabetes without complications,SLITRK2,SLIT and NTRK-like protein 2,47281,312,2.70 [2.15-3.40],1.1563502293958765e-17
"Chapter IV Endocrine, nutritional and metabolic diseases",Type 1 diabetes without complications,SLITRK6,SLIT and NTRK-like protein 6,46014,300,2.25 [1.80-2.80],5.633347293791414e-13
"Chapter IV Endocrine, nutritional and metabolic diseases",Type 1 diabetes without complications,SMOC2,SPARC-related modular calcium-binding protein 2,47088,312,2.13 [1.72-2.64],5.05526192816684e-12
"Chapter IV Endocrine, nutritional and metabolic diseases",Type 1 diabetes without complications,SPINK1,Serine protease inhibitor Kazal-type 1,46880,309,2.73 [2.35-3.18],1.1319541394491999e-38
"Chapter IV Endocrine, nutritional and metabolic diseases",Type 1 diabetes without complications,SPINK4,Serine protease inhibitor Kazal-type 4,46808,305,2.23 [1.99-2.49],3.1866946722999148e-43
"Chapter IV Endocrine, nutritional and metabolic diseases",Type 1 diabetes without complications,SPINT1,Kunitz-type protease inhibitor 1,46724,307,2.90 [2.23-3.78],2.754171953544719e-15
"Chapter IV Endocrine, nutritional and metabolic diseases",Type 1 diabetes without complications,SPINT2,Kunitz-type protease inhibitor 2,47088,312,2.38 [1.88-3.01],4.381739259941534e-13
"Chapter IV Endocrine, nutritional and metabolic diseases",Type 1 diabetes without complications,SPON1,Spondin-1,46934,312,2.62 [2.22-3.08],2.3358809234364057e-30
"Chapter IV Endocrine, nutritional and metabolic diseases",Type 1 diabetes without complications,SPON2,Spondin-2,46641,298,4.36 [3.39-5.60],1.8655997628161047e-30
"Chapter IV Endocrine, nutritional and metabolic diseases",Type 1 diabetes without complications,ST6GAL1,"Beta-galactoside alpha-2,6-sialyltransferase 1",47449,310,2.19 [1.71-2.82],9.456106033242583e-10
"Chapter IV Endocrine, nutritional and metabolic diseases",Type 1 diabetes without complications,TAFA5,Chemokine-like protein TAFA-5,46666,307,2.14 [1.68-2.73],5.672598149143335e-10
"Chapter IV Endocrine, nutritional and metabolic diseases",Type 1 diabetes without complications,TCN2,Transcobalamin-2,47373,309,2.75 [2.23-3.38],1.3565410557500176e-21
"Chapter IV Endocrine, nutritional and metabolic diseases",Type 1 diabetes without complications,TEK,Angiopoietin-1 receptor,47032,311,5.19 [3.41-7.89],1.2797767792097132e-14
"Chapter IV Endocrine, nutritional and metabolic diseases",Type 1 diabetes without complications,TFF1,Trefoil factor 1,46648,307,1.70 [1.54-1.87],1.710244549480338e-26
"Chapter IV Endocrine, nutritional and metabolic diseases",Type 1 diabetes without complications,TFF2,Trefoil factor 2,47011,312,2.45 [2.15-2.80],1.216506713916278e-39
"Chapter IV Endocrine, nutritional and metabolic diseases",Type 1 diabetes without complications,TFF3,Trefoil factor 3,46848,302,1.97 [1.76-2.20],2.822713354452318e-33
"Chapter IV Endocrine, nutritional and metabolic diseases",Type 1 diabetes without complications,TGFA,Protransforming growth factor alpha,46808,305,2.17 [1.83-2.59],2.794810649097044e-18
"Chapter IV Endocrine, nutritional and metabolic diseases",Type 1 diabetes without complications,TGFB1,Transforming growth factor beta-1 proprotein,47317,311,2.02 [1.63-2.51],2.3226504759908456e-10
"Chapter IV Endocrine, nutritional and metabolic diseases",Type 1 diabetes without complications,TGFBR2,TGF-beta receptor type-2,47032,311,2.78 [2.30-3.35],1.9778487370013647e-26
"Chapter IV Endocrine, nutritional and metabolic diseases",Type 1 diabetes without complications,THBD,Thrombomodulin,46869,300,2.64 [1.96-3.55],1.2661158015110028e-10
"Chapter IV Endocrine, nutritional and metabolic diseases",Type 1 diabetes without complications,THBS2,Thrombospondin-2,46880,309,2.78 [2.32-3.34],6.288529356929569e-28
"Chapter IV Endocrine, nutritional and metabolic diseases",Type 1 diabetes without complications,TIMP1,Metalloproteinase inhibitor 1,46384,301,3.54 [2.79-4.50],2.0168720361994687e-25
"Chapter IV Endocrine, nutritional and metabolic diseases",Type 1 diabetes without complications,TMPRSS15,Enteropeptidase,46666,307,1.50 [1.34-1.68],1.530811333598773e-12
"Chapter IV Endocrine, nutritional and metabolic diseases",Type 1 diabetes without complications,TNF,Tumor necrosis factor,45941,300,1.71 [1.49-1.97],3.163313455121073e-14
"Chapter IV Endocrine, nutritional and metabolic diseases",Type 1 diabetes without complications,TNFRSF10A,Tumor necrosis factor receptor superfamily member 10A,46514,301,2.92 [2.53-3.36],3.2084474886878525e-49
"Chapter IV Endocrine, nutritional and metabolic diseases",Type 1 diabetes without complications,TNFRSF10B,Tumor necrosis factor receptor superfamily member 10B,46514,301,1.55 [1.43-1.68],3.2700793011372307e-25
"Chapter IV Endocrine, nutritional and metabolic diseases",Type 1 diabetes without complications,TNFRSF11A,Tumor necrosis factor receptor superfamily member 11A,47394,311,4.00 [3.39-4.72],1.5822826546412052e-60
"Chapter IV Endocrine, nutritional and metabolic diseases",Type 1 diabetes without complications,TNFRSF11B,Tumor necrosis factor receptor superfamily member 11B,46859,312,4.16 [3.25-5.33],1.3837272794098128e-29
"Chapter IV Endocrine, nutritional and metabolic diseases",Type 1 diabetes without complications,TNFRSF12A,Tumor necrosis factor receptor superfamily member 12A,47032,311,2.99 [2.42-3.71],1.2787873306522681e-23
"Chapter IV Endocrine, nutritional and metabolic diseases",Type 1 diabetes without complications,TNFRSF14,Tumor necrosis factor receptor superfamily member 14,46934,312,4.05 [3.18-5.16],9.657493754922652e-30
"Chapter IV Endocrine, nutritional and metabolic diseases",Type 1 diabetes without complications,TNFRSF19,Tumor necrosis factor receptor superfamily member 19,47281,312,2.39 [1.89-3.02],3.219404356607133e-13
"Chapter IV Endocrine, nutritional and metabolic diseases",Type 1 diabetes without complications,TNFRSF1A,Tumor necrosis factor receptor superfamily member 1A,46880,309,4.25 [3.39-5.32],2.3622378222850693e-36
"Chapter IV Endocrine, nutritional and metabolic diseases",Type 1 diabetes without complications,TNFRSF1B,Tumor necrosis factor receptor superfamily member 1B,46880,309,1.91 [1.70-2.16],9.087625315869195e-27
"Chapter IV Endocrine, nutritional and metabolic diseases",Type 1 diabetes without complications,TNFRSF4,Tumor necrosis factor receptor superfamily member 4,47317,311,2.82 [2.35-3.39],2.198994504776141e-28
"Chapter IV Endocrine, nutritional and metabolic diseases",Type 1 diabetes without complications,TNFRSF6B,Tumor necrosis factor receptor superfamily member 6B,46514,301,1.62 [1.41-1.86],1.8688764295210928e-11
"Chapter IV Endocrine, nutritional and metabolic diseases",Type 1 diabetes without complications,TNFRSF9,Tumor necrosis factor receptor superfamily member 9,46514,301,2.10 [1.83-2.41],2.872926253480121e-26
"Chapter IV Endocrine, nutritional and metabolic diseases",Type 1 diabetes without complications,TNFSF13,Tumor necrosis factor ligand superfamily member 13,47088,312,4.83 [3.56-6.55],3.833539053446296e-24
"Chapter IV Endocrine, nutritional and metabolic diseases",Type 1 diabetes without complications,ULBP2,UL16-binding protein 2,46514,301,3.02 [2.47-3.70],6.722069740587836e-27
"Chapter IV Endocrine, nutritional and metabolic diseases",Type 1 diabetes without complications,UMOD,Uromodulin,47304,308,0.55 [0.47-0.65],1.7353007490124177e-13
"Chapter IV Endocrine, nutritional and metabolic diseases",Type 1 diabetes without complications,VASN,Vasorin,46151,301,3.00 [2.13-4.23],2.9952150754147847e-10
"Chapter IV Endocrine, nutritional and metabolic diseases",Type 1 diabetes without complications,VCAM1,Vascular cell adhesion protein 1,46990,305,3.52 [2.58-4.79],1.9327500977292285e-15
"Chapter IV Endocrine, nutritional and metabolic diseases",Type 1 diabetes without complications,VEGFD,Vascular endothelial growth factor D,47320,311,2.51 [1.93-3.27],8.033154299154753e-12
"Chapter IV Endocrine, nutritional and metabolic diseases",Type 1 diabetes without complications,VSIG2,V-set and immunoglobulin domain-containing protein 2,40592,264,2.29 [2.01-2.62],1.0271142624195526e-34
"Chapter IV Endocrine, nutritional and metabolic diseases",Type 1 diabetes without complications,VSIG4,V-set and immunoglobulin domain-containing protein 4,46818,308,2.66 [2.19-3.22],2.372026820356e-23
"Chapter IV Endocrine, nutritional and metabolic diseases",Type 1 diabetes without complications,VWC2,Brorin,46359,300,2.65 [2.08-3.37],2.3101476830576536e-15
"Chapter IV Endocrine, nutritional and metabolic diseases",Type 1 diabetes without complications,WFDC2,WAP four-disulfide core domain protein 2,44497,291,2.68 [2.26-3.17],5.376554767901348e-30
"Chapter IV Endocrine, nutritional and metabolic diseases",Type 1 diabetes without complications,WNT9A,Protein Wnt-9a,46014,305,2.74 [2.19-3.42],7.464153554904786e-19
"Chapter IV Endocrine, nutritional and metabolic diseases",Type 1 diabetes without complications,XG,Glycoprotein Xg,47224,310,2.28 [1.78-2.93],1.1689972511522964e-10
"Chapter IV Endocrine, nutritional and metabolic diseases",Type 1 diabetes without complications,YAP1,Transcriptional coactivator YAP1,40690,267,2.85 [2.15-3.76],2.351345173270077e-13
