Protein,Protein_definition,Disease_category,Disease,NB_individual,NB_case,HR[95%CI],P_value
ADA2,Adenosine deaminase 2,Chapter I Certain infectious and parasitic diseases,"Bacterial infection, other or unspecified",27453,107,2.16 [1.50-3.09],2.842902141992356e-05
ADA2,Adenosine deaminase 2,Chapter I Certain infectious and parasitic diseases,"Bacterial, viral and other infectious agents",27773,1011,1.57 [1.38-1.78],2.2157579357110097e-12
ADA2,Adenosine deaminase 2,Chapter I Certain infectious and parasitic diseases,Candidiasis,28052,308,1.77 [1.41-2.21],5.769454770788692e-07
ADA2,Adenosine deaminase 2,Chapter I Certain infectious and parasitic diseases,Certain infectious and parasitic diseases,27269,2776,1.50 [1.39-1.63],6.8009662128032505e-25
ADA2,Adenosine deaminase 2,Chapter I Certain infectious and parasitic diseases,Condition for Implicit Sepsis (Organ dysfunction codes),27517,2088,1.67 [1.53-1.82],7.557997586882068e-31
ADA2,Adenosine deaminase 2,Chapter I Certain infectious and parasitic diseases,Diarrhoea and gastroenteritis of presumed infectious origin,27839,1012,1.59 [1.40-1.80],8.53941818934581e-13
ADA2,Adenosine deaminase 2,Chapter I Certain infectious and parasitic diseases,Enterocolitis due to Clostridium difficile,27965,45,2.16 [1.23-3.80],0.007184658977166
ADA2,Adenosine deaminase 2,Chapter I Certain infectious and parasitic diseases,Explicit Sepsis,26779,637,1.78 [1.52-2.08],6.034061047030096e-13
ADA2,Adenosine deaminase 2,Chapter I Certain infectious and parasitic diseases,Implicit bacterial Sepsis,25897,624,2.08 [1.79-2.42],3.89699946687756e-21
ADA2,Adenosine deaminase 2,Chapter I Certain infectious and parasitic diseases,Implicit fungal Sepsis,26144,174,2.70 [2.06-3.55],7.342371378104761e-13
ADA2,Adenosine deaminase 2,Chapter I Certain infectious and parasitic diseases,Implicit Sepsis,20894,1213,1.75 [1.56-1.95],2.35797183021468e-22
ADA2,Adenosine deaminase 2,Chapter I Certain infectious and parasitic diseases,Implicit viral Sepsis,25901,285,1.99 [1.59-2.49],2.1986341625136896e-09
ADA2,Adenosine deaminase 2,Chapter I Certain infectious and parasitic diseases,Intestinal infectious diseases,28004,1177,1.55 [1.38-1.74],3.5056715419573937e-13
ADA2,Adenosine deaminase 2,Chapter I Certain infectious and parasitic diseases,Mycoses,28114,370,1.70 [1.39-2.09],3.313524820955915e-07
ADA2,Adenosine deaminase 2,Chapter I Certain infectious and parasitic diseases,Other bacterial agents as the cause of diseases classified to other chapters,27380,618,1.84 [1.57-2.15],1.933884915256967e-14
ADA2,Adenosine deaminase 2,Chapter I Certain infectious and parasitic diseases,Other bacterial diseases,28052,706,1.76 [1.52-2.04],6.498664353282306e-14
ADA2,Adenosine deaminase 2,Chapter I Certain infectious and parasitic diseases,Other bacterial intestinal infections,26976,149,1.40 [1.00-1.96],0.0487760126171534
ADA2,Adenosine deaminase 2,Chapter I Certain infectious and parasitic diseases,Other septicaemia,27961,615,1.71 [1.46-2.00],4.249571728972551e-11
ADA2,Adenosine deaminase 2,Chapter I Certain infectious and parasitic diseases,Other viral diseases,28061,176,1.83 [1.36-2.46],7.405425450563234e-05
ADA2,Adenosine deaminase 2,Chapter I Certain infectious and parasitic diseases,"Other viral diseases, not elsewhere classified",28044,159,1.77 [1.29-2.42],0.0004219182444699
ADA2,Adenosine deaminase 2,Chapter I Certain infectious and parasitic diseases,Streptococcus and staphylococcus as the cause of diseases classified to other chapters,27101,339,1.49 [1.20-1.85],0.0003181333893384
ADA2,Adenosine deaminase 2,Chapter I Certain infectious and parasitic diseases,Viral agents as the cause of diseases classified to other chapters,27005,243,1.52 [1.17-1.97],0.0014553118276237
ADA2,Adenosine deaminase 2,Chapter I Certain infectious and parasitic diseases,Viral and other specified intestinal infections,26909,82,1.97 [1.29-2.99],0.0015991784452633
ADA2,Adenosine deaminase 2,Chapter I Certain infectious and parasitic diseases,Viral hepatitis,28127,54,2.92 [1.82-4.69],8.809375382911299e-06
ADA2,Adenosine deaminase 2,Chapter II Neoplasms,"Chronic lymphocytic leukaemia and small lyphocytis leukaemia, excluding all cancers (controls excluding all cancers)",24308,31,3.14 [1.71-5.75],0.0002127585098592
ADA2,Adenosine deaminase 2,Chapter II Neoplasms,"Diffuse large B-cell lymphoma, excluding all cancers (controls excluding all cancers)",24314,37,2.67 [1.48-4.83],0.0011741836252713
ADA2,Adenosine deaminase 2,Chapter II Neoplasms,Lung cancer and mesothelioma,20922,178,1.56 [1.14-2.12],0.0048556686468158
ADA2,Adenosine deaminase 2,Chapter II Neoplasms,"Malignant neoplasm of intrahepatic ducts, biliary tract and gallbladder, excluding all cancers (controls excluding all cancers)",24328,51,4.12 [2.66-6.38],2.20764563923712e-10
ADA2,Adenosine deaminase 2,Chapter II Neoplasms,"Malignant neoplasm of prostate, excluding all cancers (controls excluding all cancers)",11343,413,0.66 [0.54-0.82],0.0001338994670379
ADA2,Adenosine deaminase 2,Chapter II Neoplasms,"Non-follicular lymphoma, hilmo, excluding all cancers",24335,58,3.02 [1.93-4.75],1.499820148703628e-06
ADA2,Adenosine deaminase 2,Chapter II Neoplasms,"Non-Hodgkin lymphoma, all, excluding all cancers (controls excluding all cancers)",24396,119,2.13 [1.49-3.03],2.924580908287077e-05
ADA2,Adenosine deaminase 2,Chapter II Neoplasms,"Other and unspecified types of non-Hodgkin lymphoma, hilmo, excluding all cancers",24344,67,1.96 [1.22-3.16],0.0054996448532986
ADA2,Adenosine deaminase 2,Chapter III Diseases of the blood and blood-forming organs and certain disorders involving the immune mechanism,Agranulocytosis,27879,286,1.78 [1.41-2.26],1.584975182639343e-06
ADA2,Adenosine deaminase 2,Chapter III Diseases of the blood and blood-forming organs and certain disorders involving the immune mechanism,Anaemia in chronic diseases classified elsewhere,26705,59,2.54 [1.60-4.03],8.009559557277388e-05
ADA2,Adenosine deaminase 2,Chapter III Diseases of the blood and blood-forming organs and certain disorders involving the immune mechanism,Diseases of spleen,27662,69,2.15 [1.36-3.41],0.0010777674351647
ADA2,Adenosine deaminase 2,Chapter III Diseases of the blood and blood-forming organs and certain disorders involving the immune mechanism,Diseases of the blood and blood-forming organs and certain disorders involving the immune mechanism,27346,2284,1.62 [1.49-1.76],5.31734388547082e-29
ADA2,Adenosine deaminase 2,Chapter III Diseases of the blood and blood-forming organs and certain disorders involving the immune mechanism,Folate deficiency anaemia,26943,25,2.24 [1.10-4.57],0.0267198043736983
ADA2,Adenosine deaminase 2,Chapter III Diseases of the blood and blood-forming organs and certain disorders involving the immune mechanism,Idiopathic thrombocytopenic purpura,27790,36,2.29 [1.22-4.32],0.0100907105476993
ADA2,Adenosine deaminase 2,Chapter III Diseases of the blood and blood-forming organs and certain disorders involving the immune mechanism,Other anaemias,27702,1056,1.77 [1.57-2.00],2.869482321264557e-20
ADA2,Adenosine deaminase 2,Chapter III Diseases of the blood and blood-forming organs and certain disorders involving the immune mechanism,Other and unspecified anaemias,27702,1056,1.77 [1.57-2.00],2.869482321264557e-20
ADA2,Adenosine deaminase 2,Chapter III Diseases of the blood and blood-forming organs and certain disorders involving the immune mechanism,Other and unspecified aplastic anaemias,26704,58,3.63 [2.38-5.54],2.0457506112550207e-09
ADA2,Adenosine deaminase 2,Chapter III Diseases of the blood and blood-forming organs and certain disorders involving the immune mechanism,Other and unspecified iron deficiency,27871,953,1.67 [1.47-1.90],5.4812860696124905e-15
ADA2,Adenosine deaminase 2,Chapter III Diseases of the blood and blood-forming organs and certain disorders involving the immune mechanism,Other coagulation defects,27870,116,1.98 [1.38-2.85],0.000214116237645
ADA2,Adenosine deaminase 2,Chapter III Diseases of the blood and blood-forming organs and certain disorders involving the immune mechanism,Other diseases of blood and blood-forming organs,27649,56,1.85 [1.10-3.12],0.0202129177252966
ADA2,Adenosine deaminase 2,Chapter III Diseases of the blood and blood-forming organs and certain disorders involving the immune mechanism,Purpura and other haemorrhagic conditions,27951,197,2.84 [2.21-3.65],3.937627576975913e-16
ADA2,Adenosine deaminase 2,Chapter III Diseases of the blood and blood-forming organs and certain disorders involving the immune mechanism,Sarcoidosis,28071,71,3.00 [1.99-4.52],1.67706269904708e-07
ADA2,Adenosine deaminase 2,Chapter III Diseases of the blood and blood-forming organs and certain disorders involving the immune mechanism,"Thrombocytopenia, unspecified",27918,164,2.77 [2.10-3.66],6.637005905573226e-13
ADA2,Adenosine deaminase 2,Chapter III Diseases of the blood and blood-forming organs and certain disorders involving the immune mechanism,Vitamin B12 deficiency anaemia,26989,71,1.77 [1.11-2.82],0.0168755608441745
ADA2,Adenosine deaminase 2,"Chapter IV Endocrine, nutritional and metabolic diseases",Acidosis,24192,219,2.23 [1.73-2.86],4.116202264560143e-10
ADA2,Adenosine deaminase 2,"Chapter IV Endocrine, nutritional and metabolic diseases",Alcohol dependence,26209,139,1.56 [1.11-2.18],0.0100293463329284
ADA2,Adenosine deaminase 2,"Chapter IV Endocrine, nutritional and metabolic diseases",Deficiency of other B group vitamins,25787,154,1.59 [1.16-2.19],0.0041080403140844
ADA2,Adenosine deaminase 2,"Chapter IV Endocrine, nutritional and metabolic diseases","Delirium, not induced by alcohol and other psychoactive substances",28010,173,2.09 [1.57-2.78],3.717459887613402e-07
ADA2,Adenosine deaminase 2,"Chapter IV Endocrine, nutritional and metabolic diseases",Depression,27735,1668,1.35 [1.22-1.50],5.2708308835417614e-09
ADA2,Adenosine deaminase 2,"Chapter IV Endocrine, nutritional and metabolic diseases",Depression or dysthymia,25209,1616,1.38 [1.24-1.53],1.092143086169689e-09
ADA2,Adenosine deaminase 2,"Chapter IV Endocrine, nutritional and metabolic diseases","Disorder of thyroid, unspecified",26436,56,2.23 [1.34-3.74],0.0022055151125872
ADA2,Adenosine deaminase 2,"Chapter IV Endocrine, nutritional and metabolic diseases",Disorders of calcium metabolism,24168,195,2.10 [1.60-2.77],1.1530684097420384e-07
ADA2,Adenosine deaminase 2,"Chapter IV Endocrine, nutritional and metabolic diseases",Disorders of iron metabolism,24039,66,1.87 [1.15-3.05],0.0120733285275467
ADA2,Adenosine deaminase 2,"Chapter IV Endocrine, nutritional and metabolic diseases",Disorders of lipoprotein metabolism and other lipidaemias,26407,2434,1.31 [1.21-1.42],1.8092883077996263e-10
ADA2,Adenosine deaminase 2,"Chapter IV Endocrine, nutritional and metabolic diseases",Disorders of magnesium metabolism,24094,121,1.50 [1.04-2.18],0.0306056608228729
ADA2,Adenosine deaminase 2,"Chapter IV Endocrine, nutritional and metabolic diseases",Disorders of mineral metabolism,24370,397,1.81 [1.49-2.21],4.4371559207127576e-09
ADA2,Adenosine deaminase 2,"Chapter IV Endocrine, nutritional and metabolic diseases",Disorders of other endocrine glands,28049,282,1.31 [1.02-1.67],0.0339148755140898
ADA2,Adenosine deaminase 2,"Chapter IV Endocrine, nutritional and metabolic diseases",Disorders of parathyroid gland,27881,114,1.48 [1.01-2.16],0.0445463316919289
ADA2,Adenosine deaminase 2,"Chapter IV Endocrine, nutritional and metabolic diseases","Disorders of plasma-protein metabolism, not elsewhere classified",24011,38,3.75 [2.26-6.23],3.2391209789762414e-07
ADA2,Adenosine deaminase 2,"Chapter IV Endocrine, nutritional and metabolic diseases",Disorders of the thyroid gland,27716,1336,1.44 [1.29-1.61],1.9150777030245488e-10
ADA2,Adenosine deaminase 2,"Chapter IV Endocrine, nutritional and metabolic diseases",Fluid overload,24105,132,3.46 [2.61-4.58],4.2594690925873796e-18
ADA2,Adenosine deaminase 2,"Chapter IV Endocrine, nutritional and metabolic diseases",Hyperkalaemia,24143,170,2.95 [2.27-3.83],4.837524893445852e-16
ADA2,Adenosine deaminase 2,"Chapter IV Endocrine, nutritional and metabolic diseases","Hyperlipidaemia, other/unspecified",24372,399,1.49 [1.22-1.82],0.0001138899907291
ADA2,Adenosine deaminase 2,"Chapter IV Endocrine, nutritional and metabolic diseases",Hyperosmolality and hypernatraemia,24034,61,1.99 [1.23-3.23],0.0052761892616311
ADA2,Adenosine deaminase 2,"Chapter IV Endocrine, nutritional and metabolic diseases",Hyperparathyroidism,27874,107,1.51 [1.02-2.23],0.0410059565370907
ADA2,Adenosine deaminase 2,"Chapter IV Endocrine, nutritional and metabolic diseases",Hypo-osmolality and hyponatraemia,24278,305,2.02 [1.61-2.52],6.541859908518721e-10
ADA2,Adenosine deaminase 2,"Chapter IV Endocrine, nutritional and metabolic diseases",Hypokalaemia,24271,298,1.40 [1.10-1.78],0.0060144284488315
ADA2,Adenosine deaminase 2,"Chapter IV Endocrine, nutritional and metabolic diseases",Iron deficiency,25690,57,2.24 [1.36-3.70],0.0016242294120461
ADA2,Adenosine deaminase 2,"Chapter IV Endocrine, nutritional and metabolic diseases",Metabolic disorders,27456,3483,1.34 [1.25-1.43],3.16229058859524e-16
ADA2,Adenosine deaminase 2,"Chapter IV Endocrine, nutritional and metabolic diseases",Other anxiety disorders,27827,1266,1.17 [1.04-1.32],0.0089161109003814
ADA2,Adenosine deaminase 2,"Chapter IV Endocrine, nutritional and metabolic diseases","Other disorders of fluid, electrolyte and acid-base balance",24891,918,1.93 [1.70-2.19],1.0491172407651457e-23
ADA2,Adenosine deaminase 2,"Chapter IV Endocrine, nutritional and metabolic diseases",Other disorders of glucose regulation and pancreatic internal secretion,28145,139,3.62 [2.76-4.74],9.429937156548376e-21
ADA2,Adenosine deaminase 2,"Chapter IV Endocrine, nutritional and metabolic diseases",Other mental disorders due to brain damage and dysfunction and to physical disease,27872,35,2.28 [1.24-4.20],0.0080138338219035
ADA2,Adenosine deaminase 2,"Chapter IV Endocrine, nutritional and metabolic diseases","Postprocedural endocrine and metabolic disorders, not elsewhere classified",24108,135,1.59 [1.12-2.28],0.0102061343981974
ADA2,Adenosine deaminase 2,"Chapter IV Endocrine, nutritional and metabolic diseases",Type 1 diabetes without complications,26320,124,4.31 [3.30-5.63],9.076050247364028e-27
ADA2,Adenosine deaminase 2,"Chapter IV Endocrine, nutritional and metabolic diseases",Type 2 diabetes with neurological complications,1749,71,3.10 [2.06-4.65],5.56935512193392e-08
ADA2,Adenosine deaminase 2,"Chapter IV Endocrine, nutritional and metabolic diseases",Type 2 diabetes with ophthalmic complications,1858,195,2.28 [1.78-2.91],7.150941980461964e-11
ADA2,Adenosine deaminase 2,"Chapter IV Endocrine, nutritional and metabolic diseases",Type 2 diabetes with peripheral circulatory complications,26236,40,6.11 [3.95-9.45],4.604762662586903e-16
ADA2,Adenosine deaminase 2,"Chapter IV Endocrine, nutritional and metabolic diseases",Type 2 diabetes with renal complications,1716,38,2.90 [1.70-4.95],9.60287312959781e-05
ADA2,Adenosine deaminase 2,"Chapter IV Endocrine, nutritional and metabolic diseases",Type 2 diabetes without complications,27721,1525,2.20 [2.00-2.42],2.5737218524688e-59
ADA2,Adenosine deaminase 2,"Chapter IV Endocrine, nutritional and metabolic diseases",Vitamin D deficiency,25914,281,1.78 [1.41-2.24],1.1292886658172127e-06
ADA2,Adenosine deaminase 2,"Chapter IV Endocrine, nutritional and metabolic diseases",Volume depletion,24392,419,1.85 [1.53-2.24],3.090373479797834e-10
ADA2,Adenosine deaminase 2,Chapter IX Diseases of the circulatory system,Abdominal aortic aneurysm (AAA),27411,57,2.03 [1.23-3.35],0.0058776243059297
ADA2,Adenosine deaminase 2,Chapter IX Diseases of the circulatory system,Angina pectoris,26853,797,1.58 [1.37-1.82],1.5161740371411363e-10
ADA2,Adenosine deaminase 2,Chapter IX Diseases of the circulatory system,Aortic aneurysm,27458,104,1.65 [1.12-2.44],0.0115152075386593
ADA2,Adenosine deaminase 2,Chapter IX Diseases of the circulatory system,Arterial embolism and thrombosis of lower extremity artery,27383,29,2.03 [1.03-4.00],0.041110772057409
ADA2,Adenosine deaminase 2,Chapter IX Diseases of the circulatory system,"Atherosclerosis, excluding cerebral and coronary sclerosis",27461,107,2.73 [1.95-3.82],5.029498254596308e-09
ADA2,Adenosine deaminase 2,Chapter IX Diseases of the circulatory system,Atrial fibrillation and flutter,20089,956,1.61 [1.42-1.84],4.644843816527227e-13
ADA2,Adenosine deaminase 2,Chapter IX Diseases of the circulatory system,AV-block,25643,188,1.36 [1.01-1.83],0.045875906352795
ADA2,Adenosine deaminase 2,Chapter IX Diseases of the circulatory system,"Bradycardia, unspecified, drug-induced",28120,263,1.32 [1.03-1.71],0.0311412190141539
ADA2,Adenosine deaminase 2,Chapter IX Diseases of the circulatory system,Cardiac arrest,19249,116,2.37 [1.68-3.33],8.053229189649622e-07
ADA2,Adenosine deaminase 2,Chapter IX Diseases of the circulatory system,Cardiomyopathy,25590,135,1.77 [1.26-2.49],0.0011004200682719
ADA2,Adenosine deaminase 2,Chapter IX Diseases of the circulatory system,"Cardiomyopathy, other and unspecified",25536,81,1.98 [1.29-3.05],0.0019156058546907
ADA2,Adenosine deaminase 2,Chapter IX Diseases of the circulatory system,Conduction disorders,25993,538,1.47 [1.23-1.75],2.0316006798172387e-05
ADA2,Adenosine deaminase 2,Chapter IX Diseases of the circulatory system,Coronary atherosclerosis,27427,1382,1.54 [1.39-1.72],1.7810664571095133e-15
ADA2,Adenosine deaminase 2,Chapter IX Diseases of the circulatory system,Death due to cardiac causes,26195,6143,1.24 [1.18-1.31],4.736060964185225e-15
ADA2,Adenosine deaminase 2,Chapter IX Diseases of the circulatory system,"Heart failure, strict",28035,523,2.04 [1.74-2.40],5.450066447085397e-18
ADA2,Adenosine deaminase 2,Chapter IX Diseases of the circulatory system,Hypertension,26776,4999,1.25 [1.18-1.32],1.975511472657225e-13
ADA2,Adenosine deaminase 2,Chapter IX Diseases of the circulatory system,"Hypertension, essential",26793,5016,1.25 [1.18-1.33],1.0152262563959297e-13
ADA2,Adenosine deaminase 2,Chapter IX Diseases of the circulatory system,"Hypertension, portal",27987,59,7.76 [5.80-10.37],2.0138233241429384e-43
ADA2,Adenosine deaminase 2,Chapter IX Diseases of the circulatory system,"Hypertension, Pulmonary Arterial",21865,88,3.15 [2.21-4.50],2.7045745666030514e-10
ADA2,Adenosine deaminase 2,Chapter IX Diseases of the circulatory system,Hypertensive Renal Disease,21844,67,2.75 [1.80-4.18],2.646051123361569e-06
ADA2,Adenosine deaminase 2,Chapter IX Diseases of the circulatory system,Hypotension,28050,705,1.72 [1.48-2.00],9.117396652229862e-13
ADA2,Adenosine deaminase 2,Chapter IX Diseases of the circulatory system,"Ischaemic heart disease, wide definition",27588,1532,1.47 [1.33-1.63],1.6876017879822546e-13
ADA2,Adenosine deaminase 2,Chapter IX Diseases of the circulatory system,"Ischaemic Stroke, excluding all haemorrhages",27922,307,1.45 [1.16-1.83],0.001329470623729
ADA2,Adenosine deaminase 2,Chapter IX Diseases of the circulatory system,Left bundle-branch block,25646,191,1.71 [1.28-2.28],0.0002740702217557
ADA2,Adenosine deaminase 2,Chapter IX Diseases of the circulatory system,Major coronary heart disease event,27895,601,1.53 [1.30-1.80],3.356701782076252e-07
ADA2,Adenosine deaminase 2,Chapter IX Diseases of the circulatory system,"Myocardial infarction, strict",26548,492,1.57 [1.31-1.88],9.746520247386818e-07
ADA2,Adenosine deaminase 2,Chapter IX Diseases of the circulatory system,"Myocardial infarction, without ST-elevation",28141,201,1.89 [1.44-2.48],4.437507886615434e-06
ADA2,Adenosine deaminase 2,Chapter IX Diseases of the circulatory system,Oesophageal varices,26823,41,7.80 [5.71-10.66],4.387604648365199e-38
ADA2,Adenosine deaminase 2,Chapter IX Diseases of the circulatory system,Other arrhythmias,25692,237,1.71 [1.32-2.22],5.256052333157624e-05
ADA2,Adenosine deaminase 2,Chapter IX Diseases of the circulatory system,Other diseases of arteries and capillaries,27500,146,2.78 [2.08-3.70],4.118888394937336e-12
ADA2,Adenosine deaminase 2,Chapter IX Diseases of the circulatory system,Other embolism and thrombosis,26830,48,2.02 [1.15-3.56],0.0146550468013871
ADA2,Adenosine deaminase 2,Chapter IX Diseases of the circulatory system,Other or ill-defined heart diseases,26046,591,1.73 [1.47-2.03],2.497520381891592e-11
ADA2,Adenosine deaminase 2,Chapter IX Diseases of the circulatory system,Other other unspecified disorders of the circulatory system,27393,48,5.48 [3.74-8.03],2.3370084492111255e-18
ADA2,Adenosine deaminase 2,Chapter IX Diseases of the circulatory system,Other peripheral vascular diseases,27702,348,2.11 [1.72-2.58],9.409502688056385e-13
ADA2,Adenosine deaminase 2,Chapter IX Diseases of the circulatory system,Other pulmonary heart/vessel disease,27709,158,2.87 [2.19-3.75],1.433639245504959e-14
ADA2,Adenosine deaminase 2,Chapter IX Diseases of the circulatory system,"Other specified cerebrovascular diseases, other cerebrovascular disorders in diseases classified elsewhere",27568,240,1.83 [1.43-2.34],2.006120503142767e-06
ADA2,Adenosine deaminase 2,Chapter IX Diseases of the circulatory system,Paroxysmal tachycardia,19386,253,1.98 [1.54-2.53],6.772024673164582e-08
ADA2,Adenosine deaminase 2,Chapter IX Diseases of the circulatory system,Peripheral artery disease,27542,213,2.66 [2.09-3.37],1.2317719711105494e-15
ADA2,Adenosine deaminase 2,Chapter IX Diseases of the circulatory system,Rheumatic valve diseases,28115,337,1.78 [1.44-2.20],1.2170548216081806e-07
ADA2,Adenosine deaminase 2,Chapter IX Diseases of the circulatory system,Right bundle-branch block,25635,180,1.58 [1.16-2.14],0.003434979088439
ADA2,Adenosine deaminase 2,Chapter IX Diseases of the circulatory system,Secondary right heart disease,27705,154,2.84 [2.16-3.73],5.612265021037694e-14
ADA2,Adenosine deaminase 2,Chapter IX Diseases of the circulatory system,Sequelae of cerebrovascular disease,27446,118,1.89 [1.32-2.69],0.0004463305069728
ADA2,Adenosine deaminase 2,Chapter IX Diseases of the circulatory system,"Stroke, excluding SAH",27916,359,1.41 [1.14-1.74],0.0015148658865409
ADA2,Adenosine deaminase 2,Chapter IX Diseases of the circulatory system,"Stroke, including SAH",27889,395,1.45 [1.19-1.78],0.0002835816427272
ADA2,Adenosine deaminase 2,Chapter IX Diseases of the circulatory system,Transient ischemic attack,27760,145,1.63 [1.16-2.27],0.0043233082835896
ADA2,Adenosine deaminase 2,Chapter IX Diseases of the circulatory system,Unstable angina pectoris,27471,177,1.63 [1.21-2.18],0.0011209623452782
ADA2,Adenosine deaminase 2,Chapter IX Diseases of the circulatory system,Vascular diseases of the intestine,27362,47,2.22 [1.28-3.85],0.0047100029094118
ADA2,Adenosine deaminase 2,Chapter V Mental and behavioural disorders,"Anxiety disorders, excluding more controls",25105,1453,1.21 [1.08-1.35],0.0009054056708408
ADA2,Adenosine deaminase 2,Chapter V Mental and behavioural disorders,Any mental disorder,27389,3737,1.18 [1.10-1.27],1.839337684167593e-06
ADA2,Adenosine deaminase 2,Chapter V Mental and behavioural disorders,"Mood disorders, excluding more controls",25348,1696,1.38 [1.25-1.52],3.9265707267166816e-10
ADA2,Adenosine deaminase 2,Chapter V Mental and behavioural disorders,Smoking dependency,27611,1544,1.27 [1.14-1.41],7.666521592825704e-06
ADA2,Adenosine deaminase 2,Chapter V Mental and behavioural disorders,"Substance abuse, excluding more controls",25445,1793,1.14 [1.03-1.25],0.0121815177529006
ADA2,Adenosine deaminase 2,Chapter VI Diseases of the nervous system,Bell's palsy,26457,74,1.62 [1.02-2.57],0.040693281864609
ADA2,Adenosine deaminase 2,Chapter VI Diseases of the nervous system,Cerebral cysts,27795,209,1.46 [1.10-1.94],0.0082895189167054
ADA2,Adenosine deaminase 2,Chapter VI Diseases of the nervous system,Diseases of the myoneural junction and muscle,28142,53,1.93 [1.15-3.23],0.0129450839774452
ADA2,Adenosine deaminase 2,Chapter VI Diseases of the nervous system,Epilepsy,26557,262,1.36 [1.05-1.75],0.0195461334253109
ADA2,Adenosine deaminase 2,Chapter VI Diseases of the nervous system,Episodal and paroxysmal disorders,27663,1368,1.30 [1.17-1.46],2.9131314825413296e-06
ADA2,Adenosine deaminase 2,Chapter VI Diseases of the nervous system,Extrapyramidal and movement disorders,28126,275,1.46 [1.15-1.87],0.0023582900897045
ADA2,Adenosine deaminase 2,Chapter VI Diseases of the nervous system,Falls/tendency to fall,27626,1666,1.34 [1.22-1.49],1.0059741056299458e-08
ADA2,Adenosine deaminase 2,Chapter VI Diseases of the nervous system,Generalized epilepsy,27781,52,2.54 [1.51-4.27],0.0004592139182419
ADA2,Adenosine deaminase 2,Chapter VI Diseases of the nervous system,Hemiplegia,28005,165,1.39 [1.02-1.91],0.0374281120718407
ADA2,Adenosine deaminase 2,Chapter VI Diseases of the nervous system,"Nerve, nerve root and plexus disorders",27539,1156,1.19 [1.05-1.34],0.0062945146789886
ADA2,Adenosine deaminase 2,Chapter VI Diseases of the nervous system,Neurological diseases,26704,3147,1.27 [1.18-1.37],2.382050597487088e-10
ADA2,Adenosine deaminase 2,Chapter VI Diseases of the nervous system,Other and unspecified degenerative diseases of nervous system,28066,75,1.78 [1.14-2.78],0.0114147347604764
ADA2,Adenosine deaminase 2,Chapter VI Diseases of the nervous system,"Other and unspecified polyneuropathies, also in other diseases",28083,241,2.65 [2.11-3.33],4.92070760295369e-17
ADA2,Adenosine deaminase 2,Chapter VI Diseases of the nervous system,Other degenerative diseases of the nervous system,23467,304,1.39 [1.09-1.77],0.007946958689968
ADA2,Adenosine deaminase 2,Chapter VI Diseases of the nervous system,Other disorders of nervous system,27701,115,1.48 [1.02-2.15],0.0366003742080008
ADA2,Adenosine deaminase 2,Chapter VI Diseases of the nervous system,Other extrapyramidal and movement disorders in other diseases,27943,92,2.51 [1.71-3.67],2.257491530567456e-06
ADA2,Adenosine deaminase 2,Chapter VI Diseases of the nervous system,Other facial nerve disorders,26475,92,1.72 [1.14-2.60],0.0092010974069298
ADA2,Adenosine deaminase 2,Chapter VI Diseases of the nervous system,Other neurological diseases,28030,444,1.38 [1.14-1.67],0.0011801393972755
ADA2,Adenosine deaminase 2,Chapter VI Diseases of the nervous system,Other sleep disorders,26890,595,1.30 [1.10-1.54],0.0016969636180037
ADA2,Adenosine deaminase 2,Chapter VI Diseases of the nervous system,Restless leg syndrome,28155,46,2.52 [1.47-4.32],0.000825992082627
ADA2,Adenosine deaminase 2,Chapter VI Diseases of the nervous system,Sleep apnoea,27900,516,1.25 [1.05-1.49],0.012807986155976
ADA2,Adenosine deaminase 2,Chapter VI Diseases of the nervous system,Small fibre neuropathy,27880,38,2.35 [1.28-4.32],0.0057098881840631
ADA2,Adenosine deaminase 2,"Chapter VII Diseases of the eye, adnexa, ear and mastoid process",Background diabetic retinopathy,28064,196,4.08 [3.28-5.07],1.7442369989614224e-36
ADA2,Adenosine deaminase 2,"Chapter VII Diseases of the eye, adnexa, ear and mastoid process","Diabetic nephropathy, excluding more controls",1723,45,2.80 [1.71-4.58],4.425961272235064e-05
ADA2,Adenosine deaminase 2,"Chapter VII Diseases of the eye, adnexa, ear and mastoid process",Diabetic neuropathy,2032,88,2.81 [1.97-4.02],1.4521651836023252e-08
ADA2,Adenosine deaminase 2,"Chapter VII Diseases of the eye, adnexa, ear and mastoid process",Disorders of choroid and retina,28024,630,1.76 [1.50-2.06],2.5363598216802146e-12
ADA2,Adenosine deaminase 2,"Chapter VII Diseases of the eye, adnexa, ear and mastoid process","Disorders of eyelid, lacrimal system and orbit",27851,492,1.24 [1.03-1.50],0.0222924557779019
ADA2,Adenosine deaminase 2,"Chapter VII Diseases of the eye, adnexa, ear and mastoid process",Disorders of lacrimal system,27499,140,1.54 [1.09-2.19],0.014910339439728
ADA2,Adenosine deaminase 2,"Chapter VII Diseases of the eye, adnexa, ear and mastoid process","Disorders of sclera, cornea, iris and ciliary body",28112,223,1.32 [1.00-1.74],0.0499100429054471
ADA2,Adenosine deaminase 2,"Chapter VII Diseases of the eye, adnexa, ear and mastoid process",Ectropion of eyelid,27377,18,2.40 [1.01-5.72],0.0486460938453554
ADA2,Adenosine deaminase 2,"Chapter VII Diseases of the eye, adnexa, ear and mastoid process",Epiphora,27392,33,2.06 [1.04-4.10],0.0391267156545648
ADA2,Adenosine deaminase 2,"Chapter VII Diseases of the eye, adnexa, ear and mastoid process",Glaucoma suspect,27815,102,1.53 [1.03-2.29],0.036722244817901
ADA2,Adenosine deaminase 2,"Chapter VII Diseases of the eye, adnexa, ear and mastoid process",Myopia,27743,160,0.61 [0.43-0.86],0.0048852608528096
ADA2,Adenosine deaminase 2,"Chapter VII Diseases of the eye, adnexa, ear and mastoid process",Other cataract,27440,1083,1.34 [1.19-1.52],3.55255793522738e-06
ADA2,Adenosine deaminase 2,"Chapter VII Diseases of the eye, adnexa, ear and mastoid process",Other specified and unspecified retinal disorders,27465,71,2.73 [1.80-4.16],2.518267490473853e-06
ADA2,Adenosine deaminase 2,"Chapter VII Diseases of the eye, adnexa, ear and mastoid process",Ptosis of eyelid,27452,93,1.75 [1.16-2.63],0.0075163770974643
ADA2,Adenosine deaminase 2,"Chapter VII Diseases of the eye, adnexa, ear and mastoid process",Senile cataract,27198,841,1.20 [1.04-1.39],0.0120180914474314
ADA2,Adenosine deaminase 2,"Chapter VII Diseases of the eye, adnexa, ear and mastoid process",Visual disturbances,27937,311,1.29 [1.02-1.63],0.034994161494192
ADA2,Adenosine deaminase 2,"Chapter VII Diseases of the eye, adnexa, ear and mastoid process",Visual impairment including blindness (binocular or monocular),27757,131,2.14 [1.54-2.96],5.14593163490015e-06
ADA2,Adenosine deaminase 2,Chapter VIII Diseases of the ear and mastoid process,Labyrinthitis,27956,55,1.89 [1.12-3.21],0.0173940501332475
ADA2,Adenosine deaminase 2,Chapter VIII Diseases of the ear and mastoid process,Other disorders of ear,28069,532,1.22 [1.02-1.46],0.0318084383199218
ADA2,Adenosine deaminase 2,Chapter VIII Diseases of the ear and mastoid process,Other specified/unspecified hearing loss,27866,329,1.53 [1.22-1.91],0.0001954279029
ADA2,Adenosine deaminase 2,Chapter X Diseases of the respiratory system,Acute upper respiratory infections,28018,239,1.44 [1.11-1.88],0.0067300555614053
ADA2,Adenosine deaminase 2,Chapter X Diseases of the respiratory system,Acute upper respiratory infections of multiple and unspecified sites,27843,64,1.86 [1.14-3.03],0.0128389239700535
ADA2,Adenosine deaminase 2,Chapter X Diseases of the respiratory system,All influenza,26815,80,2.50 [1.68-3.73],7.271408629962717e-06
ADA2,Adenosine deaminase 2,Chapter X Diseases of the respiratory system,All influenza (not pneumonia),26813,78,2.57 [1.71-3.84],4.674997362039408e-06
ADA2,Adenosine deaminase 2,Chapter X Diseases of the respiratory system,"Asthma, excluding more controls",22395,1799,1.20 [1.09-1.33],0.0002821072204516
ADA2,Adenosine deaminase 2,Chapter X Diseases of the respiratory system,"Asthma, unspecified (mode)",22514,1770,1.20 [1.08-1.33],0.0004048355314312
ADA2,Adenosine deaminase 2,Chapter X Diseases of the respiratory system,Bacterial pneumonia (organism specified),27861,97,3.10 [2.20-4.39],1.4429295184836063e-10
ADA2,Adenosine deaminase 2,Chapter X Diseases of the respiratory system,"Bacterial pneumonia, not elsewhere classified",26793,58,4.41 [2.96-6.57],3.102095068131796e-13
ADA2,Adenosine deaminase 2,Chapter X Diseases of the respiratory system,Bronchiectasis,25057,187,2.22 [1.67-2.93],2.618619642462556e-08
ADA2,Adenosine deaminase 2,Chapter X Diseases of the respiratory system,"Bronchitis, not specified as acute or chronic",24914,44,1.82 [1.01-3.29],0.0461990919517703
ADA2,Adenosine deaminase 2,Chapter X Diseases of the respiratory system,Chronic lower respiratory diseases,27277,2407,1.28 [1.18-1.40],1.0899146568150833e-08
ADA2,Adenosine deaminase 2,Chapter X Diseases of the respiratory system,"COPD, hospital admissions 1, only main diagnosis",28048,734,1.55 [1.34-1.79],4.795159373394919e-09
ADA2,Adenosine deaminase 2,Chapter X Diseases of the respiratory system,Diseases of the respiratory system,26205,4339,1.25 [1.18-1.34],3.5472199531367205e-12
ADA2,Adenosine deaminase 2,Chapter X Diseases of the respiratory system,Early onset COPD,27829,515,1.59 [1.33-1.89],2.0014576282269481e-07
ADA2,Adenosine deaminase 2,Chapter X Diseases of the respiratory system,Emphysema,25060,190,1.93 [1.45-2.58],6.33010045810228e-06
ADA2,Adenosine deaminase 2,Chapter X Diseases of the respiratory system,Idiopathic pulmonary fibrosis,26888,113,3.55 [2.61-4.82],6.867775365852372e-16
ADA2,Adenosine deaminase 2,Chapter X Diseases of the respiratory system,Influenza and pneumonia,27969,1234,1.59 [1.42-1.78],5.476524820583947e-16
ADA2,Adenosine deaminase 2,Chapter X Diseases of the respiratory system,Interstitial lung disease,26913,138,3.09 [2.31-4.15],5.1088888233794926e-14
ADA2,Adenosine deaminase 2,Chapter X Diseases of the respiratory system,Later onset COPD,26687,219,1.52 [1.16-1.99],0.0022365716084782
ADA2,Adenosine deaminase 2,Chapter X Diseases of the respiratory system,Lung diseases due to external agents,28148,159,1.86 [1.37-2.52],6.695326805365694e-05
ADA2,Adenosine deaminase 2,Chapter X Diseases of the respiratory system,Other acute lower respiratory infections,27945,624,1.76 [1.51-2.06],1.2601074529767826e-12
ADA2,Adenosine deaminase 2,Chapter X Diseases of the respiratory system,Other diseases of pleura,27975,1266,1.46 [1.31-1.64],4.677935098061075e-11
ADA2,Adenosine deaminase 2,Chapter X Diseases of the respiratory system,Other respiratory diseases principally affecting the interstitium,28099,198,2.69 [2.09-3.47],2.2629534845314763e-14
ADA2,Adenosine deaminase 2,Chapter X Diseases of the respiratory system,Other respiratory disorders and diseases,28071,867,1.55 [1.35-1.77],2.6959838412898566e-10
ADA2,Adenosine deaminase 2,Chapter X Diseases of the respiratory system,Pleural effusion,27313,604,1.60 [1.36-1.88],1.742720147896792e-08
ADA2,Adenosine deaminase 2,Chapter X Diseases of the respiratory system,"Pneumonia, organism unspecified",27758,1023,1.54 [1.36-1.75],7.258563663631124e-12
ADA2,Adenosine deaminase 2,Chapter X Diseases of the respiratory system,Pneumonitis due to solids and liquids,28128,139,1.73 [1.25-2.41],0.0010807105388377
ADA2,Adenosine deaminase 2,Chapter X Diseases of the respiratory system,Pulmonary oedema,27940,39,2.36 [1.32-4.22],0.0037422381606871
ADA2,Adenosine deaminase 2,Chapter X Diseases of the respiratory system,Respiratory insufficiency,20782,38,2.26 [1.24-4.14],0.0079971000090256
ADA2,Adenosine deaminase 2,Chapter X Diseases of the respiratory system,Unspecified acute lower respiratory infection,27926,605,1.77 [1.51-2.08],1.4946670507774024e-12
ADA2,Adenosine deaminase 2,Chapter X Diseases of the respiratory system,Viral pneumonia,26928,193,1.44 [1.08-1.91],0.0131792147179812
ADA2,Adenosine deaminase 2,Chapter X Diseases of the respiratory system,"Viral pneumonia (unknown virus, not influenza)",27880,165,1.49 [1.10-2.02],0.0108736327510771
ADA2,Adenosine deaminase 2,Chapter XI Diseases of the digestive system,Abscess of anal and rectal regions,21560,65,1.77 [1.08-2.88],0.022934844337314
ADA2,Adenosine deaminase 2,Chapter XI Diseases of the digestive system,Acute gastritis,22501,75,2.12 [1.35-3.34],0.0011489343014564
ADA2,Adenosine deaminase 2,Chapter XI Diseases of the digestive system,Acute peritonitis,27710,77,2.21 [1.43-3.39],0.0003205585481151
ADA2,Adenosine deaminase 2,Chapter XI Diseases of the digestive system,Alcoholic liver disease,27348,85,3.64 [2.55-5.19],1.0973647881619057e-12
ADA2,Adenosine deaminase 2,Chapter XI Diseases of the digestive system,Cholecystitis,26551,184,1.36 [1.00-1.83],0.0472242116850188
ADA2,Adenosine deaminase 2,Chapter XI Diseases of the digestive system,Cholelithiasis,27288,921,1.29 [1.12-1.48],0.0002616460810432
ADA2,Adenosine deaminase 2,Chapter XI Diseases of the digestive system,Chronic gastritis,22691,265,1.79 [1.40-2.30],3.7315685216618313e-06
ADA2,Adenosine deaminase 2,Chapter XI Diseases of the digestive system,Chronic pancreatitis,26411,44,3.04 [1.81-5.10],2.7867083395845245e-05
ADA2,Adenosine deaminase 2,Chapter XI Diseases of the digestive system,"Cirrhosis of liver, NAS",28009,81,7.61 [5.90-9.80],2.001309310647232e-55
ADA2,Adenosine deaminase 2,Chapter XI Diseases of the digestive system,Coeliac disease,26694,121,4.16 [3.11-5.57],8.298459555049458e-22
ADA2,Adenosine deaminase 2,Chapter XI Diseases of the digestive system,Constipation,27928,1201,1.39 [1.24-1.57],4.437082093744563e-08
ADA2,Adenosine deaminase 2,Chapter XI Diseases of the digestive system,Crohn's disease NAS,26595,94,1.76 [1.16-2.67],0.0079807382675996
ADA2,Adenosine deaminase 2,Chapter XI Diseases of the digestive system,Diseases of liver,28035,772,2.06 [1.80-2.37],1.223363597014473e-24
ADA2,Adenosine deaminase 2,Chapter XI Diseases of the digestive system,"Diseases of oesophagus, stomach and duodenum",26410,3984,1.26 [1.17-1.34],2.6878847184246838e-11
ADA2,Adenosine deaminase 2,Chapter XI Diseases of the digestive system,"Diseases of oral cavity, salivary glands and jaws",27653,634,1.20 [1.02-1.42],0.0300949855908334
ADA2,Adenosine deaminase 2,Chapter XI Diseases of the digestive system,Diseases of peritoneum,28076,443,1.29 [1.06-1.56],0.0118631009453959
ADA2,Adenosine deaminase 2,Chapter XI Diseases of the digestive system,Diseases of salivary glands,26989,71,1.92 [1.21-3.04],0.0054816193739492
ADA2,Adenosine deaminase 2,Chapter XI Diseases of the digestive system,Diseases of the digestive system,27870,1297,1.32 [1.18-1.48],1.877291654688791e-06
ADA2,Adenosine deaminase 2,Chapter XI Diseases of the digestive system,"Disorders of gallbladder, biliary tract and pancreas",27635,1268,1.30 [1.16-1.46],8.529112383080546e-06
ADA2,Adenosine deaminase 2,Chapter XI Diseases of the digestive system,"Duodenal ulcer - Unspecified as acute or chronic, without haemorrhage or perforation, drug-induced",28084,112,1.48 [1.01-2.16],0.0423163265448592
ADA2,Adenosine deaminase 2,Chapter XI Diseases of the digestive system,Fibrosis and cirrhosis of liver,27366,103,6.58 [5.18-8.35],5.888709042379238e-54
ADA2,Adenosine deaminase 2,Chapter XI Diseases of the digestive system,Fissure and fistula of anal and rectal regions,21678,183,1.39 [1.03-1.89],0.032873486394811
ADA2,Adenosine deaminase 2,Chapter XI Diseases of the digestive system,Gastric ulcer,22714,288,1.46 [1.15-1.85],0.001997500656506
ADA2,Adenosine deaminase 2,Chapter XI Diseases of the digestive system,Gastro-oesophageal reflux disease,24727,2301,1.13 [1.03-1.23],0.0084618767751611
ADA2,Adenosine deaminase 2,Chapter XI Diseases of the digestive system,Gastroduodenal ulcer,22838,412,1.44 [1.18-1.76],0.0004058655027281
ADA2,Adenosine deaminase 2,Chapter XI Diseases of the digestive system,Gastrointestinal diseases,23007,8259,1.11 [1.06-1.16],2.132360182473073e-05
ADA2,Adenosine deaminase 2,Chapter XI Diseases of the digestive system,GI-bleeding,27615,1042,1.16 [1.02-1.33],0.0220182956376372
ADA2,Adenosine deaminase 2,Chapter XI Diseases of the digestive system,Haemorrhoids and perianal venous thrombosis,22444,1319,1.16 [1.03-1.31],0.011876048954931
ADA2,Adenosine deaminase 2,Chapter XI Diseases of the digestive system,"Hepatic failure, not elsewhere classified",27320,57,3.57 [2.31-5.50],8.615286519891065e-09
ADA2,Adenosine deaminase 2,Chapter XI Diseases of the digestive system,Intestinal malabsorption,26715,142,3.65 [2.75-4.85],3.267955652489956e-19
ADA2,Adenosine deaminase 2,Chapter XI Diseases of the digestive system,Nonalcoholic fatty liver disease,28130,403,1.78 [1.47-2.15],4.755370911095982e-09
ADA2,Adenosine deaminase 2,Chapter XI Diseases of the digestive system,Noninfectious colitis NAS,27214,713,1.43 [1.23-1.67],4.277562360574989e-06
ADA2,Adenosine deaminase 2,Chapter XI Diseases of the digestive system,Noninfective enteritis and colitis,27404,903,1.36 [1.18-1.56],1.492750241880564e-05
ADA2,Adenosine deaminase 2,Chapter XI Diseases of the digestive system,Oesophagitis,22925,499,1.49 [1.24-1.79],2.4140407842550296e-05
ADA2,Adenosine deaminase 2,Chapter XI Diseases of the digestive system,Oral lichen ruber planus,28113,136,1.49 [1.04-2.13],0.0296574055914182
ADA2,Adenosine deaminase 2,Chapter XI Diseases of the digestive system,Other and unspecified abdominal hernia,24233,52,0.48 [0.27-0.87],0.0157417396457821
ADA2,Adenosine deaminase 2,Chapter XI Diseases of the digestive system,Other diseases of intestines,26490,4995,1.10 [1.04-1.17],0.0020027282902592
ADA2,Adenosine deaminase 2,Chapter XI Diseases of the digestive system,Other diseases of liver,27891,628,2.05 [1.76-2.39],4.930960005955171e-20
ADA2,Adenosine deaminase 2,Chapter XI Diseases of the digestive system,Other diseases of oesophagus,22974,548,1.28 [1.07-1.53],0.0074236122365835
ADA2,Adenosine deaminase 2,Chapter XI Diseases of the digestive system,Other diseases of stomach and duodenum,23230,804,1.56 [1.35-1.80],1.6090386383984694e-09
ADA2,Adenosine deaminase 2,Chapter XI Diseases of the digestive system,Other diseases of the digestive system,27629,1056,1.17 [1.02-1.33],0.0198159095874842
ADA2,Adenosine deaminase 2,Chapter XI Diseases of the digestive system,Other functional intestinal disorders,22745,1250,1.38 [1.23-1.56],4.6452684880856254e-08
ADA2,Adenosine deaminase 2,Chapter XI Diseases of the digestive system,Other gastritis (incl. Duodenitis),24243,1817,1.53 [1.39-1.69],3.788363844855385e-18
ADA2,Adenosine deaminase 2,Chapter XI Diseases of the digestive system,Other inflammatory liver diseases,27346,83,3.72 [2.61-5.31],4.728780183770517e-13
ADA2,Adenosine deaminase 2,Chapter XI Diseases of the digestive system,Other noninfective gastroenteritis and colitis,27290,789,1.40 [1.21-1.62],5.587679105163861e-06
ADA2,Adenosine deaminase 2,Chapter XI Diseases of the digestive system,"Other or unspecified ileus, impaction or obstruction",21735,240,1.32 [1.01-1.73],0.0445413978662121
ADA2,Adenosine deaminase 2,Chapter XI Diseases of the digestive system,Recurring oral aphthae,28146,61,1.76 [1.05-2.95],0.0314218004256098
ADA2,Adenosine deaminase 2,Chapter XI Diseases of the digestive system,Stomatitis and related lesions,27035,132,1.61 [1.13-2.29],0.0087416061639237
ADA2,Adenosine deaminase 2,Chapter XI Diseases of the digestive system,Ulcer of oesophagus,22613,187,1.87 [1.40-2.50],2.3009202083496275e-05
ADA2,Adenosine deaminase 2,Chapter XI Diseases of the digestive system,Vascular disorders of the intestines,21596,101,1.82 [1.23-2.71],0.0028507049510687
ADA2,Adenosine deaminase 2,Chapter XII Diseases of the skin and subcutaneous tissue,Cellulitis,27521,566,1.49 [1.26-1.76],2.97596950748642e-06
ADA2,Adenosine deaminase 2,Chapter XII Diseases of the skin and subcutaneous tissue,Decubitus ulcer and pressure area,26681,178,2.31 [1.76-3.05],2.7440954462165154e-09
ADA2,Adenosine deaminase 2,Chapter XII Diseases of the skin and subcutaneous tissue,Dermatitis,27888,232,1.48 [1.13-1.94],0.004066227624373
ADA2,Adenosine deaminase 2,Chapter XII Diseases of the skin and subcutaneous tissue,Dermatitis and eczema,28055,399,1.57 [1.28-1.92],1.271089587987754e-05
ADA2,Adenosine deaminase 2,Chapter XII Diseases of the skin and subcutaneous tissue,Dermatitis due to substances taken internally,27705,49,2.02 [1.17-3.49],0.0121549669347749
ADA2,Adenosine deaminase 2,Chapter XII Diseases of the skin and subcutaneous tissue,Diseases of the skin and subcutaneous tissue,26668,2631,1.21 [1.12-1.32],3.770764887333721e-06
ADA2,Adenosine deaminase 2,Chapter XII Diseases of the skin and subcutaneous tissue,Disorders of skin appendages,27690,449,0.79 [0.64-0.97],0.0225663695489302
ADA2,Adenosine deaminase 2,Chapter XII Diseases of the skin and subcutaneous tissue,Infections of the skin and subcutaneous tissue,27762,807,1.38 [1.20-1.60],8.072871484736833e-06
ADA2,Adenosine deaminase 2,Chapter XII Diseases of the skin and subcutaneous tissue,Lupus erythematosus,26559,56,2.92 [1.81-4.71],1.1801384586436634e-05
ADA2,Adenosine deaminase 2,Chapter XII Diseases of the skin and subcutaneous tissue,Other and unspecified dermatitis,27881,225,1.50 [1.14-1.97],0.0036082935175643
ADA2,Adenosine deaminase 2,Chapter XII Diseases of the skin and subcutaneous tissue,Other and unspecified local infections of skin and subcutaneous tissue,27095,140,1.78 [1.28-2.49],0.0006751562037267
ADA2,Adenosine deaminase 2,Chapter XII Diseases of the skin and subcutaneous tissue,Other contact dermatitis,27689,33,2.78 [1.51-5.09],0.0009609792117875
ADA2,Adenosine deaminase 2,Chapter XII Diseases of the skin and subcutaneous tissue,Other disorders of pigmentation,26556,53,0.46 [0.25-0.82],0.0089063068336168
ADA2,Adenosine deaminase 2,Chapter XII Diseases of the skin and subcutaneous tissue,Other disorders of skin and subcutaneous tissue,27624,1121,1.31 [1.16-1.48],1.973610774113577e-05
ADA2,Adenosine deaminase 2,Chapter XII Diseases of the skin and subcutaneous tissue,"Ulcer of lower limb, not elsewhere classified",26636,133,2.64 [1.95-3.58],2.894545800888751e-10
ADA2,Adenosine deaminase 2,Chapter XIII Diseases of the musculoskeletal system and connective tissue,Diseases of the musculoskeletal system and connective tissue,24629,6384,1.10 [1.05-1.17],0.0002461679214249
ADA2,Adenosine deaminase 2,Chapter XIII Diseases of the musculoskeletal system and connective tissue,Disorders of continuity of bone,26750,108,1.71 [1.17-2.51],0.0060506621816283
ADA2,Adenosine deaminase 2,Chapter XIII Diseases of the musculoskeletal system and connective tissue,Disorders of muscles,24707,119,1.74 [1.21-2.49],0.0026002936522535
ADA2,Adenosine deaminase 2,Chapter XIII Diseases of the musculoskeletal system and connective tissue,Gonarthrosis,22867,1339,0.87 [0.78-0.98],0.0225194304462145
ADA2,Adenosine deaminase 2,Chapter XIII Diseases of the musculoskeletal system and connective tissue,"Gout, unspecified",28101,398,1.26 [1.03-1.54],0.0224972069493512
ADA2,Adenosine deaminase 2,Chapter XIII Diseases of the musculoskeletal system and connective tissue,Kyphosis,25122,29,2.13 [1.05-4.36],0.0373642502206643
ADA2,Adenosine deaminase 2,Chapter XIII Diseases of the musculoskeletal system and connective tissue,Osteomyelitis,26702,60,1.95 [1.20-3.18],0.0073985708222504
ADA2,Adenosine deaminase 2,Chapter XIII Diseases of the musculoskeletal system and connective tissue,Osteopathies and chondropathies,27814,1172,1.57 [1.40-1.78],1.495247398060666e-13
ADA2,Adenosine deaminase 2,Chapter XIII Diseases of the musculoskeletal system and connective tissue,Osteoporosis,27304,662,1.74 [1.48-2.04],1.6984743695094723e-11
ADA2,Adenosine deaminase 2,Chapter XIII Diseases of the musculoskeletal system and connective tissue,"Other (seronegative) rheumatoid arthritis, wide",28047,358,1.65 [1.34-2.03],2.956376847798195e-06
ADA2,Adenosine deaminase 2,Chapter XIII Diseases of the musculoskeletal system and connective tissue,Other arthrosis,23335,1807,1.11 [1.00-1.22],0.0453519041407009
ADA2,Adenosine deaminase 2,Chapter XIII Diseases of the musculoskeletal system and connective tissue,Other disorders of bone density and structure,26894,252,1.70 [1.31-2.21],7.023011798964146e-05
ADA2,Adenosine deaminase 2,Chapter XIII Diseases of the musculoskeletal system and connective tissue,Other disorders of the musculoskeletal system and connective tissue,28114,86,1.58 [1.03-2.43],0.0377485655298865
ADA2,Adenosine deaminase 2,Chapter XIII Diseases of the musculoskeletal system and connective tissue,"Other soft tissue disorders, not elsewhere classified",25711,1123,1.27 [1.12-1.43],0.0001920287889771
ADA2,Adenosine deaminase 2,Chapter XIII Diseases of the musculoskeletal system and connective tissue,Other specified/unspecified arthritis,22687,1159,1.18 [1.04-1.33],0.0077574762419291
ADA2,Adenosine deaminase 2,Chapter XIII Diseases of the musculoskeletal system and connective tissue,Other specified/unspecified soft tissue disorders,24995,407,1.45 [1.19-1.77],0.0002797738853607
ADA2,Adenosine deaminase 2,Chapter XIII Diseases of the musculoskeletal system and connective tissue,Other systemic involvement of connective tissue,27806,212,2.54 [1.96-3.29],1.76297355805691e-12
ADA2,Adenosine deaminase 2,Chapter XIII Diseases of the musculoskeletal system and connective tissue,Other/unspecified dorsalgia,25567,474,1.28 [1.06-1.55],0.0089526262709102
ADA2,Adenosine deaminase 2,Chapter XIII Diseases of the musculoskeletal system and connective tissue,Other/unspecified rheumatoid arthritis,28056,338,1.68 [1.35-2.08],2.3578628120321e-06
ADA2,Adenosine deaminase 2,Chapter XIII Diseases of the musculoskeletal system and connective tissue,Other/unspecified seropositive rheumatoid arthritis,28138,38,2.75 [1.53-4.96],0.0007502717398875
ADA2,Adenosine deaminase 2,Chapter XIII Diseases of the musculoskeletal system and connective tissue,Pain in joint,22601,609,1.36 [1.15-1.60],0.0003418937983318
ADA2,Adenosine deaminase 2,Chapter XIII Diseases of the musculoskeletal system and connective tissue,Polyarthropathies,23356,1828,1.23 [1.11-1.35],3.00281052754725e-05
ADA2,Adenosine deaminase 2,Chapter XIII Diseases of the musculoskeletal system and connective tissue,Polymyalgia rheumatica,27679,85,1.91 [1.24-2.93],0.0031855952170577
ADA2,Adenosine deaminase 2,Chapter XIII Diseases of the musculoskeletal system and connective tissue,"Postprocedural musculoskeletal disorders, not elsewhere classified",28080,52,1.87 [1.09-3.21],0.0227388282989651
ADA2,Adenosine deaminase 2,Chapter XIII Diseases of the musculoskeletal system and connective tissue,Rheumatoid arthritis,21890,362,1.74 [1.41-2.14],1.821677976125747e-07
ADA2,Adenosine deaminase 2,Chapter XIII Diseases of the musculoskeletal system and connective tissue,"Seropositive rheumatoid arthritis, wide",28141,41,2.72 [1.54-4.79],0.0005511936340766
ADA2,Adenosine deaminase 2,Chapter XIII Diseases of the musculoskeletal system and connective tissue,Sicca syndrome [Sjgren],27684,90,3.75 [2.62-5.38],6.392950106378759e-13
ADA2,Adenosine deaminase 2,Chapter XIII Diseases of the musculoskeletal system and connective tissue,Soft tissue disorders,27048,2460,1.15 [1.06-1.25],0.0011346420247794
ADA2,Adenosine deaminase 2,Chapter XIII Diseases of the musculoskeletal system and connective tissue,Systemic lupus erythematosus,27743,149,3.36 [2.53-4.47],5.703691658472672e-17
ADA2,Adenosine deaminase 2,Chapter XIII Diseases of the musculoskeletal system and connective tissue,Trigger finger,24750,162,1.65 [1.20-2.27],0.0018658140796809
ADA2,Adenosine deaminase 2,Chapter XIV Diseases of the genitourinary system,Acute renal failure,27575,880,2.21 [1.96-2.50],1.079974165666735e-36
ADA2,Adenosine deaminase 2,Chapter XIV Diseases of the genitourinary system,Calculus of kidney and ureter,27848,334,1.29 [1.03-1.61],0.0282753068269127
ADA2,Adenosine deaminase 2,Chapter XIV Diseases of the genitourinary system,Chronic kidney disease,27412,717,2.21 [1.93-2.54],1.7659449989681108e-29
ADA2,Adenosine deaminase 2,Chapter XIV Diseases of the genitourinary system,Chronic nephritic syndrome,27961,33,2.40 [1.28-4.49],0.0061071909108524
ADA2,Adenosine deaminase 2,Chapter XIV Diseases of the genitourinary system,Dialysis,26761,66,2.55 [1.63-3.98],4.09812142281284e-05
ADA2,Adenosine deaminase 2,Chapter XIV Diseases of the genitourinary system,Genitourinary diseases,23740,4380,1.23 [1.15-1.31],3.997663163172952e-10
ADA2,Adenosine deaminase 2,Chapter XIV Diseases of the genitourinary system,Glomerular disorders in diseases classified elsewhere,27999,71,4.31 [3.00-6.19],2.59459335090894e-15
ADA2,Adenosine deaminase 2,Chapter XIV Diseases of the genitourinary system,"Other chronic cystitis, drug-induced",28144,41,1.93 [1.06-3.52],0.0325630125685444
ADA2,Adenosine deaminase 2,Chapter XIV Diseases of the genitourinary system,Other diseases of urinary system,27268,1541,1.34 [1.21-1.49],3.076785782489621e-08
ADA2,Adenosine deaminase 2,Chapter XIV Diseases of the genitourinary system,Other disorders of kidney and ureter,28104,329,1.37 [1.10-1.71],0.0058381808786807
ADA2,Adenosine deaminase 2,Chapter XIV Diseases of the genitourinary system,Other disorders of prostate,11101,77,0.59 [0.37-0.96],0.0342886846922086
ADA2,Adenosine deaminase 2,Chapter XIV Diseases of the genitourinary system,Other disorders of urethra and urinary system,26840,1113,1.50 [1.33-1.70],4.064110652487824e-11
ADA2,Adenosine deaminase 2,Chapter XIV Diseases of the genitourinary system,Pain and other conditions associated with female genital organs and menstrual cycle,11422,83,0.60 [0.37-0.96],0.034280285968947
ADA2,Adenosine deaminase 2,Chapter XIV Diseases of the genitourinary system,Recurrent and persistent haematuria,27977,49,2.59 [1.56-4.31],0.000224703039883
ADA2,Adenosine deaminase 2,Chapter XIV Diseases of the genitourinary system,Renal tubulo-interstitial diseases,27949,1571,1.85 [1.68-2.04],6.338761306520666e-35
ADA2,Adenosine deaminase 2,Chapter XIV Diseases of the genitourinary system,"Tubulo-interstitial nephritis, not specified as acute or chronic",26524,146,2.07 [1.50-2.86],8.668121396150894e-06
ADA2,Adenosine deaminase 2,Chapter XIV Diseases of the genitourinary system,Unspecified kidney failure,26776,81,2.17 [1.44-3.28],0.0002384273962141
ADA2,Adenosine deaminase 2,Chapter XIV Diseases of the genitourinary system,Urethral stricture,25900,173,1.53 [1.12-2.08],0.0067009318043372
ADA2,Adenosine deaminase 2,Chapter XIV Diseases of the genitourinary system,Urolithiasis,27912,398,1.24 [1.01-1.53],0.0383585891707796
