Protein,Protein_definition,Disease_category,Disease,NB_individual,NB_case,OR[95%CI],P_value
FOXO1,Forkhead box protein O1,Chapter I Certain infectious and parasitic diseases,Certain infectious and parasitic diseases,24200,990,0.99 [0.93-1.06],0.875197799038744
FOXO1,Forkhead box protein O1,Chapter I Certain infectious and parasitic diseases,Implicit bacterial Sepsis,24112,193,0.95 [0.82-1.11],0.5399732856001042
FOXO1,Forkhead box protein O1,Chapter I Certain infectious and parasitic diseases,Intestinal infectious diseases,26129,192,1.01 [0.87-1.17],0.904551634851332
FOXO1,Forkhead box protein O1,Chapter I Certain infectious and parasitic diseases,Implicit Sepsis,18459,766,1.02 [0.94-1.10],0.6937798071926018
FOXO1,Forkhead box protein O1,Chapter I Certain infectious and parasitic diseases,Other bacterial intestinal infections,26060,123,0.88 [0.73-1.07],0.2082528888433344
FOXO1,Forkhead box protein O1,Chapter I Certain infectious and parasitic diseases,Explicit Sepsis,24988,83,0.92 [0.73-1.15],0.4568540115270686
FOXO1,Forkhead box protein O1,Chapter I Certain infectious and parasitic diseases,"Bacterial intestinal infections, IBD co-morbidities",27508,122,0.89 [0.74-1.08],0.2354360725271902
FOXO1,Forkhead box protein O1,Chapter I Certain infectious and parasitic diseases,Other specified/unspecified bacterial intestinal infections,27502,82,0.99 [0.79-1.25],0.9486936004546376
FOXO1,Forkhead box protein O1,Chapter I Certain infectious and parasitic diseases,Implicit viral Sepsis,24361,65,1.10 [0.85-1.43],0.4595530288617045
FOXO1,Forkhead box protein O1,Chapter I Certain infectious and parasitic diseases,Other bacterial diseases,26825,120,0.99 [0.82-1.20],0.9371704632135472
FOXO1,Forkhead box protein O1,Chapter I Certain infectious and parasitic diseases,Other septicaemia,26776,71,0.92 [0.72-1.18],0.5092642945435165
FOXO1,Forkhead box protein O1,Chapter I Certain infectious and parasitic diseases,Viral infections characterized by skin and mucous membrane lesions,27586,78,1.01 [0.79-1.27],0.9641190808575154
FOXO1,Forkhead box protein O1,Chapter I Certain infectious and parasitic diseases,Other viral diseases,27552,100,0.99 [0.80-1.22],0.9189871952249318
FOXO1,Forkhead box protein O1,Chapter I Certain infectious and parasitic diseases,"Other viral diseases, not elsewhere classified",27547,95,0.98 [0.79-1.21],0.8460447608254181
FOXO1,Forkhead box protein O1,Chapter I Certain infectious and parasitic diseases,Mycoses,27201,62,0.94 [0.72-1.22],0.6374714263787904
FOXO1,Forkhead box protein O1,Chapter I Certain infectious and parasitic diseases,"Bacterial, viral and other infectious agents",26384,436,0.98 [0.89-1.09],0.7649075751479061
FOXO1,Forkhead box protein O1,Chapter I Certain infectious and parasitic diseases,Streptococcus and staphylococcus as the cause of diseases classified to other chapters,26078,130,1.00 [0.83-1.20],0.9814663719172684
FOXO1,Forkhead box protein O1,Chapter I Certain infectious and parasitic diseases,Other bacterial agents as the cause of diseases classified to other chapters,26250,302,1.06 [0.94-1.19],0.3799869407110492
FOXO1,Forkhead box protein O1,Chapter II Neoplasms,"Malignant neoplasm of colon, excluding all cancers (controls excluding all cancers)",22565,50,0.74 [0.55-1.01],0.0555027668942135
FOXO1,Forkhead box protein O1,Chapter II Neoplasms,"Malignant melanoma of skin, excluding all cancers (controls excluding all cancers)",22579,64,nan [nan-nan],
FOXO1,Forkhead box protein O1,Chapter II Neoplasms,"Other malignant neoplasms of skin (=non-melanoma skin cancer), excluding all cancers (controls excluding all cancers)",22772,257,nan [nan-nan],
FOXO1,Forkhead box protein O1,Chapter II Neoplasms,"Squamous cell neoplasms and carcinomas of the skin, excluding all cancers (controls excluding all cancers)",22780,265,nan [nan-nan],
FOXO1,Forkhead box protein O1,Chapter II Neoplasms,"Malignant neoplasm of breast, excluding all cancers (controls excluding all cancers)",23190,675,0.92 [0.85-1.00],0.0436575521432228
FOXO1,Forkhead box protein O1,Chapter II Neoplasms,"Non-Hodgkin lymphoma, all, excluding all cancers (controls excluding all cancers)",22567,52,1.01 [0.76-1.35],0.9350201115981926
FOXO1,Forkhead box protein O1,Chapter III Diseases of the blood and blood-forming organs and certain disorders involving the immune mechanism,Diseases of the blood and blood-forming organs and certain disorders involving the immune mechanism,24735,1027,1.10 [1.03-1.18],0.0033173321151426
FOXO1,Forkhead box protein O1,Chapter II Neoplasms,"Benign neoplasm of colon, rectum, anus and anal canal",26507,294,1.05 [0.93-1.19],0.4491383287649355
FOXO1,Forkhead box protein O1,Chapter II Neoplasms,Benign neoplasm: Sigmoid colon,27243,109,0.99 [0.81-1.21],0.9345384646797436
FOXO1,Forkhead box protein O1,Chapter II Neoplasms,"Benign neoplasm: Colon, unspecified",27679,90,0.98 [0.78-1.22],0.8494779513050473
FOXO1,Forkhead box protein O1,Chapter II Neoplasms,Benign neoplasm: Rectum,27460,59,1.44 [1.11-1.87],0.0062087635721412
FOXO1,Forkhead box protein O1,Chapter II Neoplasms,Benign neoplasm of other and ill-defined parts of digestive system,27679,70,0.89 [0.69-1.15],0.3641041963421279
FOXO1,Forkhead box protein O1,Chapter II Neoplasms,Benign neoplasm: Stomach,27726,55,0.94 [0.71-1.25],0.6620420928862552
FOXO1,Forkhead box protein O1,Chapter II Neoplasms,Benign lipomatous neoplasm,27499,270,1.04 [0.92-1.18],0.5511744429841094
FOXO1,Forkhead box protein O1,Chapter II Neoplasms,Benign lipomatous neoplasm of skin and subcutaneous tissue of trunk,27673,106,1.15 [0.94-1.40],0.1879184744220325
FOXO1,Forkhead box protein O1,Chapter II Neoplasms,Benign lipomatous neoplasm of skin and subcutaneous tissue of limbs,27674,107,1.02 [0.83-1.24],0.8714149961477109
FOXO1,Forkhead box protein O1,Chapter II Neoplasms,"Haemangioma and lymphangioma, any site",27605,70,1.06 [0.83-1.36],0.6431693114469867
FOXO1,Forkhead box protein O1,Chapter II Neoplasms,"Haemangioma, any site",27607,69,1.08 [0.84-1.38],0.5641081567009618
FOXO1,Forkhead box protein O1,Chapter II Neoplasms,Melanocytic naevi,27511,267,1.02 [0.89-1.15],0.8078253230830253
FOXO1,Forkhead box protein O1,Chapter II Neoplasms,Melanocytic naevi of other and unspecified parts of face,27685,120,1.11 [0.92-1.34],0.2906779487555005
FOXO1,Forkhead box protein O1,Chapter II Neoplasms,Other benign neoplasms of skin,27574,229,1.09 [0.95-1.25],0.2152922279971152
FOXO1,Forkhead box protein O1,Chapter II Neoplasms,Benign neoplasm of breast,27663,140,0.98 [0.82-1.17],0.8165174734535663
FOXO1,Forkhead box protein O1,Chapter II Neoplasms,Leiomyoma of uterus,27150,996,1.04 [0.97-1.11],0.3000872867661004
FOXO1,Forkhead box protein O1,Chapter III Diseases of the blood and blood-forming organs and certain disorders involving the immune mechanism,Other and unspecified iron deficiency,26316,269,1.19 [1.05-1.35],0.0067971837483966
FOXO1,Forkhead box protein O1,Chapter III Diseases of the blood and blood-forming organs and certain disorders involving the immune mechanism,Other anaemias,26040,447,1.12 [1.01-1.24],0.0258222564970557
FOXO1,Forkhead box protein O1,Chapter III Diseases of the blood and blood-forming organs and certain disorders involving the immune mechanism,Other and unspecified anaemias,26040,447,1.12 [1.01-1.24],0.0258222564970557
FOXO1,Forkhead box protein O1,Chapter I Certain infectious and parasitic diseases,Condition for Implicit Sepsis (Organ dysfunction codes),24481,408,1.07 [0.96-1.18],0.2352842324744094
FOXO1,Forkhead box protein O1,Chapter III Diseases of the blood and blood-forming organs and certain disorders involving the immune mechanism,Agranulocytosis,27155,99,0.81 [0.65-1.00],0.0479931641948661
FOXO1,Forkhead box protein O1,"Chapter IV Endocrine, nutritional and metabolic diseases",Disorders of other endocrine glands,27369,107,1.08 [0.88-1.32],0.4580727869937121
FOXO1,Forkhead box protein O1,"Chapter IV Endocrine, nutritional and metabolic diseases",Metabolic disorders,22986,922,1.08 [1.01-1.16],0.0321212025834808
FOXO1,Forkhead box protein O1,"Chapter IV Endocrine, nutritional and metabolic diseases",Disorders of the thyroid gland,25383,899,1.04 [0.97-1.12],0.2829504238955035
FOXO1,Forkhead box protein O1,"Chapter IV Endocrine, nutritional and metabolic diseases",Type 1 diabetes,25865,117,0.93 [0.77-1.14],0.4926249750993094
FOXO1,Forkhead box protein O1,Chapter IX Diseases of the circulatory system,Peripheral artery disease,26712,60,0.99 [0.75-1.29],0.9165447258231388
FOXO1,Forkhead box protein O1,"Chapter IV Endocrine, nutritional and metabolic diseases",Type 1 diabetes without complications,25853,105,0.94 [0.77-1.16],0.5904456378240781
FOXO1,Forkhead box protein O1,"Chapter IV Endocrine, nutritional and metabolic diseases",Type 2 diabetes,26164,416,1.06 [0.95-1.18],0.3093824679061748
FOXO1,Forkhead box protein O1,"Chapter IV Endocrine, nutritional and metabolic diseases",Type 2 diabetes without complications,26155,407,1.06 [0.96-1.19],0.2543175936163229
FOXO1,Forkhead box protein O1,"Chapter IV Endocrine, nutritional and metabolic diseases",Obesity,25630,197,1.02 [0.87-1.20],0.7972902368865191
FOXO1,Forkhead box protein O1,"Chapter IV Endocrine, nutritional and metabolic diseases","Obesity, other/unspecified",25633,194,1.03 [0.87-1.21],0.7531858169244803
FOXO1,Forkhead box protein O1,"Chapter IV Endocrine, nutritional and metabolic diseases",Disorders of lipoprotein metabolism and other lipidaemias,22790,726,1.06 [0.97-1.15],0.1893400103097398
FOXO1,Forkhead box protein O1,"Chapter IV Endocrine, nutritional and metabolic diseases","Hyperlipidaemia, other/unspecified",22145,81,1.03 [0.81-1.30],0.8116480547822197
FOXO1,Forkhead box protein O1,"Chapter IV Endocrine, nutritional and metabolic diseases",Pure hypercholesterolaemia,22739,675,1.05 [0.97-1.15],0.2238338884952514
FOXO1,Forkhead box protein O1,"Chapter IV Endocrine, nutritional and metabolic diseases",Volume depletion,22115,51,1.21 [0.90-1.62],0.2027882555059265
FOXO1,Forkhead box protein O1,"Chapter IV Endocrine, nutritional and metabolic diseases","Other disorders of fluid, electrolyte and acid-base balance",22134,70,1.14 [0.89-1.46],0.3021648001018083
FOXO1,Forkhead box protein O1,Chapter V Mental and behavioural disorders,Any mental disorder,23369,622,1.06 [0.98-1.16],0.1632339027663114
FOXO1,Forkhead box protein O1,Chapter V Mental and behavioural disorders,"Substance abuse, excluding more controls",22868,121,1.04 [0.86-1.26],0.6779678355048504
FOXO1,Forkhead box protein O1,Chapter V Mental and behavioural disorders,"Mental and behavioural disorders due to alcohol, excluding acute intoxication",27482,81,0.98 [0.78-1.24],0.8715264254488643
FOXO1,Forkhead box protein O1,Chapter V Mental and behavioural disorders,"Alcohol use disorder, ICD-based",27525,49,0.93 [0.68-1.26],0.6343353176120763
FOXO1,Forkhead box protein O1,Chapter V Mental and behavioural disorders,Acute alcohol intoxication,26267,39,0.99 [0.71-1.39],0.9643926637900914
FOXO1,Forkhead box protein O1,Chapter V Mental and behavioural disorders,"Acute alcohol intoxication, ICD10",27675,39,0.96 [0.69-1.35],0.8237948128806513
FOXO1,Forkhead box protein O1,Chapter V Mental and behavioural disorders,"Alcohol abuse, main dg, excluding more controls",22786,39,1.00 [0.71-1.39],0.981178399698344
FOXO1,Forkhead box protein O1,Chapter V Mental and behavioural disorders,Alcohol dependence,26254,26,0.73 [0.48-1.12],0.1474492721810998
FOXO1,Forkhead box protein O1,Chapter V Mental and behavioural disorders,Smoking dependency,26146,36,1.03 [0.72-1.47],0.8890794425329099
FOXO1,Forkhead box protein O1,Chapter V Mental and behavioural disorders,"Schizophrenia or delusion, excluding more controls",22790,43,0.84 [0.61-1.17],0.3118612795002486
FOXO1,Forkhead box protein O1,Chapter V Mental and behavioural disorders,"Mood disorders, excluding more controls",23132,385,1.05 [0.94-1.17],0.3781634194898104
FOXO1,Forkhead box protein O1,Chapter V Mental and behavioural disorders,Depression,25700,342,1.04 [0.93-1.17],0.459634904750077
FOXO1,Forkhead box protein O1,Chapter V Mental and behavioural disorders,Depression or dysthymia,22910,300,1.10 [0.97-1.24],0.125133087334862
FOXO1,Forkhead box protein O1,Chapter V Mental and behavioural disorders,"Anxiety disorders, excluding more controls",22896,149,1.13 [0.95-1.34],0.154222589703584
FOXO1,Forkhead box protein O1,Chapter V Mental and behavioural disorders,Other anxiety disorders,25797,75,0.97 [0.76-1.24],0.8082005953520656
FOXO1,Forkhead box protein O1,Chapter VI Diseases of the nervous system,Neurological diseases,23881,1639,1.05 [0.99-1.11],0.0809266484595148
FOXO1,Forkhead box protein O1,Chapter VI Diseases of the nervous system,Other degenerative diseases of the nervous system,21841,184,1.06 [0.91-1.24],0.4381847885402927
FOXO1,Forkhead box protein O1,Chapter VI Diseases of the nervous system,MS-disease / Multiple Sclerosis,27525,152,1.07 [0.90-1.27],0.4317504293454535
FOXO1,Forkhead box protein O1,Chapter VI Diseases of the nervous system,Episodal and paroxysmal disorders,26376,427,0.98 [0.89-1.09],0.7510593232391666
FOXO1,Forkhead box protein O1,Chapter VI Diseases of the nervous system,Epilepsy,26088,139,0.99 [0.83-1.18],0.925013554675786
FOXO1,Forkhead box protein O1,Chapter VI Diseases of the nervous system,Migraine,26077,128,1.02 [0.85-1.23],0.8363195262230211
FOXO1,Forkhead box protein O1,Chapter VI Diseases of the nervous system,"Migraine, unspecified, drug-induced",27275,118,1.01 [0.83-1.22],0.918752538571206
FOXO1,Forkhead box protein O1,Chapter IX Diseases of the circulatory system,Transient ischemic attack,27019,60,1.11 [0.85-1.46],0.4365978193449471
FOXO1,Forkhead box protein O1,Chapter VI Diseases of the nervous system,Other sleep disorders,26046,97,0.91 [0.73-1.13],0.3979943077013377
FOXO1,Forkhead box protein O1,Chapter VI Diseases of the nervous system,Sleep apnoea,27307,70,0.93 [0.72-1.20],0.5714221039977986
FOXO1,Forkhead box protein O1,Chapter VI Diseases of the nervous system,"Nerve, nerve root and plexus disorders",26329,858,1.05 [0.98-1.13],0.1992010738239132
FOXO1,Forkhead box protein O1,Chapter VI Diseases of the nervous system,"Other and unspecified nerve root and plexus disorders, also in other diseases",25590,119,0.97 [0.80-1.18],0.7780277688357901
FOXO1,Forkhead box protein O1,Chapter VI Diseases of the nervous system,Carpal tunnel syndrome,26017,546,1.06 [0.97-1.16],0.1944031255314902
FOXO1,Forkhead box protein O1,Chapter VI Diseases of the nervous system,Cerebral palsy and other paralytic syndromes,27463,76,1.08 [0.85-1.38],0.5055800009165505
FOXO1,Forkhead box protein O1,Chapter VI Diseases of the nervous system,Hemiplegia,27444,57,1.03 [0.78-1.36],0.834977233947438
FOXO1,Forkhead box protein O1,Chapter VI Diseases of the nervous system,Other neurological diseases,27232,124,0.95 [0.79-1.15],0.5912131219822967
FOXO1,Forkhead box protein O1,"Chapter VII Diseases of the eye, adnexa, ear and mastoid process","Disorders of eyelid, lacrimal system and orbit",26977,425,1.00 [0.90-1.11],0.9988683930745296
FOXO1,Forkhead box protein O1,"Chapter VII Diseases of the eye, adnexa, ear and mastoid process",Other disorders of eyelid,26801,249,1.01 [0.88-1.16],0.8730429567874266
FOXO1,Forkhead box protein O1,"Chapter VII Diseases of the eye, adnexa, ear and mastoid process",Chalazion,26624,72,0.85 [0.66-1.09],0.197329826472501
FOXO1,Forkhead box protein O1,"Chapter VII Diseases of the eye, adnexa, ear and mastoid process",Other specified and unspecified  disorders of eyelid,26686,134,1.03 [0.86-1.24],0.7458079724488659
FOXO1,Forkhead box protein O1,"Chapter VII Diseases of the eye, adnexa, ear and mastoid process",Disorders of lacrimal system,26657,105,1.19 [0.97-1.45],0.0971199690837985
FOXO1,Forkhead box protein O1,"Chapter VII Diseases of the eye, adnexa, ear and mastoid process",Senile cataract,23541,182,0.92 [0.79-1.08],0.3277733932860596
FOXO1,Forkhead box protein O1,"Chapter VII Diseases of the eye, adnexa, ear and mastoid process",Other cataract,23781,422,1.03 [0.93-1.14],0.5942503825606902
FOXO1,Forkhead box protein O1,"Chapter VII Diseases of the eye, adnexa, ear and mastoid process",Disorders of choroid and retina,26671,183,0.99 [0.85-1.16],0.8818795353755909
FOXO1,Forkhead box protein O1,"Chapter VII Diseases of the eye, adnexa, ear and mastoid process",Background diabetic retinopathy,27454,33,0.95 [0.65-1.37],0.7689144525651379
FOXO1,Forkhead box protein O1,"Chapter VII Diseases of the eye, adnexa, ear and mastoid process",Diabetic maculopathy,1782,33,0.93 [0.64-1.35],0.7084882337559995
FOXO1,Forkhead box protein O1,"Chapter VII Diseases of the eye, adnexa, ear and mastoid process","Diabetic maculopathy, excluding more controls",25705,33,0.95 [0.66-1.38],0.8011797743795249
FOXO1,Forkhead box protein O1,"Chapter VII Diseases of the eye, adnexa, ear and mastoid process",Glaucoma,27006,92,0.91 [0.73-1.13],0.3996546177689974
FOXO1,Forkhead box protein O1,"Chapter VII Diseases of the eye, adnexa, ear and mastoid process",Other and unspecified glaucoma,26967,53,1.10 [0.82-1.46],0.5241927159907733
FOXO1,Forkhead box protein O1,"Chapter VII Diseases of the eye, adnexa, ear and mastoid process","Disorders of ocular muscles, binocular movement, accommodation and refraction",26882,97,1.12 [0.90-1.38],0.3077783878005756
FOXO1,Forkhead box protein O1,"Chapter VII Diseases of the eye, adnexa, ear and mastoid process",Visual disturbances,27140,105,1.00 [0.81-1.22],0.976611607917745
FOXO1,Forkhead box protein O1,"Chapter VII Diseases of the eye, adnexa, ear and mastoid process",Diseases of middle ear and mastoid,27600,129,1.03 [0.86-1.24],0.7506210330190196
FOXO1,Forkhead box protein O1,"Chapter VII Diseases of the eye, adnexa, ear and mastoid process",Other disorders of ear,26919,106,1.06 [0.87-1.30],0.5473194842839005
FOXO1,Forkhead box protein O1,Chapter IX Diseases of the circulatory system,Death due to cardiac causes,20407,2804,1.04 [0.99-1.09],0.0909135823354587
FOXO1,Forkhead box protein O1,Chapter IX Diseases of the circulatory system,Rheumatic valve diseases,27140,77,0.84 [0.66-1.07],0.1677296589119337
FOXO1,Forkhead box protein O1,Chapter IX Diseases of the circulatory system,"Hypertension, essential",21447,2064,1.07 [1.01-1.13],0.0134565645427257
FOXO1,Forkhead box protein O1,Chapter IX Diseases of the circulatory system,Hypertension,21468,2085,1.07 [1.01-1.12],0.0172267867872151
FOXO1,Forkhead box protein O1,Chapter IX Diseases of the circulatory system,Hypertensive Renal Disease,19432,49,1.02 [0.75-1.38],0.9058846015763375
FOXO1,Forkhead box protein O1,Chapter IX Diseases of the circulatory system,"Ischaemic heart disease, wide definition",26026,727,0.98 [0.90-1.06],0.5625609583035097
FOXO1,Forkhead box protein O1,Chapter IX Diseases of the circulatory system,Angina pectoris,25804,505,0.97 [0.88-1.07],0.496263992896789
FOXO1,Forkhead box protein O1,Chapter IX Diseases of the circulatory system,Unstable angina pectoris,27057,150,0.96 [0.81-1.14],0.6288860252180559
FOXO1,Forkhead box protein O1,Chapter IX Diseases of the circulatory system,Major coronary heart disease event,27135,228,0.97 [0.84-1.12],0.6652924410822922
FOXO1,Forkhead box protein O1,Chapter IX Diseases of the circulatory system,"Myocardial infarction, with ST-elevation",27655,27,1.01 [0.67-1.50],0.9783791389110524
FOXO1,Forkhead box protein O1,Chapter IX Diseases of the circulatory system,"Myocardial infarction, strict",25395,96,0.96 [0.78-1.20],0.7335751320132579
FOXO1,Forkhead box protein O1,Chapter IX Diseases of the circulatory system,Coronary atherosclerosis,25765,478,0.98 [0.89-1.08],0.6864032437812204
FOXO1,Forkhead box protein O1,Chapter IX Diseases of the circulatory system,Pulmonary embolism,26933,99,1.18 [0.96-1.46],0.1176175442410377
FOXO1,Forkhead box protein O1,Chapter IX Diseases of the circulatory system,Venous thromboembolism,27038,218,1.13 [0.98-1.30],0.1000857450760037
FOXO1,Forkhead box protein O1,Chapter IX Diseases of the circulatory system,Secondary right heart disease,26931,97,0.82 [0.66-1.02],0.0758660165268251
FOXO1,Forkhead box protein O1,Chapter IX Diseases of the circulatory system,Other pulmonary heart/vessel disease,26931,97,0.82 [0.66-1.02],0.0758660165268251
FOXO1,Forkhead box protein O1,Chapter IX Diseases of the circulatory system,"Hypertension, Pulmonary Arterial",19477,94,0.85 [0.68-1.06],0.1598835610810022
FOXO1,Forkhead box protein O1,Chapter IX Diseases of the circulatory system,Cardiomyopathy,24069,40,1.21 [0.87-1.68],0.2627277149730196
FOXO1,Forkhead box protein O1,Chapter IX Diseases of the circulatory system,Conduction disorders,24110,81,1.00 [0.79-1.27],0.9680385412203568
FOXO1,Forkhead box protein O1,Chapter IX Diseases of the circulatory system,Paroxysmal tachycardia,16651,104,1.05 [0.85-1.29],0.6705411440217759
FOXO1,Forkhead box protein O1,Chapter IX Diseases of the circulatory system,Atrial fibrillation and flutter,16827,280,0.93 [0.82-1.06],0.2737067551234512
FOXO1,Forkhead box protein O1,Chapter IX Diseases of the circulatory system,Other arrhythmias,24079,50,1.02 [0.76-1.38],0.8923717048819302
FOXO1,Forkhead box protein O1,Chapter IX Diseases of the circulatory system,Other or ill-defined heart diseases,24086,57,0.88 [0.67-1.17],0.3903346555727252
FOXO1,Forkhead box protein O1,Chapter IX Diseases of the circulatory system,"Heart failure, strict",26876,102,1.05 [0.85-1.29],0.6545394533307856
FOXO1,Forkhead box protein O1,Chapter IX Diseases of the circulatory system,"Stroke, including SAH",26938,131,0.94 [0.78-1.13],0.5131173379682559
FOXO1,Forkhead box protein O1,Chapter IX Diseases of the circulatory system,"Stroke, excluding SAH",26978,99,0.94 [0.76-1.16],0.5771139957020943
FOXO1,Forkhead box protein O1,Chapter IX Diseases of the circulatory system,"Ischaemic Stroke, excluding all haemorrhages",27046,87,0.94 [0.75-1.18],0.6133391812894581
FOXO1,Forkhead box protein O1,Chapter IX Diseases of the circulatory system,Other diseases of arteries and capillaries,26736,71,0.99 [0.77-1.26],0.9170192803256736
FOXO1,Forkhead box protein O1,Chapter IX Diseases of the circulatory system,Other peripheral vascular diseases,26778,113,1.05 [0.87-1.28],0.6052261198673141
FOXO1,Forkhead box protein O1,Chapter IX Diseases of the circulatory system,Phlebitis and thrombophlebitis (not including DVT),26100,133,1.12 [0.94-1.35],0.2092301872651665
FOXO1,Forkhead box protein O1,Chapter IX Diseases of the circulatory system,DVT of lower extremities,26073,106,1.19 [0.97-1.46],0.0923027158801275
FOXO1,Forkhead box protein O1,Chapter IX Diseases of the circulatory system,"!Phlebitis/thrombophlebitis venae iliacae [externae/internae/communis], drug-induced",27515,103,1.19 [0.97-1.47],0.0894322461365037
FOXO1,Forkhead box protein O1,Chapter IX Diseases of the circulatory system,Varicose veins,26582,615,0.95 [0.88-1.04],0.2899545345194567
FOXO1,Forkhead box protein O1,Chapter IX Diseases of the circulatory system,Hypotension,26565,92,0.97 [0.78-1.21],0.8192743711969003
FOXO1,Forkhead box protein O1,Chapter X Diseases of the respiratory system,Diseases of the respiratory system,22528,2121,1.05 [1.00-1.10],0.054479483845572
FOXO1,Forkhead box protein O1,Chapter X Diseases of the respiratory system,Acute upper respiratory infections,27507,132,1.11 [0.93-1.33],0.2514769245218714
FOXO1,Forkhead box protein O1,Chapter X Diseases of the respiratory system,Influenza and pneumonia,26074,198,1.00 [0.86-1.17],0.9530957881302584
FOXO1,Forkhead box protein O1,Chapter X Diseases of the respiratory system,"Pneumonia, organism unspecified",26055,179,1.01 [0.86-1.18],0.9298983352049602
FOXO1,Forkhead box protein O1,Chapter X Diseases of the respiratory system,Other acute lower respiratory infections,26812,232,0.99 [0.86-1.13],0.8340711860099432
FOXO1,Forkhead box protein O1,Chapter X Diseases of the respiratory system,Unspecified acute lower respiratory infection,26804,224,0.96 [0.83-1.10],0.5280789763215362
FOXO1,Forkhead box protein O1,Chapter X Diseases of the respiratory system,Other diseases of upper respiratory tract,26947,569,1.00 [0.92-1.10],0.9411892344795968
FOXO1,Forkhead box protein O1,Chapter X Diseases of the respiratory system,Chronic sinusitis,26492,114,1.05 [0.87-1.28],0.6096731091904855
FOXO1,Forkhead box protein O1,Chapter X Diseases of the respiratory system,Nasal polyp,26460,82,1.06 [0.84-1.33],0.6450672047453943
FOXO1,Forkhead box protein O1,Chapter X Diseases of the respiratory system,"Diseases of vocal cords and larynx+other diseases of upper respiratory tract, no elsewhere classified",26738,360,1.02 [0.91-1.14],0.776619921527262
FOXO1,Forkhead box protein O1,Chapter X Diseases of the respiratory system,Deviated nasal septum,26520,142,1.03 [0.87-1.23],0.7341373185235538
FOXO1,Forkhead box protein O1,Chapter X Diseases of the respiratory system,Vocal cord dysfunction,13342,65,0.91 [0.70-1.18],0.4817531659681827
FOXO1,Forkhead box protein O1,Chapter X Diseases of the respiratory system,Chronic lower respiratory diseases,24741,1172,1.06 [1.00-1.13],0.066818141948137
FOXO1,Forkhead box protein O1,Chapter X Diseases of the respiratory system,Early onset COPD,26651,158,1.11 [0.94-1.32],0.221997129201354
FOXO1,Forkhead box protein O1,Chapter X Diseases of the respiratory system,"COPD, hospital admissions 1, only main diagnosis",26671,178,1.06 [0.90-1.25],0.4643050529464718
FOXO1,Forkhead box protein O1,Chapter X Diseases of the respiratory system,"Other chronic obstructive pulmonary disease, including avohilmo",26671,178,1.06 [0.90-1.25],0.4643050529464718
FOXO1,Forkhead box protein O1,Chapter X Diseases of the respiratory system,"Asthma, hospital admissions , main diagnosis only",25651,1008,1.06 [0.99-1.13],0.1067949627192327
FOXO1,Forkhead box protein O1,Chapter X Diseases of the respiratory system,Asthma,20585,1008,1.07 [1.00-1.15],0.0464481778848463
FOXO1,Forkhead box protein O1,Chapter X Diseases of the respiratory system,"Asthma, excluding more controls",20393,1008,1.07 [1.00-1.15],0.0442484647602231
FOXO1,Forkhead box protein O1,Chapter X Diseases of the respiratory system,"Asthma, unspecified (mode)",20570,993,1.07 [1.00-1.14],0.0680025253486589
FOXO1,Forkhead box protein O1,Chapter X Diseases of the respiratory system,Other respiratory diseases principally affecting the interstitium,27395,84,0.84 [0.66-1.06],0.1356386878943454
FOXO1,Forkhead box protein O1,Chapter X Diseases of the respiratory system,Interstitial lung disease,25923,63,0.84 [0.65-1.10],0.2155108888986439
FOXO1,Forkhead box protein O1,Chapter X Diseases of the respiratory system,"ILD, hospital admissions",27472,63,0.85 [0.65-1.10],0.2185812466106895
FOXO1,Forkhead box protein O1,Chapter X Diseases of the respiratory system,Idiopathic pulmonary fibrosis,25916,56,0.81 [0.61-1.08],0.1542469599390461
FOXO1,Forkhead box protein O1,Chapter X Diseases of the respiratory system,Pleural effusion,25861,88,0.99 [0.79-1.24],0.9115399139199092
FOXO1,Forkhead box protein O1,Chapter X Diseases of the respiratory system,Other diseases of pleura,25967,194,1.05 [0.90-1.22],0.5477855074862032
FOXO1,Forkhead box protein O1,Chapter X Diseases of the respiratory system,Other respiratory disorders and diseases,26543,92,1.05 [0.85-1.31],0.6396697958028579
FOXO1,Forkhead box protein O1,Chapter XI Diseases of the digestive system,Gastrointestinal diseases,19180,6051,1.04 [1.01-1.08],0.0136424785715454
FOXO1,Forkhead box protein O1,Chapter XI Diseases of the digestive system,"Diseases of oral cavity, salivary glands and jaws",27147,472,1.09 [0.99-1.20],0.0745449000654575
FOXO1,Forkhead box protein O1,Chapter XI Diseases of the digestive system,Embedded and impacted teeth,27680,103,1.13 [0.92-1.38],0.2483100732056595
FOXO1,Forkhead box protein O1,Chapter XI Diseases of the digestive system,Impacted teeth,27685,93,1.15 [0.93-1.42],0.208752349102589
FOXO1,Forkhead box protein O1,Chapter XI Diseases of the digestive system,Dental caries,26780,105,1.02 [0.83-1.25],0.8854795842204868
FOXO1,Forkhead box protein O1,Chapter XI Diseases of the digestive system,Diseases of pulp and periapical tissues,26792,117,1.17 [0.97-1.42],0.1031365961800415
FOXO1,Forkhead box protein O1,Chapter XI Diseases of the digestive system,Palatinal maxillary canine,27671,114,1.14 [0.94-1.38],0.1771711134770013
FOXO1,Forkhead box protein O1,Chapter XI Diseases of the digestive system,Other disorders of teeth and supporting structures,26793,118,1.22 [1.01-1.47],0.0425254820032467
FOXO1,Forkhead box protein O1,Chapter XI Diseases of the digestive system,Other diseases of lip and oral mucosa,26486,77,0.87 [0.68-1.10],0.2451485469890297
FOXO1,Forkhead box protein O1,Chapter XI Diseases of the digestive system,Oral lichen ruber planus,27585,48,0.85 [0.62-1.15],0.2872868523668459
FOXO1,Forkhead box protein O1,Chapter XI Diseases of the digestive system,Gastroduodenal ulcer,20932,221,0.96 [0.83-1.11],0.5611130450798849
FOXO1,Forkhead box protein O1,Chapter XI Diseases of the digestive system,"Diseases of oesophagus, stomach and duodenum",23046,2335,1.01 [0.96-1.06],0.7564555603060017
FOXO1,Forkhead box protein O1,Chapter XI Diseases of the digestive system,Oesophagitis,20999,288,1.12 [0.99-1.27],0.0677797125288937
FOXO1,Forkhead box protein O1,Chapter XI Diseases of the digestive system,Gastro-oesophageal reflux disease,21456,745,1.03 [0.95-1.11],0.4805463205899174
FOXO1,Forkhead box protein O1,Chapter XI Diseases of the digestive system,Other diseases of oesophagus,20789,78,1.18 [0.94-1.49],0.1630137763660907
FOXO1,Forkhead box protein O1,Chapter XI Diseases of the digestive system,Ulcer of oesophagus,20846,135,1.12 [0.93-1.34],0.2330103150102298
FOXO1,Forkhead box protein O1,Chapter XI Diseases of the digestive system,Oesophageal obstruction,20752,41,1.06 [0.76-1.47],0.7491255299426791
FOXO1,Forkhead box protein O1,Chapter XI Diseases of the digestive system,Gastric ulcer,20860,149,0.89 [0.75-1.06],0.178943499208865
FOXO1,Forkhead box protein O1,Chapter XI Diseases of the digestive system,Duodenal ulcer,20784,73,1.10 [0.87-1.41],0.422540756909611
FOXO1,Forkhead box protein O1,Chapter XI Diseases of the digestive system,"Duodenal ulcer - Unspecified as acute or chronic, without haemorrhage or perforation, drug-induced",27633,51,0.98 [0.73-1.31],0.8855004358723064
FOXO1,Forkhead box protein O1,Chapter XI Diseases of the digestive system,Chronic gastritis,20848,137,0.94 [0.78-1.12],0.4687000658564179
FOXO1,Forkhead box protein O1,Chapter XI Diseases of the digestive system,Other gastritis (incl. Duodenitis),21565,854,0.99 [0.92-1.07],0.7975529874463307
FOXO1,Forkhead box protein O1,Chapter XI Diseases of the digestive system,Diseases of appendix,27559,146,1.07 [0.90-1.27],0.4289049867797465
FOXO1,Forkhead box protein O1,Chapter XI Diseases of the digestive system,Functional dyspepsia,21290,579,0.99 [0.91-1.08],0.843455736127154
FOXO1,Forkhead box protein O1,Chapter XI Diseases of the digestive system,Other diseases of stomach and duodenum,20893,182,1.07 [0.91-1.25],0.4088401653543314
FOXO1,Forkhead box protein O1,Chapter XI Diseases of the digestive system,Colonic or urogenital fistula,27594,143,1.06 [0.89-1.26],0.5115041739480016
FOXO1,Forkhead box protein O1,Chapter XI Diseases of the digestive system,Acute appendicitis,27530,117,1.05 [0.86-1.27],0.6368855418163233
FOXO1,Forkhead box protein O1,Chapter XI Diseases of the digestive system,Hernia,24804,1209,1.09 [1.03-1.16],0.0060118087881369
FOXO1,Forkhead box protein O1,Chapter XI Diseases of the digestive system,Inguinal hernia,23663,68,0.92 [0.71-1.19],0.5186040787460562
FOXO1,Forkhead box protein O1,Chapter XI Diseases of the digestive system,Umbilical hernia,23668,73,1.34 [1.04-1.71],0.0213322604942769
FOXO1,Forkhead box protein O1,Chapter XI Diseases of the digestive system,Ventral hernia,23705,110,1.04 [0.85-1.27],0.7116781963208418
FOXO1,Forkhead box protein O1,Chapter XI Diseases of the digestive system,Diaphragmatic hernia,24560,965,1.10 [1.03-1.18],0.0051769858905796
FOXO1,Forkhead box protein O1,Chapter XI Diseases of the digestive system,Noninfective enteritis and colitis,26631,922,1.04 [0.97-1.11],0.3269371580539847
FOXO1,Forkhead box protein O1,Chapter XI Diseases of the digestive system,Other diseases of intestines,21936,2216,1.03 [0.99-1.08],0.1631173455829809
FOXO1,Forkhead box protein O1,Chapter XI Diseases of the digestive system,"Crohn disease (strict definition, all UC cases excluded)",27368,64,0.94 [0.73-1.23],0.6664748882689745
FOXO1,Forkhead box protein O1,Chapter XI Diseases of the digestive system,"Crohn disease (strict definition, require KELA, min 2 HDR)",27652,93,0.90 [0.72-1.12],0.3294798455506939
FOXO1,Forkhead box protein O1,Chapter XI Diseases of the digestive system,Crohn disease,25802,93,0.90 [0.73-1.12],0.3559266114878419
FOXO1,Forkhead box protein O1,Chapter XI Diseases of the digestive system,Crohn's disease NAS,25777,68,0.90 [0.70-1.16],0.4206990311375331
FOXO1,Forkhead box protein O1,Chapter XI Diseases of the digestive system,"Ulcerative colitis (strict definition, require KELA, min 2 HDR)",27572,135,1.04 [0.87-1.25],0.6521061327085389
FOXO1,Forkhead box protein O1,Chapter XI Diseases of the digestive system,Ulcerative colitis,25844,135,1.05 [0.87-1.25],0.6208057125553574
FOXO1,Forkhead box protein O1,Chapter XI Diseases of the digestive system,"Ulcerative colitis, NAS",25830,121,1.01 [0.84-1.22],0.916316013662582
FOXO1,Forkhead box protein O1,Chapter XI Diseases of the digestive system,Other noninfective gastroenteritis and colitis,26488,779,1.05 [0.97-1.13],0.24997748567583
FOXO1,Forkhead box protein O1,Chapter XI Diseases of the digestive system,Noninfectious colitis NAS,26477,768,1.04 [0.97-1.13],0.2805391448608637
FOXO1,Forkhead box protein O1,Chapter XI Diseases of the digestive system,Paralytic ileus and intestinal obstruction,19828,108,1.08 [0.89-1.32],0.4387015062225683
FOXO1,Forkhead box protein O1,Chapter XI Diseases of the digestive system,Intestinal stricture,27244,108,1.08 [0.88-1.31],0.4718516315381938
FOXO1,Forkhead box protein O1,Chapter XI Diseases of the digestive system,"Other or unspecified ileus, impaction or obstruction",19787,67,1.10 [0.85-1.41],0.4794949037789024
FOXO1,Forkhead box protein O1,Chapter XI Diseases of the digestive system,Diverticular disease of intestine,20399,679,1.03 [0.95-1.12],0.4549565894251898
FOXO1,Forkhead box protein O1,Chapter XI Diseases of the digestive system,Irritable bowel syndrome,19967,247,1.07 [0.94-1.22],0.3216289106129941
FOXO1,Forkhead box protein O1,Chapter XI Diseases of the digestive system,Other functional intestinal disorders,20115,395,1.09 [0.98-1.22],0.0984248010570576
FOXO1,Forkhead box protein O1,Chapter XI Diseases of the digestive system,Constipation,25998,351,1.08 [0.97-1.21],0.1754211085523459
FOXO1,Forkhead box protein O1,Chapter XI Diseases of the digestive system,Diseases of peritoneum,27197,123,1.03 [0.86-1.25],0.7271325610681625
FOXO1,Forkhead box protein O1,Chapter XI Diseases of the digestive system,Fissure and fistula of anal and rectal regions,19845,125,1.09 [0.91-1.31],0.3487661502155513
FOXO1,Forkhead box protein O1,Chapter XI Diseases of the digestive system,Abscess of anal and rectal regions,19768,48,0.83 [0.61-1.12],0.2283299939517414
FOXO1,Forkhead box protein O1,Chapter XI Diseases of the digestive system,Other diseases of anus and rectum,20622,902,1.02 [0.95-1.10],0.5743439132524155
FOXO1,Forkhead box protein O1,Chapter XI Diseases of the digestive system,Other diseases of intestine,19955,235,0.94 [0.81-1.08],0.3508946936384164
FOXO1,Forkhead box protein O1,Chapter XI Diseases of the digestive system,Other diseases of peritoneum,27180,106,1.04 [0.85-1.28],0.6792227470738195
FOXO1,Forkhead box protein O1,Chapter XI Diseases of the digestive system,Diseases of liver,26923,105,0.88 [0.71-1.08],0.2135094835321986
FOXO1,Forkhead box protein O1,Chapter XI Diseases of the digestive system,Other diseases of liver,26872,54,0.88 [0.66-1.17],0.3710871960879841
FOXO1,Forkhead box protein O1,Chapter XI Diseases of the digestive system,"Disorders of gallbladder, biliary tract and pancreas",26137,889,1.03 [0.96-1.10],0.4618619165921449
FOXO1,Forkhead box protein O1,Chapter XI Diseases of the digestive system,Cholelithiasis,25990,742,1.02 [0.95-1.11],0.5580134792969331
FOXO1,Forkhead box protein O1,Chapter XI Diseases of the digestive system,Cholecystitis,25384,136,1.14 [0.96-1.37],0.1388162817581566
FOXO1,Forkhead box protein O1,Chapter XI Diseases of the digestive system,Other diseases of biliary tract,25318,70,1.04 [0.81-1.33],0.7824792168223033
FOXO1,Forkhead box protein O1,Chapter XI Diseases of the digestive system,Acute pancreatitis,25311,63,0.87 [0.66-1.13],0.2970149534792623
FOXO1,Forkhead box protein O1,Chapter XI Diseases of the digestive system,Acute pancreatitis (for exclusion),27564,63,0.86 [0.65-1.12],0.2630258266225975
FOXO1,Forkhead box protein O1,Chapter XI Diseases of the digestive system,Diseases of the digestive system,26314,309,1.20 [1.07-1.35],0.0022916586673818
FOXO1,Forkhead box protein O1,Chapter XI Diseases of the digestive system,Intestinal malabsorption,26109,104,1.23 [1.01-1.51],0.0402529123721549
FOXO1,Forkhead box protein O1,Chapter XI Diseases of the digestive system,Coeliac disease,26093,88,1.23 [0.99-1.53],0.0612162865845264
FOXO1,Forkhead box protein O1,Chapter XI Diseases of the digestive system,"Postprocedural disorders of digestive system, not elsewhere classified",26045,40,1.07 [0.77-1.49],0.6858681723273388
FOXO1,Forkhead box protein O1,Chapter XI Diseases of the digestive system,Other diseases of the digestive system,26175,170,1.26 [1.07-1.47],0.0043188733959883
FOXO1,Forkhead box protein O1,Chapter XI Diseases of the digestive system,GI-bleeding,26165,160,1.24 [1.05-1.45],0.0110202300147907
FOXO1,Forkhead box protein O1,Chapter XII Diseases of the skin and subcutaneous tissue,Diseases of the skin and subcutaneous tissue,24544,1628,0.99 [0.94-1.04],0.6378239730752475
FOXO1,Forkhead box protein O1,Chapter XII Diseases of the skin and subcutaneous tissue,Dermatitis and eczema,27257,116,0.93 [0.77-1.14],0.495367427302304
FOXO1,Forkhead box protein O1,Chapter XII Diseases of the skin and subcutaneous tissue,Disorders of skin appendages,27256,458,1.01 [0.91-1.11],0.8754124600103999
FOXO1,Forkhead box protein O1,Chapter XII Diseases of the skin and subcutaneous tissue,Other disorders of skin and subcutaneous tissue,26135,700,1.01 [0.93-1.09],0.8640769099992508
FOXO1,Forkhead box protein O1,Chapter XII Diseases of the skin and subcutaneous tissue,Infections of the skin and subcutaneous tissue,26889,325,0.98 [0.87-1.10],0.6967473088047085
FOXO1,Forkhead box protein O1,Chapter XII Diseases of the skin and subcutaneous tissue,"Cutaneous abscess, furuncle and carbuncle",26635,71,0.87 [0.68-1.12],0.2803787228023959
FOXO1,Forkhead box protein O1,Chapter XII Diseases of the skin and subcutaneous tissue,Cellulitis,26771,207,0.99 [0.85-1.15],0.9030476614242576
FOXO1,Forkhead box protein O1,Chapter XII Diseases of the skin and subcutaneous tissue,Papulosquamous disorders,27428,91,0.93 [0.75-1.16],0.53995087441598
FOXO1,Forkhead box protein O1,Chapter XII Diseases of the skin and subcutaneous tissue,Psoriasis,27400,63,0.96 [0.73-1.25],0.7397809138057283
FOXO1,Forkhead box protein O1,Chapter XII Diseases of the skin and subcutaneous tissue,Other and unspecified psoriasis,27387,50,0.97 [0.72-1.31],0.8381155342615318
FOXO1,Forkhead box protein O1,Chapter XII Diseases of the skin and subcutaneous tissue,Radiation-related disorders of the skin and subcutaneous tissue,27446,56,0.94 [0.70-1.24],0.6429564380666863
FOXO1,Forkhead box protein O1,Chapter XII Diseases of the skin and subcutaneous tissue,Skin changes due to chronic exposure to nonionizing radiation,27443,53,0.94 [0.70-1.25],0.6531520536426223
FOXO1,Forkhead box protein O1,Chapter XII Diseases of the skin and subcutaneous tissue,Nail disorders,26857,59,1.21 [0.93-1.59],0.1619806170310264
FOXO1,Forkhead box protein O1,Chapter XII Diseases of the skin and subcutaneous tissue,Follicular cysts of skin and subcutaneous tissue,27156,358,1.00 [0.90-1.12],0.9557148032538596
FOXO1,Forkhead box protein O1,Chapter XII Diseases of the skin and subcutaneous tissue,Seborrhoeic keratosis,25538,103,0.96 [0.78-1.17],0.6637095076679955
FOXO1,Forkhead box protein O1,Chapter XII Diseases of the skin and subcutaneous tissue,Atrophic disorders of skin,25593,158,0.84 [0.71-0.99],0.042458212217545
FOXO1,Forkhead box protein O1,Chapter XII Diseases of the skin and subcutaneous tissue,Scar conditions and fibrosis of skin,25549,114,0.84 [0.69-1.03],0.0900051727092647
FOXO1,Forkhead box protein O1,Chapter XII Diseases of the skin and subcutaneous tissue,"Other disorders of skin and subcutaneous tissue, not elsewhere classified",25691,256,1.04 [0.92-1.19],0.5199390038592799
FOXO1,Forkhead box protein O1,Chapter XII Diseases of the skin and subcutaneous tissue,Other and unspecified disorders of skin and subcutaneous tissue,25665,230,1.01 [0.88-1.17],0.8335312742357791
FOXO1,Forkhead box protein O1,Chapter XIII Diseases of the musculoskeletal system and connective tissue,Diseases of the musculoskeletal system and connective tissue,19527,4435,1.03 [1.00-1.07],0.0804993969281457
FOXO1,Forkhead box protein O1,Chapter XIII Diseases of the musculoskeletal system and connective tissue,Arthropathies,21272,2555,1.03 [0.98-1.08],0.2309669081063278
FOXO1,Forkhead box protein O1,Chapter XIII Diseases of the musculoskeletal system and connective tissue,Soft tissue disorders,24885,1344,1.07 [1.01-1.14],0.0219748449159269
FOXO1,Forkhead box protein O1,Chapter XIII Diseases of the musculoskeletal system and connective tissue,Rheumatoid arthritis,18927,210,1.06 [0.91-1.22],0.4502659310592347
FOXO1,Forkhead box protein O1,Chapter XIII Diseases of the musculoskeletal system and connective tissue,Polyarthropathies,19240,523,1.00 [0.91-1.10],0.9778225277517824
FOXO1,Forkhead box protein O1,Chapter XIII Diseases of the musculoskeletal system and connective tissue,"Other (seronegative) rheumatoid arthritis, wide",27133,202,1.06 [0.92-1.23],0.4130870601968706
FOXO1,Forkhead box protein O1,Chapter XIII Diseases of the musculoskeletal system and connective tissue,Other/unspecified rheumatoid arthritis,27150,184,1.06 [0.91-1.24],0.4277888680617989
FOXO1,Forkhead box protein O1,Chapter XIII Diseases of the musculoskeletal system and connective tissue,Arthrosis,19953,1236,1.06 [0.99-1.13],0.0737774292552724
FOXO1,Forkhead box protein O1,Chapter XIII Diseases of the musculoskeletal system and connective tissue,"Artrosis, including avohilmo",22689,1236,1.06 [0.99-1.13],0.0828238432585879
FOXO1,Forkhead box protein O1,Chapter XIII Diseases of the musculoskeletal system and connective tissue,Gout,18729,12,0.82 [0.44-1.56],0.5516247047694437
FOXO1,Forkhead box protein O1,Chapter XIII Diseases of the musculoskeletal system and connective tissue,"Gout, unspecified",27518,12,0.77 [0.41-1.45],0.4128257738083416
FOXO1,Forkhead box protein O1,Chapter XIII Diseases of the musculoskeletal system and connective tissue,Other specified/unspecified arthritis,18999,282,0.99 [0.88-1.13],0.9369001333867294
FOXO1,Forkhead box protein O1,Chapter XIII Diseases of the musculoskeletal system and connective tissue,Polyarthrosis,18804,87,0.98 [0.78-1.24],0.8768808155028288
FOXO1,Forkhead box protein O1,Chapter XIII Diseases of the musculoskeletal system and connective tissue,Coxarthrosis,19024,307,1.13 [1.00-1.28],0.0507197323981542
FOXO1,Forkhead box protein O1,Chapter XIII Diseases of the musculoskeletal system and connective tissue,"Coxarthrosis, primary",27520,156,1.16 [0.98-1.37],0.0827472787405181
FOXO1,Forkhead box protein O1,Chapter XIII Diseases of the musculoskeletal system and connective tissue,Gonarthrosis,19207,490,1.06 [0.96-1.17],0.265906963245392
FOXO1,Forkhead box protein O1,Chapter XIII Diseases of the musculoskeletal system and connective tissue,Other arthrosis,19208,491,1.01 [0.91-1.11],0.8483452410710461
FOXO1,Forkhead box protein O1,Chapter XIII Diseases of the musculoskeletal system and connective tissue,Other joint disorders,20147,1430,1.01 [0.95-1.07],0.7352876143649388
FOXO1,Forkhead box protein O1,Chapter XIII Diseases of the musculoskeletal system and connective tissue,Other deformities of toe(s),18825,108,1.10 [0.90-1.34],0.3647000700896661
FOXO1,Forkhead box protein O1,Chapter XIII Diseases of the musculoskeletal system and connective tissue,Hallux valgus (acquired),19145,428,0.99 [0.89-1.10],0.8403679591138163
FOXO1,Forkhead box protein O1,Chapter XIII Diseases of the musculoskeletal system and connective tissue,Hallux rigidus,18799,82,1.00 [0.79-1.27],0.9817973537300682
FOXO1,Forkhead box protein O1,Chapter XIII Diseases of the musculoskeletal system and connective tissue,Other hammer toe(s) (acquired),18825,108,1.09 [0.89-1.33],0.411461365540904
FOXO1,Forkhead box protein O1,Chapter XIII Diseases of the musculoskeletal system and connective tissue,Internal derangement of knee,19095,378,1.02 [0.91-1.14],0.7214990123473948
FOXO1,Forkhead box protein O1,Chapter XIII Diseases of the musculoskeletal system and connective tissue,Meniscus derangement,19038,321,1.02 [0.91-1.15],0.7446023821012902
FOXO1,Forkhead box protein O1,Chapter XIII Diseases of the musculoskeletal system and connective tissue,Pain in joint,20655,299,1.06 [0.94-1.20],0.3521676062901823
FOXO1,Forkhead box protein O1,Chapter XIII Diseases of the musculoskeletal system and connective tissue,Systemic lupus erythematosus,26891,221,1.01 [0.88-1.16],0.8929512850098971
FOXO1,Forkhead box protein O1,Chapter XIII Diseases of the musculoskeletal system and connective tissue,Other systemic involvement of connective tissue,26762,92,1.32 [1.06-1.64],0.0115878485595334
FOXO1,Forkhead box protein O1,Chapter XIII Diseases of the musculoskeletal system and connective tissue,Deforming dorsopathies,23717,84,1.09 [0.87-1.37],0.4491606419775834
FOXO1,Forkhead box protein O1,Chapter XIII Diseases of the musculoskeletal system and connective tissue,Spondylopathies,23941,308,0.91 [0.80-1.02],0.1160518159538911
FOXO1,Forkhead box protein O1,Chapter XIII Diseases of the musculoskeletal system and connective tissue,Dorsopathies,24663,1030,0.96 [0.90-1.03],0.215332648578305
FOXO1,Forkhead box protein O1,Chapter XIII Diseases of the musculoskeletal system and connective tissue,Spondylosis,23850,217,0.90 [0.77-1.03],0.1338556614259716
FOXO1,Forkhead box protein O1,Chapter XIII Diseases of the musculoskeletal system and connective tissue,Spinal stenosis,23711,78,0.96 [0.76-1.22],0.7452382374272176
FOXO1,Forkhead box protein O1,Chapter XIII Diseases of the musculoskeletal system and connective tissue,"Other dorsopathies, not elsewhere classified",24451,818,0.98 [0.91-1.05],0.5747983850190349
FOXO1,Forkhead box protein O1,Chapter XIII Diseases of the musculoskeletal system and connective tissue,Cervical disc disorders,23682,49,1.18 [0.87-1.58],0.2835618180040262
FOXO1,Forkhead box protein O1,Chapter XIII Diseases of the musculoskeletal system and connective tissue,Other intervertebral disc disorders,23876,243,1.02 [0.89-1.16],0.822299682427353
FOXO1,Forkhead box protein O1,Chapter XIII Diseases of the musculoskeletal system and connective tissue,Lumbar disc prolapse,23735,102,0.98 [0.79-1.20],0.827587892169632
FOXO1,Forkhead box protein O1,Chapter XIII Diseases of the musculoskeletal system and connective tissue,Sciatica+with lumbago,23725,92,0.96 [0.77-1.19],0.6998906570532963
FOXO1,Forkhead box protein O1,Chapter XIII Diseases of the musculoskeletal system and connective tissue,Other/unspecified dorsalgia,23797,164,0.95 [0.80-1.12],0.5329584815693645
FOXO1,Forkhead box protein O1,Chapter XIII Diseases of the musculoskeletal system and connective tissue,Cervicalgia,23707,74,0.98 [0.77-1.25],0.8678587049390329
FOXO1,Forkhead box protein O1,Chapter XIII Diseases of the musculoskeletal system and connective tissue,Low back pain,23989,356,1.00 [0.90-1.12],0.9382920601183647
FOXO1,Forkhead box protein O1,Chapter XIII Diseases of the musculoskeletal system and connective tissue,Disorders of synovium and tendon,23925,384,1.02 [0.91-1.13],0.7827298069690093
FOXO1,Forkhead box protein O1,Chapter XIII Diseases of the musculoskeletal system and connective tissue,Other/unspecified synovitis and tenosynovitis,23613,72,0.94 [0.73-1.20],0.6182681519369503
FOXO1,Forkhead box protein O1,Chapter XIII Diseases of the musculoskeletal system and connective tissue,Trigger finger,23651,110,0.92 [0.75-1.13],0.4462923054603399
FOXO1,Forkhead box protein O1,Chapter XIII Diseases of the musculoskeletal system and connective tissue,Ganglion,23683,142,1.16 [0.97-1.38],0.0969016917831767
FOXO1,Forkhead box protein O1,Chapter XIII Diseases of the musculoskeletal system and connective tissue,"Soft tissue disorders related to use, overuse and pressure",23580,39,1.19 [0.86-1.65],0.3058217608894418
FOXO1,Forkhead box protein O1,Chapter XIII Diseases of the musculoskeletal system and connective tissue,Fibroblastic disorders,23600,59,1.04 [0.79-1.36],0.7969708174902348
FOXO1,Forkhead box protein O1,Chapter XIII Diseases of the musculoskeletal system and connective tissue,Palmar fascial fibromatosis [Dupuytren],23584,43,0.85 [0.62-1.18],0.3343926474956395
FOXO1,Forkhead box protein O1,Chapter XIII Diseases of the musculoskeletal system and connective tissue,Shoulder lesions,23823,282,1.06 [0.94-1.21],0.3304376592818386
FOXO1,Forkhead box protein O1,Chapter XIII Diseases of the musculoskeletal system and connective tissue,Other shoulder lesions,23602,61,1.01 [0.77-1.32],0.9685462883395156
FOXO1,Forkhead box protein O1,Chapter XIII Diseases of the musculoskeletal system and connective tissue,Rotator cuff syndrome,23609,68,1.12 [0.87-1.45],0.3626866414975476
FOXO1,Forkhead box protein O1,Chapter XIII Diseases of the musculoskeletal system and connective tissue,Impingement syndrome of shoulder,23681,140,1.10 [0.92-1.31],0.2951334005314017
FOXO1,Forkhead box protein O1,Chapter XIII Diseases of the musculoskeletal system and connective tissue,Other enthesopathies,23623,82,0.93 [0.74-1.17],0.5228736031590864
FOXO1,Forkhead box protein O1,Chapter XIII Diseases of the musculoskeletal system and connective tissue,"Other soft tissue disorders, not elsewhere classified",24087,546,1.11 [1.02-1.22],0.0205473417987134
FOXO1,Forkhead box protein O1,Chapter XIII Diseases of the musculoskeletal system and connective tissue,Other specified/unspecified soft tissue disorders,23734,193,1.05 [0.90-1.22],0.5110801402481757
FOXO1,Forkhead box protein O1,Chapter XIII Diseases of the musculoskeletal system and connective tissue,Pain in limb,23835,294,1.12 [0.99-1.26],0.0795321864750424
FOXO1,Forkhead box protein O1,Chapter XIII Diseases of the musculoskeletal system and connective tissue,Osteoporosis,24948,239,0.95 [0.83-1.09],0.48211770815119
FOXO1,Forkhead box protein O1,Chapter XIII Diseases of the musculoskeletal system and connective tissue,Osteopathies and chondropathies,25202,493,0.91 [0.83-1.01],0.0652112704407055
FOXO1,Forkhead box protein O1,Chapter XIII Diseases of the musculoskeletal system and connective tissue,Disorders of continuity of bone,24749,40,0.88 [0.63-1.23],0.4595007127388552
FOXO1,Forkhead box protein O1,Chapter XIII Diseases of the musculoskeletal system and connective tissue,Other specified/unspecified disorders of  bone/cartilage,24777,68,0.85 [0.66-1.10],0.2170095600135735
FOXO1,Forkhead box protein O1,Chapter XIII Diseases of the musculoskeletal system and connective tissue,Other disorders of bone,24828,119,0.89 [0.73-1.08],0.2315876979296954
FOXO1,Forkhead box protein O1,Chapter XIV Diseases of the genitourinary system,Genitourinary diseases,22626,6156,1.01 [0.98-1.04],0.623461582336736
FOXO1,Forkhead box protein O1,Chapter XIV Diseases of the genitourinary system,Renal tubulo-interstitial diseases,25241,202,1.08 [0.93-1.25],0.3225053427210247
FOXO1,Forkhead box protein O1,Chapter XIV Diseases of the genitourinary system,Other obstructive and reflux uropathy,25085,46,1.57 [1.17-2.11],0.0025532082435945
FOXO1,Forkhead box protein O1,Chapter XIV Diseases of the genitourinary system,Acute renal failure,25416,34,1.11 [0.78-1.60],0.5602225426959537
FOXO1,Forkhead box protein O1,Chapter XIV Diseases of the genitourinary system,Chronic kidney disease,25431,49,1.02 [0.76-1.38],0.879472750093231
FOXO1,Forkhead box protein O1,Chapter XIV Diseases of the genitourinary system,Unspecified kidney failure,25423,41,1.12 [0.81-1.55],0.4893739205598764
FOXO1,Forkhead box protein O1,Chapter XIV Diseases of the genitourinary system,Urolithiasis,27475,133,0.88 [0.73-1.05],0.1627370982824345
FOXO1,Forkhead box protein O1,Chapter XIV Diseases of the genitourinary system,Other disorders of kidney and ureter,27351,68,1.00 [0.78-1.30],0.973132153016118
FOXO1,Forkhead box protein O1,Chapter XIV Diseases of the genitourinary system,Calculus of kidney and ureter,27442,100,0.96 [0.78-1.18],0.6803505320810375
FOXO1,Forkhead box protein O1,Chapter XIV Diseases of the genitourinary system,Unspecified renal colic,27380,38,0.74 [0.53-1.05],0.0964828917407167
FOXO1,Forkhead box protein O1,Chapter XIV Diseases of the genitourinary system,Other diseases of urinary system,25474,1253,1.03 [0.97-1.10],0.3141815919060647
FOXO1,Forkhead box protein O1,Chapter XIV Diseases of the genitourinary system,Cystitis,24358,137,0.96 [0.80-1.15],0.6309891435224579
FOXO1,Forkhead box protein O1,Chapter XIV Diseases of the genitourinary system,Neuromuscular dysfunction of bladder,24308,87,1.09 [0.87-1.37],0.4397710283527148
FOXO1,Forkhead box protein O1,Chapter XIV Diseases of the genitourinary system,Other disorders of  bladder,24389,168,1.13 [0.96-1.33],0.1325141902471407
FOXO1,Forkhead box protein O1,Chapter XIV Diseases of the genitourinary system,Urethral stricture,24310,89,1.00 [0.80-1.25],0.985912582986404
FOXO1,Forkhead box protein O1,Chapter XIV Diseases of the genitourinary system,Other disorders of urethra and urinary system,25207,986,1.06 [0.99-1.13],0.0955817443474125
FOXO1,Forkhead box protein O1,Chapter XIV Diseases of the genitourinary system,Disorders of breast,27404,483,0.90 [0.81-0.99],0.0264888028500094
FOXO1,Forkhead box protein O1,Chapter XIV Diseases of the genitourinary system,Benign mammary dysplasia,27071,150,0.97 [0.82-1.15],0.746899921883551
FOXO1,Forkhead box protein O1,Chapter XIV Diseases of the genitourinary system,Unspecified lump in breast,27092,171,0.91 [0.78-1.07],0.2582360074546387
FOXO1,Forkhead box protein O1,Chapter XIV Diseases of the genitourinary system,Other disorders of breast,27035,114,0.77 [0.63-0.94],0.0111982880900836
FOXO1,Forkhead box protein O1,Chapter XIV Diseases of the genitourinary system,Inflammatory diseases of female pelvic organs,27343,560,0.97 [0.89-1.06],0.5389639674237852
FOXO1,Forkhead box protein O1,Chapter XIV Diseases of the genitourinary system,Inflammatory disease of cervix uteri,26916,133,0.83 [0.69-1.00],0.0466301815627048
FOXO1,Forkhead box protein O1,Chapter XIV Diseases of the genitourinary system,Other female pelvic inflammatory diseases,27034,251,1.04 [0.91-1.19],0.5469824833930952
FOXO1,Forkhead box protein O1,Chapter XIV Diseases of the genitourinary system,Noninflammatory disorders of female genital tract,25272,4608,1.02 [0.99-1.06],0.2508190569267458
FOXO1,Forkhead box protein O1,Chapter XIV Diseases of the genitourinary system,Endometriosis,21027,363,1.14 [1.02-1.27],0.0211754299591787
FOXO1,Forkhead box protein O1,Chapter XIV Diseases of the genitourinary system,Unspecified/other endometriosis,20761,97,1.23 [1.00-1.52],0.0493087195999051
FOXO1,Forkhead box protein O1,Chapter XIV Diseases of the genitourinary system,Adenomyosis (Endometriosis of uterus),20834,170,1.13 [0.97-1.33],0.1227013175161303
FOXO1,Forkhead box protein O1,Chapter XIV Diseases of the genitourinary system,Female genital prolapse,21464,800,1.11 [1.03-1.19],0.0086004358190892
FOXO1,Forkhead box protein O1,Chapter XIV Diseases of the genitourinary system,Ovarian cyst,21075,411,1.02 [0.92-1.13],0.6828779127403286
FOXO1,Forkhead box protein O1,Chapter XIV Diseases of the genitourinary system,Polyp of the female genital tract,21627,963,0.97 [0.90-1.03],0.3158411171681098
FOXO1,Forkhead box protein O1,Chapter XIV Diseases of the genitourinary system,Uterine polyps,20981,317,0.91 [0.80-1.02],0.1005762254501609
FOXO1,Forkhead box protein O1,Chapter XIV Diseases of the genitourinary system,"Other noninflammatory disorders of uterus, except cervix",21105,441,1.03 [0.93-1.14],0.5175516656691806
FOXO1,Forkhead box protein O1,Chapter XIV Diseases of the genitourinary system,Erosion and ectropion of cervix uteri,20764,100,nan [nan-nan],
FOXO1,Forkhead box protein O1,Chapter XIV Diseases of the genitourinary system,Dysplasia of cervi uteri,20854,190,1.14 [0.98-1.33],0.0798517008583484
FOXO1,Forkhead box protein O1,Chapter XIV Diseases of the genitourinary system,"All dysplastic lesions of the cervix uteri, vagina or vulva",27679,268,1.13 [1.00-1.28],0.0571289181175062
FOXO1,Forkhead box protein O1,Chapter XIV Diseases of the genitourinary system,All dysplastic lesions of the cervix uteri,27691,254,1.14 [1.00-1.29],0.051359313036681
FOXO1,Forkhead box protein O1,Chapter XIV Diseases of the genitourinary system,HSIL lesion of the cervix uteri,27716,141,1.12 [0.94-1.33],0.2159317804392888
FOXO1,Forkhead box protein O1,Chapter XIV Diseases of the genitourinary system,"HSIL lesion of the cervix uteri, vagina or vulva",27705,155,1.10 [0.93-1.30],0.2508096926859707
FOXO1,Forkhead box protein O1,Chapter XIV Diseases of the genitourinary system,Other noninflammatory disorders of cervix uteri,20806,142,1.05 [0.88-1.25],0.6188881863449525
FOXO1,Forkhead box protein O1,Chapter XIV Diseases of the genitourinary system,Other noninflammatory disorders of vagina,20779,115,0.98 [0.80-1.19],0.8137030117613786
FOXO1,Forkhead box protein O1,Chapter XIV Diseases of the genitourinary system,Other noninflammatory disorders of vulva and perineum,20808,144,1.09 [0.92-1.29],0.334701335653926
FOXO1,Forkhead box protein O1,Chapter XIV Diseases of the genitourinary system,Irregular menses,27613,468,1.17 [1.07-1.29],0.0009395770223824
FOXO1,Forkhead box protein O1,Chapter XIV Diseases of the genitourinary system,"Excessive, frequent and irregular menstruation",22004,1340,1.07 [1.01-1.14],0.0168347919557397
FOXO1,Forkhead box protein O1,Chapter XIV Diseases of the genitourinary system,Menorrhagia,21537,873,1.05 [0.98-1.13],0.185607819262376
FOXO1,Forkhead box protein O1,"Chapter IV Endocrine, nutritional and metabolic diseases","Polycystic ovarian syndrome, consortium definition",27699,197,1.08 [0.93-1.25],0.3172946241311988
FOXO1,Forkhead box protein O1,Chapter XIV Diseases of the genitourinary system,Other abnormal uterine and vaginal bleeding,21136,472,1.00 [0.91-1.11],0.946110725156304
FOXO1,Forkhead box protein O1,Chapter XIV Diseases of the genitourinary system,Pain and other conditions associated with female genital organs and menstrual cycle,20993,329,1.00 [0.89-1.13],0.9415608518200936
FOXO1,Forkhead box protein O1,Chapter XIV Diseases of the genitourinary system,Postmenopausal bleeding,21564,900,0.96 [0.90-1.03],0.3012178525187271
FOXO1,Forkhead box protein O1,Chapter XIV Diseases of the genitourinary system,Female infertility,20780,116,1.07 [0.88-1.31],0.4727358695684583
FOXO1,Forkhead box protein O1,Chapter XIV Diseases of the genitourinary system,"Female infertility, cervigal, vaginal, other or unspecified origin",20773,109,1.05 [0.86-1.29],0.6070232353708318
FOXO1,Forkhead box protein O1,"Chapter XV Pregnancy, childbirth and the puerperium",Maternal care related to the fetus and amniotic cavity and possible delivery problems,27713,881,0.97 [0.90-1.05],0.465172530622692
FOXO1,Forkhead box protein O1,"Chapter XV Pregnancy, childbirth and the puerperium",Complications of labour and delivery,27717,1202,1.00 [0.93-1.07],0.9980577401305272
FOXO1,Forkhead box protein O1,"Chapter XV Pregnancy, childbirth and the puerperium",Pregnancy with abortive outcome,27714,480,1.03 [0.94-1.14],0.5034813422719491
FOXO1,Forkhead box protein O1,"Chapter XV Pregnancy, childbirth and the puerperium",Other abnormal products of conception,27370,136,1.04 [0.87-1.25],0.638779155334715
FOXO1,Forkhead box protein O1,"Chapter XV Pregnancy, childbirth and the puerperium",Spontaneous abortion,27426,192,0.99 [0.85-1.16],0.9324732600568528
FOXO1,Forkhead box protein O1,"Chapter XV Pregnancy, childbirth and the puerperium",Medical abortion,27400,166,1.07 [0.91-1.26],0.4164771444209182
FOXO1,Forkhead box protein O1,"Chapter XV Pregnancy, childbirth and the puerperium","Oedema, proteinuria and hypertensive disorders in pregnancy, childbirth and the puerperium",27732,166,0.87 [0.74-1.03],0.1072643110415915
FOXO1,Forkhead box protein O1,"Chapter XV Pregnancy, childbirth and the puerperium",Pregnancy hypertension,27734,164,0.88 [0.75-1.04],0.1384466605349048
FOXO1,Forkhead box protein O1,"Chapter XV Pregnancy, childbirth and the puerperium",Other maternal disorders predominantly related to pregnancy,27731,417,0.92 [0.82-1.02],0.1118703105714453
FOXO1,Forkhead box protein O1,"Chapter XV Pregnancy, childbirth and the puerperium",Haemorrhage in early pregnancy,27440,126,0.73 [0.60-0.88],0.0011590056403143
FOXO1,Forkhead box protein O1,"Chapter XV Pregnancy, childbirth and the puerperium",Maternal care for other conditions predominantly related to pregnancy,27544,230,0.97 [0.84-1.12],0.6852131943796809
FOXO1,Forkhead box protein O1,"Chapter XV Pregnancy, childbirth and the puerperium",Maternal care for known or suspected malpresentation of fetus,26981,149,1.03 [0.87-1.23],0.6987037932335796
FOXO1,Forkhead box protein O1,"Chapter XV Pregnancy, childbirth and the puerperium",Maternal care for known or suspected abnormality of pelvic organs,27036,204,0.97 [0.83-1.13],0.6779506631713543
FOXO1,Forkhead box protein O1,"Chapter XV Pregnancy, childbirth and the puerperium",Maternal care for other known or suspected fetal problems,27083,251,0.93 [0.81-1.07],0.321726514982405
FOXO1,Forkhead box protein O1,"Chapter XV Pregnancy, childbirth and the puerperium",Premature rupture of membranes,26980,148,0.89 [0.75-1.06],0.1885262763959909
FOXO1,Forkhead box protein O1,"Chapter XV Pregnancy, childbirth and the puerperium",False labour,26971,139,1.00 [0.84-1.20],0.9856872947881848
FOXO1,Forkhead box protein O1,"Chapter XV Pregnancy, childbirth and the puerperium",Prolonged pregnancy,26980,148,0.93 [0.78-1.10],0.3842110224923555
FOXO1,Forkhead box protein O1,"Chapter XV Pregnancy, childbirth and the puerperium",Long labour,26747,232,0.97 [0.85-1.12],0.70939563513802
FOXO1,Forkhead box protein O1,"Chapter XV Pregnancy, childbirth and the puerperium",Labour and delivery complicated by fetal stress [distress],26950,435,1.00 [0.90-1.11],0.979011190088982
FOXO1,Forkhead box protein O1,"Chapter XV Pregnancy, childbirth and the puerperium",Perineal laceration during delivery,27185,670,1.01 [0.93-1.10],0.789864779845098
FOXO1,Forkhead box protein O1,"Chapter XV Pregnancy, childbirth and the puerperium","Postpartum hemorraghe, all women as controls",27735,171,1.01 [0.86-1.18],0.9217363015302622
FOXO1,Forkhead box protein O1,"Chapter XV Pregnancy, childbirth and the puerperium",Postpartum haemorrhage due to anatomy,26271,130,0.94 [0.78-1.13],0.4791353474528511
FOXO1,Forkhead box protein O1,"Chapter XV Pregnancy, childbirth and the puerperium","Other complications of labour and delivery, not elsewhere classified",26618,103,1.06 [0.86-1.30],0.6034149855909657
FOXO1,Forkhead box protein O1,"Chapter XV Pregnancy, childbirth and the puerperium",Delivery,27743,343,0.92 [0.82-1.04],0.1782434976916155
FOXO1,Forkhead box protein O1,"Chapter XV Pregnancy, childbirth and the puerperium",Single spontaneous delivery,27660,260,0.91 [0.80-1.04],0.177073939722825
FOXO1,Forkhead box protein O1,"Chapter XV Pregnancy, childbirth and the puerperium","Other obstetric conditions, not elsewhere classified",27730,253,1.04 [0.91-1.19],0.5427530872615753
FOXO1,Forkhead box protein O1,"Chapter XV Pregnancy, childbirth and the puerperium","Other maternal diseases classifiable elsewhere but complicating pregnancy, childbirth and the puerperium",27720,243,1.05 [0.91-1.20],0.512302887373185
FOXO1,Forkhead box protein O1,Chapter IX Diseases of the circulatory system,"Bradycardia, unspecified, drug-induced",27441,44,1.01 [0.74-1.40],0.9320159933250848
FOXO1,Forkhead box protein O1,Chapter VI Diseases of the nervous system,Falls/tendency to fall,24798,646,0.92 [0.85-1.00],0.0640038821379848
