Protein,Protein_definition,Disease_category,Disease,NB_individual,NB_case,OR[95%CI],P_value
CD82,CD82 antigen,Chapter I Certain infectious and parasitic diseases,Certain infectious and parasitic diseases,20739,845,1.00 [0.86-1.17],0.9791955830643054
CD82,CD82 antigen,Chapter I Certain infectious and parasitic diseases,Implicit bacterial Sepsis,20710,166,0.89 [0.61-1.30],0.5453960585170954
CD82,CD82 antigen,Chapter I Certain infectious and parasitic diseases,Intestinal infectious diseases,22419,168,1.28 [0.97-1.69],0.0852683407889478
CD82,CD82 antigen,Chapter I Certain infectious and parasitic diseases,Implicit Sepsis,15799,637,0.91 [0.75-1.11],0.3614239825117393
CD82,CD82 antigen,Chapter I Certain infectious and parasitic diseases,Other bacterial intestinal infections,22361,110,1.12 [0.76-1.66],0.5627983248308219
CD82,CD82 antigen,Chapter I Certain infectious and parasitic diseases,Explicit Sepsis,21470,73,0.94 [0.54-1.64],0.834293500568306
CD82,CD82 antigen,Chapter I Certain infectious and parasitic diseases,"Bacterial intestinal infections, IBD co-morbidities",23563,109,1.14 [0.77-1.69],0.5218246795320536
CD82,CD82 antigen,Chapter I Certain infectious and parasitic diseases,Other specified/unspecified bacterial intestinal infections,23555,72,1.05 [0.63-1.77],0.8436610745143821
CD82,CD82 antigen,Chapter I Certain infectious and parasitic diseases,Implicit viral Sepsis,20926,50,0.81 [0.39-1.68],0.5749265707825584
CD82,CD82 antigen,Chapter I Certain infectious and parasitic diseases,Other bacterial diseases,23009,103,0.94 [0.59-1.50],0.79548050255223
CD82,CD82 antigen,Chapter I Certain infectious and parasitic diseases,Other septicaemia,22968,62,0.84 [0.44-1.60],0.5962667765470975
CD82,CD82 antigen,Chapter I Certain infectious and parasitic diseases,Viral infections characterized by skin and mucous membrane lesions,23633,67,1.13 [0.69-1.86],0.6225875534473654
CD82,CD82 antigen,Chapter I Certain infectious and parasitic diseases,Other viral diseases,23606,85,1.21 [0.80-1.82],0.3724465560293205
CD82,CD82 antigen,Chapter I Certain infectious and parasitic diseases,"Other viral diseases, not elsewhere classified",23603,82,1.20 [0.79-1.84],0.3885005333616995
CD82,CD82 antigen,Chapter I Certain infectious and parasitic diseases,Mycoses,23305,58,0.36 [0.16-0.84],0.0173034282372176
CD82,CD82 antigen,Chapter I Certain infectious and parasitic diseases,"Bacterial, viral and other infectious agents",22620,365,0.79 [0.60-1.04],0.0941591885998343
CD82,CD82 antigen,Chapter I Certain infectious and parasitic diseases,Streptococcus and staphylococcus as the cause of diseases classified to other chapters,22368,113,0.67 [0.40-1.13],0.1352029410088365
CD82,CD82 antigen,Chapter I Certain infectious and parasitic diseases,Other bacterial agents as the cause of diseases classified to other chapters,22506,251,0.81 [0.59-1.12],0.2081097507673593
CD82,CD82 antigen,Chapter II Neoplasms,"Malignant neoplasm of colon, excluding all cancers (controls excluding all cancers)",19305,46,0.67 [0.29-1.54],0.3411036870966115
CD82,CD82 antigen,Chapter II Neoplasms,"Malignant melanoma of skin, excluding all cancers (controls excluding all cancers)",19317,58,1.36 [0.86-2.13],0.1844559224414567
CD82,CD82 antigen,Chapter II Neoplasms,"Other malignant neoplasms of skin (=non-melanoma skin cancer), excluding all cancers (controls excluding all cancers)",19488,229,0.81 [0.58-1.15],0.2387569156993456
CD82,CD82 antigen,Chapter II Neoplasms,"Squamous cell neoplasms and carcinomas of the skin, excluding all cancers (controls excluding all cancers)",19495,236,0.82 [0.58-1.14],0.2395155735183295
CD82,CD82 antigen,Chapter II Neoplasms,"Malignant neoplasm of breast, excluding all cancers (controls excluding all cancers)",19835,576,0.97 [0.80-1.18],0.7741395512558341
CD82,CD82 antigen,Chapter II Neoplasms,"Non-Hodgkin lymphoma, all, excluding all cancers (controls excluding all cancers)",19305,46,0.51 [0.21-1.24],0.1392614262680345
CD82,CD82 antigen,Chapter III Diseases of the blood and blood-forming organs and certain disorders involving the immune mechanism,Diseases of the blood and blood-forming organs and certain disorders involving the immune mechanism,21200,880,0.93 [0.79-1.09],0.3683104060422972
CD82,CD82 antigen,Chapter II Neoplasms,"Benign neoplasm of colon, rectum, anus and anal canal",22726,254,1.20 [0.94-1.54],0.1439417801846037
CD82,CD82 antigen,Chapter II Neoplasms,Benign neoplasm: Sigmoid colon,23332,95,0.96 [0.60-1.55],0.8707380968789795
CD82,CD82 antigen,Chapter II Neoplasms,"Benign neoplasm: Colon, unspecified",23716,82,1.13 [0.71-1.78],0.6085827710780091
CD82,CD82 antigen,Chapter II Neoplasms,Benign neoplasm: Rectum,23528,54,1.33 [0.82-2.15],0.2511212701317982
CD82,CD82 antigen,Chapter II Neoplasms,Benign neoplasm of other and ill-defined parts of digestive system,23713,57,0.52 [0.23-1.16],0.1087070387561323
CD82,CD82 antigen,Chapter II Neoplasms,Benign neoplasm: Stomach,23757,43,0.45 [0.18-1.18],0.1046206409692176
CD82,CD82 antigen,Chapter II Neoplasms,Benign lipomatous neoplasm,23570,236,1.03 [0.77-1.38],0.8211104054470159
CD82,CD82 antigen,Chapter II Neoplasms,Benign lipomatous neoplasm of skin and subcutaneous tissue of trunk,23715,96,1.11 [0.73-1.71],0.6192217932856023
CD82,CD82 antigen,Chapter II Neoplasms,Benign lipomatous neoplasm of skin and subcutaneous tissue of limbs,23714,89,0.85 [0.50-1.45],0.5421863040356873
CD82,CD82 antigen,Chapter II Neoplasms,"Haemangioma and lymphangioma, any site",23646,63,0.94 [0.52-1.70],0.8308847544186125
CD82,CD82 antigen,Chapter II Neoplasms,"Haemangioma, any site",23648,62,0.95 [0.52-1.72],0.8548011392257193
CD82,CD82 antigen,Chapter II Neoplasms,Melanocytic naevi,23569,233,0.88 [0.64-1.22],0.4358181885360135
CD82,CD82 antigen,Chapter II Neoplasms,Melanocytic naevi of other and unspecified parts of face,23715,111,0.75 [0.45-1.25],0.2712211195565225
CD82,CD82 antigen,Chapter II Neoplasms,Other benign neoplasms of skin,23618,197,1.09 [0.81-1.48],0.5693980564679042
CD82,CD82 antigen,Chapter II Neoplasms,Benign neoplasm of breast,23700,117,1.32 [0.96-1.81],0.0901658779318059
CD82,CD82 antigen,Chapter II Neoplasms,Leiomyoma of uterus,23274,858,0.95 [0.80-1.11],0.5104080055115301
CD82,CD82 antigen,Chapter III Diseases of the blood and blood-forming organs and certain disorders involving the immune mechanism,Other and unspecified iron deficiency,22573,234,0.92 [0.67-1.26],0.6117793626623855
CD82,CD82 antigen,Chapter III Diseases of the blood and blood-forming organs and certain disorders involving the immune mechanism,Other anaemias,22338,381,0.89 [0.70-1.15],0.3876805632855555
CD82,CD82 antigen,Chapter III Diseases of the blood and blood-forming organs and certain disorders involving the immune mechanism,Other and unspecified anaemias,22338,381,0.89 [0.70-1.15],0.3876805632855555
CD82,CD82 antigen,Chapter I Certain infectious and parasitic diseases,Condition for Implicit Sepsis (Organ dysfunction codes),21014,343,0.82 [0.62-1.08],0.164325925752197
CD82,CD82 antigen,Chapter III Diseases of the blood and blood-forming organs and certain disorders involving the immune mechanism,Agranulocytosis,23232,84,0.90 [0.53-1.54],0.7099716776226958
CD82,CD82 antigen,"Chapter IV Endocrine, nutritional and metabolic diseases",Disorders of other endocrine glands,23463,85,1.43 [1.02-2.01],0.0407716207573439
CD82,CD82 antigen,"Chapter IV Endocrine, nutritional and metabolic diseases",Metabolic disorders,19729,765,1.02 [0.86-1.21],0.8310548452391734
CD82,CD82 antigen,"Chapter IV Endocrine, nutritional and metabolic diseases",Disorders of the thyroid gland,21792,755,0.89 [0.75-1.07],0.2250175856636435
CD82,CD82 antigen,"Chapter IV Endocrine, nutritional and metabolic diseases",Type 1 diabetes,22160,93,1.01 [0.64-1.60],0.9605587280387258
CD82,CD82 antigen,Chapter IX Diseases of the circulatory system,Peripheral artery disease,22872,47,0.61 [0.26-1.42],0.251268992530556
CD82,CD82 antigen,"Chapter IV Endocrine, nutritional and metabolic diseases",Type 1 diabetes without complications,22150,83,1.05 [0.66-1.69],0.8321162584927716
CD82,CD82 antigen,"Chapter IV Endocrine, nutritional and metabolic diseases",Type 2 diabetes,22416,349,0.84 [0.64-1.11],0.2286863188551919
CD82,CD82 antigen,"Chapter IV Endocrine, nutritional and metabolic diseases",Type 2 diabetes without complications,22406,339,0.86 [0.65-1.13],0.2695940229221357
CD82,CD82 antigen,"Chapter IV Endocrine, nutritional and metabolic diseases",Obesity,22003,161,0.66 [0.41-1.06],0.0824510277564761
CD82,CD82 antigen,"Chapter IV Endocrine, nutritional and metabolic diseases","Obesity, other/unspecified",22005,158,0.66 [0.41-1.06],0.0846325609760379
CD82,CD82 antigen,"Chapter IV Endocrine, nutritional and metabolic diseases",Disorders of lipoprotein metabolism and other lipidaemias,19560,596,0.95 [0.78-1.16],0.6416623901054097
CD82,CD82 antigen,"Chapter IV Endocrine, nutritional and metabolic diseases","Hyperlipidaemia, other/unspecified",19031,67,0.73 [0.37-1.42],0.3505202368176627
CD82,CD82 antigen,"Chapter IV Endocrine, nutritional and metabolic diseases",Pure hypercholesterolaemia,19517,553,0.98 [0.79-1.20],0.809512184299416
CD82,CD82 antigen,"Chapter IV Endocrine, nutritional and metabolic diseases",Volume depletion,19011,47,1.22 [0.70-2.13],0.4803637812562094
CD82,CD82 antigen,"Chapter IV Endocrine, nutritional and metabolic diseases","Other disorders of fluid, electrolyte and acid-base balance",19022,58,1.42 [0.93-2.18],0.1028124303544522
CD82,CD82 antigen,Chapter V Mental and behavioural disorders,Any mental disorder,20037,524,1.06 [0.87-1.28],0.5803802466148105
CD82,CD82 antigen,Chapter V Mental and behavioural disorders,"Substance abuse, excluding more controls",19612,99,1.20 [0.78-1.85],0.4023408864178356
CD82,CD82 antigen,Chapter V Mental and behavioural disorders,"Mental and behavioural disorders due to alcohol, excluding acute intoxication",23537,63,1.14 [0.69-1.90],0.6072995935837598
CD82,CD82 antigen,Chapter V Mental and behavioural disorders,"Alcohol use disorder, ICD-based",23574,38,1.40 [0.84-2.35],0.1996605259573747
CD82,CD82 antigen,Chapter V Mental and behavioural disorders,Acute alcohol intoxication,22500,31,0.77 [0.30-1.94],0.5737807343666934
CD82,CD82 antigen,Chapter V Mental and behavioural disorders,"Acute alcohol intoxication, ICD10",23711,31,0.76 [0.29-1.98],0.5714057294459289
CD82,CD82 antigen,Chapter V Mental and behavioural disorders,"Alcohol abuse, main dg, excluding more controls",19544,31,0.77 [0.30-1.98],0.5821900168447364
CD82,CD82 antigen,Chapter V Mental and behavioural disorders,Alcohol dependence,22492,23,1.70 [1.01-2.85],0.0457259580276048
CD82,CD82 antigen,Chapter V Mental and behavioural disorders,Smoking dependency,22415,32,1.46 [0.83-2.58],0.1901222997637923
CD82,CD82 antigen,Chapter V Mental and behavioural disorders,"Schizophrenia or delusion, excluding more controls",19551,38,1.32 [0.74-2.35],0.3455914683028475
CD82,CD82 antigen,Chapter V Mental and behavioural disorders,"Mood disorders, excluding more controls",19833,320,1.23 [0.99-1.53],0.0610471031393669
CD82,CD82 antigen,Chapter V Mental and behavioural disorders,Depression,22019,285,1.21 [0.96-1.53],0.1125234292521799
CD82,CD82 antigen,Chapter V Mental and behavioural disorders,Depression or dysthymia,19651,247,1.15 [0.89-1.50],0.2753385166489093
CD82,CD82 antigen,Chapter V Mental and behavioural disorders,"Anxiety disorders, excluding more controls",19645,132,0.87 [0.57-1.35],0.5424760462185894
CD82,CD82 antigen,Chapter V Mental and behavioural disorders,Other anxiety disorders,22109,67,0.81 [0.43-1.51],0.4991861512596003
CD82,CD82 antigen,Chapter VI Diseases of the nervous system,Neurological diseases,20562,1403,0.97 [0.86-1.11],0.6831098482699245
CD82,CD82 antigen,Chapter VI Diseases of the nervous system,Other degenerative diseases of the nervous system,18810,169,1.12 [0.81-1.53],0.497574534358975
CD82,CD82 antigen,Chapter VI Diseases of the nervous system,MS-disease / Multiple Sclerosis,23584,138,1.23 [0.89-1.69],0.2111707565643188
CD82,CD82 antigen,Chapter VI Diseases of the nervous system,Episodal and paroxysmal disorders,22632,362,1.06 [0.84-1.34],0.627389209703652
CD82,CD82 antigen,Chapter VI Diseases of the nervous system,Epilepsy,22383,113,1.11 [0.75-1.65],0.5979835263659826
CD82,CD82 antigen,Chapter VI Diseases of the nervous system,Migraine,22378,108,0.96 [0.61-1.51],0.8532361785043125
CD82,CD82 antigen,Chapter VI Diseases of the nervous system,"Migraine, unspecified, drug-induced",23375,100,0.87 [0.53-1.43],0.5944519200176597
CD82,CD82 antigen,Chapter IX Diseases of the circulatory system,Transient ischemic attack,23155,51,1.53 [1.01-2.32],0.0459839190124098
CD82,CD82 antigen,Chapter VI Diseases of the nervous system,Other sleep disorders,22357,87,0.74 [0.42-1.30],0.2915519479376894
CD82,CD82 antigen,Chapter VI Diseases of the nervous system,Sleep apnoea,23406,63,0.76 [0.40-1.45],0.4056488955552341
CD82,CD82 antigen,Chapter VI Diseases of the nervous system,"Nerve, nerve root and plexus disorders",22566,725,0.91 [0.76-1.09],0.302858273573821
CD82,CD82 antigen,Chapter VI Diseases of the nervous system,"Other and unspecified nerve root and plexus disorders, also in other diseases",21945,104,0.91 [0.57-1.46],0.6895011225203276
CD82,CD82 antigen,Chapter VI Diseases of the nervous system,Carpal tunnel syndrome,22296,455,0.89 [0.71-1.12],0.3362891742623809
CD82,CD82 antigen,Chapter VI Diseases of the nervous system,Cerebral palsy and other paralytic syndromes,23537,67,0.45 [0.21-0.96],0.0387876282139105
CD82,CD82 antigen,Chapter VI Diseases of the nervous system,Hemiplegia,23521,51,0.47 [0.20-1.11],0.0857159032489378
CD82,CD82 antigen,Chapter VI Diseases of the nervous system,Other neurological diseases,23337,104,1.06 [0.70-1.63],0.7759769179162751
CD82,CD82 antigen,"Chapter VII Diseases of the eye, adnexa, ear and mastoid process","Disorders of eyelid, lacrimal system and orbit",23124,370,1.09 [0.87-1.36],0.4496656658478749
CD82,CD82 antigen,"Chapter VII Diseases of the eye, adnexa, ear and mastoid process",Other disorders of eyelid,22967,213,0.95 [0.69-1.31],0.7418815090054505
CD82,CD82 antigen,"Chapter VII Diseases of the eye, adnexa, ear and mastoid process",Chalazion,22818,64,1.39 [0.92-2.09],0.11774756061309
CD82,CD82 antigen,"Chapter VII Diseases of the eye, adnexa, ear and mastoid process",Other specified and unspecified  disorders of eyelid,22869,115,0.85 [0.53-1.36],0.4982323146129676
CD82,CD82 antigen,"Chapter VII Diseases of the eye, adnexa, ear and mastoid process",Disorders of lacrimal system,22844,90,1.15 [0.75-1.75],0.5209443693437192
CD82,CD82 antigen,"Chapter VII Diseases of the eye, adnexa, ear and mastoid process",Senile cataract,20144,150,0.99 [0.68-1.44],0.9463406718739572
CD82,CD82 antigen,"Chapter VII Diseases of the eye, adnexa, ear and mastoid process",Other cataract,20350,356,1.02 [0.81-1.29],0.869591858052976
CD82,CD82 antigen,"Chapter VII Diseases of the eye, adnexa, ear and mastoid process",Disorders of choroid and retina,22862,153,0.85 [0.57-1.28],0.4420343517844682
CD82,CD82 antigen,"Chapter VII Diseases of the eye, adnexa, ear and mastoid process",Background diabetic retinopathy,23534,29,0.79 [0.31-2.06],0.6357373775599824
CD82,CD82 antigen,"Chapter VII Diseases of the eye, adnexa, ear and mastoid process",Diabetic maculopathy,1535,29,0.80 [0.32-2.04],0.6460777935316879
CD82,CD82 antigen,"Chapter VII Diseases of the eye, adnexa, ear and mastoid process","Diabetic maculopathy, excluding more controls",22028,29,0.80 [0.31-2.06],0.638103813464127
CD82,CD82 antigen,"Chapter VII Diseases of the eye, adnexa, ear and mastoid process",Glaucoma,23153,81,0.74 [0.41-1.34],0.3145351131834192
CD82,CD82 antigen,"Chapter VII Diseases of the eye, adnexa, ear and mastoid process",Other and unspecified glaucoma,23116,44,0.84 [0.39-1.80],0.6556583040338143
CD82,CD82 antigen,"Chapter VII Diseases of the eye, adnexa, ear and mastoid process","Disorders of ocular muscles, binocular movement, accommodation and refraction",23025,79,0.91 [0.53-1.56],0.7273186812184025
CD82,CD82 antigen,"Chapter VII Diseases of the eye, adnexa, ear and mastoid process",Visual disturbances,23251,89,0.68 [0.37-1.22],0.1951943278962604
CD82,CD82 antigen,"Chapter VII Diseases of the eye, adnexa, ear and mastoid process",Diseases of middle ear and mastoid,23648,106,1.26 [0.88-1.81],0.2076540670971984
CD82,CD82 antigen,"Chapter VII Diseases of the eye, adnexa, ear and mastoid process",Other disorders of ear,23070,95,0.95 [0.59-1.55],0.8433018514034571
CD82,CD82 antigen,Chapter IX Diseases of the circulatory system,Death due to cardiac causes,17458,2373,0.94 [0.84-1.06],0.3268800388308079
CD82,CD82 antigen,Chapter IX Diseases of the circulatory system,Rheumatic valve diseases,23266,69,1.08 [0.65-1.81],0.7561276619198578
CD82,CD82 antigen,Chapter IX Diseases of the circulatory system,"Hypertension, essential",18368,1735,0.95 [0.84-1.08],0.4629657202620041
CD82,CD82 antigen,Chapter IX Diseases of the circulatory system,Hypertension,18384,1751,0.95 [0.84-1.08],0.405524232356196
CD82,CD82 antigen,Chapter IX Diseases of the circulatory system,Hypertensive Renal Disease,16667,34,0.78 [0.31-1.94],0.5919478472063351
CD82,CD82 antigen,Chapter IX Diseases of the circulatory system,"Ischaemic heart disease, wide definition",22308,613,0.80 [0.64-0.99],0.037155393419677
CD82,CD82 antigen,Chapter IX Diseases of the circulatory system,Angina pectoris,22119,424,0.88 [0.69-1.12],0.3044804446294309
CD82,CD82 antigen,Chapter IX Diseases of the circulatory system,Unstable angina pectoris,23184,122,0.88 [0.56-1.37],0.5653298046168436
CD82,CD82 antigen,Chapter IX Diseases of the circulatory system,Major coronary heart disease event,23251,189,0.76 [0.52-1.12],0.1666380724865556
CD82,CD82 antigen,Chapter IX Diseases of the circulatory system,"Myocardial infarction, with ST-elevation",23695,25,0.67 [0.22-2.06],0.4856851343436597
CD82,CD82 antigen,Chapter IX Diseases of the circulatory system,"Myocardial infarction, strict",21774,79,0.57 [0.30-1.10],0.0965635059495239
CD82,CD82 antigen,Chapter IX Diseases of the circulatory system,Coronary atherosclerosis,22080,396,0.78 [0.60-1.02],0.0660869926103957
CD82,CD82 antigen,Chapter IX Diseases of the circulatory system,Pulmonary embolism,23065,86,0.90 [0.54-1.52],0.7020183534400728
CD82,CD82 antigen,Chapter IX Diseases of the circulatory system,Venous thromboembolism,23166,185,0.80 [0.55-1.17],0.2445912524766827
CD82,CD82 antigen,Chapter IX Diseases of the circulatory system,Secondary right heart disease,23069,90,1.27 [0.86-1.87],0.2283308838947668
CD82,CD82 antigen,Chapter IX Diseases of the circulatory system,Other pulmonary heart/vessel disease,23069,90,1.27 [0.86-1.87],0.2283308838947668
CD82,CD82 antigen,Chapter IX Diseases of the circulatory system,"Hypertension, Pulmonary Arterial",16720,87,1.30 [0.88-1.91],0.1907782480294264
CD82,CD82 antigen,Chapter IX Diseases of the circulatory system,Cardiomyopathy,20657,33,0.99 [0.45-2.19],0.9736148853300046
CD82,CD82 antigen,Chapter IX Diseases of the circulatory system,Conduction disorders,20688,64,0.95 [0.53-1.72],0.8698692025311032
CD82,CD82 antigen,Chapter IX Diseases of the circulatory system,Paroxysmal tachycardia,14262,85,0.77 [0.44-1.37],0.3793672979608548
CD82,CD82 antigen,Chapter IX Diseases of the circulatory system,Atrial fibrillation and flutter,14412,235,1.11 [0.85-1.46],0.4455730822873692
CD82,CD82 antigen,Chapter IX Diseases of the circulatory system,Other arrhythmias,20667,43,0.61 [0.25-1.48],0.276268857848674
CD82,CD82 antigen,Chapter IX Diseases of the circulatory system,Other or ill-defined heart diseases,20672,48,0.79 [0.37-1.68],0.5404526994669374
CD82,CD82 antigen,Chapter IX Diseases of the circulatory system,"Heart failure, strict",23048,88,1.13 [0.73-1.76],0.5784165656465625
CD82,CD82 antigen,Chapter IX Diseases of the circulatory system,"Stroke, including SAH",23082,114,0.97 [0.63-1.50],0.9034209163703264
CD82,CD82 antigen,Chapter IX Diseases of the circulatory system,"Stroke, excluding SAH",23117,85,0.91 [0.54-1.54],0.7334913143686796
CD82,CD82 antigen,Chapter IX Diseases of the circulatory system,"Ischaemic Stroke, excluding all haemorrhages",23177,73,0.89 [0.50-1.58],0.6849905151346811
CD82,CD82 antigen,Chapter IX Diseases of the circulatory system,Other diseases of arteries and capillaries,22896,60,0.99 [0.56-1.78],0.9853116953432208
CD82,CD82 antigen,Chapter IX Diseases of the circulatory system,Other peripheral vascular diseases,22928,92,0.65 [0.36-1.18],0.1588270586582044
CD82,CD82 antigen,Chapter IX Diseases of the circulatory system,Phlebitis and thrombophlebitis (not including DVT),22372,110,0.78 [0.47-1.29],0.3326134894310765
CD82,CD82 antigen,Chapter IX Diseases of the circulatory system,DVT of lower extremities,22350,88,0.77 [0.43-1.35],0.3577551874909974
CD82,CD82 antigen,Chapter IX Diseases of the circulatory system,"!Phlebitis/thrombophlebitis venae iliacae [externae/internae/communis], drug-induced",23566,87,0.69 [0.38-1.25],0.2209577263719659
CD82,CD82 antigen,Chapter IX Diseases of the circulatory system,Varicose veins,22792,530,0.96 [0.78-1.18],0.6825399223125314
CD82,CD82 antigen,Chapter IX Diseases of the circulatory system,Hypotension,22801,73,0.95 [0.55-1.65],0.8681112988100184
CD82,CD82 antigen,Chapter X Diseases of the respiratory system,Diseases of the respiratory system,19299,1822,1.02 [0.91-1.14],0.6948322383487087
CD82,CD82 antigen,Chapter X Diseases of the respiratory system,Acute upper respiratory infections,23564,108,1.09 [0.73-1.63],0.6660161464801488
CD82,CD82 antigen,Chapter X Diseases of the respiratory system,Influenza and pneumonia,22350,176,0.83 [0.56-1.22],0.3436285916906073
CD82,CD82 antigen,Chapter X Diseases of the respiratory system,"Pneumonia, organism unspecified",22334,160,0.90 [0.61-1.32],0.5908277985283641
CD82,CD82 antigen,Chapter X Diseases of the respiratory system,Other acute lower respiratory infections,22969,200,0.92 [0.66-1.29],0.6412510733553423
CD82,CD82 antigen,Chapter X Diseases of the respiratory system,Unspecified acute lower respiratory infection,22965,196,0.93 [0.66-1.30],0.6571105019216554
CD82,CD82 antigen,Chapter X Diseases of the respiratory system,Other diseases of upper respiratory tract,23088,486,1.05 [0.86-1.28],0.6134872571963106
CD82,CD82 antigen,Chapter X Diseases of the respiratory system,Chronic sinusitis,22706,104,1.54 [1.15-2.05],0.0033871726789313
CD82,CD82 antigen,Chapter X Diseases of the respiratory system,Nasal polyp,22673,71,1.12 [0.69-1.84],0.6379227742799304
CD82,CD82 antigen,Chapter X Diseases of the respiratory system,"Diseases of vocal cords and larynx+other diseases of upper respiratory tract, no elsewhere classified",22909,307,1.08 [0.84-1.37],0.562807696629393
CD82,CD82 antigen,Chapter X Diseases of the respiratory system,Deviated nasal septum,22723,121,1.22 [0.86-1.73],0.2633548932672316
CD82,CD82 antigen,Chapter X Diseases of the respiratory system,Vocal cord dysfunction,11399,55,1.40 [0.92-2.12],0.1188415160248524
CD82,CD82 antigen,Chapter X Diseases of the respiratory system,Chronic lower respiratory diseases,21180,1000,0.98 [0.85-1.14],0.8246202709692767
CD82,CD82 antigen,Chapter X Diseases of the respiratory system,Early onset COPD,22858,135,0.79 [0.50-1.25],0.3104996369169243
CD82,CD82 antigen,Chapter X Diseases of the respiratory system,"COPD, hospital admissions 1, only main diagnosis",22875,152,0.77 [0.50-1.19],0.2403913058977741
CD82,CD82 antigen,Chapter X Diseases of the respiratory system,"Other chronic obstructive pulmonary disease, including avohilmo",22875,152,0.77 [0.50-1.19],0.2403913058977741
CD82,CD82 antigen,Chapter X Diseases of the respiratory system,"Asthma, hospital admissions , main diagnosis only",21950,859,0.95 [0.80-1.12],0.5277253479137733
CD82,CD82 antigen,Chapter X Diseases of the respiratory system,Asthma,17629,859,0.98 [0.83-1.15],0.7791112496289224
CD82,CD82 antigen,Chapter X Diseases of the respiratory system,"Asthma, excluding more controls",17470,859,0.98 [0.83-1.15],0.7895538326646423
CD82,CD82 antigen,Chapter X Diseases of the respiratory system,"Asthma, unspecified (mode)",17617,847,0.98 [0.83-1.16],0.828814411018047
CD82,CD82 antigen,Chapter X Diseases of the respiratory system,Other respiratory diseases principally affecting the interstitium,23473,77,1.03 [0.63-1.70],0.8944142594015455
CD82,CD82 antigen,Chapter X Diseases of the respiratory system,Interstitial lung disease,22165,58,1.08 [0.61-1.91],0.7821424462386556
CD82,CD82 antigen,Chapter X Diseases of the respiratory system,"ILD, hospital admissions",23535,58,1.07 [0.61-1.86],0.8193124320603035
CD82,CD82 antigen,Chapter X Diseases of the respiratory system,Idiopathic pulmonary fibrosis,22159,52,1.16 [0.65-2.04],0.6193985654777258
CD82,CD82 antigen,Chapter X Diseases of the respiratory system,Pleural effusion,22158,73,1.04 [0.62-1.74],0.8889909291640837
CD82,CD82 antigen,Chapter X Diseases of the respiratory system,Other diseases of pleura,22253,168,1.04 [0.73-1.46],0.8434967779283957
CD82,CD82 antigen,Chapter X Diseases of the respiratory system,Other respiratory disorders and diseases,22741,82,0.94 [0.55-1.59],0.8118689907664655
CD82,CD82 antigen,Chapter XI Diseases of the digestive system,Gastrointestinal diseases,16480,5182,0.95 [0.88-1.03],0.2546404708172257
CD82,CD82 antigen,Chapter XI Diseases of the digestive system,"Diseases of oral cavity, salivary glands and jaws",23254,408,0.88 [0.68-1.12],0.2896764719465864
CD82,CD82 antigen,Chapter XI Diseases of the digestive system,Embedded and impacted teeth,23717,86,0.85 [0.49-1.46],0.5540464580213977
CD82,CD82 antigen,Chapter XI Diseases of the digestive system,Impacted teeth,23722,78,0.83 [0.46-1.47],0.515675176810799
CD82,CD82 antigen,Chapter XI Diseases of the digestive system,Dental caries,22940,94,0.96 [0.60-1.55],0.867968016398215
CD82,CD82 antigen,Chapter XI Diseases of the digestive system,Diseases of pulp and periapical tissues,22954,108,0.87 [0.54-1.40],0.5694572623521352
CD82,CD82 antigen,Chapter XI Diseases of the digestive system,Palatinal maxillary canine,23708,96,1.05 [0.68-1.64],0.8177700055288246
CD82,CD82 antigen,Chapter XI Diseases of the digestive system,Other disorders of teeth and supporting structures,22943,97,0.95 [0.59-1.53],0.827383451957068
CD82,CD82 antigen,Chapter XI Diseases of the digestive system,Other diseases of lip and oral mucosa,22689,68,0.98 [0.56-1.72],0.9442562821994572
CD82,CD82 antigen,Chapter XI Diseases of the digestive system,Oral lichen ruber planus,23633,43,1.10 [0.58-2.10],0.7618324119105402
CD82,CD82 antigen,Chapter XI Diseases of the digestive system,Gastroduodenal ulcer,17954,191,0.89 [0.62-1.26],0.504948590251104
CD82,CD82 antigen,Chapter XI Diseases of the digestive system,"Diseases of oesophagus, stomach and duodenum",19764,2001,0.87 [0.77-0.98],0.0171815846626536
CD82,CD82 antigen,Chapter XI Diseases of the digestive system,Oesophagitis,18018,255,0.67 [0.48-0.96],0.0274852175241883
CD82,CD82 antigen,Chapter XI Diseases of the digestive system,Gastro-oesophageal reflux disease,18409,646,1.01 [0.85-1.21],0.8699864260438218
CD82,CD82 antigen,Chapter XI Diseases of the digestive system,Other diseases of oesophagus,17830,67,1.16 [0.71-1.89],0.561712278454243
CD82,CD82 antigen,Chapter XI Diseases of the digestive system,Ulcer of oesophagus,17881,118,1.47 [1.10-1.98],0.009912099597428
CD82,CD82 antigen,Chapter XI Diseases of the digestive system,Oesophageal obstruction,17796,33,0.73 [0.29-1.88],0.5164661562902848
CD82,CD82 antigen,Chapter XI Diseases of the digestive system,Gastric ulcer,17890,127,1.08 [0.74-1.57],0.7063673866944145
CD82,CD82 antigen,Chapter XI Diseases of the digestive system,Duodenal ulcer,17828,65,0.97 [0.55-1.71],0.9197979251268736
CD82,CD82 antigen,Chapter XI Diseases of the digestive system,"Duodenal ulcer - Unspecified as acute or chronic, without haemorrhage or perforation, drug-induced",23675,51,1.22 [0.73-2.05],0.4453943178669396
CD82,CD82 antigen,Chapter XI Diseases of the digestive system,Chronic gastritis,17877,114,0.74 [0.44-1.22],0.232105319419914
CD82,CD82 antigen,Chapter XI Diseases of the digestive system,Other gastritis (incl. Duodenitis),18493,730,0.81 [0.67-0.99],0.0375430925554783
CD82,CD82 antigen,Chapter XI Diseases of the digestive system,Diseases of appendix,23613,133,1.16 [0.82-1.64],0.3920941854390315
CD82,CD82 antigen,Chapter XI Diseases of the digestive system,Functional dyspepsia,18259,496,0.87 [0.69-1.08],0.2087064314654033
CD82,CD82 antigen,Chapter XI Diseases of the digestive system,Other diseases of stomach and duodenum,17913,150,0.76 [0.49-1.17],0.2138115358501324
CD82,CD82 antigen,Chapter XI Diseases of the digestive system,Colonic or urogenital fistula,23631,123,1.07 [0.73-1.58],0.7259498146241179
CD82,CD82 antigen,Chapter XI Diseases of the digestive system,Acute appendicitis,23590,110,1.22 [0.84-1.75],0.2935918073426999
CD82,CD82 antigen,Chapter XI Diseases of the digestive system,Hernia,21270,1041,0.92 [0.79-1.07],0.2576088664838077
CD82,CD82 antigen,Chapter XI Diseases of the digestive system,Inguinal hernia,20287,58,1.19 [0.71-2.00],0.4990809408363106
CD82,CD82 antigen,Chapter XI Diseases of the digestive system,Umbilical hernia,20296,67,1.29 [0.84-1.98],0.2369323323646214
CD82,CD82 antigen,Chapter XI Diseases of the digestive system,Ventral hernia,20319,90,0.81 [0.47-1.39],0.4388463212102084
CD82,CD82 antigen,Chapter XI Diseases of the digestive system,Diaphragmatic hernia,21061,832,0.88 [0.74-1.05],0.1666559453144154
CD82,CD82 antigen,Chapter XI Diseases of the digestive system,Noninfective enteritis and colitis,22824,791,0.82 [0.69-0.99],0.0402642944976675
CD82,CD82 antigen,Chapter XI Diseases of the digestive system,Other diseases of intestines,18832,1885,0.95 [0.85-1.07],0.4134469955887606
CD82,CD82 antigen,Chapter XI Diseases of the digestive system,"Crohn disease (strict definition, all UC cases excluded)",23458,58,1.21 [0.74-1.98],0.450800904340466
CD82,CD82 antigen,Chapter XI Diseases of the digestive system,"Crohn disease (strict definition, require KELA, min 2 HDR)",23697,82,1.10 [0.69-1.73],0.6955341666254056
CD82,CD82 antigen,Chapter XI Diseases of the digestive system,Crohn disease,22115,82,1.09 [0.69-1.72],0.7069193811385296
CD82,CD82 antigen,Chapter XI Diseases of the digestive system,Crohn's disease NAS,22093,60,1.21 [0.74-1.96],0.4478854746193929
CD82,CD82 antigen,Chapter XI Diseases of the digestive system,"Ulcerative colitis (strict definition, require KELA, min 2 HDR)",23623,112,0.92 [0.59-1.45],0.7327409377537082
CD82,CD82 antigen,Chapter XI Diseases of the digestive system,Ulcerative colitis,22145,112,0.92 [0.59-1.45],0.7204367957677387
CD82,CD82 antigen,Chapter XI Diseases of the digestive system,"Ulcerative colitis, NAS",22131,98,0.97 [0.61-1.55],0.9018700981300312
CD82,CD82 antigen,Chapter XI Diseases of the digestive system,Other noninfective gastroenteritis and colitis,22706,673,0.79 [0.64-0.97],0.0237088489551135
CD82,CD82 antigen,Chapter XI Diseases of the digestive system,Noninfectious colitis NAS,22696,663,0.80 [0.65-0.98],0.0309802109582787
CD82,CD82 antigen,Chapter XI Diseases of the digestive system,Paralytic ileus and intestinal obstruction,17035,88,0.56 [0.30-1.05],0.0710130933676894
CD82,CD82 antigen,Chapter XI Diseases of the digestive system,Intestinal stricture,23341,88,0.57 [0.30-1.06],0.0773650459359494
CD82,CD82 antigen,Chapter XI Diseases of the digestive system,"Other or unspecified ileus, impaction or obstruction",17001,54,0.61 [0.28-1.34],0.2173503877995967
CD82,CD82 antigen,Chapter XI Diseases of the digestive system,Diverticular disease of intestine,17532,585,0.88 [0.71-1.08],0.2284626773485095
CD82,CD82 antigen,Chapter XI Diseases of the digestive system,Irritable bowel syndrome,17157,210,1.10 [0.82-1.47],0.5190351138616043
CD82,CD82 antigen,Chapter XI Diseases of the digestive system,Other functional intestinal disorders,17278,331,1.06 [0.83-1.35],0.6496900694898742
CD82,CD82 antigen,Chapter XI Diseases of the digestive system,Constipation,22297,296,1.09 [0.85-1.39],0.5138186665102356
CD82,CD82 antigen,Chapter XI Diseases of the digestive system,Diseases of peritoneum,23304,112,1.00 [0.65-1.54],0.982270852625189
CD82,CD82 antigen,Chapter XI Diseases of the digestive system,Fissure and fistula of anal and rectal regions,17056,109,1.08 [0.72-1.64],0.7012296145727603
CD82,CD82 antigen,Chapter XI Diseases of the digestive system,Abscess of anal and rectal regions,16987,40,1.09 [0.56-2.13],0.8053850237918723
CD82,CD82 antigen,Chapter XI Diseases of the digestive system,Other diseases of anus and rectum,17721,774,0.90 [0.76-1.08],0.2674598784666488
CD82,CD82 antigen,Chapter XI Diseases of the digestive system,Other diseases of intestine,17147,200,0.85 [0.59-1.21],0.3604547995169301
CD82,CD82 antigen,Chapter XI Diseases of the digestive system,Other diseases of peritoneum,23290,98,1.03 [0.66-1.61],0.8997760776749507
CD82,CD82 antigen,Chapter XI Diseases of the digestive system,Diseases of liver,23077,89,1.58 [1.15-2.18],0.0053104706250538
CD82,CD82 antigen,Chapter XI Diseases of the digestive system,Other diseases of liver,23035,47,1.62 [1.06-2.49],0.0267291717209853
CD82,CD82 antigen,Chapter XI Diseases of the digestive system,"Disorders of gallbladder, biliary tract and pancreas",22383,738,0.82 [0.67-0.99],0.0385396475615517
CD82,CD82 antigen,Chapter XI Diseases of the digestive system,Cholelithiasis,22262,617,0.82 [0.66-1.01],0.0615685133863109
CD82,CD82 antigen,Chapter XI Diseases of the digestive system,Cholecystitis,21755,110,0.76 [0.46-1.26],0.286621711580115
CD82,CD82 antigen,Chapter XI Diseases of the digestive system,Other diseases of biliary tract,21702,57,0.55 [0.25-1.21],0.1352951299310434
CD82,CD82 antigen,Chapter XI Diseases of the digestive system,Acute pancreatitis,21695,50,0.57 [0.25-1.31],0.1816720653464074
CD82,CD82 antigen,Chapter XI Diseases of the digestive system,Acute pancreatitis (for exclusion),23613,50,0.57 [0.25-1.32],0.1890375808996058
CD82,CD82 antigen,Chapter XI Diseases of the digestive system,Diseases of the digestive system,22572,252,1.13 [0.87-1.46],0.3706986257763238
CD82,CD82 antigen,Chapter XI Diseases of the digestive system,Intestinal malabsorption,22405,85,1.23 [0.82-1.86],0.3135316834463125
CD82,CD82 antigen,Chapter XI Diseases of the digestive system,Coeliac disease,22395,75,1.27 [0.98-1.65],0.0690793207516003
CD82,CD82 antigen,Chapter XI Diseases of the digestive system,"Postprocedural disorders of digestive system, not elsewhere classified",22353,33,1.32 [0.71-2.43],0.3776626552417415
CD82,CD82 antigen,Chapter XI Diseases of the digestive system,Other diseases of the digestive system,22459,139,1.06 [0.73-1.53],0.7723058894571785
CD82,CD82 antigen,Chapter XI Diseases of the digestive system,GI-bleeding,22451,131,1.06 [0.72-1.56],0.7646088897241792
CD82,CD82 antigen,Chapter XII Diseases of the skin and subcutaneous tissue,Diseases of the skin and subcutaneous tissue,21026,1391,1.14 [1.02-1.29],0.0235068648511019
CD82,CD82 antigen,Chapter XII Diseases of the skin and subcutaneous tissue,Dermatitis and eczema,23359,101,0.80 [0.48-1.34],0.4027902412855513
CD82,CD82 antigen,Chapter XII Diseases of the skin and subcutaneous tissue,Disorders of skin appendages,23365,396,1.08 [0.87-1.34],0.4863422751372122
CD82,CD82 antigen,Chapter XII Diseases of the skin and subcutaneous tissue,Other disorders of skin and subcutaneous tissue,22381,586,1.20 [1.02-1.41],0.0323724663120305
CD82,CD82 antigen,Chapter XII Diseases of the skin and subcutaneous tissue,Infections of the skin and subcutaneous tissue,23034,286,1.04 [0.80-1.35],0.7576523379559197
CD82,CD82 antigen,Chapter XII Diseases of the skin and subcutaneous tissue,"Cutaneous abscess, furuncle and carbuncle",22812,64,0.86 [0.46-1.60],0.6369012704375903
CD82,CD82 antigen,Chapter XII Diseases of the skin and subcutaneous tissue,Cellulitis,22933,185,1.05 [0.76-1.44],0.7702999971464171
CD82,CD82 antigen,Chapter XII Diseases of the skin and subcutaneous tissue,Papulosquamous disorders,23494,77,1.21 [0.78-1.89],0.3912499158431043
CD82,CD82 antigen,Chapter XII Diseases of the skin and subcutaneous tissue,Psoriasis,23473,56,1.14 [0.66-1.97],0.6315761744333722
CD82,CD82 antigen,Chapter XII Diseases of the skin and subcutaneous tissue,Other and unspecified psoriasis,23460,43,1.14 [0.61-2.14],0.6716168394678808
CD82,CD82 antigen,Chapter XII Diseases of the skin and subcutaneous tissue,Radiation-related disorders of the skin and subcutaneous tissue,23528,50,1.36 [0.83-2.24],0.2198858703148059
CD82,CD82 antigen,Chapter XII Diseases of the skin and subcutaneous tissue,Skin changes due to chronic exposure to nonionizing radiation,23525,47,1.51 [0.96-2.38],0.0775441376993378
CD82,CD82 antigen,Chapter XII Diseases of the skin and subcutaneous tissue,Nail disorders,23022,53,0.85 [0.43-1.68],0.6342793461098383
CD82,CD82 antigen,Chapter XII Diseases of the skin and subcutaneous tissue,Follicular cysts of skin and subcutaneous tissue,23275,306,1.04 [0.81-1.34],0.7646451573116477
CD82,CD82 antigen,Chapter XII Diseases of the skin and subcutaneous tissue,Seborrhoeic keratosis,21875,80,1.48 [1.05-2.11],0.0270447484306292
CD82,CD82 antigen,Chapter XII Diseases of the skin and subcutaneous tissue,Atrophic disorders of skin,21921,126,0.94 [0.61-1.43],0.7720231451768762
CD82,CD82 antigen,Chapter XII Diseases of the skin and subcutaneous tissue,Scar conditions and fibrosis of skin,21886,91,1.02 [0.64-1.64],0.9247987737985364
CD82,CD82 antigen,Chapter XII Diseases of the skin and subcutaneous tissue,"Other disorders of skin and subcutaneous tissue, not elsewhere classified",22020,225,1.16 [0.88-1.52],0.2954105229590583
CD82,CD82 antigen,Chapter XII Diseases of the skin and subcutaneous tissue,Other and unspecified disorders of skin and subcutaneous tissue,21998,203,1.12 [0.83-1.50],0.4656615361346571
CD82,CD82 antigen,Chapter XIII Diseases of the musculoskeletal system and connective tissue,Diseases of the musculoskeletal system and connective tissue,16704,3803,0.93 [0.85-1.02],0.1432863561203932
CD82,CD82 antigen,Chapter XIII Diseases of the musculoskeletal system and connective tissue,Arthropathies,18229,2177,0.93 [0.83-1.04],0.2138990701047648
CD82,CD82 antigen,Chapter XIII Diseases of the musculoskeletal system and connective tissue,Soft tissue disorders,21317,1156,0.88 [0.76-1.02],0.0881197539203634
CD82,CD82 antigen,Chapter XIII Diseases of the musculoskeletal system and connective tissue,Rheumatoid arthritis,16238,186,0.97 [0.69-1.36],0.8419134273459803
CD82,CD82 antigen,Chapter XIII Diseases of the musculoskeletal system and connective tissue,Polyarthropathies,16497,445,1.05 [0.85-1.30],0.6503943329553935
CD82,CD82 antigen,Chapter XIII Diseases of the musculoskeletal system and connective tissue,"Other (seronegative) rheumatoid arthritis, wide",23251,178,0.98 [0.70-1.38],0.9265020895197236
CD82,CD82 antigen,Chapter XIII Diseases of the musculoskeletal system and connective tissue,Other/unspecified rheumatoid arthritis,23266,163,0.93 [0.64-1.34],0.685822712339549
CD82,CD82 antigen,Chapter XIII Diseases of the musculoskeletal system and connective tissue,Arthrosis,17105,1053,0.88 [0.75-1.03],0.1198717329142317
CD82,CD82 antigen,Chapter XIII Diseases of the musculoskeletal system and connective tissue,"Artrosis, including avohilmo",19435,1053,0.87 [0.74-1.02],0.0902312093265681
CD82,CD82 antigen,Chapter XIII Diseases of the musculoskeletal system and connective tissue,Gout,16063,11,0.12 [0.02-0.95],0.0449075586477305
CD82,CD82 antigen,Chapter XIII Diseases of the musculoskeletal system and connective tissue,"Gout, unspecified",23592,11,0.11 [0.01-0.89],0.0386082794564145
CD82,CD82 antigen,Chapter XIII Diseases of the musculoskeletal system and connective tissue,Other specified/unspecified arthritis,16283,231,0.94 [0.69-1.29],0.7115482069756898
CD82,CD82 antigen,Chapter XIII Diseases of the musculoskeletal system and connective tissue,Polyarthrosis,16126,74,0.75 [0.40-1.40],0.3641549202871602
CD82,CD82 antigen,Chapter XIII Diseases of the musculoskeletal system and connective tissue,Coxarthrosis,16323,271,1.05 [0.80-1.38],0.7263700564610742
CD82,CD82 antigen,Chapter XIII Diseases of the musculoskeletal system and connective tissue,"Coxarthrosis, primary",23572,144,1.03 [0.71-1.48],0.8876426457464532
CD82,CD82 antigen,Chapter XIII Diseases of the musculoskeletal system and connective tissue,Gonarthrosis,16459,407,0.81 [0.63-1.06],0.1212396950233038
CD82,CD82 antigen,Chapter XIII Diseases of the musculoskeletal system and connective tissue,Other arthrosis,16461,409,0.78 [0.60-1.02],0.071508600933415
CD82,CD82 antigen,Chapter XIII Diseases of the musculoskeletal system and connective tissue,Other joint disorders,17264,1212,0.88 [0.76-1.03],0.1036397258749266
CD82,CD82 antigen,Chapter XIII Diseases of the musculoskeletal system and connective tissue,Other deformities of toe(s),16149,97,1.00 [0.63-1.59],0.9960487541646856
CD82,CD82 antigen,Chapter XIII Diseases of the musculoskeletal system and connective tissue,Hallux valgus (acquired),16407,355,0.85 [0.65-1.12],0.2439338053790004
CD82,CD82 antigen,Chapter XIII Diseases of the musculoskeletal system and connective tissue,Hallux rigidus,16119,67,0.55 [0.26-1.14],0.1069876622432541
CD82,CD82 antigen,Chapter XIII Diseases of the musculoskeletal system and connective tissue,Other hammer toe(s) (acquired),16143,91,1.31 [0.89-1.91],0.1657576344676987
CD82,CD82 antigen,Chapter XIII Diseases of the musculoskeletal system and connective tissue,Internal derangement of knee,16367,315,0.99 [0.76-1.28],0.9102675307202284
CD82,CD82 antigen,Chapter XIII Diseases of the musculoskeletal system and connective tissue,Meniscus derangement,16320,268,0.88 [0.66-1.19],0.42245447665357
CD82,CD82 antigen,Chapter XIII Diseases of the musculoskeletal system and connective tissue,Pain in joint,17679,258,0.80 [0.58-1.11],0.180999909377978
CD82,CD82 antigen,Chapter XIII Diseases of the musculoskeletal system and connective tissue,Systemic lupus erythematosus,23021,209,1.07 [0.79-1.43],0.6678849448071046
CD82,CD82 antigen,Chapter XIII Diseases of the musculoskeletal system and connective tissue,Other systemic involvement of connective tissue,22894,82,1.38 [0.95-2.00],0.0887386696611888
CD82,CD82 antigen,Chapter XIII Diseases of the musculoskeletal system and connective tissue,Deforming dorsopathies,20325,74,0.97 [0.57-1.65],0.9017473755759944
CD82,CD82 antigen,Chapter XIII Diseases of the musculoskeletal system and connective tissue,Spondylopathies,20518,267,0.89 [0.66-1.20],0.432451137485071
CD82,CD82 antigen,Chapter XIII Diseases of the musculoskeletal system and connective tissue,Dorsopathies,21151,900,0.88 [0.74-1.04],0.1348833955068227
CD82,CD82 antigen,Chapter XIII Diseases of the musculoskeletal system and connective tissue,Spondylosis,20437,186,0.74 [0.50-1.09],0.127999044503844
CD82,CD82 antigen,Chapter XIII Diseases of the musculoskeletal system and connective tissue,Spinal stenosis,20320,69,1.07 [0.64-1.79],0.7988363092274197
CD82,CD82 antigen,Chapter XIII Diseases of the musculoskeletal system and connective tissue,"Other dorsopathies, not elsewhere classified",20971,720,0.88 [0.73-1.06],0.1933125331278312
CD82,CD82 antigen,Chapter XIII Diseases of the musculoskeletal system and connective tissue,Cervical disc disorders,20294,43,0.65 [0.28-1.51],0.3128051407857168
CD82,CD82 antigen,Chapter XIII Diseases of the musculoskeletal system and connective tissue,Other intervertebral disc disorders,20466,215,0.89 [0.64-1.24],0.4987582733300341
CD82,CD82 antigen,Chapter XIII Diseases of the musculoskeletal system and connective tissue,Lumbar disc prolapse,20340,89,0.78 [0.45-1.35],0.3719658389265633
CD82,CD82 antigen,Chapter XIII Diseases of the musculoskeletal system and connective tissue,Sciatica+with lumbago,20328,77,1.15 [0.73-1.82],0.5486413857860963
CD82,CD82 antigen,Chapter XIII Diseases of the musculoskeletal system and connective tissue,Other/unspecified dorsalgia,20382,131,0.51 [0.30-0.86],0.012192524324607
CD82,CD82 antigen,Chapter XIII Diseases of the musculoskeletal system and connective tissue,Cervicalgia,20322,71,0.89 [0.50-1.58],0.6828254143473391
CD82,CD82 antigen,Chapter XIII Diseases of the musculoskeletal system and connective tissue,Low back pain,20563,312,0.92 [0.70-1.21],0.5550689597960398
CD82,CD82 antigen,Chapter XIII Diseases of the musculoskeletal system and connective tissue,Disorders of synovium and tendon,20496,335,1.03 [0.81-1.31],0.7932929624244771
CD82,CD82 antigen,Chapter XIII Diseases of the musculoskeletal system and connective tissue,Other/unspecified synovitis and tenosynovitis,20224,63,1.39 [0.92-2.10],0.1198072893267873
CD82,CD82 antigen,Chapter XIII Diseases of the musculoskeletal system and connective tissue,Trigger finger,20258,97,1.21 [0.82-1.77],0.3423651677092727
CD82,CD82 antigen,Chapter XIII Diseases of the musculoskeletal system and connective tissue,Ganglion,20281,120,0.69 [0.42-1.14],0.151894892449017
CD82,CD82 antigen,Chapter XIII Diseases of the musculoskeletal system and connective tissue,"Soft tissue disorders related to use, overuse and pressure",20197,36,1.03 [0.50-2.13],0.934169039587031
CD82,CD82 antigen,Chapter XIII Diseases of the musculoskeletal system and connective tissue,Fibroblastic disorders,20210,49,0.79 [0.38-1.66],0.5323384191732197
CD82,CD82 antigen,Chapter XIII Diseases of the musculoskeletal system and connective tissue,Palmar fascial fibromatosis [Dupuytren],20198,37,0.44 [0.16-1.23],0.116985707536889
CD82,CD82 antigen,Chapter XIII Diseases of the musculoskeletal system and connective tissue,Shoulder lesions,20393,232,0.83 [0.59-1.16],0.2721923942812865
CD82,CD82 antigen,Chapter XIII Diseases of the musculoskeletal system and connective tissue,Other shoulder lesions,20212,51,1.02 [0.55-1.89],0.945881243955718
CD82,CD82 antigen,Chapter XIII Diseases of the musculoskeletal system and connective tissue,Rotator cuff syndrome,20217,56,0.71 [0.34-1.47],0.3552725255135868
CD82,CD82 antigen,Chapter XIII Diseases of the musculoskeletal system and connective tissue,Impingement syndrome of shoulder,20277,116,0.74 [0.45-1.22],0.2405612581902749
CD82,CD82 antigen,Chapter XIII Diseases of the musculoskeletal system and connective tissue,Other enthesopathies,20233,72,0.92 [0.53-1.61],0.7758946024302322
CD82,CD82 antigen,Chapter XIII Diseases of the musculoskeletal system and connective tissue,"Other soft tissue disorders, not elsewhere classified",20634,473,0.72 [0.56-0.93],0.0101902732003272
CD82,CD82 antigen,Chapter XIII Diseases of the musculoskeletal system and connective tissue,Other specified/unspecified soft tissue disorders,20327,166,0.76 [0.50-1.14],0.1781095947815689
CD82,CD82 antigen,Chapter XIII Diseases of the musculoskeletal system and connective tissue,Pain in limb,20418,257,0.69 [0.49-0.97],0.0332348409069843
CD82,CD82 antigen,Chapter XIII Diseases of the musculoskeletal system and connective tissue,Osteoporosis,21371,212,0.95 [0.68-1.31],0.7521022855709201
CD82,CD82 antigen,Chapter XIII Diseases of the musculoskeletal system and connective tissue,Osteopathies and chondropathies,21574,415,1.06 [0.85-1.32],0.5994663486457422
CD82,CD82 antigen,Chapter XIII Diseases of the musculoskeletal system and connective tissue,Disorders of continuity of bone,21192,33,0.89 [0.38-2.09],0.791619412569542
CD82,CD82 antigen,Chapter XIII Diseases of the musculoskeletal system and connective tissue,Other specified/unspecified disorders of  bone/cartilage,21209,50,1.12 [0.63-2.01],0.6984133846264899
CD82,CD82 antigen,Chapter XIII Diseases of the musculoskeletal system and connective tissue,Other disorders of bone,21251,92,1.12 [0.73-1.73],0.5959143454814293
CD82,CD82 antigen,Chapter XIV Diseases of the genitourinary system,Genitourinary diseases,19467,5294,0.99 [0.92-1.07],0.8429074467008211
CD82,CD82 antigen,Chapter XIV Diseases of the genitourinary system,Renal tubulo-interstitial diseases,21745,152,1.05 [0.74-1.51],0.7747370557560621
CD82,CD82 antigen,Chapter XIV Diseases of the genitourinary system,Other obstructive and reflux uropathy,21631,38,0.87 [0.39-1.95],0.7313604797406188
CD82,CD82 antigen,Chapter XIV Diseases of the genitourinary system,Acute renal failure,21916,26,1.21 [0.57-2.60],0.6193286918248008
CD82,CD82 antigen,Chapter XIV Diseases of the genitourinary system,Chronic kidney disease,21921,31,1.02 [0.45-2.29],0.9700369560118136
CD82,CD82 antigen,Chapter XIV Diseases of the genitourinary system,Unspecified kidney failure,21919,29,0.72 [0.26-1.98],0.5179930086479726
CD82,CD82 antigen,Chapter XIV Diseases of the genitourinary system,Urolithiasis,23544,110,0.98 [0.63-1.53],0.9422838121149284
CD82,CD82 antigen,Chapter XIV Diseases of the genitourinary system,Other disorders of kidney and ureter,23447,54,1.46 [0.94-2.26],0.089269619676473
CD82,CD82 antigen,Chapter XIV Diseases of the genitourinary system,Calculus of kidney and ureter,23517,83,1.16 [0.75-1.81],0.5080366769487892
CD82,CD82 antigen,Chapter XIV Diseases of the genitourinary system,Unspecified renal colic,23465,31,0.72 [0.27-1.92],0.5118823482707338
CD82,CD82 antigen,Chapter XIV Diseases of the genitourinary system,Other diseases of urinary system,21848,1075,0.96 [0.83-1.11],0.5983281558310516
CD82,CD82 antigen,Chapter XIV Diseases of the genitourinary system,Cystitis,20878,105,1.17 [0.79-1.72],0.4364366105259715
CD82,CD82 antigen,Chapter XIV Diseases of the genitourinary system,Neuromuscular dysfunction of bladder,20846,73,0.48 [0.23-0.99],0.0465978339908043
CD82,CD82 antigen,Chapter XIV Diseases of the genitourinary system,Other disorders of  bladder,20912,139,1.19 [0.85-1.65],0.315816094483206
CD82,CD82 antigen,Chapter XIV Diseases of the genitourinary system,Urethral stricture,20853,80,0.46 [0.23-0.92],0.0291156946512939
CD82,CD82 antigen,Chapter XIV Diseases of the genitourinary system,Other disorders of urethra and urinary system,21623,850,0.99 [0.85-1.16],0.935856482346937
CD82,CD82 antigen,Chapter XIV Diseases of the genitourinary system,Disorders of breast,23488,420,0.98 [0.78-1.22],0.8304659819799839
CD82,CD82 antigen,Chapter XIV Diseases of the genitourinary system,Benign mammary dysplasia,23200,132,1.06 [0.72-1.54],0.7818379998963783
CD82,CD82 antigen,Chapter XIV Diseases of the genitourinary system,Unspecified lump in breast,23211,143,1.17 [0.84-1.63],0.3614479762774336
CD82,CD82 antigen,Chapter XIV Diseases of the genitourinary system,Other disorders of breast,23171,103,0.83 [0.50-1.37],0.4679641374984219
CD82,CD82 antigen,Chapter XIV Diseases of the genitourinary system,Inflammatory diseases of female pelvic organs,23425,479,1.07 [0.87-1.31],0.5133557101960533
CD82,CD82 antigen,Chapter XIV Diseases of the genitourinary system,Inflammatory disease of cervix uteri,23061,115,1.09 [0.73-1.63],0.6776716820522498
CD82,CD82 antigen,Chapter XIV Diseases of the genitourinary system,Other female pelvic inflammatory diseases,23160,214,1.11 [0.83-1.48],0.4940178144151619
CD82,CD82 antigen,Chapter XIV Diseases of the genitourinary system,Noninflammatory disorders of female genital tract,21658,3972,1.00 [0.92-1.08],0.9963107081081376
CD82,CD82 antigen,Chapter XIV Diseases of the genitourinary system,Endometriosis,17994,308,0.96 [0.73-1.25],0.7531766295299911
CD82,CD82 antigen,Chapter XIV Diseases of the genitourinary system,Unspecified/other endometriosis,17772,86,0.90 [0.52-1.54],0.6913182833564244
CD82,CD82 antigen,Chapter XIV Diseases of the genitourinary system,Adenomyosis (Endometriosis of uterus),17830,144,1.03 [0.71-1.50],0.8800792357254184
CD82,CD82 antigen,Chapter XIV Diseases of the genitourinary system,Female genital prolapse,18376,690,1.01 [0.84-1.20],0.9520893773957488
CD82,CD82 antigen,Chapter XIV Diseases of the genitourinary system,Ovarian cyst,18036,350,0.90 [0.70-1.18],0.4548510282146205
CD82,CD82 antigen,Chapter XIV Diseases of the genitourinary system,Polyp of the female genital tract,18510,824,0.87 [0.73-1.04],0.1283262016413406
CD82,CD82 antigen,Chapter XIV Diseases of the genitourinary system,Uterine polyps,17956,270,0.75 [0.54-1.05],0.0911288214065218
CD82,CD82 antigen,Chapter XIV Diseases of the genitourinary system,"Other noninflammatory disorders of uterus, except cervix",18063,377,0.96 [0.76-1.23],0.7620966947207467
CD82,CD82 antigen,Chapter XIV Diseases of the genitourinary system,Erosion and ectropion of cervix uteri,17773,87,1.03 [0.63-1.67],0.9110747823462826
CD82,CD82 antigen,Chapter XIV Diseases of the genitourinary system,Dysplasia of cervi uteri,17855,169,1.36 [1.05-1.78],0.0219009391946868
CD82,CD82 antigen,Chapter XIV Diseases of the genitourinary system,"All dysplastic lesions of the cervix uteri, vagina or vulva",23718,232,1.32 [1.05-1.66],0.0175311317843257
CD82,CD82 antigen,Chapter XIV Diseases of the genitourinary system,All dysplastic lesions of the cervix uteri,23727,220,1.35 [1.08-1.70],0.0091177503237133
CD82,CD82 antigen,Chapter XIV Diseases of the genitourinary system,HSIL lesion of the cervix uteri,23748,119,1.42 [1.07-1.89],0.0153400570647958
CD82,CD82 antigen,Chapter XIV Diseases of the genitourinary system,"HSIL lesion of the cervix uteri, vagina or vulva",23740,131,1.38 [1.04-1.83],0.0265298376219021
CD82,CD82 antigen,Chapter XIV Diseases of the genitourinary system,Other noninflammatory disorders of cervix uteri,17815,129,0.71 [0.43-1.15],0.1605270043539355
CD82,CD82 antigen,Chapter XIV Diseases of the genitourinary system,Other noninflammatory disorders of vagina,17788,102,1.20 [0.82-1.77],0.3536404014805114
CD82,CD82 antigen,Chapter XIV Diseases of the genitourinary system,Other noninflammatory disorders of vulva and perineum,17810,124,0.89 [0.57-1.39],0.6106760755030719
CD82,CD82 antigen,Chapter XIV Diseases of the genitourinary system,Irregular menses,23659,405,0.91 [0.72-1.16],0.457869478129595
CD82,CD82 antigen,Chapter XIV Diseases of the genitourinary system,"Excessive, frequent and irregular menstruation",18849,1163,0.96 [0.83-1.11],0.5926598389652391
CD82,CD82 antigen,Chapter XIV Diseases of the genitourinary system,Menorrhagia,18445,759,0.97 [0.82-1.16],0.750956971962684
CD82,CD82 antigen,"Chapter IV Endocrine, nutritional and metabolic diseases","Polycystic ovarian syndrome, consortium definition",23735,176,0.97 [0.68-1.38],0.8621080267859674
CD82,CD82 antigen,Chapter XIV Diseases of the genitourinary system,Other abnormal uterine and vaginal bleeding,18088,402,1.00 [0.79-1.26],0.97833728000732
CD82,CD82 antigen,Chapter XIV Diseases of the genitourinary system,Pain and other conditions associated with female genital organs and menstrual cycle,17957,271,1.29 [1.04-1.62],0.0230660929838766
CD82,CD82 antigen,Chapter XIV Diseases of the genitourinary system,Postmenopausal bleeding,18471,785,1.09 [0.94-1.28],0.2609493763848319
CD82,CD82 antigen,Chapter XIV Diseases of the genitourinary system,Female infertility,17770,84,1.00 [0.60-1.67],0.9931340005996988
CD82,CD82 antigen,Chapter XIV Diseases of the genitourinary system,"Female infertility, cervigal, vaginal, other or unspecified origin",17763,77,0.84 [0.46-1.51],0.5542139642954107
CD82,CD82 antigen,"Chapter XV Pregnancy, childbirth and the puerperium",Maternal care related to the fetus and amniotic cavity and possible delivery problems,23743,724,1.02 [0.85-1.22],0.8369947977581487
CD82,CD82 antigen,"Chapter XV Pregnancy, childbirth and the puerperium",Complications of labour and delivery,23749,1001,0.95 [0.80-1.12],0.5376241407314047
CD82,CD82 antigen,"Chapter XV Pregnancy, childbirth and the puerperium",Pregnancy with abortive outcome,23743,384,1.02 [0.81-1.29],0.8674101418247142
CD82,CD82 antigen,"Chapter XV Pregnancy, childbirth and the puerperium",Other abnormal products of conception,23465,106,0.97 [0.62-1.52],0.9108005163949296
CD82,CD82 antigen,"Chapter XV Pregnancy, childbirth and the puerperium",Spontaneous abortion,23514,155,1.06 [0.75-1.50],0.7263737236552046
CD82,CD82 antigen,"Chapter XV Pregnancy, childbirth and the puerperium",Medical abortion,23497,138,1.04 [0.72-1.50],0.8405897260060207
CD82,CD82 antigen,"Chapter XV Pregnancy, childbirth and the puerperium","Oedema, proteinuria and hypertensive disorders in pregnancy, childbirth and the puerperium",23760,141,0.91 [0.61-1.38],0.6626496978023368
CD82,CD82 antigen,"Chapter XV Pregnancy, childbirth and the puerperium",Pregnancy hypertension,23762,139,0.91 [0.60-1.38],0.654960468565694
CD82,CD82 antigen,"Chapter XV Pregnancy, childbirth and the puerperium",Other maternal disorders predominantly related to pregnancy,23760,359,1.08 [0.86-1.36],0.5200498221900008
CD82,CD82 antigen,"Chapter XV Pregnancy, childbirth and the puerperium",Haemorrhage in early pregnancy,23508,107,1.07 [0.71-1.62],0.7468883952506982
CD82,CD82 antigen,"Chapter XV Pregnancy, childbirth and the puerperium",Maternal care for other conditions predominantly related to pregnancy,23602,201,1.08 [0.79-1.46],0.6343965774196467
CD82,CD82 antigen,"Chapter XV Pregnancy, childbirth and the puerperium",Maternal care for known or suspected malpresentation of fetus,23141,122,1.08 [0.74-1.58],0.6809012949248864
CD82,CD82 antigen,"Chapter XV Pregnancy, childbirth and the puerperium",Maternal care for known or suspected abnormality of pelvic organs,23187,168,1.24 [0.93-1.65],0.1410684122749156
CD82,CD82 antigen,"Chapter XV Pregnancy, childbirth and the puerperium",Maternal care for other known or suspected fetal problems,23221,202,0.92 [0.65-1.29],0.6315541301924834
CD82,CD82 antigen,"Chapter XV Pregnancy, childbirth and the puerperium",Premature rupture of membranes,23143,124,0.94 [0.61-1.45],0.785265175275115
CD82,CD82 antigen,"Chapter XV Pregnancy, childbirth and the puerperium",False labour,23132,113,1.12 [0.76-1.64],0.574970354859826
CD82,CD82 antigen,"Chapter XV Pregnancy, childbirth and the puerperium",Prolonged pregnancy,23144,125,1.00 [0.67-1.51],0.9886635474664512
CD82,CD82 antigen,"Chapter XV Pregnancy, childbirth and the puerperium",Long labour,22937,189,1.15 [0.86-1.55],0.3392459736968123
CD82,CD82 antigen,"Chapter XV Pregnancy, childbirth and the puerperium",Labour and delivery complicated by fetal stress [distress],23120,372,1.04 [0.83-1.32],0.7135048561020157
CD82,CD82 antigen,"Chapter XV Pregnancy, childbirth and the puerperium",Perineal laceration during delivery,23297,549,0.90 [0.72-1.13],0.359745997487373
CD82,CD82 antigen,"Chapter XV Pregnancy, childbirth and the puerperium","Postpartum hemorraghe, all women as controls",23764,148,0.82 [0.54-1.26],0.3733212032809274
CD82,CD82 antigen,"Chapter XV Pregnancy, childbirth and the puerperium",Postpartum haemorrhage due to anatomy,22558,113,0.92 [0.59-1.44],0.719789103787826
CD82,CD82 antigen,"Chapter XV Pregnancy, childbirth and the puerperium","Other complications of labour and delivery, not elsewhere classified",22832,84,0.96 [0.58-1.58],0.8634731745089587
CD82,CD82 antigen,"Chapter XV Pregnancy, childbirth and the puerperium",Delivery,23770,282,0.98 [0.74-1.30],0.8951228641831926
CD82,CD82 antigen,"Chapter XV Pregnancy, childbirth and the puerperium",Single spontaneous delivery,23706,218,0.91 [0.65-1.26],0.5620696029368046
CD82,CD82 antigen,"Chapter XV Pregnancy, childbirth and the puerperium","Other obstetric conditions, not elsewhere classified",23759,212,0.94 [0.67-1.30],0.6952239703615621
CD82,CD82 antigen,"Chapter XV Pregnancy, childbirth and the puerperium","Other maternal diseases classifiable elsewhere but complicating pregnancy, childbirth and the puerperium",23749,202,0.94 [0.67-1.32],0.710733884901185
CD82,CD82 antigen,Chapter IX Diseases of the circulatory system,"Bradycardia, unspecified, drug-induced",23504,42,0.51 [0.20-1.31],0.1636597729921818
CD82,CD82 antigen,Chapter VI Diseases of the nervous system,Falls/tendency to fall,21265,538,1.10 [0.91-1.32],0.3122415283078374
