Protein,Protein_definition,Disease_category,Disease,NB_individual,NB_case,HR[95%CI],P_value
EDA2R,Tumor necrosis factor receptor superfamily member 27,Chapter I Certain infectious and parasitic diseases,"Bacterial infection, other or unspecified",21984,194,1.97 [1.46-2.65],7.311381392911953e-06
EDA2R,Tumor necrosis factor receptor superfamily member 27,Chapter I Certain infectious and parasitic diseases,"Bacterial intestinal infections, IBD co-morbidities",23205,251,2.21 [1.74-2.81],7.250132933214792e-11
EDA2R,Tumor necrosis factor receptor superfamily member 27,Chapter I Certain infectious and parasitic diseases,"Bacterial, viral and other infectious agents",22927,1773,2.33 [2.12-2.55],2.0846299781506488e-72
EDA2R,Tumor necrosis factor receptor superfamily member 27,Chapter I Certain infectious and parasitic diseases,Candidiasis,23213,553,2.25 [1.91-2.66],4.926784081699858e-22
EDA2R,Tumor necrosis factor receptor superfamily member 27,Chapter I Certain infectious and parasitic diseases,Certain infectious and parasitic diseases,22452,4258,2.03 [1.90-2.17],1.735808350837066e-102
EDA2R,Tumor necrosis factor receptor superfamily member 27,Chapter I Certain infectious and parasitic diseases,Condition for Implicit Sepsis (Organ dysfunction codes),22386,4335,2.43 [2.28-2.58],6.2931907654577636e-176
EDA2R,Tumor necrosis factor receptor superfamily member 27,Chapter I Certain infectious and parasitic diseases,Diarrhoea and gastroenteritis of presumed infectious origin,22921,1438,2.15 [1.94-2.39],5.069711281699621e-47
EDA2R,Tumor necrosis factor receptor superfamily member 27,Chapter I Certain infectious and parasitic diseases,Enterocolitis due to Clostridium difficile,23115,130,2.46 [1.77-3.41],6.853244265232618e-08
EDA2R,Tumor necrosis factor receptor superfamily member 27,Chapter I Certain infectious and parasitic diseases,Explicit Sepsis,20367,1310,2.87 [2.58-3.19],1.02062658210093e-85
EDA2R,Tumor necrosis factor receptor superfamily member 27,Chapter I Certain infectious and parasitic diseases,Implicit bacterial Sepsis,19657,1599,3.41 [3.11-3.74],1.4442901892791554e-150
EDA2R,Tumor necrosis factor receptor superfamily member 27,Chapter I Certain infectious and parasitic diseases,Implicit fungal Sepsis,19144,343,4.06 [3.37-4.90],4.935651489345671e-49
EDA2R,Tumor necrosis factor receptor superfamily member 27,Chapter I Certain infectious and parasitic diseases,Implicit Sepsis,15113,2766,2.44 [2.26-2.63],7.374749269118836e-118
EDA2R,Tumor necrosis factor receptor superfamily member 27,Chapter I Certain infectious and parasitic diseases,Implicit viral Sepsis,19089,502,4.39 [3.78-5.11],4.867537935184703e-82
EDA2R,Tumor necrosis factor receptor superfamily member 27,Chapter I Certain infectious and parasitic diseases,Intestinal infectious diseases,23190,1707,2.11 [1.92-2.33],5.537891285819358e-53
EDA2R,Tumor necrosis factor receptor superfamily member 27,Chapter I Certain infectious and parasitic diseases,Mycoses,23307,647,2.25 [1.93-2.62],7.058940000714857e-26
EDA2R,Tumor necrosis factor receptor superfamily member 27,Chapter I Certain infectious and parasitic diseases,Other bacterial agents as the cause of diseases classified to other chapters,22412,1258,2.49 [2.24-2.77],5.067766524105287e-64
EDA2R,Tumor necrosis factor receptor superfamily member 27,Chapter I Certain infectious and parasitic diseases,Other bacterial diseases,23234,1444,2.31 [2.09-2.56],3.8980864657791247e-60
EDA2R,Tumor necrosis factor receptor superfamily member 27,Chapter I Certain infectious and parasitic diseases,Other bacterial intestinal infections,21734,251,2.37 [1.86-3.02],2.777200798751448e-12
EDA2R,Tumor necrosis factor receptor superfamily member 27,Chapter I Certain infectious and parasitic diseases,Other infectious diseases,23367,68,2.14 [1.31-3.50],0.0024650513557831
EDA2R,Tumor necrosis factor receptor superfamily member 27,Chapter I Certain infectious and parasitic diseases,Other septicaemia,23053,1263,2.40 [2.16-2.67],4.844767415983306e-59
EDA2R,Tumor necrosis factor receptor superfamily member 27,Chapter I Certain infectious and parasitic diseases,Other viral diseases,23302,143,2.57 [1.93-3.44],1.6090335820714768e-10
EDA2R,Tumor necrosis factor receptor superfamily member 27,Chapter I Certain infectious and parasitic diseases,"Other viral diseases, not elsewhere classified",23278,119,2.36 [1.68-3.33],8.288689384429043e-07
EDA2R,Tumor necrosis factor receptor superfamily member 27,Chapter I Certain infectious and parasitic diseases,Streptococcus and staphylococcus as the cause of diseases classified to other chapters,21662,508,3.08 [2.64-3.60],5.984249631176271e-46
EDA2R,Tumor necrosis factor receptor superfamily member 27,Chapter I Certain infectious and parasitic diseases,Viral agents as the cause of diseases classified to other chapters,21465,311,2.41 [1.90-3.06],4.811998792012562e-13
EDA2R,Tumor necrosis factor receptor superfamily member 27,Chapter I Certain infectious and parasitic diseases,Viral and other specified intestinal infections,21622,139,3.15 [2.34-4.23],3.152810103475644e-14
EDA2R,Tumor necrosis factor receptor superfamily member 27,Chapter I Certain infectious and parasitic diseases,Viral hepatitis,23352,51,2.26 [1.36-3.76],0.0016420291786456
EDA2R,Tumor necrosis factor receptor superfamily member 27,Chapter I Certain infectious and parasitic diseases,Viral infections characterized by skin and mucous membrane lesions,23299,174,2.20 [1.65-2.93],8.867768652520166e-08
EDA2R,Tumor necrosis factor receptor superfamily member 27,Chapter I Certain infectious and parasitic diseases,Zoster [herpes zoster],23204,79,2.66 [1.80-3.93],8.417175785224715e-07
EDA2R,Tumor necrosis factor receptor superfamily member 27,Chapter II Neoplasms,Benign lipomatous neoplasm,23071,265,0.62 [0.48-0.79],0.0001443202610677
EDA2R,Tumor necrosis factor receptor superfamily member 27,Chapter II Neoplasms,Benign lipomatous neoplasm of skin and subcutaneous tissue of trunk,23266,43,0.46 [0.29-0.74],0.0013383831173233
EDA2R,Tumor necrosis factor receptor superfamily member 27,Chapter II Neoplasms,Benign neoplasm of other and ill-defined parts of digestive system,23271,80,2.11 [1.37-3.25],0.0007372021465192
EDA2R,Tumor necrosis factor receptor superfamily member 27,Chapter II Neoplasms,Lung cancer and mesothelioma,14787,485,2.00 [1.65-2.43],1.8490113753318174e-12
EDA2R,Tumor necrosis factor receptor superfamily member 27,Chapter II Neoplasms,"Malignant neoplasm of intrahepatic ducts, biliary tract and gallbladder, excluding all cancers (controls excluding all cancers)",16723,107,2.37 [1.62-3.45],7.724790357234023e-06
EDA2R,Tumor necrosis factor receptor superfamily member 27,Chapter II Neoplasms,"Non-follicular lymphoma, hilmo, excluding all cancers",16738,122,1.74 [1.17-2.57],0.0058229534135541
EDA2R,Tumor necrosis factor receptor superfamily member 27,Chapter II Neoplasms,"Non-Hodgkin lymphoma, all, excluding all cancers (controls excluding all cancers)",16816,200,1.62 [1.18-2.21],0.0025874107619745
EDA2R,Tumor necrosis factor receptor superfamily member 27,Chapter II Neoplasms,"Other and unspecified types of non-Hodgkin lymphoma, hilmo, excluding all cancers",16745,129,2.09 [1.45-3.02],7.460840838494122e-05
EDA2R,Tumor necrosis factor receptor superfamily member 27,Chapter II Neoplasms,"Other malignant neoplasms of skin (=non-melanoma skin cancer), excluding all cancers (controls excluding all cancers)",18115,1499,1.23 [1.09-1.38],0.0007137455922451
EDA2R,Tumor necrosis factor receptor superfamily member 27,Chapter II Neoplasms,"Squamous cell neoplasms and carcinomas of the skin, excluding all cancers (controls excluding all cancers)",18201,1585,1.24 [1.10-1.39],0.0002816809233917
EDA2R,Tumor necrosis factor receptor superfamily member 27,Chapter III Diseases of the blood and blood-forming organs and certain disorders involving the immune mechanism,Agranulocytosis,23059,396,1.68 [1.36-2.07],1.0716804381511209e-06
EDA2R,Tumor necrosis factor receptor superfamily member 27,Chapter III Diseases of the blood and blood-forming organs and certain disorders involving the immune mechanism,Anaemia in chronic diseases classified elsewhere,21023,168,9.16 [7.56-11.09],4.5595949177633696e-114
EDA2R,Tumor necrosis factor receptor superfamily member 27,Chapter III Diseases of the blood and blood-forming organs and certain disorders involving the immune mechanism,Diseases of spleen,22733,70,2.53 [1.66-3.85],1.6235201035507495e-05
EDA2R,Tumor necrosis factor receptor superfamily member 27,Chapter III Diseases of the blood and blood-forming organs and certain disorders involving the immune mechanism,Diseases of the blood and blood-forming organs and certain disorders involving the immune mechanism,22591,3531,2.17 [2.02-2.33],1.5115001463836856e-97
EDA2R,Tumor necrosis factor receptor superfamily member 27,Chapter III Diseases of the blood and blood-forming organs and certain disorders involving the immune mechanism,Folate deficiency anaemia,21628,74,3.29 [2.20-4.90],5.166292485963796e-09
EDA2R,Tumor necrosis factor receptor superfamily member 27,Chapter III Diseases of the blood and blood-forming organs and certain disorders involving the immune mechanism,Idiopathic thrombocytopenic purpura,22889,65,2.65 [1.70-4.14],1.7196351882234487e-05
EDA2R,Tumor necrosis factor receptor superfamily member 27,Chapter III Diseases of the blood and blood-forming organs and certain disorders involving the immune mechanism,Other anaemias,22846,1991,2.39 [2.19-2.63],1.0934155908889463e-77
EDA2R,Tumor necrosis factor receptor superfamily member 27,Chapter III Diseases of the blood and blood-forming organs and certain disorders involving the immune mechanism,Other and unspecified anaemias,22844,1989,2.39 [2.18-2.62],1.7082070424186876e-77
EDA2R,Tumor necrosis factor receptor superfamily member 27,Chapter III Diseases of the blood and blood-forming organs and certain disorders involving the immune mechanism,Other and unspecified aplastic anaemias,20969,114,3.78 [2.66-5.36],9.30736511835136e-14
EDA2R,Tumor necrosis factor receptor superfamily member 27,Chapter III Diseases of the blood and blood-forming organs and certain disorders involving the immune mechanism,Other and unspecified iron deficiency,23000,1446,2.04 [1.83-2.26],6.756738624189476e-40
EDA2R,Tumor necrosis factor receptor superfamily member 27,Chapter III Diseases of the blood and blood-forming organs and certain disorders involving the immune mechanism,Other coagulation defects,22939,115,2.22 [1.57-3.15],7.327234307042496e-06
EDA2R,Tumor necrosis factor receptor superfamily member 27,Chapter III Diseases of the blood and blood-forming organs and certain disorders involving the immune mechanism,Other diseases of blood and blood-forming organs,22737,74,2.35 [1.52-3.61],0.0001042793957567
EDA2R,Tumor necrosis factor receptor superfamily member 27,Chapter III Diseases of the blood and blood-forming organs and certain disorders involving the immune mechanism,Purpura and other haemorrhagic conditions,23182,358,3.10 [2.61-3.69],1.5461655637871696e-37
EDA2R,Tumor necrosis factor receptor superfamily member 27,Chapter III Diseases of the blood and blood-forming organs and certain disorders involving the immune mechanism,"Thrombocytopenia, unspecified",23117,293,3.20 [2.65-3.87],1.6189217725860372e-33
EDA2R,Tumor necrosis factor receptor superfamily member 27,Chapter III Diseases of the blood and blood-forming organs and certain disorders involving the immune mechanism,Vitamin B12 deficiency anaemia,21693,139,2.22 [1.59-3.09],2.35190290197367e-06
EDA2R,Tumor necrosis factor receptor superfamily member 27,"Chapter IV Endocrine, nutritional and metabolic diseases",Acidosis,15618,419,4.17 [3.62-4.79],1.6169995372041268e-88
EDA2R,Tumor necrosis factor receptor superfamily member 27,"Chapter IV Endocrine, nutritional and metabolic diseases",Alkalosis,15270,71,2.39 [1.44-3.97],0.0007529162354693
EDA2R,Tumor necrosis factor receptor superfamily member 27,"Chapter IV Endocrine, nutritional and metabolic diseases",Bipolar affective disorders,21700,64,2.69 [1.75-4.14],6.99474443853213e-06
EDA2R,Tumor necrosis factor receptor superfamily member 27,"Chapter IV Endocrine, nutritional and metabolic diseases",Deficiency of other B group vitamins,20904,321,1.71 [1.34-2.18],1.3044652574307074e-05
EDA2R,Tumor necrosis factor receptor superfamily member 27,"Chapter IV Endocrine, nutritional and metabolic diseases","Delirium, not induced by alcohol and other psychoactive substances",22560,969,2.12 [1.86-2.42],2.4686715343472027e-29
EDA2R,Tumor necrosis factor receptor superfamily member 27,"Chapter IV Endocrine, nutritional and metabolic diseases",Dementia in Alzheimer disease,22079,488,1.39 [1.13-1.70],0.0018160365238019
EDA2R,Tumor necrosis factor receptor superfamily member 27,"Chapter IV Endocrine, nutritional and metabolic diseases",Depression,23079,1443,1.44 [1.28-1.61],6.310334757456981e-10
EDA2R,Tumor necrosis factor receptor superfamily member 27,"Chapter IV Endocrine, nutritional and metabolic diseases",Depression or dysthymia,19656,1398,1.47 [1.30-1.66],3.2933783700513605e-10
EDA2R,Tumor necrosis factor receptor superfamily member 27,"Chapter IV Endocrine, nutritional and metabolic diseases","Disorder of lipoprotein metabolism, unspecified",15291,92,3.82 [2.75-5.32],1.6999060929492894e-15
EDA2R,Tumor necrosis factor receptor superfamily member 27,"Chapter IV Endocrine, nutritional and metabolic diseases",Disorders of calcium metabolism,15567,368,2.97 [2.44-3.61],1.9013774120831004e-27
EDA2R,Tumor necrosis factor receptor superfamily member 27,"Chapter IV Endocrine, nutritional and metabolic diseases",Disorders of lipoprotein metabolism and other lipidaemias,19852,4653,1.36 [1.27-1.46],2.186913078388886e-19
EDA2R,Tumor necrosis factor receptor superfamily member 27,"Chapter IV Endocrine, nutritional and metabolic diseases",Disorders of magnesium metabolism,15467,268,2.72 [2.13-3.47],1.0065247886495129e-15
EDA2R,Tumor necrosis factor receptor superfamily member 27,"Chapter IV Endocrine, nutritional and metabolic diseases",Disorders of mineral metabolism,15914,715,2.46 [2.11-2.86],1.2001182549477103e-30
EDA2R,Tumor necrosis factor receptor superfamily member 27,"Chapter IV Endocrine, nutritional and metabolic diseases",Disorders of other endocrine glands,23306,371,2.56 [2.12-3.09],2.0663481977758429e-22
EDA2R,Tumor necrosis factor receptor superfamily member 27,"Chapter IV Endocrine, nutritional and metabolic diseases",Disorders of parathyroid gland,23096,161,3.48 [2.75-4.42],8.894892427901229e-25
EDA2R,Tumor necrosis factor receptor superfamily member 27,"Chapter IV Endocrine, nutritional and metabolic diseases",Disorders of phosphorus metabolism and phosphatases,15355,156,1.84 [1.28-2.66],0.0010823726206046
EDA2R,Tumor necrosis factor receptor superfamily member 27,"Chapter IV Endocrine, nutritional and metabolic diseases","Disorders of plasma-protein metabolism, not elsewhere classified",15282,83,4.03 [2.88-5.65],5.150036335301877e-16
EDA2R,Tumor necrosis factor receptor superfamily member 27,"Chapter IV Endocrine, nutritional and metabolic diseases",Disorders of the thyroid gland,22721,1771,1.48 [1.33-1.64],2.838109686504576e-13
EDA2R,Tumor necrosis factor receptor superfamily member 27,"Chapter IV Endocrine, nutritional and metabolic diseases",Fluid overload,15586,387,4.39 [3.83-5.04],1.8865131889390508e-100
EDA2R,Tumor necrosis factor receptor superfamily member 27,"Chapter IV Endocrine, nutritional and metabolic diseases",Hyperkalaemia,15628,429,4.51 [3.97-5.12],8.77168312322695e-119
EDA2R,Tumor necrosis factor receptor superfamily member 27,"Chapter IV Endocrine, nutritional and metabolic diseases","Hyperlipidaemia, other/unspecified",16075,876,1.66 [1.43-1.93],4.0406303013110507e-11
EDA2R,Tumor necrosis factor receptor superfamily member 27,"Chapter IV Endocrine, nutritional and metabolic diseases",Hyperosmolality and hypernatraemia,15378,179,2.74 [2.06-3.66],6.643548493065044e-12
EDA2R,Tumor necrosis factor receptor superfamily member 27,"Chapter IV Endocrine, nutritional and metabolic diseases",Hyperparathyroidism,23086,151,3.60 [2.82-4.61],1.0277645331722662e-24
EDA2R,Tumor necrosis factor receptor superfamily member 27,"Chapter IV Endocrine, nutritional and metabolic diseases",Hypo-osmolality and hyponatraemia,16101,902,2.75 [2.40-3.14],9.21787593218166e-50
EDA2R,Tumor necrosis factor receptor superfamily member 27,"Chapter IV Endocrine, nutritional and metabolic diseases",Hypokalaemia,15861,662,2.22 [1.88-2.62],2.8734897309643736e-21
EDA2R,Tumor necrosis factor receptor superfamily member 27,"Chapter IV Endocrine, nutritional and metabolic diseases",Iron deficiency,20665,82,3.95 [2.71-5.74],7.172921676458825e-13
EDA2R,Tumor necrosis factor receptor superfamily member 27,"Chapter IV Endocrine, nutritional and metabolic diseases",Metabolic disorders,21696,6497,1.53 [1.45-1.62],9.153800275326109e-51
EDA2R,Tumor necrosis factor receptor superfamily member 27,"Chapter IV Endocrine, nutritional and metabolic diseases",Obesity,23178,1930,1.25 [1.13-1.38],1.0126249109707428e-05
EDA2R,Tumor necrosis factor receptor superfamily member 27,"Chapter IV Endocrine, nutritional and metabolic diseases","Obesity, other/unspecified",23176,1928,1.25 [1.13-1.38],9.893729169447163e-06
EDA2R,Tumor necrosis factor receptor superfamily member 27,"Chapter IV Endocrine, nutritional and metabolic diseases","Other disorders of fluid, electrolyte and acid-base balance",17453,2254,2.81 [2.60-3.03],2.0048203992812847e-152
EDA2R,Tumor necrosis factor receptor superfamily member 27,"Chapter IV Endocrine, nutritional and metabolic diseases",Other disorders of glucose regulation and pancreatic internal secretion,23351,317,3.79 [3.24-4.43],1.2185972477069402e-62
EDA2R,Tumor necrosis factor receptor superfamily member 27,"Chapter IV Endocrine, nutritional and metabolic diseases",Other mental disorders due to brain damage and dysfunction and to physical disease,21724,133,2.42 [1.74-3.38],1.9423965800312095e-07
EDA2R,Tumor necrosis factor receptor superfamily member 27,"Chapter IV Endocrine, nutritional and metabolic diseases","Postprocedural endocrine and metabolic disorders, not elsewhere classified",15401,202,1.84 [1.34-2.54],0.0001779963628493
EDA2R,Tumor necrosis factor receptor superfamily member 27,"Chapter IV Endocrine, nutritional and metabolic diseases",Type 1 diabetes without complications,20543,187,2.76 [2.16-3.54],8.416223006974585e-16
EDA2R,Tumor necrosis factor receptor superfamily member 27,"Chapter IV Endocrine, nutritional and metabolic diseases",Type 2 diabetes with neurological complications,2500,102,3.90 [3.02-5.04],1.7630912822822289e-25
EDA2R,Tumor necrosis factor receptor superfamily member 27,"Chapter IV Endocrine, nutritional and metabolic diseases",Type 2 diabetes with ophthalmic complications,2668,312,2.18 [1.81-2.63],2.3915008093196943e-16
EDA2R,Tumor necrosis factor receptor superfamily member 27,"Chapter IV Endocrine, nutritional and metabolic diseases",Type 2 diabetes with peripheral circulatory complications,20442,86,5.58 [4.36-7.14],8.599330069304133e-43
EDA2R,Tumor necrosis factor receptor superfamily member 27,"Chapter IV Endocrine, nutritional and metabolic diseases",Type 2 diabetes with renal complications,2472,77,6.96 [5.31-9.11],4.078681920629592e-45
EDA2R,Tumor necrosis factor receptor superfamily member 27,"Chapter IV Endocrine, nutritional and metabolic diseases",Type 2 diabetes without complications,22508,2152,1.38 [1.25-1.51],2.097985102014127e-11
EDA2R,Tumor necrosis factor receptor superfamily member 27,"Chapter IV Endocrine, nutritional and metabolic diseases",Unspecified dementia,22228,637,1.82 [1.54-2.15],1.6081966427096829e-12
EDA2R,Tumor necrosis factor receptor superfamily member 27,"Chapter IV Endocrine, nutritional and metabolic diseases",Vitamin D deficiency,21040,457,2.52 [2.08-3.05],3.2807842211557272e-21
EDA2R,Tumor necrosis factor receptor superfamily member 27,"Chapter IV Endocrine, nutritional and metabolic diseases",Volume depletion,16327,1128,2.91 [2.60-3.26],1.4630417113195558e-78
EDA2R,Tumor necrosis factor receptor superfamily member 27,Chapter IX Diseases of the circulatory system,"!Phlebitis/thrombophlebitis venae iliacae [externae/internae/communis], drug-induced",23229,307,1.84 [1.47-2.32],1.7100169817122064e-07
EDA2R,Tumor necrosis factor receptor superfamily member 27,Chapter IX Diseases of the circulatory system,Abdominal aortic aneurysm (AAA),21852,274,2.56 [2.02-3.24],5.258820367123713e-15
EDA2R,Tumor necrosis factor receptor superfamily member 27,Chapter IX Diseases of the circulatory system,Angina pectoris,20170,1588,1.58 [1.42-1.76],1.0400163172904583e-16
EDA2R,Tumor necrosis factor receptor superfamily member 27,Chapter IX Diseases of the circulatory system,Aortic aneurysm,21958,380,2.33 [1.90-2.87],1.1327957896693345e-15
EDA2R,Tumor necrosis factor receptor superfamily member 27,Chapter IX Diseases of the circulatory system,Arterial embolism and thrombosis of lower extremity artery,21668,90,4.14 [3.00-5.69],3.4653192535115082e-18
EDA2R,Tumor necrosis factor receptor superfamily member 27,Chapter IX Diseases of the circulatory system,"Atherosclerosis, excluding cerebral and coronary sclerosis",21873,295,3.67 [3.02-4.45],9.942896196697694e-40
EDA2R,Tumor necrosis factor receptor superfamily member 27,Chapter IX Diseases of the circulatory system,Atrial fibrillation and flutter,11824,2871,1.91 [1.76-2.07],7.099696076369146e-58
EDA2R,Tumor necrosis factor receptor superfamily member 27,Chapter IX Diseases of the circulatory system,AV-block,17743,684,2.14 [1.82-2.51],5.3353859872345283e-20
EDA2R,Tumor necrosis factor receptor superfamily member 27,Chapter IX Diseases of the circulatory system,"Bradycardia, unspecified, drug-induced",23282,582,1.82 [1.54-2.15],2.735574229009607e-12
EDA2R,Tumor necrosis factor receptor superfamily member 27,Chapter IX Diseases of the circulatory system,Cardiac arrest,9219,266,4.67 [3.66-5.97],5.747726411568994e-35
EDA2R,Tumor necrosis factor receptor superfamily member 27,Chapter IX Diseases of the circulatory system,Cardiomyopathy,17263,204,2.94 [2.23-3.87],1.867566532041729e-14
EDA2R,Tumor necrosis factor receptor superfamily member 27,Chapter IX Diseases of the circulatory system,"Cardiomyopathy, other and unspecified",17169,110,3.67 [2.60-5.18],1.682375789323119e-13
EDA2R,Tumor necrosis factor receptor superfamily member 27,Chapter IX Diseases of the circulatory system,Cerebral atherosclerosis,23362,82,2.21 [1.46-3.34],0.0001791150709379
EDA2R,Tumor necrosis factor receptor superfamily member 27,Chapter IX Diseases of the circulatory system,Conduction disorders,18632,1573,2.19 [1.97-2.43],1.7532347671317044e-48
EDA2R,Tumor necrosis factor receptor superfamily member 27,Chapter IX Diseases of the circulatory system,Coronary atherosclerosis,21344,2787,1.64 [1.51-1.78],1.1005973753646023e-32
EDA2R,Tumor necrosis factor receptor superfamily member 27,Chapter IX Diseases of the circulatory system,Death due to cardiac causes,18750,8993,1.29 [1.22-1.36],6.825971065863918e-21
EDA2R,Tumor necrosis factor receptor superfamily member 27,Chapter IX Diseases of the circulatory system,DVT of lower extremities,21782,337,1.93 [1.54-2.41],6.976187536060445e-09
EDA2R,Tumor necrosis factor receptor superfamily member 27,Chapter IX Diseases of the circulatory system,Endocarditis,17161,102,2.66 [1.78-3.98],2.095429351662955e-06
EDA2R,Tumor necrosis factor receptor superfamily member 27,Chapter IX Diseases of the circulatory system,"Heart failure, strict",23069,1684,2.55 [2.33-2.80],7.3576987721993955e-90
EDA2R,Tumor necrosis factor receptor superfamily member 27,Chapter IX Diseases of the circulatory system,Hypertension,19994,8001,1.27 [1.20-1.34],8.002937315455997e-18
EDA2R,Tumor necrosis factor receptor superfamily member 27,Chapter IX Diseases of the circulatory system,"Hypertension, essential",20014,8021,1.28 [1.21-1.35],2.270649627883846e-19
EDA2R,Tumor necrosis factor receptor superfamily member 27,Chapter IX Diseases of the circulatory system,"Hypertension, portal",23192,93,3.64 [2.70-4.89],1.3633820413668368e-17
EDA2R,Tumor necrosis factor receptor superfamily member 27,Chapter IX Diseases of the circulatory system,"Hypertension, Pulmonary Arterial",12258,265,3.52 [2.99-4.15],5.897128758810772e-51
EDA2R,Tumor necrosis factor receptor superfamily member 27,Chapter IX Diseases of the circulatory system,Hypertensive Renal Disease,12204,211,8.86 [7.45-10.53],1.710861347194613e-134
EDA2R,Tumor necrosis factor receptor superfamily member 27,Chapter IX Diseases of the circulatory system,Hypotension,23180,1665,2.33 [2.12-2.56],4.6073036740366416e-69
EDA2R,Tumor necrosis factor receptor superfamily member 27,Chapter IX Diseases of the circulatory system,"Ischaemic heart disease, wide definition",21521,2939,1.60 [1.48-1.73],2.525142779589267e-31
EDA2R,Tumor necrosis factor receptor superfamily member 27,Chapter IX Diseases of the circulatory system,"Ischaemic Stroke, excluding all haemorrhages",22848,811,1.78 [1.54-2.05],3.684786145037568e-15
EDA2R,Tumor necrosis factor receptor superfamily member 27,Chapter IX Diseases of the circulatory system,Left bundle-branch block,17589,530,2.62 [2.20-3.12],1.1681374675129946e-27
EDA2R,Tumor necrosis factor receptor superfamily member 27,Chapter IX Diseases of the circulatory system,Major coronary heart disease event,22665,1073,1.83 [1.62-2.07],2.882661587437945e-22
EDA2R,Tumor necrosis factor receptor superfamily member 27,Chapter IX Diseases of the circulatory system,"Myocardial infarction, strict",19505,923,2.18 [1.91-2.50],1.7676359377163536e-30
EDA2R,Tumor necrosis factor receptor superfamily member 27,Chapter IX Diseases of the circulatory system,"Myocardial infarction, with ST-elevation",23234,191,1.71 [1.27-2.30],0.0004142951327615
EDA2R,Tumor necrosis factor receptor superfamily member 27,Chapter IX Diseases of the circulatory system,"Myocardial infarction, without ST-elevation",23323,414,2.15 [1.78-2.61],5.100979821059814e-15
EDA2R,Tumor necrosis factor receptor superfamily member 27,Chapter IX Diseases of the circulatory system,Oesophageal varices,21510,65,2.74 [1.79-4.19],3.114830673983184e-06
EDA2R,Tumor necrosis factor receptor superfamily member 27,Chapter IX Diseases of the circulatory system,Other aneurysm,21684,106,3.00 [2.09-4.32],2.791730550833298e-09
EDA2R,Tumor necrosis factor receptor superfamily member 27,Chapter IX Diseases of the circulatory system,Other arrhythmias,17661,602,2.07 [1.73-2.48],2.354790707357009e-15
EDA2R,Tumor necrosis factor receptor superfamily member 27,Chapter IX Diseases of the circulatory system,Other arterial embolism and thrombosis,21717,139,3.91 [2.99-5.10],9.680998551439197e-24
EDA2R,Tumor necrosis factor receptor superfamily member 27,Chapter IX Diseases of the circulatory system,Other diseases of arteries and capillaries,21913,335,2.93 [2.42-3.56],8.221203540884069e-28
EDA2R,Tumor necrosis factor receptor superfamily member 27,Chapter IX Diseases of the circulatory system,Other diseases of pericardium,17286,227,1.84 [1.36-2.49],6.62598469670691e-05
EDA2R,Tumor necrosis factor receptor superfamily member 27,Chapter IX Diseases of the circulatory system,Other disorders of veins,21566,121,2.84 [2.11-3.82],6.930479295045633e-12
EDA2R,Tumor necrosis factor receptor superfamily member 27,Chapter IX Diseases of the circulatory system,Other noninfective disorders of lymphatic vessels and lymph nodes,21625,180,2.22 [1.69-2.93],1.4804704074587074e-08
EDA2R,Tumor necrosis factor receptor superfamily member 27,Chapter IX Diseases of the circulatory system,Other or ill-defined heart diseases,18540,1481,2.42 [2.18-2.68],1.7643881847472484e-62
EDA2R,Tumor necrosis factor receptor superfamily member 27,Chapter IX Diseases of the circulatory system,Other other unspecified disorders of the circulatory system,21578,63,4.25 [3.01-5.99],1.6306038061513378e-16
EDA2R,Tumor necrosis factor receptor superfamily member 27,Chapter IX Diseases of the circulatory system,Other peripheral vascular diseases,22318,740,2.95 [2.59-3.37],2.946128595174828e-58
EDA2R,Tumor necrosis factor receptor superfamily member 27,Chapter IX Diseases of the circulatory system,Other pulmonary heart/vessel disease,22584,534,3.20 [2.79-3.68],6.667292121638391e-61
EDA2R,Tumor necrosis factor receptor superfamily member 27,Chapter IX Diseases of the circulatory system,"Other specified cerebrovascular diseases, other cerebrovascular disorders in diseases classified elsewhere",22179,992,2.15 [1.90-2.44],8.81901144482166e-33
EDA2R,Tumor necrosis factor receptor superfamily member 27,Chapter IX Diseases of the circulatory system,Paroxysmal tachycardia,9377,424,2.84 [2.26-3.57],2.6327724483340587e-19
EDA2R,Tumor necrosis factor receptor superfamily member 27,Chapter IX Diseases of the circulatory system,Peripheral artery disease,22145,603,3.33 [2.90-3.81],1.7778177401924875e-67
EDA2R,Tumor necrosis factor receptor superfamily member 27,Chapter IX Diseases of the circulatory system,Phlebitis and thrombophlebitis (not including DVT),21872,427,1.77 [1.44-2.17],3.5691899724570794e-08
EDA2R,Tumor necrosis factor receptor superfamily member 27,Chapter IX Diseases of the circulatory system,Pulmonary embolism,22660,610,1.90 [1.60-2.25],9.86660715189034e-14
EDA2R,Tumor necrosis factor receptor superfamily member 27,Chapter IX Diseases of the circulatory system,Rheumatic valve diseases,23264,982,2.12 [1.87-2.40],1.3473784501037778e-32
EDA2R,Tumor necrosis factor receptor superfamily member 27,Chapter IX Diseases of the circulatory system,Right bundle-branch block,17579,520,2.54 [2.13-3.03],5.466753899541334e-25
EDA2R,Tumor necrosis factor receptor superfamily member 27,Chapter IX Diseases of the circulatory system,Secondary right heart disease,22577,527,3.19 [2.77-3.67],1.5558158943857148e-59
EDA2R,Tumor necrosis factor receptor superfamily member 27,Chapter IX Diseases of the circulatory system,Sequelae of cerebrovascular disease,21457,270,2.81 [2.29-3.46],1.3149799710815723e-22
EDA2R,Tumor necrosis factor receptor superfamily member 27,Chapter IX Diseases of the circulatory system,"Stroke, excluding SAH",22832,926,1.70 [1.49-1.95],1.798910581405825e-14
EDA2R,Tumor necrosis factor receptor superfamily member 27,Chapter IX Diseases of the circulatory system,"Stroke, including SAH",22817,966,1.73 [1.51-1.97],8.740778941441831e-16
EDA2R,Tumor necrosis factor receptor superfamily member 27,Chapter IX Diseases of the circulatory system,Thoracic aortic aneurysm,21685,107,1.99 [1.31-3.03],0.0013255059844625
EDA2R,Tumor necrosis factor receptor superfamily member 27,Chapter IX Diseases of the circulatory system,Transient ischemic attack,22363,326,1.70 [1.35-2.14],5.321213559767771e-06
EDA2R,Tumor necrosis factor receptor superfamily member 27,Chapter IX Diseases of the circulatory system,Unstable angina pectoris,21930,338,1.70 [1.37-2.11],1.5417678903229046e-06
EDA2R,Tumor necrosis factor receptor superfamily member 27,Chapter IX Diseases of the circulatory system,Varicose veins,21966,521,1.65 [1.37-1.99],1.4005020258040204e-07
EDA2R,Tumor necrosis factor receptor superfamily member 27,Chapter IX Diseases of the circulatory system,Vascular diseases of the intestine,21599,125,2.08 [1.42-3.05],0.0001729479697186
EDA2R,Tumor necrosis factor receptor superfamily member 27,Chapter IX Diseases of the circulatory system,Venous thromboembolism,23086,959,1.78 [1.56-2.03],9.27663512692202e-18
EDA2R,Tumor necrosis factor receptor superfamily member 27,Chapter V Mental and behavioural disorders,"Anxiety disorders, excluding more controls",19953,1393,1.31 [1.16-1.49],1.7651101788937773e-05
EDA2R,Tumor necrosis factor receptor superfamily member 27,Chapter V Mental and behavioural disorders,Any mental disorder,22825,4265,1.38 [1.29-1.47],5.470269740244216e-20
EDA2R,Tumor necrosis factor receptor superfamily member 27,Chapter V Mental and behavioural disorders,"Mood disorders, excluding more controls",20030,1470,1.49 [1.33-1.67],1.0295887084934648e-11
EDA2R,Tumor necrosis factor receptor superfamily member 27,Chapter V Mental and behavioural disorders,Smoking dependency,22844,1185,1.40 [1.22-1.59],7.615440859588222e-07
EDA2R,Tumor necrosis factor receptor superfamily member 27,Chapter V Mental and behavioural disorders,"Substance abuse, excluding more controls",20020,1460,1.36 [1.21-1.52],9.053206710588434e-08
EDA2R,Tumor necrosis factor receptor superfamily member 27,Chapter VI Diseases of the nervous system,Alzheimer disease,23363,599,1.35 [1.13-1.62],0.0009854865750983
EDA2R,Tumor necrosis factor receptor superfamily member 27,Chapter VI Diseases of the nervous system,"AlzheimerÕs disease (Atypical or mixed), excluding more controls",14300,112,2.60 [1.75-3.87],2.324831017906452e-06
EDA2R,Tumor necrosis factor receptor superfamily member 27,Chapter VI Diseases of the nervous system,Bell's palsy,21497,86,1.95 [1.26-3.01],0.0024917628188695
EDA2R,Tumor necrosis factor receptor superfamily member 27,Chapter VI Diseases of the nervous system,Cerebral cysts,22908,254,1.84 [1.42-2.38],4.676768666340309e-06
EDA2R,Tumor necrosis factor receptor superfamily member 27,Chapter VI Diseases of the nervous system,Cerebral palsy and other paralytic syndromes,23287,415,1.89 [1.56-2.30],1.245382951427286e-10
EDA2R,Tumor necrosis factor receptor superfamily member 27,Chapter VI Diseases of the nervous system,Diseases of the myoneural junction and muscle,23345,70,2.15 [1.37-3.36],0.0008070681093453
EDA2R,Tumor necrosis factor receptor superfamily member 27,Chapter VI Diseases of the nervous system,Epilepsy,21835,309,1.73 [1.36-2.20],8.16386933771962e-06
EDA2R,Tumor necrosis factor receptor superfamily member 27,Chapter VI Diseases of the nervous system,Episodal and paroxysmal disorders,22896,1370,1.51 [1.35-1.70],2.3899152616589363e-12
EDA2R,Tumor necrosis factor receptor superfamily member 27,Chapter VI Diseases of the nervous system,Extrapyramidal and movement disorders,23309,932,1.37 [1.19-1.57],1.51460142734351e-05
EDA2R,Tumor necrosis factor receptor superfamily member 27,Chapter VI Diseases of the nervous system,Falls/tendency to fall,22697,3498,1.78 [1.66-1.92],5.028726535094695e-57
EDA2R,Tumor necrosis factor receptor superfamily member 27,Chapter VI Diseases of the nervous system,Hemiplegia,23211,339,1.94 [1.57-2.40],1.267862979190872e-09
EDA2R,Tumor necrosis factor receptor superfamily member 27,Chapter VI Diseases of the nervous system,Inflammatory diseases of the central nervous system,23350,75,2.10 [1.33-3.31],0.0014594689197061
EDA2R,Tumor necrosis factor receptor superfamily member 27,Chapter VI Diseases of the nervous system,Motor neuron disease,14389,177,2.17 [1.55-3.03],5.5050368227340495e-06
EDA2R,Tumor necrosis factor receptor superfamily member 27,Chapter VI Diseases of the nervous system,"Nerve, nerve root and plexus disorders",22649,1238,1.50 [1.33-1.70],4.6025552566651955e-11
EDA2R,Tumor necrosis factor receptor superfamily member 27,Chapter VI Diseases of the nervous system,Neurological diseases,21859,4404,1.55 [1.45-1.65],8.099937814198686e-38
EDA2R,Tumor necrosis factor receptor superfamily member 27,Chapter VI Diseases of the nervous system,Other and unspecified degenerative diseases of nervous system,22752,330,1.82 [1.46-2.28],1.5414828846770374e-07
EDA2R,Tumor necrosis factor receptor superfamily member 27,Chapter VI Diseases of the nervous system,"Other and unspecified nerve root and plexus disorders, also in other diseases",21844,433,1.58 [1.29-1.94],9.832077139498733e-06
EDA2R,Tumor necrosis factor receptor superfamily member 27,Chapter VI Diseases of the nervous system,"Other and unspecified polyneuropathies, also in other diseases",23284,352,3.23 [2.72-3.82],5.308995038750421e-42
EDA2R,Tumor necrosis factor receptor superfamily member 27,Chapter VI Diseases of the nervous system,Other degenerative diseases of the nervous system,17472,993,1.80 [1.57-2.07],1.1021931306800731e-16
EDA2R,Tumor necrosis factor receptor superfamily member 27,Chapter VI Diseases of the nervous system,Other disorders of nervous system,22815,161,2.50 [1.89-3.29],9.006717287292219e-11
EDA2R,Tumor necrosis factor receptor superfamily member 27,Chapter VI Diseases of the nervous system,Other extrapyramidal and movement disorders in other diseases,22614,237,1.88 [1.44-2.45],4.151571762384702e-06
EDA2R,Tumor necrosis factor receptor superfamily member 27,Chapter VI Diseases of the nervous system,Other facial nerve disorders,21508,97,2.09 [1.40-3.12],0.000289266522617
EDA2R,Tumor necrosis factor receptor superfamily member 27,Chapter VI Diseases of the nervous system,Other neurological diseases,23246,592,1.87 [1.58-2.21],1.93300452171932e-13
EDA2R,Tumor necrosis factor receptor superfamily member 27,Chapter VI Diseases of the nervous system,Other sleep disorders,22053,527,1.57 [1.31-1.87],8.254539685300805e-07
EDA2R,Tumor necrosis factor receptor superfamily member 27,Chapter VI Diseases of the nervous system,Sleep apnoea,23130,448,1.57 [1.30-1.90],3.1070991970950043e-06
EDA2R,Tumor necrosis factor receptor superfamily member 27,Chapter VI Diseases of the nervous system,Small fibre neuropathy,22995,63,3.35 [2.20-5.10],1.72051886185177e-08
EDA2R,Tumor necrosis factor receptor superfamily member 27,Chapter VI Diseases of the nervous system,Systemic atrophies primarily affecting the central nervous system,23353,206,1.67 [1.25-2.23],0.000569316160445
EDA2R,Tumor necrosis factor receptor superfamily member 27,Chapter VI Diseases of the nervous system,Unspecific neurodegenerative disorder,23363,605,1.34 [1.12-1.61],0.0014120301144785
EDA2R,Tumor necrosis factor receptor superfamily member 27,Chapter VI Diseases of the nervous system,Vascular dementia (undefined),22391,229,1.49 [1.12-1.98],0.0058281359244953
EDA2R,Tumor necrosis factor receptor superfamily member 27,"Chapter VII Diseases of the eye, adnexa, ear and mastoid process",Background diabetic retinopathy,23106,271,2.72 [2.22-3.33],4.7338102354930425e-22
EDA2R,Tumor necrosis factor receptor superfamily member 27,"Chapter VII Diseases of the eye, adnexa, ear and mastoid process","Conjunctivitis (acute, non atopic)",23240,72,2.72 [1.79-4.13],2.625857901865487e-06
EDA2R,Tumor necrosis factor receptor superfamily member 27,"Chapter VII Diseases of the eye, adnexa, ear and mastoid process","Diabetic nephropathy, excluding more controls",2476,78,6.69 [5.09-8.79],2.009684557852141e-42
EDA2R,Tumor necrosis factor receptor superfamily member 27,"Chapter VII Diseases of the eye, adnexa, ear and mastoid process",Diabetic neuropathy,3054,116,3.40 [2.69-4.30],1.918285032268007e-24
EDA2R,Tumor necrosis factor receptor superfamily member 27,"Chapter VII Diseases of the eye, adnexa, ear and mastoid process",Disorders of choroid and retina,23061,1445,1.40 [1.24-1.57],2.042713531592624e-08
EDA2R,Tumor necrosis factor receptor superfamily member 27,"Chapter VII Diseases of the eye, adnexa, ear and mastoid process",Other cataract,20882,3269,1.32 [1.22-1.43],7.204190048870742e-12
EDA2R,Tumor necrosis factor receptor superfamily member 27,"Chapter VII Diseases of the eye, adnexa, ear and mastoid process",Other disorders of eye and adnexa,23350,191,1.64 [1.21-2.22],0.0013857834147418
EDA2R,Tumor necrosis factor receptor superfamily member 27,"Chapter VII Diseases of the eye, adnexa, ear and mastoid process",Other inflammation of eyelid,22178,130,1.81 [1.27-2.59],0.0011663724343866
EDA2R,Tumor necrosis factor receptor superfamily member 27,"Chapter VII Diseases of the eye, adnexa, ear and mastoid process",Senile cataract,20377,2764,1.23 [1.13-1.34],4.296943079101996e-06
EDA2R,Tumor necrosis factor receptor superfamily member 27,"Chapter VII Diseases of the eye, adnexa, ear and mastoid process",Visual disturbances,23066,515,1.45 [1.20-1.76],0.0001440601851602
EDA2R,Tumor necrosis factor receptor superfamily member 27,"Chapter VII Diseases of the eye, adnexa, ear and mastoid process",Visual impairment including blindness (binocular or monocular),22761,210,1.81 [1.36-2.41],4.775764432156295e-05
EDA2R,Tumor necrosis factor receptor superfamily member 27,Chapter VIII Diseases of the ear and mastoid process,Diseases of external ear,23316,140,1.63 [1.15-2.31],0.0057717057712866
EDA2R,Tumor necrosis factor receptor superfamily member 27,Chapter VIII Diseases of the ear and mastoid process,Diseases of middle ear and mastoid,23224,120,1.65 [1.13-2.42],0.009490739855123
EDA2R,Tumor necrosis factor receptor superfamily member 27,Chapter VIII Diseases of the ear and mastoid process,Other disorders of ear,23257,1262,1.43 [1.27-1.62],1.3215221372367428e-08
EDA2R,Tumor necrosis factor receptor superfamily member 27,Chapter VIII Diseases of the ear and mastoid process,Other specified/unspecified hearing loss,22949,954,1.42 [1.23-1.63],1.6956227479564414e-06
EDA2R,Tumor necrosis factor receptor superfamily member 27,Chapter X Diseases of the respiratory system,Acute pharyngitis,23169,66,1.99 [1.23-3.22],0.0052646958457856
EDA2R,Tumor necrosis factor receptor superfamily member 27,Chapter X Diseases of the respiratory system,Acute upper respiratory infections,23290,187,1.76 [1.32-2.37],0.0001483869287757
EDA2R,Tumor necrosis factor receptor superfamily member 27,Chapter X Diseases of the respiratory system,Acute upper respiratory infections of multiple and unspecified sites,23167,64,2.19 [1.38-3.47],0.0009205496861954
EDA2R,Tumor necrosis factor receptor superfamily member 27,Chapter X Diseases of the respiratory system,All influenza,20659,158,3.43 [2.59-4.54],6.600508955605759e-18
EDA2R,Tumor necrosis factor receptor superfamily member 27,Chapter X Diseases of the respiratory system,All influenza (not pneumonia),20656,155,3.42 [2.57-4.55],2.2789430291459592e-17
EDA2R,Tumor necrosis factor receptor superfamily member 27,Chapter X Diseases of the respiratory system,"Asthma, excluding more controls",15632,1725,1.47 [1.31-1.65],1.1097377256248447e-10
EDA2R,Tumor necrosis factor receptor superfamily member 27,Chapter X Diseases of the respiratory system,"Asthma, unspecified (mode)",16004,1702,1.43 [1.27-1.60],1.4784488525625719e-09
EDA2R,Tumor necrosis factor receptor superfamily member 27,Chapter X Diseases of the respiratory system,Bacterial pneumonia (organism specified),22842,179,2.88 [2.22-3.73],1.3611896631318569e-15
EDA2R,Tumor necrosis factor receptor superfamily member 27,Chapter X Diseases of the respiratory system,"Bacterial pneumonia, not elsewhere classified",20606,105,3.01 [2.10-4.30],1.701296250483918e-09
EDA2R,Tumor necrosis factor receptor superfamily member 27,Chapter X Diseases of the respiratory system,Bronchiectasis,19595,520,2.18 [1.83-2.60],3.6749466515929935e-18
EDA2R,Tumor necrosis factor receptor superfamily member 27,Chapter X Diseases of the respiratory system,"Bronchitis, not specified as acute or chronic",19149,74,2.12 [1.33-3.38],0.0015728578908879
EDA2R,Tumor necrosis factor receptor superfamily member 27,Chapter X Diseases of the respiratory system,Chronic lower respiratory diseases,22226,3151,1.50 [1.39-1.62],8.940662333986827e-25
EDA2R,Tumor necrosis factor receptor superfamily member 27,Chapter X Diseases of the respiratory system,"COPD, hospital admissions 1, only main diagnosis",23069,1644,1.91 [1.73-2.11],6.374939400900936e-37
EDA2R,Tumor necrosis factor receptor superfamily member 27,Chapter X Diseases of the respiratory system,Diseases of the respiratory system,21193,6163,1.63 [1.54-1.73],1.0136712700128137e-65
EDA2R,Tumor necrosis factor receptor superfamily member 27,Chapter X Diseases of the respiratory system,Early onset COPD,21535,110,2.44 [1.75-3.42],1.6897361302203544e-07
EDA2R,Tumor necrosis factor receptor superfamily member 27,Chapter X Diseases of the respiratory system,Emphysema,19514,439,2.68 [2.24-3.22],1.2359811269637703e-26
EDA2R,Tumor necrosis factor receptor superfamily member 27,Chapter X Diseases of the respiratory system,Idiopathic pulmonary fibrosis,22051,454,3.41 [2.95-3.94],2.3173045413113205e-62
EDA2R,Tumor necrosis factor receptor superfamily member 27,Chapter X Diseases of the respiratory system,Influenza and pneumonia,23104,2603,2.46 [2.28-2.65],4.3495203693661736e-125
EDA2R,Tumor necrosis factor receptor superfamily member 27,Chapter X Diseases of the respiratory system,Interstitial lung disease,22094,497,3.35 [2.91-3.85],1.3048191717736829e-64
EDA2R,Tumor necrosis factor receptor superfamily member 27,Chapter X Diseases of the respiratory system,Later onset COPD,22836,1534,1.89 [1.70-2.09],8.611206692651589e-33
EDA2R,Tumor necrosis factor receptor superfamily member 27,Chapter X Diseases of the respiratory system,Lung diseases due to external agents,23347,500,2.25 [1.90-2.66],4.5331863421034765e-21
EDA2R,Tumor necrosis factor receptor superfamily member 27,Chapter X Diseases of the respiratory system,Other acute lower respiratory infections,23079,1313,2.21 [1.99-2.46],5.870645315340403e-50
EDA2R,Tumor necrosis factor receptor superfamily member 27,Chapter X Diseases of the respiratory system,Other diseases of pleura,23070,2716,2.19 [2.03-2.36],5.30622154530876e-92
EDA2R,Tumor necrosis factor receptor superfamily member 27,Chapter X Diseases of the respiratory system,Other pleural conditions,20422,68,2.93 [1.89-4.55],1.6528895976521255e-06
EDA2R,Tumor necrosis factor receptor superfamily member 27,Chapter X Diseases of the respiratory system,Other respiratory diseases principally affecting the interstitium,23243,596,3.40 [2.99-3.85],2.6635083841896358e-80
EDA2R,Tumor necrosis factor receptor superfamily member 27,Chapter X Diseases of the respiratory system,Other respiratory disorders and diseases,23234,1732,2.21 [2.02-2.43],1.1481194090748777e-62
EDA2R,Tumor necrosis factor receptor superfamily member 27,Chapter X Diseases of the respiratory system,Pleural effusion,21737,1383,2.48 [2.24-2.75],9.941751089675112e-67
EDA2R,Tumor necrosis factor receptor superfamily member 27,Chapter X Diseases of the respiratory system,Pleural plaque,20608,254,2.25 [1.76-2.89],1.260935078796881e-10
EDA2R,Tumor necrosis factor receptor superfamily member 27,Chapter X Diseases of the respiratory system,"Pneumonia, organism unspecified",22816,2315,2.55 [2.36-2.75],9.202491098628252e-124
EDA2R,Tumor necrosis factor receptor superfamily member 27,Chapter X Diseases of the respiratory system,Pneumonitis due to solids and liquids,23237,390,2.26 [1.86-2.74],1.5907243515243918e-16
EDA2R,Tumor necrosis factor receptor superfamily member 27,Chapter X Diseases of the respiratory system,Pneumothorax,20525,171,2.24 [1.63-3.08],6.605463124349544e-07
EDA2R,Tumor necrosis factor receptor superfamily member 27,Chapter X Diseases of the respiratory system,Pulmonary oedema,22740,93,4.08 [3.09-5.39],3.727030645830341e-23
EDA2R,Tumor necrosis factor receptor superfamily member 27,Chapter X Diseases of the respiratory system,Respiratory insufficiency,14373,71,3.87 [2.55-5.87],2.1580359444256206e-10
EDA2R,Tumor necrosis factor receptor superfamily member 27,Chapter X Diseases of the respiratory system,Unspecified acute lower respiratory infection,23055,1289,2.22 [2.00-2.47],1.0748372881558897e-49
EDA2R,Tumor necrosis factor receptor superfamily member 27,Chapter X Diseases of the respiratory system,Viral pneumonia,20807,306,2.41 [1.90-3.04],2.1266339747976762e-13
EDA2R,Tumor necrosis factor receptor superfamily member 27,Chapter X Diseases of the respiratory system,"Viral pneumonia (unknown virus, not influenza)",22854,245,2.18 [1.68-2.82],3.486989357378578e-09
EDA2R,Tumor necrosis factor receptor superfamily member 27,Chapter X Diseases of the respiratory system,Vocal cord dysfunction,7439,118,2.07 [1.36-3.17],0.0007257639919826
EDA2R,Tumor necrosis factor receptor superfamily member 27,Chapter XI Diseases of the digestive system,Acute pancreatitis,21296,199,1.84 [1.39-2.44],2.2548515843330204e-05
EDA2R,Tumor necrosis factor receptor superfamily member 27,Chapter XI Diseases of the digestive system,Acute peritonitis,22865,113,2.76 [2.00-3.83],9.777380618374192e-10
EDA2R,Tumor necrosis factor receptor superfamily member 27,Chapter XI Diseases of the digestive system,Alcoholic liver disease,22373,64,3.01 [1.99-4.56],1.758768506491064e-07
EDA2R,Tumor necrosis factor receptor superfamily member 27,Chapter XI Diseases of the digestive system,Barrett oesophagus,16651,513,1.49 [1.22-1.81],6.438664463839075e-05
EDA2R,Tumor necrosis factor receptor superfamily member 27,Chapter XI Diseases of the digestive system,"Cholangitis (primary sclerosing, PSC)",21242,145,1.75 [1.25-2.46],0.0011494726303217
EDA2R,Tumor necrosis factor receptor superfamily member 27,Chapter XI Diseases of the digestive system,"Cholangitis (primary sclerosing, PSC), with reimbursement 202",22937,145,1.68 [1.21-2.35],0.0021352790641737
EDA2R,Tumor necrosis factor receptor superfamily member 27,Chapter XI Diseases of the digestive system,Cholecystitis,21321,224,1.58 [1.20-2.08],0.0012456169688275
EDA2R,Tumor necrosis factor receptor superfamily member 27,Chapter XI Diseases of the digestive system,Cholelithiasis,22160,1063,1.61 [1.42-1.83],3.598006741899323e-13
EDA2R,Tumor necrosis factor receptor superfamily member 27,Chapter XI Diseases of the digestive system,"Cirrhosis of liver, NAS",23226,127,3.72 [2.88-4.80],7.040277282206983e-24
EDA2R,Tumor necrosis factor receptor superfamily member 27,Chapter XI Diseases of the digestive system,Collagenous colitis,21595,104,2.47 [1.67-3.65],6.368559215336315e-06
EDA2R,Tumor necrosis factor receptor superfamily member 27,Chapter XI Diseases of the digestive system,Constipation,23074,2158,1.59 [1.45-1.75],7.587338765995206e-23
EDA2R,Tumor necrosis factor receptor superfamily member 27,Chapter XI Diseases of the digestive system,Crohn disease,21580,89,2.63 [1.79-3.87],9.417281855014908e-07
EDA2R,Tumor necrosis factor receptor superfamily member 27,Chapter XI Diseases of the digestive system,"Crohn disease (strict definition, all UC cases excluded)",23007,68,1.90 [1.17-3.07],0.0093242857427547
EDA2R,Tumor necrosis factor receptor superfamily member 27,Chapter XI Diseases of the digestive system,Crohn's disease NAS,21572,81,2.77 [1.85-4.13],6.858546915165082e-07
EDA2R,Tumor necrosis factor receptor superfamily member 27,Chapter XI Diseases of the digestive system,Dental caries,22737,190,1.59 [1.18-2.16],0.0025452129078788
EDA2R,Tumor necrosis factor receptor superfamily member 27,Chapter XI Diseases of the digestive system,Diaphragmatic hernia,20192,2589,1.33 [1.22-1.45],1.4226061077797726e-10
EDA2R,Tumor necrosis factor receptor superfamily member 27,Chapter XI Diseases of the digestive system,Diseases of liver,23240,931,1.81 [1.58-2.07],3.8937031690869174e-18
EDA2R,Tumor necrosis factor receptor superfamily member 27,Chapter XI Diseases of the digestive system,"Diseases of oesophagus, stomach and duodenum",20783,4645,1.28 [1.20-1.37],1.289425556e-13
EDA2R,Tumor necrosis factor receptor superfamily member 27,Chapter XI Diseases of the digestive system,"Diseases of oral cavity, salivary glands and jaws",23025,478,1.32 [1.08-1.62],0.0058339000029803
EDA2R,Tumor necrosis factor receptor superfamily member 27,Chapter XI Diseases of the digestive system,Diseases of peritoneum,23272,520,1.37 [1.13-1.66],0.0015920550393458
EDA2R,Tumor necrosis factor receptor superfamily member 27,Chapter XI Diseases of the digestive system,Diseases of salivary glands,22513,59,2.06 [1.22-3.48],0.006906328888367
EDA2R,Tumor necrosis factor receptor superfamily member 27,Chapter XI Diseases of the digestive system,Diseases of the digestive system,23020,1551,1.59 [1.43-1.77],2.0486580389582786e-17
EDA2R,Tumor necrosis factor receptor superfamily member 27,Chapter XI Diseases of the digestive system,"Disorders of gallbladder, biliary tract and pancreas",22632,1535,1.61 [1.45-1.79],1.3881477224852218e-18
EDA2R,Tumor necrosis factor receptor superfamily member 27,Chapter XI Diseases of the digestive system,Diverticular disease of intestine,18549,3809,1.22 [1.13-1.31],1.8368619621306546e-07
EDA2R,Tumor necrosis factor receptor superfamily member 27,Chapter XI Diseases of the digestive system,Duodenal ulcer,16389,251,1.88 [1.45-2.44],1.6034637803653108e-06
EDA2R,Tumor necrosis factor receptor superfamily member 27,Chapter XI Diseases of the digestive system,Fibrosis and cirrhosis of liver,22457,148,3.62 [2.85-4.59],3.4803687586492605e-26
EDA2R,Tumor necrosis factor receptor superfamily member 27,Chapter XI Diseases of the digestive system,Gastric ulcer,16572,434,1.81 [1.49-2.21],3.083835868828092e-09
EDA2R,Tumor necrosis factor receptor superfamily member 27,Chapter XI Diseases of the digestive system,Gastro-oesophageal reflux disease,18835,2697,1.31 [1.20-1.43],1.9170292391581637e-09
EDA2R,Tumor necrosis factor receptor superfamily member 27,Chapter XI Diseases of the digestive system,Gastroduodenal ulcer,16799,661,1.68 [1.43-1.98],3.4826934780903216e-10
EDA2R,Tumor necrosis factor receptor superfamily member 27,Chapter XI Diseases of the digestive system,Gastrointestinal diseases,16864,8297,1.23 [1.17-1.30],1.4423978258663857e-15
EDA2R,Tumor necrosis factor receptor superfamily member 27,Chapter XI Diseases of the digestive system,GI-bleeding,22759,1290,1.67 [1.48-1.87],4.585992638911941e-18
EDA2R,Tumor necrosis factor receptor superfamily member 27,Chapter XI Diseases of the digestive system,"Hepatic failure, not elsewhere classified",22379,70,4.18 [3.00-5.83],3.4681245275178745e-17
EDA2R,Tumor necrosis factor receptor superfamily member 27,Chapter XI Diseases of the digestive system,Hernia,21285,3682,1.21 [1.12-1.30],4.787748721372515e-07
EDA2R,Tumor necrosis factor receptor superfamily member 27,Chapter XI Diseases of the digestive system,Intestinal adhesions without obstruction,14857,117,2.05 [1.39-3.01],0.0002864609654537
EDA2R,Tumor necrosis factor receptor superfamily member 27,Chapter XI Diseases of the digestive system,Irritable bowel syndrome,15256,516,1.68 [1.38-2.04],3.050815223761351e-07
EDA2R,Tumor necrosis factor receptor superfamily member 27,Chapter XI Diseases of the digestive system,Nonalcoholic fatty liver disease,23332,344,1.63 [1.31-2.03],1.0537518792516133e-05
EDA2R,Tumor necrosis factor receptor superfamily member 27,Chapter XI Diseases of the digestive system,Noninfectious colitis NAS,22284,793,1.91 [1.66-2.19],1.5409215545661317e-19
EDA2R,Tumor necrosis factor receptor superfamily member 27,Chapter XI Diseases of the digestive system,Noninfective enteritis and colitis,22596,1105,1.80 [1.59-2.03],6.862687951215205e-21
EDA2R,Tumor necrosis factor receptor superfamily member 27,Chapter XI Diseases of the digestive system,Oesophageal obstruction,16359,221,1.57 [1.17-2.11],0.0029798250173056
EDA2R,Tumor necrosis factor receptor superfamily member 27,Chapter XI Diseases of the digestive system,Oesophagitis,16844,706,1.52 [1.29-1.79],4.975474634803186e-07
EDA2R,Tumor necrosis factor receptor superfamily member 27,Chapter XI Diseases of the digestive system,Other diseases of biliary tract,21459,362,1.53 [1.22-1.92],0.0002669427887356
EDA2R,Tumor necrosis factor receptor superfamily member 27,Chapter XI Diseases of the digestive system,Other diseases of intestine,16694,1954,1.26 [1.14-1.40],7.0315415091978085e-06
EDA2R,Tumor necrosis factor receptor superfamily member 27,Chapter XI Diseases of the digestive system,Other diseases of intestines,21017,6277,1.26 [1.19-1.34],9.26665134064876e-16
EDA2R,Tumor necrosis factor receptor superfamily member 27,Chapter XI Diseases of the digestive system,Other diseases of liver,23080,771,1.72 [1.48-2.00],1.036769445143751e-12
EDA2R,Tumor necrosis factor receptor superfamily member 27,Chapter XI Diseases of the digestive system,Other diseases of oesophagus,16913,775,1.61 [1.38-1.88],1.872950884411176e-09
EDA2R,Tumor necrosis factor receptor superfamily member 27,Chapter XI Diseases of the digestive system,Other diseases of pancreas,21314,217,2.37 [1.83-3.06],5.0900456400396386e-11
EDA2R,Tumor necrosis factor receptor superfamily member 27,Chapter XI Diseases of the digestive system,Other diseases of stomach and duodenum,17250,1112,1.56 [1.37-1.78],2.1928930847531603e-11
EDA2R,Tumor necrosis factor receptor superfamily member 27,Chapter XI Diseases of the digestive system,Other diseases of the digestive system,22776,1307,1.66 [1.48-1.86],5.2020841443921744e-18
EDA2R,Tumor necrosis factor receptor superfamily member 27,Chapter XI Diseases of the digestive system,Other functional intestinal disorders,16944,2204,1.64 [1.49-1.80],1.3444538317863907e-25
EDA2R,Tumor necrosis factor receptor superfamily member 27,Chapter XI Diseases of the digestive system,Other gastritis (incl. Duodenitis),18327,2189,1.35 [1.23-1.49],4.4896454663628655e-10
EDA2R,Tumor necrosis factor receptor superfamily member 27,Chapter XI Diseases of the digestive system,Other inflammatory liver diseases,22423,114,2.73 [1.99-3.73],3.8109588793769987e-10
EDA2R,Tumor necrosis factor receptor superfamily member 27,Chapter XI Diseases of the digestive system,Other noninfective gastroenteritis and colitis,22464,973,1.89 [1.66-2.14],4.0745342520097373e-22
EDA2R,Tumor necrosis factor receptor superfamily member 27,Chapter XI Diseases of the digestive system,"Other or unspecified ileus, impaction or obstruction",15194,454,1.85 [1.52-2.26],1.553277443748292e-09
EDA2R,Tumor necrosis factor receptor superfamily member 27,Chapter XI Diseases of the digestive system,Paralytic ileus and intestinal obstruction,15366,626,1.93 [1.63-2.28],2.1454062597971883e-14
EDA2R,Tumor necrosis factor receptor superfamily member 27,Chapter XI Diseases of the digestive system,"Postprocedural disorders of digestive system, not elsewhere classified",21628,159,1.75 [1.26-2.44],0.0008487901377565
EDA2R,Tumor necrosis factor receptor superfamily member 27,Chapter XI Diseases of the digestive system,Toxic colitis,21572,81,2.37 [1.53-3.67],0.000117079957701
EDA2R,Tumor necrosis factor receptor superfamily member 27,Chapter XI Diseases of the digestive system,Ulcer of oesophagus,16481,343,1.71 [1.36-2.14],3.4752739324269485e-06
EDA2R,Tumor necrosis factor receptor superfamily member 27,Chapter XI Diseases of the digestive system,Vascular disorders of the intestines,14989,249,2.24 [1.73-2.91],1.1224458699322415e-09
EDA2R,Tumor necrosis factor receptor superfamily member 27,Chapter XI Diseases of the digestive system,Ventral hernia,17892,289,1.48 [1.15-1.89],0.0022778272091518
EDA2R,Tumor necrosis factor receptor superfamily member 27,Chapter XII Diseases of the skin and subcutaneous tissue,Actinic keratosis,23257,432,1.61 [1.31-1.98],5.6201275416540175e-06
EDA2R,Tumor necrosis factor receptor superfamily member 27,Chapter XII Diseases of the skin and subcutaneous tissue,Cellulitis,22729,839,2.41 [2.13-2.73],3.847787427056005e-43
EDA2R,Tumor necrosis factor receptor superfamily member 27,Chapter XII Diseases of the skin and subcutaneous tissue,"Cutaneous abscess, furuncle and carbuncle",22036,146,2.25 [1.64-3.09],4.648761101373402e-07
EDA2R,Tumor necrosis factor receptor superfamily member 27,Chapter XII Diseases of the skin and subcutaneous tissue,Decubitus ulcer and pressure area,21245,637,3.23 [2.83-3.69],2.53099596110998e-68
EDA2R,Tumor necrosis factor receptor superfamily member 27,Chapter XII Diseases of the skin and subcutaneous tissue,Dermatitis,23016,319,1.84 [1.46-2.32],2.353936660819893e-07
EDA2R,Tumor necrosis factor receptor superfamily member 27,Chapter XII Diseases of the skin and subcutaneous tissue,Dermatitis and eczema,23261,564,1.84 [1.55-2.18],3.8788591591267855e-12
EDA2R,Tumor necrosis factor receptor superfamily member 27,Chapter XII Diseases of the skin and subcutaneous tissue,Dermatitis due to substances taken internally,22746,49,2.46 [1.47-4.14],0.000651426902807
EDA2R,Tumor necrosis factor receptor superfamily member 27,Chapter XII Diseases of the skin and subcutaneous tissue,Diseases of the skin and subcutaneous tissue,21749,3773,1.66 [1.55-1.78],5.146838452069208e-45
EDA2R,Tumor necrosis factor receptor superfamily member 27,Chapter XII Diseases of the skin and subcutaneous tissue,Infections of the skin and subcutaneous tissue,22974,1084,2.22 [1.98-2.49],4.621622063513344e-43
EDA2R,Tumor necrosis factor receptor superfamily member 27,Chapter XII Diseases of the skin and subcutaneous tissue,Lupus erythematosus,20666,58,2.46 [1.51-3.99],0.0002829603207655
EDA2R,Tumor necrosis factor receptor superfamily member 27,Chapter XII Diseases of the skin and subcutaneous tissue,Nail disorders,22546,63,1.90 [1.18-3.04],0.0076656088474816
EDA2R,Tumor necrosis factor receptor superfamily member 27,Chapter XII Diseases of the skin and subcutaneous tissue,Other and unspecified dermatitis,23002,305,1.76 [1.38-2.23],3.7595668560739087e-06
EDA2R,Tumor necrosis factor receptor superfamily member 27,Chapter XII Diseases of the skin and subcutaneous tissue,Other and unspecified disorders of skin and subcutaneous tissue,21221,613,1.49 [1.24-1.79],1.7356235417543178e-05
EDA2R,Tumor necrosis factor receptor superfamily member 27,Chapter XII Diseases of the skin and subcutaneous tissue,Other and unspecified erythematous conditions,23274,96,2.69 [1.89-3.83],4.0706238700429924e-08
EDA2R,Tumor necrosis factor receptor superfamily member 27,Chapter XII Diseases of the skin and subcutaneous tissue,Other and unspecified local infections of skin and subcutaneous tissue,22122,232,3.08 [2.48-3.82],1.8075549685570585e-24
EDA2R,Tumor necrosis factor receptor superfamily member 27,Chapter XII Diseases of the skin and subcutaneous tissue,Other contact dermatitis,22795,98,2.60 [1.77-3.81],1.0521607106843887e-06
EDA2R,Tumor necrosis factor receptor superfamily member 27,Chapter XII Diseases of the skin and subcutaneous tissue,Other disorders of skin and subcutaneous tissue,22743,2135,1.99 [1.82-2.17],3.968834094923197e-53
EDA2R,Tumor necrosis factor receptor superfamily member 27,Chapter XII Diseases of the skin and subcutaneous tissue,"Other disorders of skin and subcutaneous tissue, not elsewhere classified",21267,659,1.56 [1.31-1.86],5.193722934212329e-07
EDA2R,Tumor necrosis factor receptor superfamily member 27,Chapter XII Diseases of the skin and subcutaneous tissue,Radiation-related disorders of the skin and subcutaneous tissue,23290,465,1.58 [1.30-1.93],6.770815806253851e-06
EDA2R,Tumor necrosis factor receptor superfamily member 27,Chapter XII Diseases of the skin and subcutaneous tissue,Skin changes due to chronic exposure to nonionizing radiation,23278,453,1.59 [1.30-1.95],6.091339291990231e-06
EDA2R,Tumor necrosis factor receptor superfamily member 27,Chapter XII Diseases of the skin and subcutaneous tissue,"Ulcer of lower limb, not elsewhere classified",20951,343,4.18 [3.59-4.87],9.743426822358604e-76
EDA2R,Tumor necrosis factor receptor superfamily member 27,Chapter XII Diseases of the skin and subcutaneous tissue,Urticaria and erythema,23335,157,2.56 [1.92-3.41],1.4107172972270286e-10
EDA2R,Tumor necrosis factor receptor superfamily member 27,Chapter XIII Diseases of the musculoskeletal system and connective tissue,Arthropathies,20585,6508,1.42 [1.34-1.50],2.528346043160783e-34
EDA2R,Tumor necrosis factor receptor superfamily member 27,Chapter XIII Diseases of the musculoskeletal system and connective tissue,Arthrosis,19156,5079,1.41 [1.33-1.51],4.732865053981962e-26
EDA2R,Tumor necrosis factor receptor superfamily member 27,Chapter XIII Diseases of the musculoskeletal system and connective tissue,Cervical disc disorders,19380,148,2.33 [1.72-3.17],5.670296285190759e-08
EDA2R,Tumor necrosis factor receptor superfamily member 27,Chapter XIII Diseases of the musculoskeletal system and connective tissue,Cervicalgia,19425,193,2.21 [1.69-2.90],1.0864746048570929e-08
EDA2R,Tumor necrosis factor receptor superfamily member 27,Chapter XIII Diseases of the musculoskeletal system and connective tissue,"Collapsed vertebra, not elsewhere classified",19383,151,2.95 [2.19-3.98],1.374800148994896e-12
EDA2R,Tumor necrosis factor receptor superfamily member 27,Chapter XIII Diseases of the musculoskeletal system and connective tissue,Coxarthrosis,15578,1501,1.43 [1.27-1.61],5.669266297285445e-09
EDA2R,Tumor necrosis factor receptor superfamily member 27,Chapter XIII Diseases of the musculoskeletal system and connective tissue,Deforming dorsopathies,19825,593,1.61 [1.34-1.92],2.0266398010925725e-07
EDA2R,Tumor necrosis factor receptor superfamily member 27,Chapter XIII Diseases of the musculoskeletal system and connective tissue,Diseases of the musculoskeletal system and connective tissue,18901,8117,1.43 [1.36-1.51],6.513289594878107e-42
EDA2R,Tumor necrosis factor receptor superfamily member 27,Chapter XIII Diseases of the musculoskeletal system and connective tissue,Disorders of continuity of bone,20796,121,2.12 [1.46-3.07],8.166251535647613e-05
EDA2R,Tumor necrosis factor receptor superfamily member 27,Chapter XIII Diseases of the musculoskeletal system and connective tissue,Disorders of muscles,19575,186,2.48 [1.90-3.25],3.9584818157815666e-11
EDA2R,Tumor necrosis factor receptor superfamily member 27,Chapter XIII Diseases of the musculoskeletal system and connective tissue,Dorsopathies,22412,3180,1.51 [1.40-1.64],4.61335594078762e-26
EDA2R,Tumor necrosis factor receptor superfamily member 27,Chapter XIII Diseases of the musculoskeletal system and connective tissue,Fibromyalgia,19540,151,1.67 [1.17-2.39],0.0047369047995495
EDA2R,Tumor necrosis factor receptor superfamily member 27,Chapter XIII Diseases of the musculoskeletal system and connective tissue,Gonarthrosis,16111,2034,1.37 [1.24-1.51],3.657477430137607e-10
EDA2R,Tumor necrosis factor receptor superfamily member 27,Chapter XIII Diseases of the musculoskeletal system and connective tissue,Gout,14884,807,2.83 [2.51-3.19],1.3383171155820801e-65
EDA2R,Tumor necrosis factor receptor superfamily member 27,Chapter XIII Diseases of the musculoskeletal system and connective tissue,"Gout, unspecified",23266,800,2.64 [2.33-2.98],1.0245223322045095e-54
EDA2R,Tumor necrosis factor receptor superfamily member 27,Chapter XIII Diseases of the musculoskeletal system and connective tissue,Hallux valgus (acquired),14379,302,1.78 [1.36-2.32],2.065302558022877e-05
EDA2R,Tumor necrosis factor receptor superfamily member 27,Chapter XIII Diseases of the musculoskeletal system and connective tissue,Kyphosis,19314,82,3.27 [2.25-4.76],6.442917582658648e-10
EDA2R,Tumor necrosis factor receptor superfamily member 27,Chapter XIII Diseases of the musculoskeletal system and connective tissue,Low back pain,19925,693,1.96 [1.69-2.28],5.6077132430183415e-19
EDA2R,Tumor necrosis factor receptor superfamily member 27,Chapter XIII Diseases of the musculoskeletal system and connective tissue,Lumbar disc prolapse,19554,322,1.60 [1.26-2.03],9.201446197855722e-05
EDA2R,Tumor necrosis factor receptor superfamily member 27,Chapter XIII Diseases of the musculoskeletal system and connective tissue,"Neuralgia and neuritis, unspecified",19448,59,2.17 [1.31-3.60],0.0026418008739299
EDA2R,Tumor necrosis factor receptor superfamily member 27,Chapter XIII Diseases of the musculoskeletal system and connective tissue,Osteomyelitis,20761,86,4.09 [3.01-5.54],1.58181679474529e-19
EDA2R,Tumor necrosis factor receptor superfamily member 27,Chapter XIII Diseases of the musculoskeletal system and connective tissue,Osteopathies and chondropathies,22927,2252,1.80 [1.64-1.98],9.552767355172966e-36
EDA2R,Tumor necrosis factor receptor superfamily member 27,Chapter XIII Diseases of the musculoskeletal system and connective tissue,Osteoporosis,22251,1576,1.84 [1.65-2.06],1.00762731243042e-26
EDA2R,Tumor necrosis factor receptor superfamily member 27,Chapter XIII Diseases of the musculoskeletal system and connective tissue,"Other (seronegative) rheumatoid arthritis, wide",23187,548,2.03 [1.72-2.40],1.2737825633275992e-16
EDA2R,Tumor necrosis factor receptor superfamily member 27,Chapter XIII Diseases of the musculoskeletal system and connective tissue,Other arthrosis,17237,3160,1.61 [1.48-1.74],1.3528270537035159e-31
EDA2R,Tumor necrosis factor receptor superfamily member 27,Chapter XIII Diseases of the musculoskeletal system and connective tissue,Other crystal arthropathies,14148,71,2.12 [1.30-3.46],0.0027270548976423
EDA2R,Tumor necrosis factor receptor superfamily member 27,Chapter XIII Diseases of the musculoskeletal system and connective tissue,Other deformities of toe(s),14212,135,2.30 [1.59-3.33],9.141719903279765e-06
EDA2R,Tumor necrosis factor receptor superfamily member 27,Chapter XIII Diseases of the musculoskeletal system and connective tissue,Other disorders of bone,20923,248,1.81 [1.38-2.37],1.630783607389594e-05
EDA2R,Tumor necrosis factor receptor superfamily member 27,Chapter XIII Diseases of the musculoskeletal system and connective tissue,Other disorders of bone density and structure,21189,514,1.82 [1.50-2.22],2.725357544705941e-09
EDA2R,Tumor necrosis factor receptor superfamily member 27,Chapter XIII Diseases of the musculoskeletal system and connective tissue,Other disorders of the musculoskeletal system and connective tissue,23340,114,2.10 [1.45-3.05],9.329862520063204e-05
EDA2R,Tumor necrosis factor receptor superfamily member 27,Chapter XIII Diseases of the musculoskeletal system and connective tissue,"Other dorsopathies, not elsewhere classified",21239,2007,1.65 [1.50-1.82],1.1163296693116011e-25
EDA2R,Tumor necrosis factor receptor superfamily member 27,Chapter XIII Diseases of the musculoskeletal system and connective tissue,Other enthesopathies,19467,78,2.21 [1.43-3.42],0.0003686366581616
EDA2R,Tumor necrosis factor receptor superfamily member 27,Chapter XIII Diseases of the musculoskeletal system and connective tissue,Other hammer toe(s) (acquired),14233,156,1.69 [1.17-2.44],0.0052382346512003
EDA2R,Tumor necrosis factor receptor superfamily member 27,Chapter XIII Diseases of the musculoskeletal system and connective tissue,Other intervertebral disc disorders,20031,799,1.60 [1.38-1.86],1.018876942351668e-09
EDA2R,Tumor necrosis factor receptor superfamily member 27,Chapter XIII Diseases of the musculoskeletal system and connective tissue,Other joint disorders,16287,2210,1.61 [1.46-1.77],3.799593599759431e-23
EDA2R,Tumor necrosis factor receptor superfamily member 27,Chapter XIII Diseases of the musculoskeletal system and connective tissue,Other necrotizing vasculopathies,22632,129,2.27 [1.59-3.23],6.343947449941538e-06
EDA2R,Tumor necrosis factor receptor superfamily member 27,Chapter XIII Diseases of the musculoskeletal system and connective tissue,"Other soft tissue disorders, not elsewhere classified",20752,1363,1.72 [1.54-1.93],1.4993766388479656e-21
EDA2R,Tumor necrosis factor receptor superfamily member 27,Chapter XIII Diseases of the musculoskeletal system and connective tissue,Other specified disorders of muscle,19499,110,2.63 [1.85-3.74],7.24861298375852e-08
EDA2R,Tumor necrosis factor receptor superfamily member 27,Chapter XIII Diseases of the musculoskeletal system and connective tissue,Other specified/unspecified arthritis,16177,2100,1.50 [1.36-1.66],4.823193773359844e-16
EDA2R,Tumor necrosis factor receptor superfamily member 27,Chapter XIII Diseases of the musculoskeletal system and connective tissue,Other specified/unspecified soft tissue disorders,20079,690,1.89 [1.62-2.20],2.420499669495792e-16
EDA2R,Tumor necrosis factor receptor superfamily member 27,Chapter XIII Diseases of the musculoskeletal system and connective tissue,Other systemic involvement of connective tissue,22996,493,1.72 [1.42-2.09],3.671777666420874e-08
EDA2R,Tumor necrosis factor receptor superfamily member 27,Chapter XIII Diseases of the musculoskeletal system and connective tissue,Other/unspecified dorsalgia,19903,671,1.98 [1.70-2.31],1.3560813577010826e-18
EDA2R,Tumor necrosis factor receptor superfamily member 27,Chapter XIII Diseases of the musculoskeletal system and connective tissue,Other/unspecified rheumatoid arthritis,23202,542,2.07 [1.75-2.45],1.3948064707700448e-17
EDA2R,Tumor necrosis factor receptor superfamily member 27,Chapter XIII Diseases of the musculoskeletal system and connective tissue,Other/unspecified seropositive rheumatoid arthritis,23337,70,2.66 [1.73-4.11],9.294469053680588e-06
EDA2R,Tumor necrosis factor receptor superfamily member 27,Chapter XIII Diseases of the musculoskeletal system and connective tissue,Pain in joint,18178,902,2.09 [1.83-2.38],1.9287162673267347e-28
EDA2R,Tumor necrosis factor receptor superfamily member 27,Chapter XIII Diseases of the musculoskeletal system and connective tissue,Pain in limb,20042,653,1.76 [1.50-2.07],2.959168233250005e-12
EDA2R,Tumor necrosis factor receptor superfamily member 27,Chapter XIII Diseases of the musculoskeletal system and connective tissue,Polyarthropathies,17241,3164,1.72 [1.59-1.85],5.565402576889366e-44
EDA2R,Tumor necrosis factor receptor superfamily member 27,Chapter XIII Diseases of the musculoskeletal system and connective tissue,Polyarthrosis,14931,854,1.65 [1.42-1.92],1.5892668447376572e-10
EDA2R,Tumor necrosis factor receptor superfamily member 27,Chapter XIII Diseases of the musculoskeletal system and connective tissue,Polymyalgia rheumatica,22881,378,1.39 [1.11-1.75],0.004735231146826
EDA2R,Tumor necrosis factor receptor superfamily member 27,Chapter XIII Diseases of the musculoskeletal system and connective tissue,"Postprocedural musculoskeletal disorders, not elsewhere classified",23308,82,2.56 [1.69-3.86],8.258416896709293e-06
EDA2R,Tumor necrosis factor receptor superfamily member 27,Chapter XIII Diseases of the musculoskeletal system and connective tissue,Rheumatoid arthritis,14633,556,2.43 [2.05-2.88],3.3515600809285006e-24
EDA2R,Tumor necrosis factor receptor superfamily member 27,Chapter XIII Diseases of the musculoskeletal system and connective tissue,Sciatica+with lumbago,19520,288,1.85 [1.46-2.34],3.900179093615661e-07
EDA2R,Tumor necrosis factor receptor superfamily member 27,Chapter XIII Diseases of the musculoskeletal system and connective tissue,Scoliosis,19500,268,1.80 [1.38-2.34],1.0922490893414578e-05
EDA2R,Tumor necrosis factor receptor superfamily member 27,Chapter XIII Diseases of the musculoskeletal system and connective tissue,Seronegative rheumatoid arthritis,16419,68,2.39 [1.43-3.97],0.0008086821477374
EDA2R,Tumor necrosis factor receptor superfamily member 27,Chapter XIII Diseases of the musculoskeletal system and connective tissue,"Seropositive rheumatoid arthritis, wide",23342,75,2.55 [1.67-3.90],1.6504950404532597e-05
EDA2R,Tumor necrosis factor receptor superfamily member 27,Chapter XIII Diseases of the musculoskeletal system and connective tissue,Sicca syndrome [Sjgren],22595,92,3.00 [2.09-4.31],2.8166525455663154e-09
EDA2R,Tumor necrosis factor receptor superfamily member 27,Chapter XIII Diseases of the musculoskeletal system and connective tissue,Soft tissue disorders,22061,2672,1.42 [1.31-1.55],2.024021406482264e-16
EDA2R,Tumor necrosis factor receptor superfamily member 27,Chapter XIII Diseases of the musculoskeletal system and connective tissue,Spinal stenosis,19957,725,1.83 [1.58-2.12],1.9728073252337666e-15
EDA2R,Tumor necrosis factor receptor superfamily member 27,Chapter XIII Diseases of the musculoskeletal system and connective tissue,Spondylopathies,21266,2034,1.63 [1.48-1.79],2.5122009913786195e-24
EDA2R,Tumor necrosis factor receptor superfamily member 27,Chapter XIII Diseases of the musculoskeletal system and connective tissue,Spondylosis,20562,1330,1.67 [1.49-1.88],2.175880923954573e-18
EDA2R,Tumor necrosis factor receptor superfamily member 27,Chapter XIII Diseases of the musculoskeletal system and connective tissue,Systemic lupus erythematosus,22621,118,2.83 [2.10-3.83],1.3473364446274576e-11
EDA2R,Tumor necrosis factor receptor superfamily member 27,Chapter XIII Diseases of the musculoskeletal system and connective tissue,Wrist or foot drop (acquired),14154,77,3.18 [2.08-4.85],8.182227178551091e-08
EDA2R,Tumor necrosis factor receptor superfamily member 27,Chapter XIV Diseases of the genitourinary system,Acute renal failure,21838,2275,4.20 [3.89-4.53],7.143504021878406e-297
EDA2R,Tumor necrosis factor receptor superfamily member 27,Chapter XIV Diseases of the genitourinary system,Chronic kidney disease,21916,2353,6.73 [6.28-7.21],0.0
EDA2R,Tumor necrosis factor receptor superfamily member 27,Chapter XIV Diseases of the genitourinary system,Chronic nephritic syndrome,23127,135,6.63 [5.56-7.91],1.1298134997370826e-98
EDA2R,Tumor necrosis factor receptor superfamily member 27,Chapter XIV Diseases of the genitourinary system,Cyst of kidney,23049,409,1.64 [1.33-2.03],4.613429860834596e-06
EDA2R,Tumor necrosis factor receptor superfamily member 27,Chapter XIV Diseases of the genitourinary system,Cystitis,19465,303,1.56 [1.21-2.02],0.0006153154270432
EDA2R,Tumor necrosis factor receptor superfamily member 27,Chapter XIV Diseases of the genitourinary system,Dialysis,19659,96,20.70 [16.04-26.70],3.17112649820087e-120
EDA2R,Tumor necrosis factor receptor superfamily member 27,Chapter XIV Diseases of the genitourinary system,Genitourinary diseases,19247,6355,1.93 [1.82-2.05],6.582627127412807e-104
EDA2R,Tumor necrosis factor receptor superfamily member 27,Chapter XIV Diseases of the genitourinary system,Glomerular disorders in diseases classified elsewhere,23091,99,10.53 [2.58-43.09],0.0010524010184212
EDA2R,Tumor necrosis factor receptor superfamily member 27,Chapter XIV Diseases of the genitourinary system,Hydronephrosis,19633,353,3.10 [2.42-3.96],1.7574561255497206e-19
EDA2R,Tumor necrosis factor receptor superfamily member 27,Chapter XIV Diseases of the genitourinary system,Neuromuscular dysfunction of bladder,19250,88,1.86 [1.20-2.89],0.0052893279039672
EDA2R,Tumor necrosis factor receptor superfamily member 27,Chapter XIV Diseases of the genitourinary system,Other abnormal uterine and vaginal bleeding,9366,39,2.58 [1.50-4.43],0.0005983937008359
EDA2R,Tumor necrosis factor receptor superfamily member 27,Chapter XIV Diseases of the genitourinary system,Other diseases of urinary system,22154,2992,1.61 [1.49-1.74],2.0487355748176968e-32
EDA2R,Tumor necrosis factor receptor superfamily member 27,Chapter XIV Diseases of the genitourinary system,Other disorders of kidney and ureter,23276,636,2.27 [1.94-2.65],4.027692631185156e-25
EDA2R,Tumor necrosis factor receptor superfamily member 27,Chapter XIV Diseases of the genitourinary system,Other disorders of penis,8285,161,1.64 [1.19-2.25],0.0022150161828282
EDA2R,Tumor necrosis factor receptor superfamily member 27,Chapter XIV Diseases of the genitourinary system,Other disorders of urethra and urinary system,21542,2380,1.85 [1.70-2.02],1.6706763089754617e-45
EDA2R,Tumor necrosis factor receptor superfamily member 27,Chapter XIV Diseases of the genitourinary system,Other obstructive and reflux uropathy,19697,417,3.37 [2.73-4.16],6.172277227665175e-30
EDA2R,Tumor necrosis factor receptor superfamily member 27,Chapter XIV Diseases of the genitourinary system,Other specified disorders of kidney and ureter,22844,204,2.89 [2.25-3.71],1.0918643450174131e-16
EDA2R,Tumor necrosis factor receptor superfamily member 27,Chapter XIV Diseases of the genitourinary system,Recurrent and persistent haematuria,23040,48,2.32 [1.34-4.01],0.0025806881433778
EDA2R,Tumor necrosis factor receptor superfamily member 27,Chapter XIV Diseases of the genitourinary system,Renal tubulo-interstitial diseases,23068,3788,4.36 [4.08-4.66],0.0
EDA2R,Tumor necrosis factor receptor superfamily member 27,Chapter XIV Diseases of the genitourinary system,"Tubulo-interstitial nephritis, not specified as acute or chronic",19377,97,6.23 [4.19-9.25],1.4079112188586722e-19
EDA2R,Tumor necrosis factor receptor superfamily member 27,Chapter XIV Diseases of the genitourinary system,Unspecified kidney failure,19745,182,8.37 [6.83-10.25],7.993547480656462e-94
