Protein,Protein_definition,Disease_category,Disease,NB_individual,NB_case,HR[95%CI],P_value
ARHGAP30,Rho GTPase-activating protein 30,Chapter I Certain infectious and parasitic diseases,"Bacterial infection, other or unspecified",42255,232,0.82 [0.56-1.20],0.3040349354395177
ARHGAP30,Rho GTPase-activating protein 30,Chapter I Certain infectious and parasitic diseases,"Bacterial intestinal infections, IBD co-morbidities",43718,334,1.06 [0.82-1.38],0.6523532117373455
ARHGAP30,Rho GTPase-activating protein 30,Chapter I Certain infectious and parasitic diseases,"Bacterial, viral and other infectious agents",43282,2299,0.94 [0.85-1.05],0.2801247198138941
ARHGAP30,Rho GTPase-activating protein 30,Chapter I Certain infectious and parasitic diseases,Candidiasis,43756,722,1.19 [1.01-1.40],0.0408258719418039
ARHGAP30,Rho GTPase-activating protein 30,Chapter I Certain infectious and parasitic diseases,Certain infectious and parasitic diseases,42429,5872,1.00 [0.94-1.07],0.9471916884803562
ARHGAP30,Rho GTPase-activating protein 30,Chapter I Certain infectious and parasitic diseases,Condition for Implicit Sepsis (Organ dysfunction codes),42619,5321,1.01 [0.94-1.08],0.8081341441390909
ARHGAP30,Rho GTPase-activating protein 30,Chapter I Certain infectious and parasitic diseases,Diarrhoea and gastroenteritis of presumed infectious origin,43333,2023,0.97 [0.86-1.08],0.5561926703909412
ARHGAP30,Rho GTPase-activating protein 30,Chapter I Certain infectious and parasitic diseases,Enterocolitis due to Clostridium difficile,43601,149,1.18 [0.82-1.70],0.3742008117688074
ARHGAP30,Rho GTPase-activating protein 30,Chapter I Certain infectious and parasitic diseases,Explicit Sepsis,40336,1588,1.06 [0.94-1.19],0.3487378086452678
ARHGAP30,Rho GTPase-activating protein 30,Chapter I Certain infectious and parasitic diseases,Implicit bacterial Sepsis,38929,1776,1.03 [0.92-1.16],0.60624198867077
ARHGAP30,Rho GTPase-activating protein 30,Chapter I Certain infectious and parasitic diseases,Implicit fungal Sepsis,38800,424,1.11 [0.88-1.39],0.3853147569677233
ARHGAP30,Rho GTPase-activating protein 30,Chapter I Certain infectious and parasitic diseases,Implicit Sepsis,30724,3281,0.94 [0.86-1.03],0.2075641970107795
ARHGAP30,Rho GTPase-activating protein 30,Chapter I Certain infectious and parasitic diseases,Implicit viral Sepsis,38543,640,1.06 [0.88-1.29],0.5346273787831746
ARHGAP30,Rho GTPase-activating protein 30,Chapter I Certain infectious and parasitic diseases,Intestinal infectious diseases,43691,2381,0.99 [0.90-1.10],0.9034112968841658
ARHGAP30,Rho GTPase-activating protein 30,Chapter I Certain infectious and parasitic diseases,Mycoses,43883,849,1.14 [0.98-1.34],0.0976275932003245
ARHGAP30,Rho GTPase-activating protein 30,Chapter I Certain infectious and parasitic diseases,Other bacterial agents as the cause of diseases classified to other chapters,42520,1537,0.97 [0.85-1.10],0.6309438368578835
ARHGAP30,Rho GTPase-activating protein 30,Chapter I Certain infectious and parasitic diseases,Other bacterial diseases,43774,1751,1.04 [0.93-1.17],0.4736937733441673
ARHGAP30,Rho GTPase-activating protein 30,Chapter I Certain infectious and parasitic diseases,Other bacterial intestinal infections,41646,336,1.06 [0.81-1.37],0.6850997324694232
ARHGAP30,Rho GTPase-activating protein 30,Chapter I Certain infectious and parasitic diseases,Other infectious diseases,43975,78,1.22 [0.75-2.00],0.4222793200235241
ARHGAP30,Rho GTPase-activating protein 30,Chapter I Certain infectious and parasitic diseases,Other septicaemia,43557,1534,1.07 [0.95-1.21],0.2602424118472989
ARHGAP30,Rho GTPase-activating protein 30,Chapter I Certain infectious and parasitic diseases,Other specified/unspecified bacterial intestinal infections,43580,128,0.82 [0.50-1.36],0.4436255595046215
ARHGAP30,Rho GTPase-activating protein 30,Chapter I Certain infectious and parasitic diseases,Other viral diseases,43829,265,1.13 [0.86-1.50],0.3769131877232847
ARHGAP30,Rho GTPase-activating protein 30,Chapter I Certain infectious and parasitic diseases,"Other viral diseases, not elsewhere classified",43800,236,0.98 [0.70-1.36],0.8828129000065341
ARHGAP30,Rho GTPase-activating protein 30,Chapter I Certain infectious and parasitic diseases,Streptococcus and staphylococcus as the cause of diseases classified to other chapters,41671,688,0.91 [0.75-1.11],0.3651924367043195
ARHGAP30,Rho GTPase-activating protein 30,Chapter I Certain infectious and parasitic diseases,Viral agents as the cause of diseases classified to other chapters,41440,457,1.04 [0.82-1.30],0.7650864819201271
ARHGAP30,Rho GTPase-activating protein 30,Chapter I Certain infectious and parasitic diseases,Viral and other specified intestinal infections,41478,168,1.24 [0.89-1.73],0.2031525495858112
ARHGAP30,Rho GTPase-activating protein 30,Chapter I Certain infectious and parasitic diseases,Viral hepatitis,43935,91,1.38 [0.93-2.06],0.1145289248806014
ARHGAP30,Rho GTPase-activating protein 30,Chapter I Certain infectious and parasitic diseases,Viral infections characterized by skin and mucous membrane lesions,43861,257,1.00 [0.74-1.36],0.9774187772969892
ARHGAP30,Rho GTPase-activating protein 30,Chapter I Certain infectious and parasitic diseases,Viral warts,43690,86,1.09 [0.67-1.78],0.720434196178059
ARHGAP30,Rho GTPase-activating protein 30,Chapter I Certain infectious and parasitic diseases,Zoster [herpes zoster],43715,111,0.84 [0.50-1.42],0.5176805537001423
ARHGAP30,Rho GTPase-activating protein 30,Chapter II Neoplasms,Benign lipomatous neoplasm,43477,499,0.89 [0.70-1.12],0.3162480810913077
ARHGAP30,Rho GTPase-activating protein 30,Chapter II Neoplasms,Benign lipomatous neoplasm of skin and subcutaneous tissue of limbs,43826,99,1.01 [0.62-1.64],0.9672841340727194
ARHGAP30,Rho GTPase-activating protein 30,Chapter II Neoplasms,Benign lipomatous neoplasm of skin and subcutaneous tissue of trunk,43785,106,0.68 [0.37-1.25],0.2134158881163403
ARHGAP30,Rho GTPase-activating protein 30,Chapter II Neoplasms,Benign lipomatous neoplasm of spermatic cord,20167,108,0.82 [0.50-1.37],0.4573685247022555
ARHGAP30,Rho GTPase-activating protein 30,Chapter II Neoplasms,"Benign neoplasm of colon, rectum, anus and anal canal",43400,2416,0.87 [0.78-0.97],0.0104649123336536
ARHGAP30,Rho GTPase-activating protein 30,Chapter II Neoplasms,Benign neoplasm of meninges,43949,100,1.15 [0.73-1.80],0.5570882931307695
ARHGAP30,Rho GTPase-activating protein 30,Chapter II Neoplasms,Benign neoplasm of other and ill-defined parts of digestive system,43865,112,0.90 [0.55-1.48],0.687942364490772
ARHGAP30,Rho GTPase-activating protein 30,Chapter II Neoplasms,Benign neoplasm of other and unspecified endocrine glands,43931,181,0.68 [0.42-1.08],0.1027588463724828
ARHGAP30,Rho GTPase-activating protein 30,Chapter II Neoplasms,Benign neoplasm of ovary,23704,147,0.64 [0.37-1.08],0.095237382019049
ARHGAP30,Rho GTPase-activating protein 30,Chapter II Neoplasms,Benign neoplasm: Ascending colon,43932,620,0.77 [0.61-0.97],0.0276481823088391
ARHGAP30,Rho GTPase-activating protein 30,Chapter II Neoplasms,Benign neoplasm: Caecum,43942,505,0.89 [0.70-1.12],0.3119198912084806
ARHGAP30,Rho GTPase-activating protein 30,Chapter II Neoplasms,"Benign neoplasm: Colon, unspecified",43781,118,0.71 [0.40-1.26],0.2424422331454303
ARHGAP30,Rho GTPase-activating protein 30,Chapter II Neoplasms,Benign neoplasm: Descending colon,43933,369,0.95 [0.73-1.25],0.723496830108378
ARHGAP30,Rho GTPase-activating protein 30,Chapter II Neoplasms,Benign neoplasm: Rectum,43857,604,0.99 [0.81-1.21],0.93213476372796
ARHGAP30,Rho GTPase-activating protein 30,Chapter II Neoplasms,Benign neoplasm: Sigmoid colon,43771,1054,0.91 [0.78-1.07],0.2617528212469513
ARHGAP30,Rho GTPase-activating protein 30,Chapter II Neoplasms,Benign neoplasm: Transverse colon,43925,715,0.93 [0.77-1.13],0.489154856389961
ARHGAP30,Rho GTPase-activating protein 30,Chapter II Neoplasms,Carcinoma in situ of breast,19223,122,0.70 [0.40-1.22],0.2124600773306519
ARHGAP30,Rho GTPase-activating protein 30,Chapter II Neoplasms,"Carcinoma in situ of breast, intraductal",19295,142,0.74 [0.45-1.22],0.237517517389164
ARHGAP30,Rho GTPase-activating protein 30,Chapter II Neoplasms,"Chronic lymphocytic leukaemia and small lyphocytis leukaemia, excluding all cancers (controls excluding all cancers)",35020,92,0.97 [0.58-1.60],0.8974478746608255
ARHGAP30,Rho GTPase-activating protein 30,Chapter II Neoplasms,"Diffuse large B-cell lymphoma, excluding all cancers (controls excluding all cancers)",35045,117,1.01 [0.65-1.57],0.9521565630861916
ARHGAP30,Rho GTPase-activating protein 30,Chapter II Neoplasms,"Haemangioma and lymphangioma, any site",43883,201,1.24 [0.92-1.66],0.1573928167256827
ARHGAP30,Rho GTPase-activating protein 30,Chapter II Neoplasms,"Haemangioma, any site",43884,196,1.26 [0.94-1.69],0.1277554181383113
ARHGAP30,Rho GTPase-activating protein 30,Chapter II Neoplasms,Leiomyoma of uterus,22914,498,1.13 [0.92-1.38],0.2375592256639114
ARHGAP30,Rho GTPase-activating protein 30,Chapter II Neoplasms,Lung cancer and mesothelioma,30525,582,0.92 [0.71-1.20],0.5361013577153068
ARHGAP30,Rho GTPase-activating protein 30,Chapter II Neoplasms,Lymphoid leukaemia,35019,91,1.04 [0.64-1.67],0.8857847318831045
ARHGAP30,Rho GTPase-activating protein 30,Chapter II Neoplasms,"Malignant melanoma of skin, excluding all cancers (controls excluding all cancers)",35248,320,0.86 [0.64-1.16],0.3217097953213566
ARHGAP30,Rho GTPase-activating protein 30,Chapter II Neoplasms,"Malignant neoplasm of bladder, excluding all cancers (controls excluding all cancers)",35263,335,0.85 [0.63-1.14],0.2678683888382573
ARHGAP30,Rho GTPase-activating protein 30,Chapter II Neoplasms,"Malignant neoplasm of corpus uteri, excluding all cancers (controls excluding all cancers)",19422,163,1.22 [0.86-1.72],0.2602462691713971
ARHGAP30,Rho GTPase-activating protein 30,Chapter II Neoplasms,"Malignant neoplasm of intrahepatic ducts, biliary tract and gallbladder, excluding all cancers (controls excluding all cancers)",35066,138,1.10 [0.74-1.63],0.6416398934866461
ARHGAP30,Rho GTPase-activating protein 30,Chapter II Neoplasms,"Malignant neoplasm of kidney, except renal pelvis, excluding all cancers (controls excluding all cancers)",35104,176,1.11 [0.79-1.56],0.5587635403841116
ARHGAP30,Rho GTPase-activating protein 30,Chapter II Neoplasms,"Malignant neoplasm of oesophagus, excluding all cancers (controls excluding all cancers)",35099,171,0.96 [0.65-1.42],0.8301330682568948
ARHGAP30,Rho GTPase-activating protein 30,Chapter II Neoplasms,"Malignant neoplasm of ovary, excluding all cancers (controls excluding all cancers)",19389,130,1.18 [0.80-1.75],0.4079235543092419
ARHGAP30,Rho GTPase-activating protein 30,Chapter II Neoplasms,"Malignant neoplasm of pancreas, excluding all cancers (controls excluding all cancers)",35088,160,0.77 [0.48-1.22],0.2642341228158221
ARHGAP30,Rho GTPase-activating protein 30,Chapter II Neoplasms,"Malignant neoplasm of prostate, excluding all cancers (controls excluding all cancers)",16839,1170,0.92 [0.79-1.06],0.2311959661136254
ARHGAP30,Rho GTPase-activating protein 30,Chapter II Neoplasms,"Malignant neoplasm of rectum, excluding all cancers (controls excluding all cancers)",35125,197,0.73 [0.48-1.12],0.1501084585499993
ARHGAP30,Rho GTPase-activating protein 30,Chapter II Neoplasms,"Malignant neoplasm of stomach, excluding all cancers (controls excluding all cancers)",35060,132,0.88 [0.55-1.40],0.594477113044811
ARHGAP30,Rho GTPase-activating protein 30,Chapter II Neoplasms,Malignant neoplasms of independent (primary) multiple sites,35099,171,1.09 [0.78-1.53],0.6194348739014135
ARHGAP30,Rho GTPase-activating protein 30,Chapter II Neoplasms,Melanocytic naevi,43643,351,0.68 [0.49-0.94],0.0183215161733205
ARHGAP30,Rho GTPase-activating protein 30,Chapter II Neoplasms,Melanocytic naevi of trunk,43911,154,0.61 [0.37-1.02],0.0600874335029892
ARHGAP30,Rho GTPase-activating protein 30,Chapter II Neoplasms,Melanoma in situ,34984,139,0.80 [0.50-1.28],0.344681884129124
ARHGAP30,Rho GTPase-activating protein 30,Chapter II Neoplasms,"Non-follicular lymphoma, hilmo, excluding all cancers",35085,157,1.09 [0.77-1.56],0.622698495696836
ARHGAP30,Rho GTPase-activating protein 30,Chapter II Neoplasms,"Non-Hodgkin lymphoma, all, excluding all cancers (controls excluding all cancers)",35197,269,1.21 [0.94-1.55],0.1475082950448367
ARHGAP30,Rho GTPase-activating protein 30,Chapter II Neoplasms,"Non-small cell lung cancer, excluding all cancers (controls excluding all cancers)",35329,401,0.97 [0.73-1.28],0.817256384794591
ARHGAP30,Rho GTPase-activating protein 30,Chapter II Neoplasms,"Other and unspecified types of non-Hodgkin lymphoma, hilmo, excluding all cancers",35092,164,0.94 [0.63-1.39],0.7584219101857116
ARHGAP30,Rho GTPase-activating protein 30,Chapter II Neoplasms,Other benign neoplasms of skin,43668,276,0.98 [0.73-1.32],0.8872959616882324
ARHGAP30,Rho GTPase-activating protein 30,Chapter II Neoplasms,"Other malignant neoplasms of skin (=non-melanoma skin cancer), excluding all cancers (controls excluding all cancers)",36732,1804,0.97 [0.87-1.09],0.6542112897812564
ARHGAP30,Rho GTPase-activating protein 30,Chapter II Neoplasms,"Squamous cell neoplasms and carcinomas of the skin, excluding all cancers (controls excluding all cancers)",36828,1900,0.99 [0.89-1.10],0.8545727133195277
ARHGAP30,Rho GTPase-activating protein 30,Chapter III Diseases of the blood and blood-forming organs and certain disorders involving the immune mechanism,Agranulocytosis,43461,591,1.27 [1.07-1.50],0.0062302391188403
ARHGAP30,Rho GTPase-activating protein 30,Chapter III Diseases of the blood and blood-forming organs and certain disorders involving the immune mechanism,Anaemia in chronic diseases classified elsewhere,40829,151,1.35 [0.97-1.88],0.0721874839402047
ARHGAP30,Rho GTPase-activating protein 30,Chapter III Diseases of the blood and blood-forming organs and certain disorders involving the immune mechanism,Diseases of spleen,42998,128,0.92 [0.57-1.47],0.7155449644786815
ARHGAP30,Rho GTPase-activating protein 30,Chapter III Diseases of the blood and blood-forming organs and certain disorders involving the immune mechanism,Diseases of the blood and blood-forming organs and certain disorders involving the immune mechanism,42656,4839,1.11 [1.03-1.18],0.0033229851928752
ARHGAP30,Rho GTPase-activating protein 30,Chapter III Diseases of the blood and blood-forming organs and certain disorders involving the immune mechanism,Folate deficiency anaemia,41549,79,0.78 [0.40-1.52],0.4589357388248855
ARHGAP30,Rho GTPase-activating protein 30,Chapter III Diseases of the blood and blood-forming organs and certain disorders involving the immune mechanism,Idiopathic thrombocytopenic purpura,43274,87,1.10 [0.67-1.80],0.7138471314310033
ARHGAP30,Rho GTPase-activating protein 30,Chapter III Diseases of the blood and blood-forming organs and certain disorders involving the immune mechanism,Other anaemias,43179,2501,1.06 [0.96-1.17],0.2291756513756984
ARHGAP30,Rho GTPase-activating protein 30,Chapter III Diseases of the blood and blood-forming organs and certain disorders involving the immune mechanism,Other and unspecified anaemias,43177,2499,1.06 [0.96-1.17],0.2344054687725599
ARHGAP30,Rho GTPase-activating protein 30,Chapter III Diseases of the blood and blood-forming organs and certain disorders involving the immune mechanism,Other and unspecified aplastic anaemias,40824,146,1.19 [0.82-1.71],0.3552309458162752
ARHGAP30,Rho GTPase-activating protein 30,Chapter III Diseases of the blood and blood-forming organs and certain disorders involving the immune mechanism,Other and unspecified iron deficiency,43429,1959,1.05 [0.94-1.17],0.364710260518826
ARHGAP30,Rho GTPase-activating protein 30,Chapter III Diseases of the blood and blood-forming organs and certain disorders involving the immune mechanism,Other coagulation defects,43380,193,0.82 [0.55-1.22],0.3276090257240658
ARHGAP30,Rho GTPase-activating protein 30,Chapter III Diseases of the blood and blood-forming organs and certain disorders involving the immune mechanism,Other diseases of blood and blood-forming organs,42979,109,1.35 [0.92-1.99],0.1284207691176464
ARHGAP30,Rho GTPase-activating protein 30,Chapter III Diseases of the blood and blood-forming organs and certain disorders involving the immune mechanism,Other disorders of white blood cells,42980,110,1.13 [0.74-1.75],0.5695803770660477
ARHGAP30,Rho GTPase-activating protein 30,Chapter III Diseases of the blood and blood-forming organs and certain disorders involving the immune mechanism,Purpura and other haemorrhagic conditions,43648,461,1.19 [0.97-1.46],0.0888056398969762
ARHGAP30,Rho GTPase-activating protein 30,Chapter III Diseases of the blood and blood-forming organs and certain disorders involving the immune mechanism,Sarcoidosis,43802,93,1.38 [0.93-2.05],0.1137246610521544
ARHGAP30,Rho GTPase-activating protein 30,Chapter III Diseases of the blood and blood-forming organs and certain disorders involving the immune mechanism,"Thrombocytopenia, unspecified",43569,382,1.08 [0.85-1.37],0.5293170918031298
ARHGAP30,Rho GTPase-activating protein 30,Chapter III Diseases of the blood and blood-forming organs and certain disorders involving the immune mechanism,Vitamin B12 deficiency anaemia,41645,175,0.90 [0.60-1.35],0.6123313876124863
ARHGAP30,Rho GTPase-activating protein 30,"Chapter IV Endocrine, nutritional and metabolic diseases",Acidosis,34144,506,0.93 [0.73-1.17],0.5164495825767418
ARHGAP30,Rho GTPase-activating protein 30,"Chapter IV Endocrine, nutritional and metabolic diseases",Acute alcohol intoxication,40995,193,0.90 [0.61-1.34],0.6139474496431937
ARHGAP30,Rho GTPase-activating protein 30,"Chapter IV Endocrine, nutritional and metabolic diseases",Alcohol dependence,41022,220,0.77 [0.51-1.15],0.1967044774280736
ARHGAP30,Rho GTPase-activating protein 30,"Chapter IV Endocrine, nutritional and metabolic diseases",Alkalosis,33733,95,1.20 [0.77-1.86],0.430906987643064
ARHGAP30,Rho GTPase-activating protein 30,"Chapter IV Endocrine, nutritional and metabolic diseases",Bipolar affective disorders,40858,107,1.33 [0.89-1.98],0.1604540985569657
ARHGAP30,Rho GTPase-activating protein 30,"Chapter IV Endocrine, nutritional and metabolic diseases",Deficiency of other B group vitamins,39944,387,1.01 [0.78-1.30],0.9642623485219524
ARHGAP30,Rho GTPase-activating protein 30,"Chapter IV Endocrine, nutritional and metabolic diseases","Delirium, not induced by alcohol and other psychoactive substances",43208,899,0.87 [0.73-1.05],0.1475501314983826
ARHGAP30,Rho GTPase-activating protein 30,"Chapter IV Endocrine, nutritional and metabolic diseases",Dementia in Alzheimer disease,42769,460,0.78 [0.60-1.02],0.0665485609270015
ARHGAP30,Rho GTPase-activating protein 30,"Chapter IV Endocrine, nutritional and metabolic diseases",Dementia in other diseases classified elsewhere,42483,174,0.90 [0.61-1.33],0.5910381583549288
ARHGAP30,Rho GTPase-activating protein 30,"Chapter IV Endocrine, nutritional and metabolic diseases",Depression,43392,2641,1.04 [0.94-1.14],0.4367444023044122
ARHGAP30,Rho GTPase-activating protein 30,"Chapter IV Endocrine, nutritional and metabolic diseases",Depression or dysthymia,38402,2571,1.03 [0.94-1.13],0.5445886129833664
ARHGAP30,Rho GTPase-activating protein 30,"Chapter IV Endocrine, nutritional and metabolic diseases","Disorder of lipoprotein metabolism, unspecified",33741,103,1.01 [0.62-1.63],0.9746751452850936
ARHGAP30,Rho GTPase-activating protein 30,"Chapter IV Endocrine, nutritional and metabolic diseases","Disorder of thyroid, unspecified",40636,138,1.08 [0.71-1.62],0.7255403332855366
ARHGAP30,Rho GTPase-activating protein 30,"Chapter IV Endocrine, nutritional and metabolic diseases",Disorders of calcium metabolism,34104,466,0.78 [0.59-1.02],0.0673722497799525
ARHGAP30,Rho GTPase-activating protein 30,"Chapter IV Endocrine, nutritional and metabolic diseases",Disorders of iron metabolism,33737,99,0.72 [0.40-1.31],0.2868857739931351
ARHGAP30,Rho GTPase-activating protein 30,"Chapter IV Endocrine, nutritional and metabolic diseases",Disorders of lipoprotein metabolism and other lipidaemias,39590,5952,0.98 [0.92-1.05],0.6310576668821385
ARHGAP30,Rho GTPase-activating protein 30,"Chapter IV Endocrine, nutritional and metabolic diseases",Disorders of magnesium metabolism,33975,337,0.90 [0.67-1.20],0.46235354171728
ARHGAP30,Rho GTPase-activating protein 30,"Chapter IV Endocrine, nutritional and metabolic diseases",Disorders of mineral metabolism,34571,933,0.84 [0.70-1.01],0.059392568923892
ARHGAP30,Rho GTPase-activating protein 30,"Chapter IV Endocrine, nutritional and metabolic diseases",Disorders of other endocrine glands,43841,536,1.13 [0.93-1.38],0.2107680534124329
ARHGAP30,Rho GTPase-activating protein 30,"Chapter IV Endocrine, nutritional and metabolic diseases",Disorders of parathyroid gland,43523,218,1.20 [0.89-1.61],0.2280970725575277
ARHGAP30,Rho GTPase-activating protein 30,"Chapter IV Endocrine, nutritional and metabolic diseases",Disorders of phosphorus metabolism and phosphatases,33852,214,0.90 [0.63-1.29],0.5649429240521614
ARHGAP30,Rho GTPase-activating protein 30,"Chapter IV Endocrine, nutritional and metabolic diseases","Disorders of plasma-protein metabolism, not elsewhere classified",33742,104,1.39 [0.97-2.00],0.0765427609634528
ARHGAP30,Rho GTPase-activating protein 30,"Chapter IV Endocrine, nutritional and metabolic diseases",Disorders of the thyroid gland,43070,2572,1.07 [0.97-1.17],0.1682900039681683
ARHGAP30,Rho GTPase-activating protein 30,"Chapter IV Endocrine, nutritional and metabolic diseases",Fluid overload,34065,427,1.15 [0.93-1.44],0.1985916750132423
ARHGAP30,Rho GTPase-activating protein 30,"Chapter IV Endocrine, nutritional and metabolic diseases",Hyperkalaemia,34099,461,1.04 [0.83-1.30],0.7565972153997365
ARHGAP30,Rho GTPase-activating protein 30,"Chapter IV Endocrine, nutritional and metabolic diseases","Hyperlipidaemia, other/unspecified",34699,1061,0.99 [0.85-1.15],0.9025885458071804
ARHGAP30,Rho GTPase-activating protein 30,"Chapter IV Endocrine, nutritional and metabolic diseases",Hyperosmolality and hypernatraemia,33820,182,1.15 [0.83-1.59],0.4084364375554349
ARHGAP30,Rho GTPase-activating protein 30,"Chapter IV Endocrine, nutritional and metabolic diseases",Hyperparathyroidism,43511,206,1.23 [0.91-1.66],0.1833743882826442
ARHGAP30,Rho GTPase-activating protein 30,"Chapter IV Endocrine, nutritional and metabolic diseases",Hypo-osmolality and hyponatraemia,34651,1013,1.12 [0.97-1.29],0.1299299324327787
ARHGAP30,Rho GTPase-activating protein 30,"Chapter IV Endocrine, nutritional and metabolic diseases",Hypokalaemia,34453,815,1.01 [0.85-1.20],0.9413825867806468
ARHGAP30,Rho GTPase-activating protein 30,"Chapter IV Endocrine, nutritional and metabolic diseases",Iron deficiency,39668,111,1.52 [1.09-2.12],0.0145726054576402
ARHGAP30,Rho GTPase-activating protein 30,"Chapter IV Endocrine, nutritional and metabolic diseases",Metabolic disorders,42050,8412,0.98 [0.93-1.04],0.5701233272664962
ARHGAP30,Rho GTPase-activating protein 30,"Chapter IV Endocrine, nutritional and metabolic diseases",Nontoxic multinodular goitre,40573,75,0.96 [0.52-1.75],0.8870463862862152
ARHGAP30,Rho GTPase-activating protein 30,"Chapter IV Endocrine, nutritional and metabolic diseases",Nontoxic single thyroid nodule,40596,98,0.56 [0.28-1.12],0.0990263299687763
ARHGAP30,Rho GTPase-activating protein 30,"Chapter IV Endocrine, nutritional and metabolic diseases",Obesity,43667,3257,0.93 [0.85-1.02],0.1403433488464218
ARHGAP30,Rho GTPase-activating protein 30,"Chapter IV Endocrine, nutritional and metabolic diseases","Obesity, other/unspecified",43667,3251,0.93 [0.85-1.02],0.1417750909222112
ARHGAP30,Rho GTPase-activating protein 30,"Chapter IV Endocrine, nutritional and metabolic diseases",Other and/or unspecified nontoxic goitre,40583,85,0.80 [0.59-1.08],0.1461174812144496
ARHGAP30,Rho GTPase-activating protein 30,"Chapter IV Endocrine, nutritional and metabolic diseases",Other anxiety disorders,43392,2048,1.06 [0.95-1.18],0.2821599265716589
ARHGAP30,Rho GTPase-activating protein 30,"Chapter IV Endocrine, nutritional and metabolic diseases","Other disorders of fluid, electrolyte and acid-base balance",36271,2633,1.02 [0.93-1.12],0.7006826898581362
ARHGAP30,Rho GTPase-activating protein 30,"Chapter IV Endocrine, nutritional and metabolic diseases",Other disorders of glucose regulation and pancreatic internal secretion,43956,352,0.86 [0.64-1.17],0.3382085106971376
ARHGAP30,Rho GTPase-activating protein 30,"Chapter IV Endocrine, nutritional and metabolic diseases",Other mental disorders due to brain damage and dysfunction and to physical disease,42437,128,0.64 [0.36-1.13],0.1223919004664011
ARHGAP30,Rho GTPase-activating protein 30,"Chapter IV Endocrine, nutritional and metabolic diseases",Panic disorder,41524,180,0.77 [0.49-1.20],0.2440220963538305
ARHGAP30,Rho GTPase-activating protein 30,"Chapter IV Endocrine, nutritional and metabolic diseases",Phobic anxiety disorders,41585,241,0.93 [0.66-1.30],0.6638132889310051
ARHGAP30,Rho GTPase-activating protein 30,"Chapter IV Endocrine, nutritional and metabolic diseases","Postprocedural endocrine and metabolic disorders, not elsewhere classified",33911,273,0.99 [0.73-1.33],0.9362751872219496
ARHGAP30,Rho GTPase-activating protein 30,"Chapter IV Endocrine, nutritional and metabolic diseases",Type 1 diabetes without complications,40040,265,1.31 [1.02-1.68],0.0334873845251055
ARHGAP30,Rho GTPase-activating protein 30,"Chapter IV Endocrine, nutritional and metabolic diseases",Type 2 diabetes with neurological complications,3618,140,1.11 [0.73-1.67],0.6356137429699034
ARHGAP30,Rho GTPase-activating protein 30,"Chapter IV Endocrine, nutritional and metabolic diseases",Type 2 diabetes with ophthalmic complications,3845,412,1.12 [0.89-1.42],0.3394905846338047
ARHGAP30,Rho GTPase-activating protein 30,"Chapter IV Endocrine, nutritional and metabolic diseases",Type 2 diabetes with peripheral circulatory complications,39882,107,1.10 [0.70-1.73],0.6711662462665229
ARHGAP30,Rho GTPase-activating protein 30,"Chapter IV Endocrine, nutritional and metabolic diseases",Type 2 diabetes with renal complications,3559,82,1.09 [0.63-1.89],0.7614718224617353
ARHGAP30,Rho GTPase-activating protein 30,"Chapter IV Endocrine, nutritional and metabolic diseases",Type 2 diabetes without complications,42925,3150,0.96 [0.88-1.06],0.4287354539350293
ARHGAP30,Rho GTPase-activating protein 30,"Chapter IV Endocrine, nutritional and metabolic diseases",Unspecified dementia,42874,565,0.90 [0.72-1.12],0.3394289620724858
ARHGAP30,Rho GTPase-activating protein 30,"Chapter IV Endocrine, nutritional and metabolic diseases",Vitamin D deficiency,40171,614,1.13 [0.94-1.37],0.198865245285716
ARHGAP30,Rho GTPase-activating protein 30,"Chapter IV Endocrine, nutritional and metabolic diseases",Volume depletion,34885,1247,1.04 [0.91-1.20],0.5329743737906816
ARHGAP30,Rho GTPase-activating protein 30,Chapter IX Diseases of the circulatory system,"!Phlebitis/thrombophlebitis venae iliacae [externae/internae/communis], drug-induced",43780,410,1.07 [0.85-1.35],0.5508122349504301
ARHGAP30,Rho GTPase-activating protein 30,Chapter IX Diseases of the circulatory system,Abdominal aortic aneurysm (AAA),42069,270,0.85 [0.59-1.20],0.3524322231447975
ARHGAP30,Rho GTPase-activating protein 30,Chapter IX Diseases of the circulatory system,Angina pectoris,40232,2000,0.94 [0.83-1.05],0.2639998234576491
ARHGAP30,Rho GTPase-activating protein 30,Chapter IX Diseases of the circulatory system,Aortic aneurysm,42203,404,0.88 [0.67-1.16],0.3660181334574407
ARHGAP30,Rho GTPase-activating protein 30,Chapter IX Diseases of the circulatory system,Arterial embolism and thrombosis of lower extremity artery,41897,98,1.82 [1.34-2.49],0.0001455607033694
ARHGAP30,Rho GTPase-activating protein 30,Chapter IX Diseases of the circulatory system,"Atherosclerosis, excluding cerebral and coronary sclerosis",42129,330,1.33 [1.06-1.67],0.0137539852539502
ARHGAP30,Rho GTPase-activating protein 30,Chapter IX Diseases of the circulatory system,Atrial fibrillation and flutter,27263,3173,1.02 [0.94-1.11],0.640268193119603
ARHGAP30,Rho GTPase-activating protein 30,Chapter IX Diseases of the circulatory system,AV-block,37147,714,1.05 [0.88-1.25],0.6168021052831489
ARHGAP30,Rho GTPase-activating protein 30,Chapter IX Diseases of the circulatory system,"Bradycardia, unspecified, drug-induced",43873,697,0.97 [0.80-1.17],0.7615548375693173
ARHGAP30,Rho GTPase-activating protein 30,Chapter IX Diseases of the circulatory system,Cardiac arrest,24408,318,1.08 [0.83-1.41],0.5562928407671024
ARHGAP30,Rho GTPase-activating protein 30,Chapter IX Diseases of the circulatory system,Cardiomyopathy,36723,290,0.79 [0.56-1.11],0.1676712966509531
ARHGAP30,Rho GTPase-activating protein 30,Chapter IX Diseases of the circulatory system,"Cardiomyopathy, other and unspecified",36595,162,0.73 [0.46-1.18],0.2021600022984865
ARHGAP30,Rho GTPase-activating protein 30,Chapter IX Diseases of the circulatory system,Cerebral atherosclerosis,43971,76,1.03 [0.59-1.82],0.914552174839216
ARHGAP30,Rho GTPase-activating protein 30,Chapter IX Diseases of the circulatory system,Conduction disorders,38185,1752,1.07 [0.96-1.20],0.2344594807285086
ARHGAP30,Rho GTPase-activating protein 30,Chapter IX Diseases of the circulatory system,Coronary atherosclerosis,41694,3494,0.95 [0.87-1.04],0.2405998440414152
ARHGAP30,Rho GTPase-activating protein 30,Chapter IX Diseases of the circulatory system,Death due to cardiac causes,38498,12927,0.97 [0.93-1.01],0.1448065842467741
ARHGAP30,Rho GTPase-activating protein 30,Chapter IX Diseases of the circulatory system,DVT of lower extremities,41645,443,1.05 [0.84-1.32],0.6546758510467658
ARHGAP30,Rho GTPase-activating protein 30,Chapter IX Diseases of the circulatory system,Endocarditis,36552,119,0.90 [0.56-1.47],0.6853093234667407
ARHGAP30,Rho GTPase-activating protein 30,Chapter IX Diseases of the circulatory system,"Heart failure, strict",43622,1828,1.07 [0.96-1.20],0.237405600682111
ARHGAP30,Rho GTPase-activating protein 30,Chapter IX Diseases of the circulatory system,Hypertension,40049,11060,0.97 [0.93-1.02],0.2859104572988077
ARHGAP30,Rho GTPase-activating protein 30,Chapter IX Diseases of the circulatory system,"Hypertension, essential",40062,11073,0.97 [0.93-1.02],0.2686826713891238
ARHGAP30,Rho GTPase-activating protein 30,Chapter IX Diseases of the circulatory system,"Hypertension, portal",43675,132,1.50 [1.09-2.05],0.012541806952143
ARHGAP30,Rho GTPase-activating protein 30,Chapter IX Diseases of the circulatory system,"Hypertension, Pulmonary Arterial",29310,321,1.15 [0.90-1.48],0.2696642226313954
ARHGAP30,Rho GTPase-activating protein 30,Chapter IX Diseases of the circulatory system,Hypertensive Renal Disease,29157,168,1.05 [0.72-1.52],0.8038576871280871
ARHGAP30,Rho GTPase-activating protein 30,Chapter IX Diseases of the circulatory system,Hypotension,43735,1920,1.04 [0.93-1.17],0.4543887037086276
ARHGAP30,Rho GTPase-activating protein 30,Chapter IX Diseases of the circulatory system,Intracerebral haemorrhage,42428,182,0.70 [0.44-1.11],0.1260449776687348
ARHGAP30,Rho GTPase-activating protein 30,Chapter IX Diseases of the circulatory system,"Ischaemic heart disease, wide definition",41998,3766,0.92 [0.84-1.00],0.0479747733650402
ARHGAP30,Rho GTPase-activating protein 30,Chapter IX Diseases of the circulatory system,"Ischaemic Stroke, excluding all haemorrhages",43361,955,0.93 [0.78-1.10],0.3799693613475238
ARHGAP30,Rho GTPase-activating protein 30,Chapter IX Diseases of the circulatory system,Left bundle-branch block,37042,609,1.12 [0.93-1.35],0.2182995658014741
ARHGAP30,Rho GTPase-activating protein 30,Chapter IX Diseases of the circulatory system,Major coronary heart disease event,43197,1415,0.97 [0.85-1.11],0.654245501022118
ARHGAP30,Rho GTPase-activating protein 30,Chapter IX Diseases of the circulatory system,"Myocardial infarction, strict",39424,1192,1.00 [0.87-1.16],0.9662450783413444
ARHGAP30,Rho GTPase-activating protein 30,Chapter IX Diseases of the circulatory system,"Myocardial infarction, with ST-elevation",43815,265,1.08 [0.81-1.44],0.6174439189563229
ARHGAP30,Rho GTPase-activating protein 30,Chapter IX Diseases of the circulatory system,"Myocardial infarction, without ST-elevation",43923,518,0.99 [0.80-1.24],0.941499339096179
ARHGAP30,Rho GTPase-activating protein 30,Chapter IX Diseases of the circulatory system,Oesophageal varices,41288,86,1.30 [0.83-2.02],0.2491203800400039
ARHGAP30,Rho GTPase-activating protein 30,Chapter IX Diseases of the circulatory system,Other aneurysm,41927,128,0.62 [0.35-1.11],0.1093284213363604
ARHGAP30,Rho GTPase-activating protein 30,Chapter IX Diseases of the circulatory system,Other arrhythmias,37157,724,1.04 [0.87-1.24],0.6981692239233034
ARHGAP30,Rho GTPase-activating protein 30,Chapter IX Diseases of the circulatory system,Other arterial embolism and thrombosis,41970,171,1.54 [1.17-2.04],0.0024411177571966
ARHGAP30,Rho GTPase-activating protein 30,Chapter IX Diseases of the circulatory system,Other diseases of arteries and capillaries,42197,398,1.28 [1.04-1.58],0.0201821292102788
ARHGAP30,Rho GTPase-activating protein 30,Chapter IX Diseases of the circulatory system,Other diseases of pericardium,36735,302,1.07 [0.82-1.41],0.6211819853141758
ARHGAP30,Rho GTPase-activating protein 30,Chapter IX Diseases of the circulatory system,Other disorders of veins,41351,149,0.74 [0.45-1.22],0.2325317605752864
ARHGAP30,Rho GTPase-activating protein 30,Chapter IX Diseases of the circulatory system,Other embolism and thrombosis,41282,80,0.81 [0.42-1.53],0.5128963343910946
ARHGAP30,Rho GTPase-activating protein 30,Chapter IX Diseases of the circulatory system,Other intracranial haemorrhages,41578,103,0.80 [0.46-1.39],0.426849627819169
ARHGAP30,Rho GTPase-activating protein 30,Chapter IX Diseases of the circulatory system,Other noninfective disorders of lymphatic vessels and lymph nodes,41421,219,0.85 [0.58-1.25],0.4162017382236765
ARHGAP30,Rho GTPase-activating protein 30,Chapter IX Diseases of the circulatory system,Other or ill-defined heart diseases,38145,1712,1.05 [0.93-1.18],0.4606421879814062
ARHGAP30,Rho GTPase-activating protein 30,Chapter IX Diseases of the circulatory system,Other other unspecified disorders of the circulatory system,41906,91,0.95 [0.55-1.64],0.8563192206747678
ARHGAP30,Rho GTPase-activating protein 30,Chapter IX Diseases of the circulatory system,Other peripheral vascular diseases,42713,914,1.22 [1.05-1.40],0.0081700663331541
ARHGAP30,Rho GTPase-activating protein 30,Chapter IX Diseases of the circulatory system,Other pulmonary heart/vessel disease,42927,604,1.16 [0.96-1.39],0.1243338229798225
ARHGAP30,Rho GTPase-activating protein 30,Chapter IX Diseases of the circulatory system,"Other specified cerebrovascular diseases, other cerebrovascular disorders in diseases classified elsewhere",42491,1016,0.93 [0.79-1.10],0.4124976931910473
ARHGAP30,Rho GTPase-activating protein 30,Chapter IX Diseases of the circulatory system,Paroxysmal tachycardia,24648,558,1.15 [0.95-1.39],0.1456865995343431
ARHGAP30,Rho GTPase-activating protein 30,Chapter IX Diseases of the circulatory system,Peripheral artery disease,42420,675,1.12 [0.93-1.35],0.2207149113278526
ARHGAP30,Rho GTPase-activating protein 30,Chapter IX Diseases of the circulatory system,Phlebitis and thrombophlebitis (not including DVT),41776,574,0.94 [0.76-1.17],0.5731771267941927
ARHGAP30,Rho GTPase-activating protein 30,Chapter IX Diseases of the circulatory system,Pulmonary embolism,43122,799,0.89 [0.74-1.08],0.2367084097580376
ARHGAP30,Rho GTPase-activating protein 30,Chapter IX Diseases of the circulatory system,Rheumatic valve diseases,43848,1090,1.09 [0.94-1.25],0.2524870289150309
ARHGAP30,Rho GTPase-activating protein 30,Chapter IX Diseases of the circulatory system,Right bundle-branch block,37010,577,1.13 [0.94-1.37],0.1863831154365887
ARHGAP30,Rho GTPase-activating protein 30,Chapter IX Diseases of the circulatory system,Secondary right heart disease,42919,596,1.17 [0.97-1.41],0.0919461496418435
ARHGAP30,Rho GTPase-activating protein 30,Chapter IX Diseases of the circulatory system,Sequelae of cerebrovascular disease,41794,319,1.16 [0.91-1.49],0.2373124218463138
ARHGAP30,Rho GTPase-activating protein 30,Chapter IX Diseases of the circulatory system,"Stroke, excluding SAH",43338,1092,0.90 [0.76-1.06],0.1992763102292711
ARHGAP30,Rho GTPase-activating protein 30,Chapter IX Diseases of the circulatory system,"Stroke, including SAH",43302,1156,0.89 [0.76-1.04],0.1561529881386839
ARHGAP30,Rho GTPase-activating protein 30,Chapter IX Diseases of the circulatory system,Subarachnoid haemorrhage,42380,100,0.77 [0.43-1.41],0.4014668722582871
ARHGAP30,Rho GTPase-activating protein 30,Chapter IX Diseases of the circulatory system,Thoracic aortic aneurysm,41931,133,1.05 [0.70-1.57],0.8253033336237865
ARHGAP30,Rho GTPase-activating protein 30,Chapter IX Diseases of the circulatory system,Transient ischemic attack,42784,378,1.03 [0.80-1.32],0.817371213662126
ARHGAP30,Rho GTPase-activating protein 30,Chapter IX Diseases of the circulatory system,Unstable angina pectoris,42217,435,0.94 [0.73-1.21],0.6190475141032704
ARHGAP30,Rho GTPase-activating protein 30,Chapter IX Diseases of the circulatory system,Varicose veins,41904,702,0.94 [0.77-1.14],0.5095284734949073
ARHGAP30,Rho GTPase-activating protein 30,Chapter IX Diseases of the circulatory system,Vascular diseases of the intestine,41825,145,0.46 [0.25-0.87],0.0161405638379081
ARHGAP30,Rho GTPase-activating protein 30,Chapter IX Diseases of the circulatory system,Venous thromboembolism,43587,1249,0.89 [0.76-1.03],0.1193341432641501
ARHGAP30,Rho GTPase-activating protein 30,Chapter V Mental and behavioural disorders,"Alcohol use disorder, ICD-based",43764,619,0.94 [0.76-1.16],0.5660529865670614
ARHGAP30,Rho GTPase-activating protein 30,Chapter V Mental and behavioural disorders,"Anxiety disorders, excluding more controls",38522,2415,1.04 [0.95-1.15],0.3891246026313593
ARHGAP30,Rho GTPase-activating protein 30,Chapter V Mental and behavioural disorders,Any mental disorder,42873,6766,1.00 [0.94-1.06],0.9725070711815996
ARHGAP30,Rho GTPase-activating protein 30,Chapter V Mental and behavioural disorders,"Mental and behavioural disorders due to alcohol, excluding acute intoxication",43686,722,0.91 [0.74-1.11],0.347502401229956
ARHGAP30,Rho GTPase-activating protein 30,Chapter V Mental and behavioural disorders,"Mood disorders, excluding more controls",38798,2691,1.04 [0.95-1.15],0.3591860819679058
ARHGAP30,Rho GTPase-activating protein 30,Chapter V Mental and behavioural disorders,"Schizophrenia or delusion, excluding more controls",36245,138,1.11 [0.74-1.65],0.6139865770416087
ARHGAP30,Rho GTPase-activating protein 30,Chapter V Mental and behavioural disorders,Smoking dependency,43058,2331,0.94 [0.84-1.05],0.272681031472025
ARHGAP30,Rho GTPase-activating protein 30,Chapter V Mental and behavioural disorders,"Substance abuse, excluding more controls",38882,2775,0.92 [0.83-1.03],0.1468881026595527
ARHGAP30,Rho GTPase-activating protein 30,Chapter V Mental and behavioural disorders,Vascular dementia,43165,213,0.62 [0.40-0.97],0.0376139022770922
ARHGAP30,Rho GTPase-activating protein 30,Chapter VI Diseases of the nervous system,Alzheimer disease,43973,571,0.82 [0.64-1.03],0.0889010994538395
ARHGAP30,Rho GTPase-activating protein 30,Chapter VI Diseases of the nervous system,"AlzheimerÕs disease (Atypical or mixed), excluding more controls",29800,101,0.60 [0.31-1.18],0.1413697690270446
ARHGAP30,Rho GTPase-activating protein 30,Chapter VI Diseases of the nervous system,Bell's palsy,40962,138,1.27 [0.90-1.80],0.1710774881327574
ARHGAP30,Rho GTPase-activating protein 30,Chapter VI Diseases of the nervous system,Carpal tunnel syndrome,41666,842,0.90 [0.75-1.08],0.2452450286008656
ARHGAP30,Rho GTPase-activating protein 30,Chapter VI Diseases of the nervous system,Cerebral cysts,43285,379,1.42 [1.17-1.73],0.0003294096035904
ARHGAP30,Rho GTPase-activating protein 30,Chapter VI Diseases of the nervous system,Cerebral palsy and other paralytic syndromes,43836,524,0.89 [0.71-1.13],0.354179353576618
ARHGAP30,Rho GTPase-activating protein 30,Chapter VI Diseases of the nervous system,Circumscribed brain atrophy,43140,92,1.25 [0.82-1.92],0.3019762117624535
ARHGAP30,Rho GTPase-activating protein 30,Chapter VI Diseases of the nervous system,Diseases of the myoneural junction and muscle,43947,112,1.42 [1.00-2.02],0.0499658408646541
ARHGAP30,Rho GTPase-activating protein 30,Chapter VI Diseases of the nervous system,"Disorders of brain, other and unspecified",43022,116,1.32 [0.91-1.91],0.1393468176292787
ARHGAP30,Rho GTPase-activating protein 30,Chapter VI Diseases of the nervous system,Epilepsy,41373,483,0.98 [0.78-1.23],0.840151140584721
ARHGAP30,Rho GTPase-activating protein 30,Chapter VI Diseases of the nervous system,Episodal and paroxysmal disorders,43165,2275,0.96 [0.86-1.07],0.4444111354372324
ARHGAP30,Rho GTPase-activating protein 30,Chapter VI Diseases of the nervous system,Extrapyramidal and movement disorders,43899,704,1.09 [0.92-1.30],0.3156699034604259
ARHGAP30,Rho GTPase-activating protein 30,Chapter VI Diseases of the nervous system,Falls/tendency to fall,42967,4289,1.03 [0.95-1.11],0.4936916522010294
ARHGAP30,Rho GTPase-activating protein 30,Chapter VI Diseases of the nervous system,Generalized epilepsy,43333,91,1.44 [0.99-2.12],0.0597422335764354
ARHGAP30,Rho GTPase-activating protein 30,Chapter VI Diseases of the nervous system,Hemiplegia,43724,412,0.88 [0.67-1.16],0.361984939008852
ARHGAP30,Rho GTPase-activating protein 30,Chapter VI Diseases of the nervous system,Hydrocephalus,43010,104,1.09 [0.69-1.73],0.7132043431404735
ARHGAP30,Rho GTPase-activating protein 30,Chapter VI Diseases of the nervous system,Inflammatory diseases of the central nervous system,43942,118,0.69 [0.39-1.22],0.2061053601883457
ARHGAP30,Rho GTPase-activating protein 30,Chapter VI Diseases of the nervous system,Lesion of plantar nerve,40957,133,0.94 [0.60-1.47],0.7840147953798298
ARHGAP30,Rho GTPase-activating protein 30,Chapter VI Diseases of the nervous system,Lesion of ulnar nerve,40957,133,0.96 [0.62-1.49],0.8568438307530863
ARHGAP30,Rho GTPase-activating protein 30,Chapter VI Diseases of the nervous system,Memory loss,42920,197,1.22 [0.91-1.65],0.1824963289546587
ARHGAP30,Rho GTPase-activating protein 30,Chapter VI Diseases of the nervous system,Migraine,41491,601,0.99 [0.81-1.21],0.8951067244466373
ARHGAP30,Rho GTPase-activating protein 30,Chapter VI Diseases of the nervous system,"Migraine, unspecified, drug-induced",43857,545,0.99 [0.80-1.22],0.9208376657258308
ARHGAP30,Rho GTPase-activating protein 30,Chapter VI Diseases of the nervous system,Motor neuron disease,29992,255,0.94 [0.69-1.29],0.719573455625575
ARHGAP30,Rho GTPase-activating protein 30,Chapter VI Diseases of the nervous system,MS-disease / Multiple Sclerosis,43676,184,1.05 [0.74-1.49],0.7920237505666963
ARHGAP30,Rho GTPase-activating protein 30,Chapter VI Diseases of the nervous system,"Nerve, nerve root and plexus disorders",42843,2019,0.98 [0.87-1.09],0.6908624025590842
ARHGAP30,Rho GTPase-activating protein 30,Chapter VI Diseases of the nervous system,Neurological diseases,41450,6181,1.01 [0.95-1.08],0.673176704528842
ARHGAP30,Rho GTPase-activating protein 30,Chapter VI Diseases of the nervous system,Other and unspecified degenerative diseases of nervous system,43360,312,0.88 [0.65-1.20],0.4134824161570053
ARHGAP30,Rho GTPase-activating protein 30,Chapter VI Diseases of the nervous system,"Other and unspecified nerve root and plexus disorders, also in other diseases",41501,677,1.01 [0.84-1.22],0.9173405233566186
ARHGAP30,Rho GTPase-activating protein 30,Chapter VI Diseases of the nervous system,"Other and unspecified polyneuropathies, also in other diseases",43843,487,1.04 [0.84-1.30],0.7123357379485387
ARHGAP30,Rho GTPase-activating protein 30,Chapter VI Diseases of the nervous system,Other degenerative diseases of the nervous system,35180,1090,0.88 [0.75-1.04],0.1316419797259143
ARHGAP30,Rho GTPase-activating protein 30,Chapter VI Diseases of the nervous system,Other diseases of spinal cord,43027,121,0.95 [0.60-1.52],0.8324731383611974
ARHGAP30,Rho GTPase-activating protein 30,Chapter VI Diseases of the nervous system,Other disorders of nervous system,43142,236,1.00 [0.72-1.38],0.9906916283513076
ARHGAP30,Rho GTPase-activating protein 30,Chapter VI Diseases of the nervous system,Other extrapyramidal and movement disorders in other diseases,43447,252,1.06 [0.79-1.43],0.6976539262733021
ARHGAP30,Rho GTPase-activating protein 30,Chapter VI Diseases of the nervous system,Other facial nerve disorders,40987,163,1.26 [0.91-1.74],0.1591715539989626
ARHGAP30,Rho GTPase-activating protein 30,Chapter VI Diseases of the nervous system,Other headache syndromes,40990,100,1.11 [0.70-1.76],0.6683986506808408
ARHGAP30,Rho GTPase-activating protein 30,Chapter VI Diseases of the nervous system,Other neurological diseases,43773,867,1.22 [1.06-1.41],0.006972776577254
ARHGAP30,Rho GTPase-activating protein 30,Chapter VI Diseases of the nervous system,Other sleep disorders,41818,928,0.83 [0.69-1.00],0.0482039406978657
ARHGAP30,Rho GTPase-activating protein 30,Chapter VI Diseases of the nervous system,Parkinson's disease,43931,414,1.11 [0.89-1.37],0.3651085509892766
ARHGAP30,Rho GTPase-activating protein 30,Chapter VI Diseases of the nervous system,Postviral fatigue syndrome,43002,96,1.46 [1.01-2.12],0.0451948205271423
ARHGAP30,Rho GTPase-activating protein 30,Chapter VI Diseases of the nervous system,Restless leg syndrome,43971,114,1.34 [0.92-1.96],0.1234375214459283
ARHGAP30,Rho GTPase-activating protein 30,Chapter VI Diseases of the nervous system,Sleep apnoea,43576,809,0.83 [0.68-1.01],0.0629860696102907
ARHGAP30,Rho GTPase-activating protein 30,Chapter VI Diseases of the nervous system,Small fibre neuropathy,43438,82,1.28 [0.83-1.99],0.2654147114383567
ARHGAP30,Rho GTPase-activating protein 30,Chapter VI Diseases of the nervous system,Systemic atrophies primarily affecting the central nervous system,43946,299,0.86 [0.63-1.17],0.3319652781716371
ARHGAP30,Rho GTPase-activating protein 30,Chapter VI Diseases of the nervous system,Trigeminal neuralgia,40911,87,0.82 [0.45-1.50],0.5276862149060529
ARHGAP30,Rho GTPase-activating protein 30,Chapter VI Diseases of the nervous system,Unspecific neurodegenerative disorder,43973,577,0.82 [0.65-1.04],0.096745171329706
ARHGAP30,Rho GTPase-activating protein 30,Chapter VI Diseases of the nervous system,Vascular dementia (undefined),43099,206,0.65 [0.41-1.01],0.0578931979931684
ARHGAP30,Rho GTPase-activating protein 30,"Chapter VII Diseases of the eye, adnexa, ear and mastoid process",Amblyopia ex anopsia,43012,162,0.90 [0.59-1.36],0.616646791636607
ARHGAP30,Rho GTPase-activating protein 30,"Chapter VII Diseases of the eye, adnexa, ear and mastoid process",Astigmatism,43285,674,1.01 [0.83-1.22],0.9532944139307808
ARHGAP30,Rho GTPase-activating protein 30,"Chapter VII Diseases of the eye, adnexa, ear and mastoid process",Background diabetic retinopathy,43694,384,1.03 [0.80-1.33],0.8259745672294513
ARHGAP30,Rho GTPase-activating protein 30,"Chapter VII Diseases of the eye, adnexa, ear and mastoid process",Blepharochalasis,42265,89,0.90 [0.51-1.57],0.7061262231695462
ARHGAP30,Rho GTPase-activating protein 30,"Chapter VII Diseases of the eye, adnexa, ear and mastoid process",Chalazion,42279,103,0.93 [0.57-1.54],0.7914417960211816
ARHGAP30,Rho GTPase-activating protein 30,"Chapter VII Diseases of the eye, adnexa, ear and mastoid process","Conjunctivitis (acute, non atopic)",43790,92,0.80 [0.43-1.46],0.4664822459665476
ARHGAP30,Rho GTPase-activating protein 30,"Chapter VII Diseases of the eye, adnexa, ear and mastoid process",Corneal degeneration,43536,250,0.95 [0.68-1.32],0.755710572811412
ARHGAP30,Rho GTPase-activating protein 30,"Chapter VII Diseases of the eye, adnexa, ear and mastoid process","Diabetic nephropathy, excluding more controls",3566,88,1.12 [0.67-1.88],0.6574751313894656
ARHGAP30,Rho GTPase-activating protein 30,"Chapter VII Diseases of the eye, adnexa, ear and mastoid process",Diabetic neuropathy,4304,163,1.08 [0.74-1.58],0.7020235308858496
ARHGAP30,Rho GTPase-activating protein 30,"Chapter VII Diseases of the eye, adnexa, ear and mastoid process",Diplopia,43014,164,1.09 [0.76-1.56],0.6471076233063559
ARHGAP30,Rho GTPase-activating protein 30,"Chapter VII Diseases of the eye, adnexa, ear and mastoid process",Disorders of choroid and retina,43629,1750,1.05 [0.94-1.18],0.3760190584665045
ARHGAP30,Rho GTPase-activating protein 30,"Chapter VII Diseases of the eye, adnexa, ear and mastoid process","Disorders of eyelid, lacrimal system and orbit",43342,1166,0.95 [0.81-1.10],0.4717638525942688
ARHGAP30,Rho GTPase-activating protein 30,"Chapter VII Diseases of the eye, adnexa, ear and mastoid process",Disorders of lacrimal system,42547,371,1.06 [0.83-1.35],0.6572594406219541
ARHGAP30,Rho GTPase-activating protein 30,"Chapter VII Diseases of the eye, adnexa, ear and mastoid process","Disorders of ocular muscles, binocular movement, accommodation and refraction",43834,1223,1.01 [0.87-1.16],0.935915042950586
ARHGAP30,Rho GTPase-activating protein 30,"Chapter VII Diseases of the eye, adnexa, ear and mastoid process",Disorders of optic nerve and visual pathways,43959,115,1.29 [0.88-1.88],0.1911280012349067
ARHGAP30,Rho GTPase-activating protein 30,"Chapter VII Diseases of the eye, adnexa, ear and mastoid process",Disorders of refraction and accommodation,43712,1101,1.03 [0.89-1.19],0.6671995332168552
ARHGAP30,Rho GTPase-activating protein 30,"Chapter VII Diseases of the eye, adnexa, ear and mastoid process","Disorders of sclera, cornea, iris and ciliary body",43902,616,0.95 [0.77-1.17],0.6266776024902629
ARHGAP30,Rho GTPase-activating protein 30,"Chapter VII Diseases of the eye, adnexa, ear and mastoid process",Disorders of vitreous body,43811,309,0.80 [0.58-1.11],0.1811713611880988
ARHGAP30,Rho GTPase-activating protein 30,"Chapter VII Diseases of the eye, adnexa, ear and mastoid process",Ectropion of eyelid,42279,103,0.85 [0.49-1.47],0.5552999978453186
ARHGAP30,Rho GTPase-activating protein 30,"Chapter VII Diseases of the eye, adnexa, ear and mastoid process",Entropion and trichiasis of eyelid,42292,116,1.04 [0.66-1.64],0.8638685070633867
ARHGAP30,Rho GTPase-activating protein 30,"Chapter VII Diseases of the eye, adnexa, ear and mastoid process",Epiphora,42267,91,0.78 [0.43-1.43],0.4274520685015087
ARHGAP30,Rho GTPase-activating protein 30,"Chapter VII Diseases of the eye, adnexa, ear and mastoid process",Glaucoma,43816,1189,1.09 [0.96-1.25],0.1876314124261587
ARHGAP30,Rho GTPase-activating protein 30,"Chapter VII Diseases of the eye, adnexa, ear and mastoid process",Glaucoma suspect,42938,311,1.06 [0.82-1.38],0.6552010482377711
ARHGAP30,Rho GTPase-activating protein 30,"Chapter VII Diseases of the eye, adnexa, ear and mastoid process",Hypermetropia,42692,81,0.52 [0.24-1.14],0.1048029767880586
ARHGAP30,Rho GTPase-activating protein 30,"Chapter VII Diseases of the eye, adnexa, ear and mastoid process",Iridocyclitis,43456,170,0.77 [0.49-1.20],0.2484895697692684
ARHGAP30,Rho GTPase-activating protein 30,"Chapter VII Diseases of the eye, adnexa, ear and mastoid process",Keratitis,43746,460,1.03 [0.82-1.29],0.8124154616490501
ARHGAP30,Rho GTPase-activating protein 30,"Chapter VII Diseases of the eye, adnexa, ear and mastoid process",Myopia,42935,324,1.11 [0.86-1.42],0.4312446775471035
ARHGAP30,Rho GTPase-activating protein 30,"Chapter VII Diseases of the eye, adnexa, ear and mastoid process",Other and unspecified disorders of vitreous body,43688,186,0.75 [0.49-1.16],0.1961038506318734
ARHGAP30,Rho GTPase-activating protein 30,"Chapter VII Diseases of the eye, adnexa, ear and mastoid process",Other and unspecified glaucoma,43401,774,1.15 [0.98-1.35],0.0920106155603064
ARHGAP30,Rho GTPase-activating protein 30,"Chapter VII Diseases of the eye, adnexa, ear and mastoid process",Other and unspecified visual disturbances,43082,232,1.17 [0.88-1.57],0.2827886877974238
ARHGAP30,Rho GTPase-activating protein 30,"Chapter VII Diseases of the eye, adnexa, ear and mastoid process",Other cataract,41271,3711,1.00 [0.92-1.08],0.9827677976105348
ARHGAP30,Rho GTPase-activating protein 30,"Chapter VII Diseases of the eye, adnexa, ear and mastoid process",Other disorders of cornea,43690,404,1.07 [0.85-1.36],0.5482802929300803
ARHGAP30,Rho GTPase-activating protein 30,"Chapter VII Diseases of the eye, adnexa, ear and mastoid process",Other disorders of eye and adnexa,43936,260,1.19 [0.91-1.56],0.2050611049434953
ARHGAP30,Rho GTPase-activating protein 30,"Chapter VII Diseases of the eye, adnexa, ear and mastoid process",Other disorders of eyelid,42868,692,0.94 [0.77-1.15],0.5443168245149889
ARHGAP30,Rho GTPase-activating protein 30,"Chapter VII Diseases of the eye, adnexa, ear and mastoid process",Other disorders of iris and ciliary body,43401,115,0.82 [0.48-1.38],0.4476535982233798
ARHGAP30,Rho GTPase-activating protein 30,"Chapter VII Diseases of the eye, adnexa, ear and mastoid process",Other disorders of optic [2nd] nerve and visual pathways,43937,93,0.97 [0.57-1.63],0.8985196280431872
ARHGAP30,Rho GTPase-activating protein 30,"Chapter VII Diseases of the eye, adnexa, ear and mastoid process",Other inflammation of eyelid,42320,144,1.20 [0.84-1.72],0.3081004993828617
ARHGAP30,Rho GTPase-activating protein 30,"Chapter VII Diseases of the eye, adnexa, ear and mastoid process",Other specified and unspecified  disorders of eyelid,42431,255,0.97 [0.71-1.33],0.8601989494196574
ARHGAP30,Rho GTPase-activating protein 30,"Chapter VII Diseases of the eye, adnexa, ear and mastoid process",Other specified and unspecified retinal disorders,42076,197,1.17 [0.86-1.60],0.3178628436203724
ARHGAP30,Rho GTPase-activating protein 30,"Chapter VII Diseases of the eye, adnexa, ear and mastoid process",Other strabismus,42708,97,0.79 [0.44-1.40],0.4153149793346895
ARHGAP30,Rho GTPase-activating protein 30,"Chapter VII Diseases of the eye, adnexa, ear and mastoid process","Other, unspecified and serous retinal detachments",41991,112,0.94 [0.58-1.50],0.783663215538483
ARHGAP30,Rho GTPase-activating protein 30,"Chapter VII Diseases of the eye, adnexa, ear and mastoid process",Primary angle-closure glaucoma,42773,146,0.94 [0.61-1.44],0.7702745330232582
ARHGAP30,Rho GTPase-activating protein 30,"Chapter VII Diseases of the eye, adnexa, ear and mastoid process","Primary open-angle glaucoma, strict",42951,324,0.98 [0.75-1.29],0.8926838518926485
ARHGAP30,Rho GTPase-activating protein 30,"Chapter VII Diseases of the eye, adnexa, ear and mastoid process",Ptosis of eyelid,42380,204,1.02 [0.72-1.43],0.9284673440479116
ARHGAP30,Rho GTPase-activating protein 30,"Chapter VII Diseases of the eye, adnexa, ear and mastoid process",Retinal detachment with retinal break,42067,188,1.20 [0.89-1.62],0.2274025750152278
ARHGAP30,Rho GTPase-activating protein 30,"Chapter VII Diseases of the eye, adnexa, ear and mastoid process",Retinal vascular occlusion,42013,134,1.00 [0.65-1.52],0.983762897840112
ARHGAP30,Rho GTPase-activating protein 30,"Chapter VII Diseases of the eye, adnexa, ear and mastoid process",Senile cataract,40592,3032,1.00 [0.91-1.09],0.9273680611418852
ARHGAP30,Rho GTPase-activating protein 30,"Chapter VII Diseases of the eye, adnexa, ear and mastoid process",Stenosis and insufficiency of lacrimal passages,42297,121,1.00 [0.64-1.56],0.9867093173309904
ARHGAP30,Rho GTPase-activating protein 30,"Chapter VII Diseases of the eye, adnexa, ear and mastoid process",Visual disturbances,43542,692,0.98 [0.81-1.19],0.8606602279421024
ARHGAP30,Rho GTPase-activating protein 30,"Chapter VII Diseases of the eye, adnexa, ear and mastoid process",Visual field defects,42949,99,0.64 [0.33-1.23],0.1791482256755736
ARHGAP30,Rho GTPase-activating protein 30,"Chapter VII Diseases of the eye, adnexa, ear and mastoid process",Visual impairment including blindness (binocular or monocular),43124,274,1.13 [0.86-1.48],0.394095893135015
ARHGAP30,Rho GTPase-activating protein 30,Chapter VIII Diseases of the ear and mastoid process,Benign paroxysmal vertigo,43593,153,1.08 [0.74-1.58],0.6928608171733286
ARHGAP30,Rho GTPase-activating protein 30,Chapter VIII Diseases of the ear and mastoid process,Diseases of external ear,43900,197,1.15 [0.84-1.58],0.3811733492305874
ARHGAP30,Rho GTPase-activating protein 30,Chapter VIII Diseases of the ear and mastoid process,Diseases of middle ear and mastoid,43753,219,1.01 [0.72-1.41],0.9456075591253048
ARHGAP30,Rho GTPase-activating protein 30,Chapter VIII Diseases of the ear and mastoid process,Labyrinthitis,43550,110,1.37 [0.96-1.97],0.0852522617668028
ARHGAP30,Rho GTPase-activating protein 30,Chapter VIII Diseases of the ear and mastoid process,Mnire disease,43551,111,1.11 [0.72-1.71],0.6470730985617337
ARHGAP30,Rho GTPase-activating protein 30,Chapter VIII Diseases of the ear and mastoid process,Other disorders of ear,43795,1489,1.03 [0.91-1.17],0.6522287449333957
ARHGAP30,Rho GTPase-activating protein 30,Chapter VIII Diseases of the ear and mastoid process,Other specified/unspecified hearing loss,43371,1065,1.03 [0.89-1.19],0.6884713253018165
ARHGAP30,Rho GTPase-activating protein 30,Chapter VIII Diseases of the ear and mastoid process,Sensorineural hearing loss,42519,213,1.06 [0.77-1.47],0.7148688110421353
ARHGAP30,Rho GTPase-activating protein 30,Chapter VIII Diseases of the ear and mastoid process,Tinnitus,42446,140,1.31 [0.93-1.83],0.1228782170256688
ARHGAP30,Rho GTPase-activating protein 30,Chapter X Diseases of the respiratory system,Acute pharyngitis,43551,120,1.19 [0.80-1.78],0.4001119375447141
ARHGAP30,Rho GTPase-activating protein 30,Chapter X Diseases of the respiratory system,Acute upper respiratory infections,43794,363,1.08 [0.85-1.38],0.5279056531231647
ARHGAP30,Rho GTPase-activating protein 30,Chapter X Diseases of the respiratory system,Acute upper respiratory infections of multiple and unspecified sites,43537,106,0.92 [0.56-1.53],0.7550855373883458
ARHGAP30,Rho GTPase-activating protein 30,Chapter X Diseases of the respiratory system,All influenza,40605,197,1.36 [1.01-1.81],0.0400546861183273
ARHGAP30,Rho GTPase-activating protein 30,Chapter X Diseases of the respiratory system,All influenza (not pneumonia),40601,193,1.31 [0.97-1.77],0.0781339999913387
ARHGAP30,Rho GTPase-activating protein 30,Chapter X Diseases of the respiratory system,Allergic asthma (mode),30147,204,1.31 [0.99-1.73],0.0587301665666443
ARHGAP30,Rho GTPase-activating protein 30,Chapter X Diseases of the respiratory system,Allergic rhinitis,43763,485,1.02 [0.82-1.27],0.8370154252816511
ARHGAP30,Rho GTPase-activating protein 30,Chapter X Diseases of the respiratory system,"Asthma, excluding more controls",32534,3041,1.02 [0.94-1.12],0.5961651217299371
ARHGAP30,Rho GTPase-activating protein 30,Chapter X Diseases of the respiratory system,"Asthma, unspecified (mode)",32937,2994,1.02 [0.93-1.11],0.6658402853183958
ARHGAP30,Rho GTPase-activating protein 30,Chapter X Diseases of the respiratory system,Bacterial pneumonia (organism specified),43285,236,1.34 [1.03-1.74],0.0317405988915875
ARHGAP30,Rho GTPase-activating protein 30,Chapter X Diseases of the respiratory system,"Bacterial pneumonia, not elsewhere classified",40544,136,1.13 [0.75-1.69],0.5645154360412257
ARHGAP30,Rho GTPase-activating protein 30,Chapter X Diseases of the respiratory system,Bronchiectasis,38069,589,1.28 [1.08-1.52],0.0040748973678154
ARHGAP30,Rho GTPase-activating protein 30,Chapter X Diseases of the respiratory system,"Bronchitis, not specified as acute or chronic",37576,96,0.71 [0.38-1.35],0.298138963093963
ARHGAP30,Rho GTPase-activating protein 30,Chapter X Diseases of the respiratory system,Chronic lower respiratory diseases,42243,4763,1.01 [0.94-1.09],0.7982247455918603
ARHGAP30,Rho GTPase-activating protein 30,Chapter X Diseases of the respiratory system,"Chronic rhinitis, nasopharyngitis and pharyngitis",41617,128,0.81 [0.50-1.33],0.4131888695536796
ARHGAP30,Rho GTPase-activating protein 30,Chapter X Diseases of the respiratory system,Chronic sinusitis,41747,258,1.02 [0.76-1.38],0.8790418284499438
ARHGAP30,Rho GTPase-activating protein 30,Chapter X Diseases of the respiratory system,"COPD, hospital admissions 1, only main diagnosis",43635,1999,0.83 [0.73-0.95],0.0059703278070897
ARHGAP30,Rho GTPase-activating protein 30,Chapter X Diseases of the respiratory system,Deviated nasal septum,41679,190,1.14 [0.83-1.56],0.4132122043462042
ARHGAP30,Rho GTPase-activating protein 30,Chapter X Diseases of the respiratory system,Diseases of the respiratory system,40427,8899,0.99 [0.94-1.05],0.8510656220209871
ARHGAP30,Rho GTPase-activating protein 30,Chapter X Diseases of the respiratory system,"Diseases of vocal cords and larynx+other diseases of upper respiratory tract, no elsewhere classified",42122,633,1.04 [0.86-1.26],0.700461473183736
ARHGAP30,Rho GTPase-activating protein 30,Chapter X Diseases of the respiratory system,Early onset COPD,42187,551,0.98 [0.78-1.23],0.8421855748902388
ARHGAP30,Rho GTPase-activating protein 30,Chapter X Diseases of the respiratory system,Emphysema,38015,535,1.01 [0.81-1.28],0.9084216356464656
ARHGAP30,Rho GTPase-activating protein 30,Chapter X Diseases of the respiratory system,Idiopathic pulmonary fibrosis,41708,506,1.45 [1.23-1.71],1.0466141368824258e-05
ARHGAP30,Rho GTPase-activating protein 30,Chapter X Diseases of the respiratory system,Influenza and pneumonia,43590,3182,1.05 [0.96-1.15],0.2715570753980346
ARHGAP30,Rho GTPase-activating protein 30,Chapter X Diseases of the respiratory system,Interstitial lung disease,41765,563,1.45 [1.24-1.70],2.665828152538814e-06
ARHGAP30,Rho GTPase-activating protein 30,Chapter X Diseases of the respiratory system,Later onset COPD,42236,1448,0.77 [0.65-0.91],0.0016718401432765
ARHGAP30,Rho GTPase-activating protein 30,Chapter X Diseases of the respiratory system,Lung diseases due to external agents,43949,520,1.00 [0.80-1.24],0.9990752019156938
ARHGAP30,Rho GTPase-activating protein 30,Chapter X Diseases of the respiratory system,Nasal polyp,41677,188,0.79 [0.52-1.19],0.2582391460761543
ARHGAP30,Rho GTPase-activating protein 30,Chapter X Diseases of the respiratory system,Other acute lower respiratory infections,43541,1623,1.03 [0.91-1.16],0.6652774074718693
ARHGAP30,Rho GTPase-activating protein 30,Chapter X Diseases of the respiratory system,Other diseases of pleura,43566,3366,1.09 [1.00-1.18],0.0394784667260374
ARHGAP30,Rho GTPase-activating protein 30,Chapter X Diseases of the respiratory system,Other diseases of upper respiratory tract,42926,1437,1.01 [0.89-1.15],0.8382528210337822
ARHGAP30,Rho GTPase-activating protein 30,Chapter X Diseases of the respiratory system,Other pleural conditions,40286,86,1.07 [0.65-1.78],0.7811376600403873
ARHGAP30,Rho GTPase-activating protein 30,Chapter X Diseases of the respiratory system,Other respiratory diseases principally affecting the interstitium,43805,695,1.44 [1.24-1.66],6.882015093899475e-07
ARHGAP30,Rho GTPase-activating protein 30,Chapter X Diseases of the respiratory system,Other respiratory disorders and diseases,43785,2197,1.03 [0.92-1.14],0.6219492329231946
ARHGAP30,Rho GTPase-activating protein 30,Chapter X Diseases of the respiratory system,Pleural effusion,41859,1659,1.17 [1.05-1.31],0.0048240193942583
ARHGAP30,Rho GTPase-activating protein 30,Chapter X Diseases of the respiratory system,Pleural plaque,40473,273,1.10 [0.83-1.46],0.4918883584008715
ARHGAP30,Rho GTPase-activating protein 30,Chapter X Diseases of the respiratory system,"Pneumonia, organism unspecified",43164,2756,1.05 [0.95-1.15],0.3505863635211259
ARHGAP30,Rho GTPase-activating protein 30,Chapter X Diseases of the respiratory system,Pneumonitis due to solids and liquids,43835,406,0.95 [0.74-1.23],0.6945126285949319
ARHGAP30,Rho GTPase-activating protein 30,Chapter X Diseases of the respiratory system,Pneumothorax,40408,208,1.12 [0.81-1.54],0.4931823085668819
ARHGAP30,Rho GTPase-activating protein 30,Chapter X Diseases of the respiratory system,Pollen allergy,43934,413,1.08 [0.86-1.35],0.5129018231277406
ARHGAP30,Rho GTPase-activating protein 30,Chapter X Diseases of the respiratory system,Pulmonary oedema,43220,110,1.20 [0.78-1.84],0.409701347424747
ARHGAP30,Rho GTPase-activating protein 30,Chapter X Diseases of the respiratory system,Respiratory insufficiency,30034,91,1.07 [0.65-1.78],0.783359177029346
ARHGAP30,Rho GTPase-activating protein 30,Chapter X Diseases of the respiratory system,Unspecified acute lower respiratory infection,43505,1587,1.01 [0.89-1.15],0.8675736679921777
ARHGAP30,Rho GTPase-activating protein 30,Chapter X Diseases of the respiratory system,Vasomotor and allergic rhinitis,41975,486,1.02 [0.82-1.27],0.8385461083567931
ARHGAP30,Rho GTPase-activating protein 30,Chapter X Diseases of the respiratory system,Viral pneumonia,40816,408,1.18 [0.94-1.47],0.1550406983429425
ARHGAP30,Rho GTPase-activating protein 30,Chapter X Diseases of the respiratory system,"Viral pneumonia (unknown virus, not influenza)",43311,336,0.95 [0.71-1.26],0.7222025901847461
ARHGAP30,Rho GTPase-activating protein 30,Chapter X Diseases of the respiratory system,Vocal cord dysfunction,20308,188,1.08 [0.75-1.54],0.6829084241263242
ARHGAP30,Rho GTPase-activating protein 30,Chapter XI Diseases of the digestive system,Abscess of anal and rectal regions,31150,108,1.20 [0.80-1.81],0.3834669663281812
ARHGAP30,Rho GTPase-activating protein 30,Chapter XI Diseases of the digestive system,Acute appendicitis,43690,242,1.12 [0.84-1.50],0.4231928248263148
ARHGAP30,Rho GTPase-activating protein 30,Chapter XI Diseases of the digestive system,Acute gastritis,33157,144,1.21 [0.84-1.74],0.3002927065073577
ARHGAP30,Rho GTPase-activating protein 30,Chapter XI Diseases of the digestive system,Acute pancreatitis,40856,320,1.01 [0.77-1.33],0.9220830295523263
ARHGAP30,Rho GTPase-activating protein 30,Chapter XI Diseases of the digestive system,Acute peritonitis,43158,153,0.86 [0.55-1.35],0.5108362131902457
ARHGAP30,Rho GTPase-activating protein 30,Chapter XI Diseases of the digestive system,Alcoholic liver disease,42463,126,1.10 [0.72-1.69],0.66030949589825
ARHGAP30,Rho GTPase-activating protein 30,Chapter XI Diseases of the digestive system,Barrett oesophagus,33743,730,1.15 [0.98-1.36],0.0894821272316626
ARHGAP30,Rho GTPase-activating protein 30,Chapter XI Diseases of the digestive system,"Cholangitis (primary sclerosing, PSC)",40704,168,1.22 [0.87-1.70],0.2491954927354732
ARHGAP30,Rho GTPase-activating protein 30,Chapter XI Diseases of the digestive system,"Cholangitis (primary sclerosing, PSC), with reimbursement 202",43259,168,1.22 [0.87-1.70],0.2474844014423862
ARHGAP30,Rho GTPase-activating protein 30,Chapter XI Diseases of the digestive system,Cholecystitis,40868,332,1.01 [0.77-1.33],0.9441944922945278
ARHGAP30,Rho GTPase-activating protein 30,Chapter XI Diseases of the digestive system,Cholelithiasis,42255,1719,1.06 [0.95-1.19],0.3207839382132225
ARHGAP30,Rho GTPase-activating protein 30,Chapter XI Diseases of the digestive system,Chronic gastritis,33526,513,1.04 [0.84-1.29],0.7076821468916598
ARHGAP30,Rho GTPase-activating protein 30,Chapter XI Diseases of the digestive system,Chronic pancreatitis,40620,84,1.19 [0.73-1.94],0.4853145020671793
ARHGAP30,Rho GTPase-activating protein 30,Chapter XI Diseases of the digestive system,"Cirrhosis of liver, NAS",43721,178,1.28 [0.94-1.75],0.1198807650496827
ARHGAP30,Rho GTPase-activating protein 30,Chapter XI Diseases of the digestive system,Coeliac disease,41264,194,2.24 [1.89-2.65],1.1185392711606503e-20
ARHGAP30,Rho GTPase-activating protein 30,Chapter XI Diseases of the digestive system,Collagenous colitis,41112,131,1.02 [0.66-1.58],0.9164805110660764
ARHGAP30,Rho GTPase-activating protein 30,Chapter XI Diseases of the digestive system,Colonic or urogenital fistula,43706,326,0.98 [0.74-1.29],0.8738870974111473
ARHGAP30,Rho GTPase-activating protein 30,Chapter XI Diseases of the digestive system,Constipation,43541,2777,0.95 [0.87-1.05],0.3432889146364807
ARHGAP30,Rho GTPase-activating protein 30,Chapter XI Diseases of the digestive system,Crohn disease,41133,152,1.02 [0.69-1.50],0.9391161650976152
ARHGAP30,Rho GTPase-activating protein 30,Chapter XI Diseases of the digestive system,"Crohn disease (strict definition, all UC cases excluded)",43366,110,1.05 [0.66-1.65],0.8474075933383928
ARHGAP30,Rho GTPase-activating protein 30,Chapter XI Diseases of the digestive system,Crohn's disease NAS,41123,142,1.10 [0.75-1.61],0.6346068164513039
ARHGAP30,Rho GTPase-activating protein 30,Chapter XI Diseases of the digestive system,Dental caries,42705,390,1.03 [0.80-1.32],0.8212630858672736
ARHGAP30,Rho GTPase-activating protein 30,Chapter XI Diseases of the digestive system,Diaphragmatic hernia,39487,3726,1.04 [0.96-1.13],0.2853476391382269
ARHGAP30,Rho GTPase-activating protein 30,Chapter XI Diseases of the digestive system,Diseases of appendix,43755,307,1.17 [0.92-1.50],0.2048444335664556
ARHGAP30,Rho GTPase-activating protein 30,Chapter XI Diseases of the digestive system,Diseases of liver,43766,1429,0.97 [0.85-1.11],0.6574351651670098
ARHGAP30,Rho GTPase-activating protein 30,Chapter XI Diseases of the digestive system,"Diseases of oesophagus, stomach and duodenum",40284,7271,1.06 [1.00-1.12],0.0401057427528982
ARHGAP30,Rho GTPase-activating protein 30,Chapter XI Diseases of the digestive system,"Diseases of oral cavity, salivary glands and jaws",43256,941,0.98 [0.83-1.15],0.7906575406735256
ARHGAP30,Rho GTPase-activating protein 30,Chapter XI Diseases of the digestive system,Diseases of peritoneum,43823,818,1.03 [0.87-1.22],0.7544155778958609
ARHGAP30,Rho GTPase-activating protein 30,Chapter XI Diseases of the digestive system,Diseases of pulp and periapical tissues,42510,195,1.09 [0.78-1.53],0.6015006236943997
ARHGAP30,Rho GTPase-activating protein 30,Chapter XI Diseases of the digestive system,Diseases of salivary glands,42262,106,1.09 [0.69-1.72],0.7075988648592775
ARHGAP30,Rho GTPase-activating protein 30,Chapter XI Diseases of the digestive system,Diseases of the digestive system,43457,2387,1.12 [1.02-1.23],0.0164414811683185
ARHGAP30,Rho GTPase-activating protein 30,Chapter XI Diseases of the digestive system,Diseases of tongue,42277,188,1.06 [0.75-1.50],0.7282565424070775
ARHGAP30,Rho GTPase-activating protein 30,Chapter XI Diseases of the digestive system,"Disorders of gallbladder, biliary tract and pancreas",42938,2402,1.04 [0.95-1.15],0.4009719071717634
ARHGAP30,Rho GTPase-activating protein 30,Chapter XI Diseases of the digestive system,Diverticular disease of intestine,36401,5359,0.95 [0.89-1.02],0.1537620747810392
ARHGAP30,Rho GTPase-activating protein 30,Chapter XI Diseases of the digestive system,Duodenal ulcer,33348,335,0.89 [0.66-1.19],0.4270164750903369
ARHGAP30,Rho GTPase-activating protein 30,Chapter XI Diseases of the digestive system,"Duodenal ulcer - Unspecified as acute or chronic, without haemorrhage or perforation, drug-induced",43821,266,0.80 [0.57-1.14],0.2238029322948125
ARHGAP30,Rho GTPase-activating protein 30,Chapter XI Diseases of the digestive system,Embedded and impacted teeth,43829,90,1.01 [0.61-1.67],0.9644520133171168
ARHGAP30,Rho GTPase-activating protein 30,Chapter XI Diseases of the digestive system,Fibrosis and cirrhosis of liver,42552,215,1.22 [0.91-1.64],0.1860830463323546
ARHGAP30,Rho GTPase-activating protein 30,Chapter XI Diseases of the digestive system,Fissure and fistula of anal and rectal regions,31294,252,1.05 [0.78-1.40],0.7563407953227881
ARHGAP30,Rho GTPase-activating protein 30,Chapter XI Diseases of the digestive system,Functional dyspepsia,33949,936,1.05 [0.90-1.22],0.5618885742226889
ARHGAP30,Rho GTPase-activating protein 30,Chapter XI Diseases of the digestive system,Gastric ulcer,33626,613,0.95 [0.76-1.17],0.6063952698028042
ARHGAP30,Rho GTPase-activating protein 30,Chapter XI Diseases of the digestive system,Gastro-oesophageal reflux disease,37232,4219,1.03 [0.96-1.11],0.418767646745996
ARHGAP30,Rho GTPase-activating protein 30,Chapter XI Diseases of the digestive system,Gastroduodenal ulcer,33926,913,0.94 [0.79-1.12],0.486544300067261
ARHGAP30,Rho GTPase-activating protein 30,Chapter XI Diseases of the digestive system,Gastrointestinal diseases,34067,14020,1.01 [0.97-1.05],0.7162330029276707
ARHGAP30,Rho GTPase-activating protein 30,Chapter XI Diseases of the digestive system,GI-bleeding,43020,1950,0.98 [0.87-1.10],0.7241808689566782
ARHGAP30,Rho GTPase-activating protein 30,Chapter XI Diseases of the digestive system,Gingivitis and periodontal diseases,42422,107,0.88 [0.52-1.48],0.6189283209459933
ARHGAP30,Rho GTPase-activating protein 30,Chapter XI Diseases of the digestive system,Haemorrhoids and perianal venous thrombosis,32676,2111,0.98 [0.88-1.09],0.7384494011495328
ARHGAP30,Rho GTPase-activating protein 30,Chapter XI Diseases of the digestive system,"Hepatic failure, not elsewhere classified",42440,103,1.19 [0.77-1.85],0.4311853490185844
ARHGAP30,Rho GTPase-activating protein 30,Chapter XI Diseases of the digestive system,Hernia,41205,5444,1.02 [0.95-1.08],0.6508392736627924
ARHGAP30,Rho GTPase-activating protein 30,Chapter XI Diseases of the digestive system,Impacted teeth,43840,84,1.04 [0.62-1.72],0.8911525134084782
ARHGAP30,Rho GTPase-activating protein 30,Chapter XI Diseases of the digestive system,Impaction of intestines,31141,99,1.27 [0.83-1.93],0.2689892680793732
ARHGAP30,Rho GTPase-activating protein 30,Chapter XI Diseases of the digestive system,Inguinal hernia,37287,1526,1.02 [0.90-1.15],0.7821119377810193
ARHGAP30,Rho GTPase-activating protein 30,Chapter XI Diseases of the digestive system,"Inguinal hernia, bilateral",35934,173,0.99 [0.70-1.42],0.9750366825042563
ARHGAP30,Rho GTPase-activating protein 30,Chapter XI Diseases of the digestive system,Intestinal adhesions without obstruction,31203,161,0.94 [0.63-1.41],0.7655862220048186
ARHGAP30,Rho GTPase-activating protein 30,Chapter XI Diseases of the digestive system,Intestinal malabsorption,41302,232,2.07 [1.75-2.45],3.543366324086678e-17
ARHGAP30,Rho GTPase-activating protein 30,Chapter XI Diseases of the digestive system,Irritable bowel syndrome,31980,938,0.90 [0.76-1.07],0.2483835796675812
ARHGAP30,Rho GTPase-activating protein 30,Chapter XI Diseases of the digestive system,Nonalcoholic fatty liver disease,43926,615,0.94 [0.76-1.16],0.53682424905765
ARHGAP30,Rho GTPase-activating protein 30,Chapter XI Diseases of the digestive system,Noninfectious colitis NAS,42248,1267,1.00 [0.87-1.14],0.955977690666736
ARHGAP30,Rho GTPase-activating protein 30,Chapter XI Diseases of the digestive system,Noninfective enteritis and colitis,42672,1691,1.00 [0.89-1.13],0.9723299743660604
ARHGAP30,Rho GTPase-activating protein 30,Chapter XI Diseases of the digestive system,Oesophageal obstruction,33327,314,1.12 [0.87-1.45],0.3750556233698885
ARHGAP30,Rho GTPase-activating protein 30,Chapter XI Diseases of the digestive system,Oesophagitis,34045,1032,1.08 [0.93-1.25],0.291288127570051
ARHGAP30,Rho GTPase-activating protein 30,Chapter XI Diseases of the digestive system,Oral lichen ruber planus,43884,234,1.31 [1.01-1.70],0.0423060672120124
ARHGAP30,Rho GTPase-activating protein 30,Chapter XI Diseases of the digestive system,Other and unspecified abdominal hernia,35875,114,0.87 [0.52-1.45],0.5933619502804264
ARHGAP30,Rho GTPase-activating protein 30,Chapter XI Diseases of the digestive system,Other diseases of anus and rectum,33332,2290,0.98 [0.89-1.09],0.7364381185360419
ARHGAP30,Rho GTPase-activating protein 30,Chapter XI Diseases of the digestive system,Other diseases of biliary tract,41000,464,0.99 [0.78-1.25],0.917299946043584
ARHGAP30,Rho GTPase-activating protein 30,Chapter XI Diseases of the digestive system,Other diseases of gallbladder,40803,267,0.97 [0.71-1.32],0.8527293553544784
ARHGAP30,Rho GTPase-activating protein 30,Chapter XI Diseases of the digestive system,Other diseases of intestine,34021,2979,0.89 [0.81-0.98],0.0199357523854966
ARHGAP30,Rho GTPase-activating protein 30,Chapter XI Diseases of the digestive system,Other diseases of intestines,40559,9517,0.95 [0.90-1.00],0.0610096122236348
ARHGAP30,Rho GTPase-activating protein 30,Chapter XI Diseases of the digestive system,Other diseases of lip and oral mucosa,42250,353,1.33 [1.08-1.64],0.008133872655227
ARHGAP30,Rho GTPase-activating protein 30,Chapter XI Diseases of the digestive system,Other diseases of liver,43502,1165,0.98 [0.85-1.14],0.839493746804891
ARHGAP30,Rho GTPase-activating protein 30,Chapter XI Diseases of the digestive system,Other diseases of oesophagus,34129,1116,1.15 [1.00-1.31],0.0456248379356736
ARHGAP30,Rho GTPase-activating protein 30,Chapter XI Diseases of the digestive system,Other diseases of pancreas,40786,250,0.86 [0.60-1.22],0.3946701779111273
ARHGAP30,Rho GTPase-activating protein 30,Chapter XI Diseases of the digestive system,Other diseases of peritoneum,43711,706,1.03 [0.86-1.24],0.7284979712498891
ARHGAP30,Rho GTPase-activating protein 30,Chapter XI Diseases of the digestive system,Other diseases of stomach and duodenum,34608,1595,1.15 [1.03-1.29],0.0123866042189107
ARHGAP30,Rho GTPase-activating protein 30,Chapter XI Diseases of the digestive system,Other diseases of the digestive system,43045,1975,0.98 [0.87-1.10],0.7101307061013128
ARHGAP30,Rho GTPase-activating protein 30,Chapter XI Diseases of the digestive system,Other disorders of teeth and supporting structures,42614,299,1.00 [0.75-1.34],0.9846349762338366
ARHGAP30,Rho GTPase-activating protein 30,Chapter XI Diseases of the digestive system,Other functional intestinal disorders,33900,2858,0.95 [0.87-1.05],0.3276629418858162
ARHGAP30,Rho GTPase-activating protein 30,Chapter XI Diseases of the digestive system,Other gastritis (incl. Duodenitis),36410,3397,1.05 [0.97-1.14],0.2607611756041534
ARHGAP30,Rho GTPase-activating protein 30,Chapter XI Diseases of the digestive system,Other inflammatory liver diseases,42505,168,1.36 [1.00-1.84],0.0496119743227606
ARHGAP30,Rho GTPase-activating protein 30,Chapter XI Diseases of the digestive system,Other noninfective gastroenteritis and colitis,42461,1480,0.99 [0.87-1.13],0.8985185413036498
ARHGAP30,Rho GTPase-activating protein 30,Chapter XI Diseases of the digestive system,"Other or unspecified ileus, impaction or obstruction",31629,587,0.96 [0.77-1.18],0.6708327134673306
ARHGAP30,Rho GTPase-activating protein 30,Chapter XI Diseases of the digestive system,Palatinal maxillary canine,43810,107,0.95 [0.59-1.54],0.8455006192248823
ARHGAP30,Rho GTPase-activating protein 30,Chapter XI Diseases of the digestive system,Paralytic ileus and intestinal obstruction,31876,834,0.96 [0.80-1.14],0.6457657710012092
ARHGAP30,Rho GTPase-activating protein 30,Chapter XI Diseases of the digestive system,"Postprocedural disorders of digestive system, not elsewhere classified",41331,261,1.05 [0.77-1.41],0.7681486226095561
ARHGAP30,Rho GTPase-activating protein 30,Chapter XI Diseases of the digestive system,Recurring oral aphthae,43951,99,1.53 [1.07-2.18],0.0194203374268804
ARHGAP30,Rho GTPase-activating protein 30,Chapter XI Diseases of the digestive system,Stomatitis and related lesions,42323,201,1.08 [0.78-1.50],0.6274620476169486
ARHGAP30,Rho GTPase-activating protein 30,Chapter XI Diseases of the digestive system,Toxic colitis,41076,95,1.23 [0.79-1.92],0.357118977628147
ARHGAP30,Rho GTPase-activating protein 30,Chapter XI Diseases of the digestive system,Ulcer of oesophagus,33481,468,1.02 [0.81-1.29],0.8443197096409677
ARHGAP30,Rho GTPase-activating protein 30,Chapter XI Diseases of the digestive system,Ulcerative colitis,41255,274,0.98 [0.72-1.32],0.8851118475259158
ARHGAP30,Rho GTPase-activating protein 30,Chapter XI Diseases of the digestive system,"Ulcerative colitis, NAS",41211,230,0.79 [0.54-1.15],0.2206725928891493
ARHGAP30,Rho GTPase-activating protein 30,Chapter XI Diseases of the digestive system,Umbilical hernia,36217,456,0.78 [0.59-1.02],0.0684711516637272
ARHGAP30,Rho GTPase-activating protein 30,Chapter XI Diseases of the digestive system,Vascular disorders of the intestines,31343,301,0.65 [0.45-0.95],0.025241859372151
ARHGAP30,Rho GTPase-activating protein 30,Chapter XI Diseases of the digestive system,Ventral hernia,36197,436,0.95 [0.74-1.22],0.68568581213004
ARHGAP30,Rho GTPase-activating protein 30,Chapter XI Diseases of the digestive system,Volvulus,31175,133,0.91 [0.58-1.44],0.6983425636715803
ARHGAP30,Rho GTPase-activating protein 30,Chapter XII Diseases of the skin and subcutaneous tissue,Actinic keratosis,43844,485,0.97 [0.78-1.21],0.7795488693836673
ARHGAP30,Rho GTPase-activating protein 30,Chapter XII Diseases of the skin and subcutaneous tissue,Arthropathic psoriasis,43432,137,0.78 [0.48-1.28],0.3324090181730454
ARHGAP30,Rho GTPase-activating protein 30,Chapter XII Diseases of the skin and subcutaneous tissue,Atrophic disorders of skin,40552,271,0.98 [0.73-1.33],0.9029988373572168
ARHGAP30,Rho GTPase-activating protein 30,Chapter XII Diseases of the skin and subcutaneous tissue,Cellulitis,42874,1185,0.96 [0.82-1.11],0.5762213839480397
ARHGAP30,Rho GTPase-activating protein 30,Chapter XII Diseases of the skin and subcutaneous tissue,"Cutaneous abscess, furuncle and carbuncle",41991,302,1.07 [0.81-1.40],0.6322807584445109
ARHGAP30,Rho GTPase-activating protein 30,Chapter XII Diseases of the skin and subcutaneous tissue,Decubitus ulcer and pressure area,40932,651,1.09 [0.91-1.31],0.3437563219282546
ARHGAP30,Rho GTPase-activating protein 30,Chapter XII Diseases of the skin and subcutaneous tissue,Dermatitis,43451,464,1.03 [0.82-1.29],0.7855989154189018
ARHGAP30,Rho GTPase-activating protein 30,Chapter XII Diseases of the skin and subcutaneous tissue,Dermatitis and eczema,43791,804,1.06 [0.90-1.26],0.4697717760968214
ARHGAP30,Rho GTPase-activating protein 30,Chapter XII Diseases of the skin and subcutaneous tissue,Dermatitis due to substances taken internally,43070,83,0.87 [0.49-1.57],0.6478495698567417
ARHGAP30,Rho GTPase-activating protein 30,Chapter XII Diseases of the skin and subcutaneous tissue,Diseases of the skin and subcutaneous tissue,41336,5404,0.96 [0.90-1.03],0.2419662612607147
ARHGAP30,Rho GTPase-activating protein 30,Chapter XII Diseases of the skin and subcutaneous tissue,Disorders of skin appendages,43195,747,0.93 [0.77-1.12],0.4443426352196531
ARHGAP30,Rho GTPase-activating protein 30,Chapter XII Diseases of the skin and subcutaneous tissue,Follicular cysts of skin and subcutaneous tissue,42966,518,0.87 [0.69-1.10],0.2523102556965423
ARHGAP30,Rho GTPase-activating protein 30,Chapter XII Diseases of the skin and subcutaneous tissue,Infections of the skin and subcutaneous tissue,43298,1609,0.98 [0.86-1.11],0.7195085382829098
ARHGAP30,Rho GTPase-activating protein 30,Chapter XII Diseases of the skin and subcutaneous tissue,"Lichen planus, including avohilmo",43945,90,0.99 [0.59-1.67],0.9822778963748352
ARHGAP30,Rho GTPase-activating protein 30,Chapter XII Diseases of the skin and subcutaneous tissue,Lupus erythematosus,40391,110,1.02 [0.64-1.64],0.9250124313723518
ARHGAP30,Rho GTPase-activating protein 30,Chapter XII Diseases of the skin and subcutaneous tissue,Nail disorders,42542,94,1.13 [0.71-1.80],0.6044540971513012
ARHGAP30,Rho GTPase-activating protein 30,Chapter XII Diseases of the skin and subcutaneous tissue,Other and unspecified dermatitis,43433,446,1.02 [0.81-1.28],0.8892267081715304
ARHGAP30,Rho GTPase-activating protein 30,Chapter XII Diseases of the skin and subcutaneous tissue,Other and unspecified disorders of skin and subcutaneous tissue,41046,765,0.96 [0.80-1.15],0.6554595247460548
ARHGAP30,Rho GTPase-activating protein 30,Chapter XII Diseases of the skin and subcutaneous tissue,Other and unspecified epidermal thickening,40393,112,0.96 [0.60-1.55],0.8697882092045727
ARHGAP30,Rho GTPase-activating protein 30,Chapter XII Diseases of the skin and subcutaneous tissue,Other and unspecified erythematous conditions,43828,139,1.31 [0.93-1.84],0.1259639221406282
ARHGAP30,Rho GTPase-activating protein 30,Chapter XII Diseases of the skin and subcutaneous tissue,Other and unspecified local infections of skin and subcutaneous tissue,41991,302,1.10 [0.84-1.43],0.4993612976387355
ARHGAP30,Rho GTPase-activating protein 30,Chapter XII Diseases of the skin and subcutaneous tissue,Other and unspecified psoriasis,43622,327,0.69 [0.49-0.97],0.0336305471754546
ARHGAP30,Rho GTPase-activating protein 30,Chapter XII Diseases of the skin and subcutaneous tissue,Other contact dermatitis,43086,99,1.25 [0.81-1.93],0.3126568161662876
ARHGAP30,Rho GTPase-activating protein 30,Chapter XII Diseases of the skin and subcutaneous tissue,Other disorders of pigmentation,40389,108,0.86 [0.51-1.44],0.5615717159972988
ARHGAP30,Rho GTPase-activating protein 30,Chapter XII Diseases of the skin and subcutaneous tissue,Other disorders of skin and subcutaneous tissue,43009,2728,1.00 [0.91-1.10],0.9595939343697526
ARHGAP30,Rho GTPase-activating protein 30,Chapter XII Diseases of the skin and subcutaneous tissue,"Other disorders of skin and subcutaneous tissue, not elsewhere classified",41112,831,0.97 [0.82-1.15],0.7261942906184073
ARHGAP30,Rho GTPase-activating protein 30,Chapter XII Diseases of the skin and subcutaneous tissue,Other epidermal thickening,40400,119,0.93 [0.57-1.49],0.752249753466222
ARHGAP30,Rho GTPase-activating protein 30,Chapter XII Diseases of the skin and subcutaneous tissue,Papulosquamous disorders,43823,528,0.78 [0.61-1.01],0.0568228878364677
ARHGAP30,Rho GTPase-activating protein 30,Chapter XII Diseases of the skin and subcutaneous tissue,Pruritus,43107,120,1.02 [0.65-1.61],0.9232868571860826
ARHGAP30,Rho GTPase-activating protein 30,Chapter XII Diseases of the skin and subcutaneous tissue,Psoriasis,43730,435,0.78 [0.59-1.04],0.0861085088283463
ARHGAP30,Rho GTPase-activating protein 30,Chapter XII Diseases of the skin and subcutaneous tissue,Radiation-related disorders of the skin and subcutaneous tissue,43888,529,0.99 [0.80-1.22],0.9032983755679104
ARHGAP30,Rho GTPase-activating protein 30,Chapter XII Diseases of the skin and subcutaneous tissue,Scar conditions and fibrosis of skin,40494,213,0.91 [0.64-1.30],0.5944302030812191
ARHGAP30,Rho GTPase-activating protein 30,Chapter XII Diseases of the skin and subcutaneous tissue,Seborrhoeic keratosis,40732,451,1.13 [0.92-1.38],0.260219573279838
ARHGAP30,Rho GTPase-activating protein 30,Chapter XII Diseases of the skin and subcutaneous tissue,Skin changes due to chronic exposure to nonionizing radiation,43870,511,0.97 [0.78-1.21],0.7991877627925612
ARHGAP30,Rho GTPase-activating protein 30,Chapter XII Diseases of the skin and subcutaneous tissue,"Ulcer of lower limb, not elsewhere classified",40665,384,1.17 [0.93-1.47],0.1923559876488929
ARHGAP30,Rho GTPase-activating protein 30,Chapter XII Diseases of the skin and subcutaneous tissue,Urticaria and erythema,43920,231,1.11 [0.82-1.50],0.4908448749148523
ARHGAP30,Rho GTPase-activating protein 30,Chapter XIII Diseases of the musculoskeletal system and connective tissue,Adhesive capsulitis of shoulder,37709,184,1.02 [0.72-1.46],0.8995521958276657
ARHGAP30,Rho GTPase-activating protein 30,Chapter XIII Diseases of the musculoskeletal system and connective tissue,Arthropathies,40020,9555,0.99 [0.94-1.04],0.7343640569305554
ARHGAP30,Rho GTPase-activating protein 30,Chapter XIII Diseases of the musculoskeletal system and connective tissue,Arthrosis,37626,7161,0.97 [0.92-1.03],0.3747272600951672
ARHGAP30,Rho GTPase-activating protein 30,Chapter XIII Diseases of the musculoskeletal system and connective tissue,Bursitis of shoulder,37655,130,1.02 [0.67-1.55],0.9373573682604543
ARHGAP30,Rho GTPase-activating protein 30,Chapter XIII Diseases of the musculoskeletal system and connective tissue,Cervical disc disorders,38156,255,0.81 [0.57-1.15],0.2345844348279499
ARHGAP30,Rho GTPase-activating protein 30,Chapter XIII Diseases of the musculoskeletal system and connective tissue,Cervicalgia,38204,303,0.97 [0.73-1.29],0.8354576262158031
ARHGAP30,Rho GTPase-activating protein 30,Chapter XIII Diseases of the musculoskeletal system and connective tissue,Chondropathies,43549,157,0.74 [0.46-1.19],0.2168226617053691
ARHGAP30,Rho GTPase-activating protein 30,Chapter XIII Diseases of the musculoskeletal system and connective tissue,"Collapsed vertebra, not elsewhere classified",38071,170,1.02 [0.70-1.49],0.9278750202141198
ARHGAP30,Rho GTPase-activating protein 30,Chapter XIII Diseases of the musculoskeletal system and connective tissue,Coxarthrosis,32396,1931,0.97 [0.87-1.09],0.6117620140375495
ARHGAP30,Rho GTPase-activating protein 30,Chapter XIII Diseases of the musculoskeletal system and connective tissue,"Coxarthrosis, primary",43729,323,0.83 [0.60-1.13],0.231576210025321
ARHGAP30,Rho GTPase-activating protein 30,Chapter XIII Diseases of the musculoskeletal system and connective tissue,Deforming dorsopathies,38628,727,1.03 [0.86-1.23],0.785691756155979
ARHGAP30,Rho GTPase-activating protein 30,Chapter XIII Diseases of the musculoskeletal system and connective tissue,Diseases of the musculoskeletal system and connective tissue,37158,12325,0.98 [0.94-1.03],0.3829337601676719
ARHGAP30,Rho GTPase-activating protein 30,Chapter XIII Diseases of the musculoskeletal system and connective tissue,Disorders of continuity of bone,40597,197,1.22 [0.90-1.66],0.1933561368274059
ARHGAP30,Rho GTPase-activating protein 30,Chapter XIII Diseases of the musculoskeletal system and connective tissue,Disorders of muscles,37785,260,0.97 [0.71-1.33],0.8536957362181092
ARHGAP30,Rho GTPase-activating protein 30,Chapter XIII Diseases of the musculoskeletal system and connective tissue,Disorders of synovium and tendon,38509,984,0.94 [0.80-1.11],0.4700172813148393
ARHGAP30,Rho GTPase-activating protein 30,Chapter XIII Diseases of the musculoskeletal system and connective tissue,Dorsopathies,42366,4465,0.97 [0.90-1.05],0.4741788774061953
ARHGAP30,Rho GTPase-activating protein 30,Chapter XIII Diseases of the musculoskeletal system and connective tissue,Fibroblastic disorders,38000,475,0.87 [0.68-1.11],0.2583160408228663
ARHGAP30,Rho GTPase-activating protein 30,Chapter XIII Diseases of the musculoskeletal system and connective tissue,Fibromyalgia,37907,382,1.04 [0.81-1.33],0.769729782373
ARHGAP30,Rho GTPase-activating protein 30,Chapter XIII Diseases of the musculoskeletal system and connective tissue,Ganglion,37765,240,1.01 [0.74-1.38],0.956095868128474
ARHGAP30,Rho GTPase-activating protein 30,Chapter XIII Diseases of the musculoskeletal system and connective tissue,Giant cell arteritis,42831,119,0.66 [0.37-1.20],0.1718792010520384
ARHGAP30,Rho GTPase-activating protein 30,Chapter XIII Diseases of the musculoskeletal system and connective tissue,Gonarthrosis,33308,2843,0.94 [0.85-1.03],0.1946624156878204
ARHGAP30,Rho GTPase-activating protein 30,Chapter XIII Diseases of the musculoskeletal system and connective tissue,Gout,31450,985,1.01 [0.87-1.18],0.9008048199499812
ARHGAP30,Rho GTPase-activating protein 30,Chapter XIII Diseases of the musculoskeletal system and connective tissue,"Gout, unspecified",43839,969,1.01 [0.87-1.19],0.8617665159592878
ARHGAP30,Rho GTPase-activating protein 30,Chapter XIII Diseases of the musculoskeletal system and connective tissue,Hallux rigidus,30594,129,0.91 [0.58-1.43],0.6796343916916032
ARHGAP30,Rho GTPase-activating protein 30,Chapter XIII Diseases of the musculoskeletal system and connective tissue,Hallux valgus (acquired),31037,572,0.80 [0.64-1.02],0.0705620722480306
ARHGAP30,Rho GTPase-activating protein 30,Chapter XIII Diseases of the musculoskeletal system and connective tissue,Impingement syndrome of shoulder,38040,515,1.02 [0.82-1.26],0.8637426054476215
ARHGAP30,Rho GTPase-activating protein 30,Chapter XIII Diseases of the musculoskeletal system and connective tissue,Internal derangement of knee,31544,1079,0.86 [0.73-1.01],0.0640492804677742
ARHGAP30,Rho GTPase-activating protein 30,Chapter XIII Diseases of the musculoskeletal system and connective tissue,Kyphosis,37991,90,1.23 [0.79-1.91],0.3523839679106312
ARHGAP30,Rho GTPase-activating protein 30,Chapter XIII Diseases of the musculoskeletal system and connective tissue,Low back pain,38959,1058,0.95 [0.81-1.11],0.5163959463773
ARHGAP30,Rho GTPase-activating protein 30,Chapter XIII Diseases of the musculoskeletal system and connective tissue,Lumbar disc prolapse,38408,507,0.93 [0.74-1.17],0.5336160244846327
ARHGAP30,Rho GTPase-activating protein 30,Chapter XIII Diseases of the musculoskeletal system and connective tissue,Meniscus derangement,31469,1004,0.86 [0.72-1.02],0.0760344677925635
ARHGAP30,Rho GTPase-activating protein 30,Chapter XIII Diseases of the musculoskeletal system and connective tissue,Myalgia,37656,131,0.93 [0.59-1.46],0.7471220473054168
ARHGAP30,Rho GTPase-activating protein 30,Chapter XIII Diseases of the musculoskeletal system and connective tissue,"Neuralgia and neuritis, unspecified",37625,100,1.38 [0.94-2.02],0.098973271416254
ARHGAP30,Rho GTPase-activating protein 30,Chapter XIII Diseases of the musculoskeletal system and connective tissue,Osteomyelitis,40521,121,0.74 [0.43-1.28],0.2815658321496247
ARHGAP30,Rho GTPase-activating protein 30,Chapter XIII Diseases of the musculoskeletal system and connective tissue,Osteopathies and chondropathies,43315,2915,1.02 [0.93-1.11],0.744286587235403
ARHGAP30,Rho GTPase-activating protein 30,Chapter XIII Diseases of the musculoskeletal system and connective tissue,Osteoporosis,42315,1915,1.07 [0.96-1.19],0.2547560013685613
ARHGAP30,Rho GTPase-activating protein 30,Chapter XIII Diseases of the musculoskeletal system and connective tissue,"Other (seronegative) rheumatoid arthritis, wide",43731,771,1.10 [0.93-1.31],0.2552964191832252
ARHGAP30,Rho GTPase-activating protein 30,Chapter XIII Diseases of the musculoskeletal system and connective tissue,Other arthrosis,34701,4236,0.98 [0.91-1.06],0.6321548053805137
ARHGAP30,Rho GTPase-activating protein 30,Chapter XIII Diseases of the musculoskeletal system and connective tissue,Other articular cartilage disorders,30571,106,0.80 [0.46-1.37],0.4122067511426014
ARHGAP30,Rho GTPase-activating protein 30,Chapter XIII Diseases of the musculoskeletal system and connective tissue,Other bursopathies,37680,155,0.86 [0.55-1.33],0.4913649868872102
ARHGAP30,Rho GTPase-activating protein 30,Chapter XIII Diseases of the musculoskeletal system and connective tissue,Other crystal arthropathies,30553,88,1.33 [0.88-2.01],0.1732828102821125
ARHGAP30,Rho GTPase-activating protein 30,Chapter XIII Diseases of the musculoskeletal system and connective tissue,Other deformities of toe(s),30684,219,0.77 [0.52-1.14],0.1869849696683838
ARHGAP30,Rho GTPase-activating protein 30,Chapter XIII Diseases of the musculoskeletal system and connective tissue,Other disorders of bone,40815,415,0.76 [0.57-1.01],0.0595875505666258
ARHGAP30,Rho GTPase-activating protein 30,Chapter XIII Diseases of the musculoskeletal system and connective tissue,Other disorders of bone density and structure,41033,633,1.10 [0.91-1.32],0.3289221794459486
ARHGAP30,Rho GTPase-activating protein 30,Chapter XIII Diseases of the musculoskeletal system and connective tissue,Other disorders of the musculoskeletal system and connective tissue,43921,167,1.18 [0.84-1.66],0.3430423254350202
ARHGAP30,Rho GTPase-activating protein 30,Chapter XIII Diseases of the musculoskeletal system and connective tissue,"Other dorsopathies, not elsewhere classified",40936,3035,0.96 [0.88-1.06],0.4167226168694604
ARHGAP30,Rho GTPase-activating protein 30,Chapter XIII Diseases of the musculoskeletal system and connective tissue,Other enthesopathies,37694,169,0.62 [0.38-1.01],0.0571970724937174
ARHGAP30,Rho GTPase-activating protein 30,Chapter XIII Diseases of the musculoskeletal system and connective tissue,Other hammer toe(s) (acquired),30705,240,0.92 [0.66-1.29],0.647390589455576
ARHGAP30,Rho GTPase-activating protein 30,Chapter XIII Diseases of the musculoskeletal system and connective tissue,Other intervertebral disc disorders,39123,1222,0.90 [0.78-1.05],0.1855966628324177
ARHGAP30,Rho GTPase-activating protein 30,Chapter XIII Diseases of the musculoskeletal system and connective tissue,Other joint disorders,34119,3654,0.98 [0.90-1.07],0.6548054497848317
ARHGAP30,Rho GTPase-activating protein 30,Chapter XIII Diseases of the musculoskeletal system and connective tissue,Other necrotizing vasculopathies,42870,158,0.88 [0.57-1.36],0.5603897456087112
ARHGAP30,Rho GTPase-activating protein 30,Chapter XIII Diseases of the musculoskeletal system and connective tissue,Other psoriatic arthropathies,43942,130,0.75 [0.45-1.26],0.2755433404347456
ARHGAP30,Rho GTPase-activating protein 30,Chapter XIII Diseases of the musculoskeletal system and connective tissue,Other shoulder lesions,37663,138,1.19 [0.81-1.73],0.3739766864986771
ARHGAP30,Rho GTPase-activating protein 30,Chapter XIII Diseases of the musculoskeletal system and connective tissue,"Other soft tissue disorders, not elsewhere classified",39618,2093,1.05 [0.95-1.17],0.3202393768654859
ARHGAP30,Rho GTPase-activating protein 30,Chapter XIII Diseases of the musculoskeletal system and connective tissue,Other specified disorders of muscle,37676,151,0.90 [0.58-1.39],0.623503626199845
ARHGAP30,Rho GTPase-activating protein 30,Chapter XIII Diseases of the musculoskeletal system and connective tissue,Other specified/unspecified arthritis,33218,2753,0.96 [0.87-1.06],0.4285962710425369
ARHGAP30,Rho GTPase-activating protein 30,Chapter XIII Diseases of the musculoskeletal system and connective tissue,Other specified/unspecified disorders of  bone/cartilage,40597,197,0.61 [0.38-0.98],0.0403506428301597
ARHGAP30,Rho GTPase-activating protein 30,Chapter XIII Diseases of the musculoskeletal system and connective tissue,Other specified/unspecified disorders of synovium and tendon +Other specified/unspecified bursopathies,37612,87,1.13 [0.70-1.81],0.6194762049374524
ARHGAP30,Rho GTPase-activating protein 30,Chapter XIII Diseases of the musculoskeletal system and connective tissue,Other specified/unspecified inflammatory spondylopathies,38167,266,0.90 [0.65-1.25],0.5242386515409262
ARHGAP30,Rho GTPase-activating protein 30,Chapter XIII Diseases of the musculoskeletal system and connective tissue,Other specified/unspecified soft tissue disorders,38436,911,1.09 [0.94-1.27],0.2667703737808626
ARHGAP30,Rho GTPase-activating protein 30,Chapter XIII Diseases of the musculoskeletal system and connective tissue,Other systemic involvement of connective tissue,43328,616,1.05 [0.86-1.27],0.6294930899572502
ARHGAP30,Rho GTPase-activating protein 30,Chapter XIII Diseases of the musculoskeletal system and connective tissue,Other/unspecified dorsalgia,38861,960,0.96 [0.82-1.14],0.6589095399534954
ARHGAP30,Rho GTPase-activating protein 30,Chapter XIII Diseases of the musculoskeletal system and connective tissue,Other/unspecified rheumatoid arthritis,43751,750,1.06 [0.89-1.27],0.4972666951315981
ARHGAP30,Rho GTPase-activating protein 30,Chapter XIII Diseases of the musculoskeletal system and connective tissue,Other/unspecified seropositive rheumatoid arthritis,43936,87,0.72 [0.37-1.39],0.3294373986984568
ARHGAP30,Rho GTPase-activating protein 30,Chapter XIII Diseases of the musculoskeletal system and connective tissue,Other/unspecified synovitis and tenosynovitis,37848,323,0.89 [0.66-1.19],0.4381671576030248
ARHGAP30,Rho GTPase-activating protein 30,Chapter XIII Diseases of the musculoskeletal system and connective tissue,Pain in joint,34808,1269,1.09 [0.95-1.24],0.2152108046479658
ARHGAP30,Rho GTPase-activating protein 30,Chapter XIII Diseases of the musculoskeletal system and connective tissue,Pain in limb,38495,970,1.05 [0.90-1.22],0.5561197772516481
ARHGAP30,Rho GTPase-activating protein 30,Chapter XIII Diseases of the musculoskeletal system and connective tissue,Palmar fascial fibromatosis [Dupuytren],37920,395,0.84 [0.64-1.10],0.2002749530585598
ARHGAP30,Rho GTPase-activating protein 30,Chapter XIII Diseases of the musculoskeletal system and connective tissue,"Polyarthritis, unspecified",30562,97,0.86 [0.50-1.51],0.6075494404943544
ARHGAP30,Rho GTPase-activating protein 30,Chapter XIII Diseases of the musculoskeletal system and connective tissue,Polyarthropathies,34669,4204,0.99 [0.92-1.07],0.8483541644224499
ARHGAP30,Rho GTPase-activating protein 30,Chapter XIII Diseases of the musculoskeletal system and connective tissue,Polyarthrosis,31563,1098,1.08 [0.94-1.24],0.3029178404102932
ARHGAP30,Rho GTPase-activating protein 30,Chapter XIII Diseases of the musculoskeletal system and connective tissue,Polymyalgia rheumatica,43104,392,0.90 [0.69-1.18],0.431353237070855
ARHGAP30,Rho GTPase-activating protein 30,Chapter XIII Diseases of the musculoskeletal system and connective tissue,"Postprocedural musculoskeletal disorders, not elsewhere classified",43861,107,1.42 [0.98-2.05],0.0623858581657583
ARHGAP30,Rho GTPase-activating protein 30,Chapter XIII Diseases of the musculoskeletal system and connective tissue,"Primary gonarthrosis, bilateral",40323,85,0.64 [0.32-1.30],0.2186818442357357
ARHGAP30,Rho GTPase-activating protein 30,Chapter XIII Diseases of the musculoskeletal system and connective tissue,Psoriatic arthropathies,30598,133,0.75 [0.45-1.24],0.2572834664358978
ARHGAP30,Rho GTPase-activating protein 30,Chapter XIII Diseases of the musculoskeletal system and connective tissue,Radiculopathy,38074,173,1.10 [0.78-1.57],0.5808010756012698
ARHGAP30,Rho GTPase-activating protein 30,Chapter XIII Diseases of the musculoskeletal system and connective tissue,Rheumatoid arthritis,31246,781,1.11 [0.94-1.31],0.2059847542186792
ARHGAP30,Rho GTPase-activating protein 30,Chapter XIII Diseases of the musculoskeletal system and connective tissue,Rotator cuff syndrome,38052,527,1.18 [0.97-1.42],0.095273315980494
ARHGAP30,Rho GTPase-activating protein 30,Chapter XIII Diseases of the musculoskeletal system and connective tissue,Sciatica+with lumbago,38330,429,1.10 [0.88-1.37],0.4179440076883925
ARHGAP30,Rho GTPase-activating protein 30,Chapter XIII Diseases of the musculoskeletal system and connective tissue,Scoliosis,38210,309,1.02 [0.77-1.35],0.901665839159076
ARHGAP30,Rho GTPase-activating protein 30,Chapter XIII Diseases of the musculoskeletal system and connective tissue,Seronegative rheumatoid arthritis,34402,103,0.97 [0.59-1.61],0.9161100562207244
ARHGAP30,Rho GTPase-activating protein 30,Chapter XIII Diseases of the musculoskeletal system and connective tissue,"Seropositive rheumatoid arthritis, wide",43943,94,0.91 [0.52-1.58],0.7311088839993619
ARHGAP30,Rho GTPase-activating protein 30,Chapter XIII Diseases of the musculoskeletal system and connective tissue,Shoulder lesions,38523,998,1.11 [0.97-1.29],0.1387839698092326
ARHGAP30,Rho GTPase-activating protein 30,Chapter XIII Diseases of the musculoskeletal system and connective tissue,Sicca syndrome [Sjgren],42878,166,1.36 [1.00-1.86],0.0509519982400105
ARHGAP30,Rho GTPase-activating protein 30,Chapter XIII Diseases of the musculoskeletal system and connective tissue,Soft tissue disorders,41900,4375,1.00 [0.93-1.07],0.9480242605757934
ARHGAP30,Rho GTPase-activating protein 30,Chapter XIII Diseases of the musculoskeletal system and connective tissue,"Soft tissue disorders related to use, overuse and pressure",37751,226,1.04 [0.76-1.44],0.7868026637809298
ARHGAP30,Rho GTPase-activating protein 30,Chapter XIII Diseases of the musculoskeletal system and connective tissue,Spinal stenosis,38789,888,1.11 [0.95-1.30],0.1832082038122346
ARHGAP30,Rho GTPase-activating protein 30,Chapter XIII Diseases of the musculoskeletal system and connective tissue,Spondyloarthritis,41530,391,0.83 [0.62-1.10],0.1997470690452036
ARHGAP30,Rho GTPase-activating protein 30,Chapter XIII Diseases of the musculoskeletal system and connective tissue,Spondylolisthesis/Spondylolysis,38235,334,1.08 [0.84-1.40],0.5434898326069744
ARHGAP30,Rho GTPase-activating protein 30,Chapter XIII Diseases of the musculoskeletal system and connective tissue,Spondylopathies,40495,2594,0.97 [0.88-1.08],0.6149824665725616
ARHGAP30,Rho GTPase-activating protein 30,Chapter XIII Diseases of the musculoskeletal system and connective tissue,Spondylosis,39600,1699,0.94 [0.83-1.07],0.3432626510456416
ARHGAP30,Rho GTPase-activating protein 30,Chapter XIII Diseases of the musculoskeletal system and connective tissue,Synovial cyst of popliteal space [Baker],37612,87,0.89 [0.50-1.58],0.6899798601268072
ARHGAP30,Rho GTPase-activating protein 30,Chapter XIII Diseases of the musculoskeletal system and connective tissue,Systemic lupus erythematosus,42962,250,1.35 [1.05-1.74],0.0210705383046494
ARHGAP30,Rho GTPase-activating protein 30,Chapter XIII Diseases of the musculoskeletal system and connective tissue,Trigger finger,37804,279,0.94 [0.69-1.28],0.6752481642690098
ARHGAP30,Rho GTPase-activating protein 30,Chapter XIII Diseases of the musculoskeletal system and connective tissue,Trochanteric bursitis,37659,134,1.24 [0.86-1.80],0.2481581357148817
ARHGAP30,Rho GTPase-activating protein 30,Chapter XIII Diseases of the musculoskeletal system and connective tissue,Wrist or foot drop (acquired),30559,94,1.00 [0.60-1.65],0.990847114606996
ARHGAP30,Rho GTPase-activating protein 30,Chapter XIV Diseases of the genitourinary system,Acute renal failure,42390,2549,0.98 [0.89-1.09],0.7502064366434764
ARHGAP30,Rho GTPase-activating protein 30,Chapter XIV Diseases of the genitourinary system,Adenomyosis (Endometriosis of uterus),17773,87,1.40 [0.93-2.10],0.105543887250892
ARHGAP30,Rho GTPase-activating protein 30,Chapter XIV Diseases of the genitourinary system,Benign mammary dysplasia,23166,98,1.32 [0.88-1.98],0.1770528584115628
ARHGAP30,Rho GTPase-activating protein 30,Chapter XIV Diseases of the genitourinary system,Calculus of kidney and ureter,43438,538,1.00 [0.81-1.24],0.977704178848062
ARHGAP30,Rho GTPase-activating protein 30,Chapter XIV Diseases of the genitourinary system,Calculus of lower urinary tract,43042,142,1.28 [0.91-1.79],0.1578429843130175
ARHGAP30,Rho GTPase-activating protein 30,Chapter XIV Diseases of the genitourinary system,Chronic kidney disease,42125,2284,0.98 [0.89-1.10],0.7794041107558008
ARHGAP30,Rho GTPase-activating protein 30,Chapter XIV Diseases of the genitourinary system,Chronic nephritic syndrome,43631,106,1.26 [0.84-1.90],0.2679661264697632
ARHGAP30,Rho GTPase-activating protein 30,Chapter XIV Diseases of the genitourinary system,Cyst of kidney,43599,493,0.99 [0.78-1.24],0.9071955459151864
ARHGAP30,Rho GTPase-activating protein 30,Chapter XIV Diseases of the genitourinary system,Cystitis,38816,389,0.92 [0.71-1.21],0.5624540095191395
ARHGAP30,Rho GTPase-activating protein 30,Chapter XIV Diseases of the genitourinary system,Dialysis,39952,111,1.27 [0.86-1.87],0.2266995786592471
ARHGAP30,Rho GTPase-activating protein 30,Chapter XIV Diseases of the genitourinary system,Diseases of male genital organs,19134,2794,0.95 [0.86-1.04],0.2416352862422013
ARHGAP30,Rho GTPase-activating protein 30,Chapter XIV Diseases of the genitourinary system,Disorders of breast,23352,284,1.30 [1.02-1.66],0.0319557863446921
ARHGAP30,Rho GTPase-activating protein 30,Chapter XIV Diseases of the genitourinary system,Endometriosis,17837,151,1.56 [1.18-2.07],0.0018023389198952
ARHGAP30,Rho GTPase-activating protein 30,Chapter XIV Diseases of the genitourinary system,"Excessive, frequent and irregular menstruation",18023,337,0.88 [0.66-1.17],0.3853979129540382
ARHGAP30,Rho GTPase-activating protein 30,Chapter XIV Diseases of the genitourinary system,Female genital prolapse,18557,871,1.04 [0.89-1.23],0.6041719731948128
ARHGAP30,Rho GTPase-activating protein 30,Chapter XIV Diseases of the genitourinary system,Genitourinary diseases,36740,8979,0.99 [0.94-1.04],0.7320356469206106
ARHGAP30,Rho GTPase-activating protein 30,Chapter XIV Diseases of the genitourinary system,Glomerular disorders in diseases classified elsewhere,43653,128,1.17 [0.79-1.73],0.4324623796635326
ARHGAP30,Rho GTPase-activating protein 30,Chapter XIV Diseases of the genitourinary system,Hydrocele,16515,175,1.13 [0.82-1.57],0.4524634978056382
ARHGAP30,Rho GTPase-activating protein 30,Chapter XIV Diseases of the genitourinary system,Hydronephrosis,39796,469,0.80 [0.62-1.04],0.0979963122537785
ARHGAP30,Rho GTPase-activating protein 30,Chapter XIV Diseases of the genitourinary system,Hyperplasia of prostate,18537,2197,0.97 [0.87-1.07],0.5219444414948657
ARHGAP30,Rho GTPase-activating protein 30,Chapter XIV Diseases of the genitourinary system,Inflammatory diseases of female pelvic organs,23293,347,1.08 [0.83-1.39],0.5724404597480177
ARHGAP30,Rho GTPase-activating protein 30,Chapter XIV Diseases of the genitourinary system,Inflammatory diseases of prostate (prostatitis),16535,195,0.88 [0.61-1.29],0.5231622973762863
ARHGAP30,Rho GTPase-activating protein 30,Chapter XIV Diseases of the genitourinary system,Irregular menses,23362,108,0.94 [0.57-1.53],0.7973801822761537
ARHGAP30,Rho GTPase-activating protein 30,Chapter XIV Diseases of the genitourinary system,Menorrhagia,17949,263,1.01 [0.75-1.35],0.972642965878733
ARHGAP30,Rho GTPase-activating protein 30,Chapter XIV Diseases of the genitourinary system,Neuromuscular dysfunction of bladder,38555,128,0.98 [0.63-1.53],0.936096661093196
ARHGAP30,Rho GTPase-activating protein 30,Chapter XIV Diseases of the genitourinary system,Noninflammatory disorders of female genital tract,19800,2114,0.98 [0.87-1.09],0.660599562091593
ARHGAP30,Rho GTPase-activating protein 30,Chapter XIV Diseases of the genitourinary system,Orchitis and epididymitis,16436,96,0.88 [0.51-1.52],0.6577435671286926
ARHGAP30,Rho GTPase-activating protein 30,Chapter XIV Diseases of the genitourinary system,Other abnormal uterine and vaginal bleeding,17804,118,1.27 [0.87-1.85],0.2243840224166303
ARHGAP30,Rho GTPase-activating protein 30,Chapter XIV Diseases of the genitourinary system,"Other chronic cystitis, drug-induced",43957,108,0.69 [0.38-1.26],0.2262990446479424
ARHGAP30,Rho GTPase-activating protein 30,Chapter XIV Diseases of the genitourinary system,"Other cystitis, drug-induced",43957,113,1.24 [0.83-1.85],0.2878750864586832
ARHGAP30,Rho GTPase-activating protein 30,Chapter XIV Diseases of the genitourinary system,Other diseases of urinary system,42202,3775,1.00 [0.93-1.09],0.9335592819020812
ARHGAP30,Rho GTPase-activating protein 30,Chapter XIV Diseases of the genitourinary system,Other disorders of  bladder,39642,1215,0.98 [0.85-1.13],0.7631143074184192
ARHGAP30,Rho GTPase-activating protein 30,Chapter XIV Diseases of the genitourinary system,Other disorders of breast,23169,101,1.00 [0.61-1.65],0.9851222397754432
ARHGAP30,Rho GTPase-activating protein 30,Chapter XIV Diseases of the genitourinary system,Other disorders of kidney and ureter,43863,757,1.07 [0.90-1.28],0.4156493777248032
ARHGAP30,Rho GTPase-activating protein 30,Chapter XIV Diseases of the genitourinary system,Other disorders of male genital organs,16600,260,0.96 [0.71-1.30],0.8045648227904058
ARHGAP30,Rho GTPase-activating protein 30,Chapter XIV Diseases of the genitourinary system,Other disorders of penis,16574,234,0.67 [0.45-1.01],0.0538430357107658
ARHGAP30,Rho GTPase-activating protein 30,Chapter XIV Diseases of the genitourinary system,Other disorders of prostate,16535,195,0.81 [0.54-1.21],0.2961218917945016
ARHGAP30,Rho GTPase-activating protein 30,Chapter XIV Diseases of the genitourinary system,Other disorders of the genitourinary system,43909,117,0.78 [0.46-1.33],0.357147367138642
ARHGAP30,Rho GTPase-activating protein 30,Chapter XIV Diseases of the genitourinary system,Other disorders of urethra and urinary system,41320,2893,1.04 [0.95-1.13],0.453879721423637
ARHGAP30,Rho GTPase-activating protein 30,Chapter XIV Diseases of the genitourinary system,Other female pelvic inflammatory diseases,23126,180,1.14 [0.82-1.60],0.4396642285360623
ARHGAP30,Rho GTPase-activating protein 30,Chapter XIV Diseases of the genitourinary system,Other noninflammatory disorders of cervix uteri,17818,132,0.79 [0.48-1.31],0.3612005568294741
ARHGAP30,Rho GTPase-activating protein 30,Chapter XIV Diseases of the genitourinary system,"Other noninflammatory disorders of uterus, except cervix",18020,334,0.90 [0.67-1.20],0.4728167994340944
ARHGAP30,Rho GTPase-activating protein 30,Chapter XIV Diseases of the genitourinary system,Other noninflammatory disorders of vagina,17789,103,1.38 [0.94-2.02],0.0965119016593542
ARHGAP30,Rho GTPase-activating protein 30,Chapter XIV Diseases of the genitourinary system,Other noninflammatory disorders of vulva and perineum,17868,182,0.69 [0.43-1.10],0.1166075124629517
ARHGAP30,Rho GTPase-activating protein 30,Chapter XIV Diseases of the genitourinary system,Other obstructive and reflux uropathy,39873,546,0.80 [0.63-1.02],0.0713318026083518
ARHGAP30,Rho GTPase-activating protein 30,Chapter XIV Diseases of the genitourinary system,Other specified disorders of kidney and ureter,43354,248,1.03 [0.75-1.40],0.8759611542798674
ARHGAP30,Rho GTPase-activating protein 30,Chapter XIV Diseases of the genitourinary system,Ovarian cyst,17946,260,1.18 [0.90-1.55],0.2302177161829321
ARHGAP30,Rho GTPase-activating protein 30,Chapter XIV Diseases of the genitourinary system,Pain and other conditions associated with female genital organs and menstrual cycle,17777,91,0.93 [0.54-1.60],0.7920143815929407
ARHGAP30,Rho GTPase-activating protein 30,Chapter XIV Diseases of the genitourinary system,Polyp of the female genital tract,18235,549,0.74 [0.57-0.95],0.0186785569579755
ARHGAP30,Rho GTPase-activating protein 30,Chapter XIV Diseases of the genitourinary system,Postmenopausal atrophic vaginitis,17823,137,0.92 [0.58-1.44],0.7056966900547739
ARHGAP30,Rho GTPase-activating protein 30,Chapter XIV Diseases of the genitourinary system,Postmenopausal bleeding,18192,506,1.06 [0.85-1.31],0.6127983918587859
ARHGAP30,Rho GTPase-activating protein 30,Chapter XIV Diseases of the genitourinary system,Recurrent and persistent haematuria,43611,86,0.88 [0.50-1.56],0.664364487362267
ARHGAP30,Rho GTPase-activating protein 30,Chapter XIV Diseases of the genitourinary system,"Redundant prepuce, phimosis and paraphimosis",16562,222,0.79 [0.54-1.15],0.2138327044807823
ARHGAP30,Rho GTPase-activating protein 30,Chapter XIV Diseases of the genitourinary system,Renal tubulo-interstitial diseases,43611,4284,0.96 [0.89-1.04],0.2894279198552998
ARHGAP30,Rho GTPase-activating protein 30,Chapter XIV Diseases of the genitourinary system,"Tubulo-interstitial nephritis, not specified as acute or chronic",39523,196,0.83 [0.56-1.23],0.3521991491314308
ARHGAP30,Rho GTPase-activating protein 30,Chapter XIV Diseases of the genitourinary system,Unspecified kidney failure,40036,195,0.80 [0.53-1.20],0.2771550647951768
ARHGAP30,Rho GTPase-activating protein 30,Chapter XIV Diseases of the genitourinary system,Unspecified renal colic,42994,94,1.10 [0.69-1.77],0.6857409301719863
ARHGAP30,Rho GTPase-activating protein 30,Chapter XIV Diseases of the genitourinary system,Urethral stricture,38806,379,0.90 [0.68-1.17],0.4239591857015113
ARHGAP30,Rho GTPase-activating protein 30,Chapter XIV Diseases of the genitourinary system,Urolithiasis,43571,671,1.08 [0.90-1.29],0.4110138088865177
ARHGAP30,Rho GTPase-activating protein 30,Chapter XIV Diseases of the genitourinary system,Uterine polyps,17805,119,0.92 [0.57-1.48],0.7300261493040566
